Source : transient; Time : Wed Jun 14 01:54:11 2017
B0 = 3988.000000 Gauss, mw = 9.686275 GHz
 NDI-T2 sa261 20/2 42/25 523nm/1mJ
1 5000 -1.001e-06 8.997e-06 0 0
s                        V                                                 
0.000244141     0.000292969     0.000244141     0.000219727     
0.000341797     0.000317383     0.000219727     0.00032959     
0.000268555     0.000146484     0.00012207     0.000134277     
0.000170898     0.00012207     3.66211e-05     6.10352e-05     
9.76563e-05     7.32422e-05     0.000146484     7.32422e-05     
0.000170898     0.000354004     0.000183105     0.000244141     
0.000317383     0.000366211     0.000280762     0.000439453     
0.000317383     0.000280762     0.000256348     9.76563e-05     
0.000134277     0     -0.000146484     -0.00020752     
-7.32422e-05     -0.000231934     -0.000231934     -0.000378418     
-0.000354004     -0.00032959     -0.000366211     -0.000317383     
-0.000341797     -0.00032959     -0.000292969     -0.000390625     
-0.000378418     -0.000280762     -0.000427246     -0.000268555     
-0.00020752     -0.00020752     -0.000134277     0     
0     0.000109863     0.00012207     0.000280762     
0.000366211     0.000354004     0.000427246     0.00045166     
0.000524902     0.000415039     0.000366211     0.000317383     
0.000354004     0.00012207     -1.2207e-05     0     
-7.32422e-05     -0.000195313     -0.00032959     -0.000427246     
-0.000439453     -0.000378418     -0.000598145     -0.000622559     
-0.000598145     -0.000598145     -0.00057373     -0.00057373     
-0.000512695     -0.00065918     -0.000585938     -0.000561523     
-0.000622559     -0.000708008     -0.000720215     -0.000744629     
-0.000756836     -0.000744629     -0.000732422     -0.000695801     
-0.000524902     -0.000427246     -0.000402832     -6.10352e-05     
-0.000195313     0.00012207     0.000134277     0.00020752     
0.000244141     0.000341797     0.000256348     0.00020752     
0.000183105     0.000195313     -2.44141e-05     -3.66211e-05     
-4.88281e-05     -0.000244141     -0.000341797     -0.000439453     
-0.000427246     -0.000598145     -0.000524902     -0.000695801     
-0.000842285     -0.000646973     -0.000793457     -0.000646973     
-0.000585938     -0.000622559     -0.000610352     -0.000512695     
-0.00045166     -0.000427246     -0.000341797     -0.000366211     
-0.000317383     -0.000244141     -0.000231934     -0.000170898     
-0.000109863     -0.000170898     -7.32422e-05     -8.54492e-05     
-1.2207e-05     2.44141e-05     -2.44141e-05     -6.10352e-05     
-2.44141e-05     8.54492e-05     2.44141e-05     6.10352e-05     
2.44141e-05     0.000109863     1.2207e-05     0     
8.54492e-05     9.76563e-05     9.76563e-05     0.00012207     
0.000268555     0.000317383     0.000244141     0.000292969     
0.000415039     0.000415039     0.000500488     0.000537109     
0.000561523     0.000524902     0.000390625     0.00032959     
0.000402832     0.000219727     0.000134277     0.00012207     
9.76563e-05     1.2207e-05     -9.76563e-05     -0.000109863     
-0.000158691     -0.000231934     -0.000183105     -0.000146484     
-0.000195313     -0.000146484     -0.000146484     -9.76563e-05     
-7.32422e-05     -0.000170898     -0.000158691     -6.10352e-05     
-4.88281e-05     -0.000146484     -0.000317383     -0.00020752     
-0.000244141     -0.000439453     -0.000500488     -0.000537109     
-0.000610352     -0.00065918     -0.000805664     -0.000756836     
-0.000842285     -0.000842285     -0.000952148     -0.000891113     
-0.000769043     -0.000854492     -0.00090332     -0.000793457     
-0.00065918     -0.000671387     -0.000708008     -0.000561523     
-0.000585938     -0.000524902     -0.000476074     -0.000402832     
-0.000427246     -0.000390625     -0.000341797     -0.00032959     
-0.000231934     -0.000183105     -0.000244141     -0.000231934     
-0.000158691     -4.88281e-05     0     1.2207e-05     
0.000109863     0.000195313     0.000109863     0.000158691     
0.000183105     0.000231934     0.000170898     9.76563e-05     
0.000158691     0.000109863     0     9.76563e-05     
0     -1.2207e-05     -3.66211e-05     -3.66211e-05     
0     -7.32422e-05     -0.000146484     -0.000109863     
-0.000268555     -0.000292969     -0.000366211     -0.000341797     
-0.000378418     -0.000439453     -0.000488281     -0.000476074     
-0.000488281     -0.000427246     -0.000524902     -0.000415039     
-0.000488281     -0.000366211     -0.00020752     -0.000305176     
-0.000256348     -0.000244141     -0.000170898     -0.00020752     
-0.000109863     -0.000195313     -0.000292969     -0.00032959     
-0.000378418     -0.000366211     -0.000488281     -0.000439453     
-0.000500488     -0.000549316     -0.000585938     -0.000500488     
-0.000488281     -0.000402832     -0.000354004     -0.00020752     
-6.10352e-05     -0.000134277     -4.88281e-05     -1.2207e-05     
7.32422e-05     9.76563e-05     7.32422e-05     6.10352e-05     
6.10352e-05     1.2207e-05     -9.76563e-05     -0.000109863     
-0.000146484     -0.000183105     -0.000292969     -0.000146484     
-0.000256348     -0.000244141     -0.000354004     -0.000366211     
-0.000195313     -0.000219727     -0.000244141     -7.32422e-05     
-0.000134277     -0.00012207     -0.00020752     -0.000219727     
-0.000158691     -0.000195313     -0.000183105     -0.00032959     
-0.000158691     -0.000183105     -0.000292969     -0.000305176     
-0.000195313     -0.000146484     -0.000256348     -0.000183105     
-7.32422e-05     -8.54492e-05     -4.88281e-05     -6.10352e-05     
3.66211e-05     4.88281e-05     -1.2207e-05     4.88281e-05     
0.000109863     9.76563e-05     0.000109863     6.10352e-05     
0.000158691     0.000170898     9.76563e-05     8.54492e-05     
0.000158691     0.000244141     4.88281e-05     1.2207e-05     
4.88281e-05     -9.76563e-05     -8.54492e-05     -0.000146484     
-0.000158691     -0.000231934     -0.000476074     -0.000427246     
-0.000500488     -0.000537109     -0.000561523     -0.000476074     
-0.000512695     -0.000427246     -0.000439453     -0.000231934     
-0.000170898     -0.00020752     -7.32422e-05     4.88281e-05     
0.000170898     0.000146484     0.000305176     0.000244141     
0.000439453     0.000439453     0.000354004     0.000476074     
0.000415039     0.000463867     0.000378418     0.000378418     
0.00032959     0.000305176     0.000146484     2.44141e-05     
0.000109863     -2.44141e-05     -6.10352e-05     -0.000134277     
-0.000195313     -0.00020752     -0.000134277     -0.000292969     
-0.000219727     -0.000256348     -0.000256348     -0.000170898     
-0.000195313     -0.000170898     -0.000134277     -4.88281e-05     
7.32422e-05     6.10352e-05     -1.2207e-05     0.000134277     
0.000219727     0.000280762     0.000366211     0.000390625     
0.000463867     0.000476074     0.00045166     0.000500488     
0.000500488     0.00032959     0.000415039     0.000317383     
0.000256348     0.000158691     7.32422e-05     3.66211e-05     
0     -6.10352e-05     -9.76563e-05     -0.000146484     
-0.000183105     -0.00012207     -0.000244141     -0.000231934     
-0.000292969     -0.000158691     -0.000268555     -0.000256348     
-0.000280762     -0.000256348     -0.000366211     -0.000366211     
-0.000244141     -0.000341797     -0.000390625     -0.000390625     
-0.000231934     -0.000378418     -0.000341797     -0.000268555     
-0.000305176     -0.000244141     -0.00032959     -0.000354004     
-0.000280762     -0.000366211     -0.000378418     -0.000317383     
-0.000402832     -0.000354004     -0.000463867     -0.000439453     
-0.000427246     -0.000402832     -0.000415039     -0.000378418     
-0.000366211     -0.000195313     -0.000219727     -0.000219727     
-0.000109863     0     -1.2207e-05     8.54492e-05     
0.000195313     0.000134277     0.000244141     0.000317383     
0.00045166     0.000476074     0.000476074     0.000500488     
0.000537109     0.000512695     0.00045166     0.000402832     
0.00045166     0.000305176     0.000195313     0.00012207     
8.54492e-05     -3.66211e-05     -0.000170898     -0.00012207     
-6.10352e-05     -0.000146484     -4.88281e-05     -3.66211e-05     
2.44141e-05     -7.32422e-05     4.88281e-05     0.00020752     
0.000170898     0.000146484     0.000170898     0.00020752     
0.000219727     0.000256348     0.00012207     0.000146484     
0.000109863     0.000183105     1.2207e-05     3.66211e-05     
3.66211e-05     1.2207e-05     -0.00012207     -1.2207e-05     
-0.000158691     -0.000146484     -0.000231934     -0.000268555     
-0.000317383     -0.000244141     -0.000317383     -0.000280762     
-0.000183105     -9.76563e-05     4.88281e-05     9.76563e-05     
0.000146484     0.000305176     0.000354004     0.000488281     
0.00057373     0.00057373     0.000439453     0.000585938     
0.000695801     0.000549316     0.000390625     0.000415039     
0.000366211     0.000317383     0.000256348     0.00020752     
0.000244141     0.000195313     0.000158691     0.00020752     
0.000183105     0.000134277     0.000109863     9.76563e-05     
-1.2207e-05     -4.88281e-05     -8.54492e-05     -0.000109863     
-0.000146484     -0.000134277     -0.000244141     -0.000195313     
-0.000280762     -0.000256348     -0.000317383     -0.000305176     
-0.000231934     -0.000280762     -0.000317383     -0.000317383     
-0.000317383     -0.000256348     -0.000244141     -0.000195313     
-0.00020752     -0.000280762     -0.000256348     -0.000305176     
-0.000268555     -0.00032959     -0.000415039     -0.000415039     
-0.000402832     -0.000463867     -0.000622559     -0.000634766     
-0.000561523     -0.000549316     -0.000561523     -0.000476074     
-0.000268555     -0.000134277     -0.000134277     6.10352e-05     
0.000231934     0.000280762     0.000488281     0.00057373     
0.000793457     0.000891113     0.000817871     0.00109863     
0.00113525     0.00111084     0.0010498     0.00111084     
0.00123291     0.00108643     0.00106201     0.00112305     
0.00108643     0.00108643     0.000964355     0.000964355     
0.00106201     0.000976563     0.000891113     0.00106201     
0.00107422     0.0010498     0.000976563     0.00107422     
0.00111084     0.00102539     0.00100098     0.000976563     
0.00107422     0.000952148     0.000891113     0.000866699     
0.000830078     0.00078125     0.000720215     0.000646973     
0.000695801     0.000610352     0.000537109     0.000524902     
0.000415039     0.000512695     0.000439453     0.000341797     
0.000463867     0.00057373     0.000512695     0.000500488     
0.000634766     0.000683594     0.000695801     0.000817871     
0.000891113     0.000939941     0.000854492     0.000952148     
0.00101318     0.000964355     0.000952148     0.00106201     
0.00090332     0.00112305     0.00100098     0.00118408     
0.0012207     0.00124512     0.00128174     0.00128174     
0.00130615     0.00141602     0.00133057     0.0013916     
0.00133057     0.0013916     0.00131836     0.00124512     
0.00128174     0.00108643     0.00112305     0.00113525     
0.0012207     0.00098877     0.000866699     0.000952148     
0.000854492     0.000939941     0.000830078     0.000915527     
0.000891113     0.00090332     0.000915527     0.000915527     
0.000891113     0.000927734     0.000866699     0.000915527     
0.00100098     0.000927734     0.00098877     0.000854492     
0.000976563     0.000842285     0.000830078     0.000939941     
0.000866699     0.00090332     0.000939941     0.00102539     
0.00115967     0.00115967     0.00133057     0.00158691     
0.00161133     0.00178223     0.00174561     0.00186768     
0.00205078     0.00197754     0.00195313     0.00212402     
0.0020874     0.00206299     0.00201416     0.00201416     
0.0020752     0.00194092     0.00202637     0.00201416     
0.00202637     0.00197754     0.0019165     0.00180664     
0.00187988     0.00186768     0.00172119     0.00172119     
0.00163574     0.00161133     0.00147705     0.00150146     
0.00136719     0.00124512     0.00130615     0.0012207     
0.00113525     0.00108643     0.000878906     0.000927734     
0.00101318     0.000842285     0.000878906     0.000805664     
0.000939941     0.000866699     0.000756836     0.000756836     
0.000805664     0.000915527     0.00078125     0.000866699     
0.000866699     0.000964355     0.000915527     0.000976563     
0.0010498     0.000939941     0.00113525     0.0012085     
0.00125732     0.00131836     0.00131836     0.00144043     
0.00131836     0.00126953     0.00125732     0.00125732     
0.0012207     0.00113525     0.00106201     0.000891113     
0.000891113     0.000756836     0.00065918     0.000561523     
0.000476074     0.000415039     0.000292969     0.000305176     
0.000158691     0.000134277     0.000158691     0.000158691     
0.000256348     0.000256348     0.000170898     0.000305176     
0.000463867     0.000463867     0.000598145     0.00057373     
0.000744629     0.000720215     0.000695801     0.000830078     
0.000830078     0.000842285     0.000878906     0.000854492     
0.000915527     0.000964355     0.000866699     0.00098877     
0.000976563     0.00111084     0.00102539     0.00107422     
0.00111084     0.00113525     0.00107422     0.00124512     
0.00119629     0.00111084     0.0012085     0.00124512     
0.00137939     0.00128174     0.00130615     0.0013916     
0.00157471     0.00148926     0.00163574     0.00159912     
0.00163574     0.00166016     0.00157471     0.00172119     
0.00163574     0.00159912     0.00153809     0.00144043     
0.00140381     0.00125732     0.0010498     0.00102539     
0.000927734     0.00078125     0.000756836     0.000622559     
0.000744629     0.000708008     0.000622559     0.000683594     
0.000756836     0.000744629     0.000708008     0.000683594     
0.000817871     0.000878906     0.00078125     0.000793457     
0.000793457     0.000817871     0.000671387     0.00065918     
0.000708008     0.000598145     0.00045166     0.000476074     
0.000524902     0.000549316     0.000463867     0.000622559     
0.000683594     0.000646973     0.000561523     0.000585938     
0.000708008     0.000695801     0.000610352     0.000524902     
0.000671387     0.000598145     0.000488281     0.000610352     
0.000646973     0.000634766     0.000610352     0.000756836     
0.000793457     0.000842285     0.000952148     0.00101318     
0.0010498     0.00114746     0.00107422     0.00119629     
0.00117188     0.0010376     0.00098877     0.000964355     
0.00098877     0.000756836     0.000732422     0.000817871     
0.000622559     0.000512695     0.00057373     0.000549316     
0.000610352     0.00065918     0.000598145     0.000695801     
0.000793457     0.000952148     0.000854492     0.000891113     
0.00100098     0.000976563     0.000830078     0.000891113     
0.000756836     0.000720215     0.000500488     0.000488281     
0.000463867     0.000231934     0.000195313     6.10352e-05     
7.32422e-05     1.2207e-05     -4.88281e-05     0     
-4.88281e-05     0     2.44141e-05     0.000134277     
0.000219727     0.000341797     0.000402832     0.000524902     
0.000671387     0.000952148     0.00100098     0.00107422     
0.0012207     0.00128174     0.00123291     0.00130615     
0.00141602     0.00136719     0.00131836     0.00130615     
0.00123291     0.0012207     0.00102539     0.00090332     
0.000830078     0.000769043     0.00057373     0.000561523     
0.000463867     0.000402832     0.000317383     0.000390625     
0.000317383     0.000195313     0.000268555     0.000390625     
0.000439453     0.000549316     0.000561523     0.000622559     
0.000683594     0.000830078     0.000854492     0.000830078     
0.000915527     0.00090332     0.000805664     0.000646973     
0.000817871     0.000708008     0.000622559     0.000463867     
0.000476074     0.000427246     0.000292969     0.000341797     
0.000305176     0.000317383     0.000280762     0.00032959     
0.000305176     0.000354004     0.000341797     0.000317383     
0.000268555     0.00020752     0.000317383     0.000280762     
0.000268555     0.000280762     0.000134277     0.000341797     
0.000354004     0.00032959     0.000366211     0.000402832     
0.000561523     0.000598145     0.000524902     0.000744629     
0.000769043     0.000830078     0.000805664     0.000842285     
0.000939941     0.000927734     0.000927734     0.000952148     
0.000915527     0.000878906     0.000817871     0.000769043     
0.000830078     0.000720215     0.000646973     0.000561523     
0.000463867     0.000317383     0.000341797     0.000219727     
0.000280762     0.000280762     0.000134277     0.000219727     
0.000170898     0.00012207     8.54492e-05     9.76563e-05     
0.000231934     0.000146484     4.88281e-05     7.32422e-05     
0.00012207     0.000146484     0.000170898     0.00020752     
0.000415039     0.000427246     0.00057373     0.000561523     
0.000512695     0.000695801     0.000561523     0.000500488     
0.000488281     0.00032959     0.000292969     0.000170898     
6.10352e-05     1.2207e-05     -9.76563e-05     -9.76563e-05     
-0.000158691     -0.00012207     -0.000170898     -2.44141e-05     
2.44141e-05     0.000183105     0.000231934     0.00045166     
0.000622559     0.000549316     0.000708008     0.000817871     
0.000830078     0.000854492     0.00101318     0.00100098     
0.0010376     0.00106201     0.00100098     0.0010498     
0.00101318     0.00100098     0.000854492     0.000952148     
0.000878906     0.000952148     0.000769043     0.00078125     
0.00078125     0.000695801     0.00065918     0.000793457     
0.000720215     0.00057373     0.000683594     0.000646973     
0.000646973     0.000561523     0.000488281     0.000537109     
0.000427246     0.000488281     0.000292969     0.00032959     
0.000378418     0.000390625     0.000244141     0.000415039     
0.000390625     0.000415039     0.000366211     0.000463867     
0.000463867     0.000537109     0.000598145     0.00065918     
0.000720215     0.000793457     0.000744629     0.00078125     
0.000805664     0.000830078     0.000732422     0.000671387     
0.000732422     0.000695801     0.000634766     0.000488281     
0.000610352     0.000598145     0.000561523     0.000524902     
0.000634766     0.000610352     0.000610352     0.000634766     
0.000805664     0.00078125     0.000744629     0.000793457     
0.000891113     0.000878906     0.000817871     0.000732422     
0.000842285     0.000634766     0.000683594     0.000646973     
0.000585938     0.000524902     0.000366211     0.00032959     
0.000415039     0.000341797     0.000378418     0.000354004     
0.000378418     0.000427246     0.000354004     0.000512695     
0.000598145     0.000524902     0.000585938     0.000610352     
0.000646973     0.000720215     0.000720215     0.000793457     
0.000927734     0.00090332     0.00101318     0.00101318     
0.00101318     0.00114746     0.00117188     0.00115967     
0.00124512     0.00119629     0.00109863     0.00126953     
0.0012085     0.00113525     0.00106201     0.000964355     
0.000891113     0.000756836     0.000695801     0.000610352     
0.000537109     0.00045166     0.000378418     0.000390625     
0.000366211     0.00045166     0.000549316     0.000610352     
0.000720215     0.00078125     0.000842285     0.000976563     
0.00109863     0.00109863     0.00108643     0.00118408     
0.00135498     0.00129395     0.00109863     0.00126953     
0.00106201     0.000952148     0.000939941     0.000878906     
0.000805664     0.000756836     0.000634766     0.000805664     
0.000683594     0.000708008     0.00078125     0.000891113     
0.000915527     0.00102539     0.00114746     0.0012085     
0.00125732     0.00112305     0.00140381     0.00131836     
0.00128174     0.00125732     0.00112305     0.00115967     
0.00113525     0.00114746     0.00108643     0.00098877     
0.00109863     0.0010498     0.000842285     0.000830078     
0.000805664     0.000769043     0.000671387     0.000622559     
0.000610352     0.000537109     0.000488281     0.000427246     
0.000439453     0.000512695     0.000439453     0.000463867     
0.000622559     0.00065918     0.000634766     0.000720215     
0.000732422     0.000915527     0.000732422     0.000769043     
0.000805664     0.000756836     0.000646973     0.000610352     
0.000512695     0.000512695     0.000415039     0.000378418     
0.000415039     0.000317383     0.00032959     0.000341797     
0.000390625     0.000390625     0.000402832     0.000317383     
0.000512695     0.000427246     0.000390625     0.000415039     
0.000354004     0.000402832     0.000305176     0.000439453     
0.000402832     0.000402832     0.000390625     0.000463867     
0.00057373     0.000476074     0.000439453     0.000500488     
0.00057373     0.00045166     0.000402832     0.000402832     
0.000476074     0.000366211     0.000341797     0.000366211     
0.000390625     0.000354004     0.000244141     0.000341797     
0.000317383     0.000256348     0.000268555     0.000500488     
0.000427246     0.000488281     0.000463867     0.000488281     
0.000622559     0.000622559     0.000683594     0.000720215     
0.000671387     0.000732422     0.000610352     0.000610352     
0.000646973     0.00045166     0.000427246     0.000378418     
0.000415039     0.000292969     0.000305176     0.000280762     
0.000231934     0.000256348     0.000183105     0.000292969     
0.000231934     0.000292969     0.000268555     0.000305176     
0.000292969     0.000268555     0.000317383     0.000378418     
0.000341797     0.000341797     0.00032959     0.000268555     
0.000378418     0.000292969     0.000415039     0.000354004     
0.000402832     0.000512695     0.000476074     0.000549316     
0.000537109     0.000622559     0.000610352     0.000598145     
0.000524902     0.000610352     0.000488281     0.000476074     
0.000537109     0.00045166     0.000366211     0.000463867     
0.000500488     0.000488281     0.00032959     0.000378418     
0.000439453     0.000354004     0.000427246     0.000402832     
0.00045166     0.000378418     0.000354004     0.000317383     
0.000476074     0.000390625     0.000341797     0.000476074     
0.000512695     0.00045166     0.000378418     0.000524902     
0.000512695     0.000500488     0.000488281     0.000537109     
0.000598145     0.000598145     0.000561523     0.000512695     
0.000524902     0.000354004     0.000292969     0.000292969     
0.000268555     0.000170898     -1.2207e-05     2.44141e-05     
7.32422e-05     0     -6.10352e-05     1.2207e-05     
0.000170898     0.000158691     0.000195313     0.000354004     
0.00032959     0.000500488     0.000500488     0.000671387     
0.000732422     0.000683594     0.000622559     0.000842285     
0.000720215     0.000671387     0.000671387     0.000708008     
0.000830078     0.000683594     0.000598145     0.000610352     
0.000610352     0.000524902     0.000524902     0.000402832     
0.000488281     0.000549316     0.000402832     0.000366211     
0.000366211     0.000378418     0.000354004     0.000280762     
0.000280762     0.000268555     0.000195313     0.000158691     
0.000134277     1.2207e-05     8.54492e-05     7.32422e-05     
0.000170898     0.000146484     9.76563e-05     0.000195313     
0.000219727     0.00020752     0.000158691     0.000256348     
0.000256348     0.000170898     9.76563e-05     6.10352e-05     
0     3.66211e-05     -9.76563e-05     -0.000134277     
-8.54492e-05     -9.76563e-05     -0.000195313     -0.000134277     
-0.000170898     -3.66211e-05     -4.88281e-05     2.44141e-05     
6.10352e-05     0.000146484     0.000183105     0.000146484     
0.000170898     0.000134277     8.54492e-05     0.000109863     
0.000244141     4.88281e-05     8.54492e-05     0.000170898     
8.54492e-05     4.88281e-05     -3.66211e-05     4.88281e-05     
0.000146484     0.00012207     0.00012207     0.00020752     
0.000195313     0.000268555     0.000292969     0.000402832     
0.000512695     0.000512695     0.000610352     0.00065918     
0.000708008     0.000646973     0.00065918     0.000732422     
0.000671387     0.000622559     0.000585938     0.000500488     
0.000463867     0.000292969     0.000158691     0.000183105     
0.000183105     9.76563e-05     3.66211e-05     0     
0     0.000109863     -1.2207e-05     6.10352e-05     
2.44141e-05     0.000109863     0     0     
4.88281e-05     -6.10352e-05     -7.32422e-05     -0.000134277     
-0.000158691     -0.000183105     -0.000244141     -0.000305176     
-0.00032959     -0.000231934     -0.00020752     -0.000170898     
-8.54492e-05     0     1.2207e-05     4.88281e-05     
0.000195313     0.000170898     0.00020752     0.000292969     
0.000402832     0.000415039     0.000268555     0.00032959     
0.000378418     0.000231934     0.00020752     0.000146484     
0.000170898     6.10352e-05     -0.000158691     -0.00020752     
-0.000170898     -0.000244141     -0.000317383     -0.000366211     
-0.000268555     -0.00020752     -0.000341797     -0.000231934     
-0.000256348     -0.000195313     -0.000195313     -0.000146484     
-0.000134277     -4.88281e-05     -0.000170898     -3.66211e-05     
-6.10352e-05     -0.00012207     -9.76563e-05     -0.000158691     
-9.76563e-05     -0.00012207     -0.000219727     -0.000170898     
-0.00012207     -0.000292969     -0.000256348     -0.00012207     
-8.54492e-05     -0.000134277     -0.000183105     -6.10352e-05     
3.66211e-05     8.54492e-05     0.00020752     0.000341797     
0.000341797     0.000415039     0.000341797     0.000488281     
0.000488281     0.000439453     0.00057373     0.000500488     
0.000598145     0.000512695     0.000488281     0.000598145     
0.000537109     0.000476074     0.000402832     0.000524902     
0.000488281     0.000439453     0.000378418     0.000537109     
0.000427246     0.000537109     0.000512695     0.00065918     
0.00078125     0.000732422     0.000671387     0.000769043     
0.000805664     0.000683594     0.000610352     0.000463867     
0.000488281     0.000341797     4.88281e-05     9.76563e-05     
0     -0.000109863     -9.76563e-05     -0.000170898     
-8.54492e-05     -7.32422e-05     -0.00012207     -1.2207e-05     
8.54492e-05     0.000231934     0.000256348     0.000256348     
0.000390625     0.000390625     0.000280762     0.000280762     
0.000292969     0.00020752     8.54492e-05     -4.88281e-05     
7.32422e-05     -1.2207e-05     -0.000146484     -0.000109863     
-8.54492e-05     -4.88281e-05     -0.000134277     -2.44141e-05     
0     0.00012207     0.000109863     0.000170898     
0.000183105     0.000305176     0.000134277     0.000366211     
0.000415039     0.000439453     0.000524902     0.000598145     
0.00078125     0.000915527     0.000927734     0.00101318     
0.00112305     0.00114746     0.00109863     0.00102539     
0.0010376     0.000976563     0.000842285     0.000830078     
0.000854492     0.000695801     0.000549316     0.00057373     
0.000500488     0.000512695     0.000354004     0.000292969     
0.000305176     0.000268555     0.000183105     0.000134277     
0.000109863     4.88281e-05     -1.2207e-05     0.000109863     
0.000146484     6.10352e-05     0.000146484     0.00012207     
0.000341797     0.000292969     0.000366211     0.000634766     
0.000610352     0.000610352     0.000732422     0.000744629     
0.000842285     0.000793457     0.000646973     0.000744629     
0.000720215     0.000610352     0.000561523     0.000561523     
0.000476074     0.000415039     0.00032959     0.000402832     
0.000231934     0.000170898     0.000109863     7.32422e-05     
2.44141e-05     -3.66211e-05     -6.10352e-05     -3.66211e-05     
-2.44141e-05     -7.32422e-05     -0.000109863     4.88281e-05     
-7.32422e-05     3.66211e-05     3.66211e-05     0.000134277     
0.00012207     0.000195313     0.000146484     0.000280762     
0.000268555     0.000317383     0.000256348     0.00032959     
0.000463867     0.000415039     0.000341797     0.000366211     
0.000585938     0.000549316     0.000622559     0.000549316     
0.000708008     0.000744629     0.000683594     0.000769043     
0.000695801     0.000561523     0.00057373     0.000524902     
0.000415039     0.000402832     0.000146484     0.00020752     
4.88281e-05     -4.88281e-05     -0.000134277     -0.000183105     
-0.000183105     -2.44141e-05     -0.00020752     -0.000146484     
-0.00012207     -0.00012207     -0.00012207     -9.76563e-05     
-2.44141e-05     -3.66211e-05     -3.66211e-05     -8.54492e-05     
-9.76563e-05     -0.000219727     -0.000195313     -0.000134277     
-0.000158691     -0.000183105     -0.000219727     -8.54492e-05     
-2.44141e-05     -6.10352e-05     -3.66211e-05     0.000109863     
8.54492e-05     3.66211e-05     4.88281e-05     0.000170898     
4.88281e-05     -0.000158691     -2.44141e-05     -7.32422e-05     
-0.000134277     -0.000244141     -0.000366211     -0.000292969     
-0.000341797     -0.000341797     -0.000378418     -0.000280762     
-0.000146484     -0.000170898     -2.44141e-05     0.000134277     
8.54492e-05     0.000134277     0.00020752     0.000256348     
0.000292969     0.000354004     0.000231934     0.000341797     
0.000305176     0.000195313     0.000109863     0.000219727     
0.000231934     0.000183105     0.000146484     0.000170898     
0.000231934     0.000146484     0.000268555     0.000231934     
0.000366211     0.000354004     0.00032959     0.000378418     
0.000256348     0.000390625     0.000244141     0.000219727     
0.000341797     0.000268555     0.000170898     0.00020752     
0.000231934     0.000268555     0.000170898     0.000158691     
0.000366211     0.000256348     0.000219727     0.000195313     
0.000195313     0.000195313     0.000109863     -1.2207e-05     
-1.2207e-05     -0.000158691     -6.10352e-05     -4.88281e-05     
-0.00020752     -6.10352e-05     -7.32422e-05     -3.66211e-05     
7.32422e-05     7.32422e-05     6.10352e-05     0.000183105     
0.000231934     0.000354004     0.000317383     0.000427246     
0.000524902     0.000708008     0.000646973     0.000610352     
0.000830078     0.000854492     0.000732422     0.000817871     
0.000939941     0.000793457     0.000695801     0.00078125     
0.000683594     0.000622559     0.000512695     0.000500488     
0.000366211     0.000354004     0.000268555     0.000317383     
0.00032959     0.000305176     0.000244141     0.000317383     
0.000256348     0.000231934     0.000146484     0.000146484     
0.00020752     9.76563e-05     9.76563e-05     4.88281e-05     
7.32422e-05     0.000158691     0.000146484     0.000158691     
0.000256348     0.000256348     0.000219727     0.000378418     
0.000476074     0.000537109     0.000500488     0.000598145     
0.000683594     0.000524902     0.000512695     0.000610352     
0.000585938     0.000500488     0.000476074     0.000524902     
0.000476074     0.000427246     0.000366211     0.000439453     
0.000500488     0.000439453     0.000512695     0.000512695     
0.000561523     0.000720215     0.000683594     0.000671387     
0.000756836     0.000817871     0.000695801     0.000708008     
0.000720215     0.000695801     0.000610352     0.00057373     
0.000512695     0.000512695     0.000476074     0.000390625     
0.000415039     0.000317383     0.000366211     0.000317383     
0.00032959     0.000427246     0.000231934     0.000231934     
0.000158691     7.32422e-05     9.76563e-05     1.2207e-05     
-3.66211e-05     -7.32422e-05     -0.000219727     -0.000231934     
-0.000256348     -0.000219727     -0.000244141     -0.000305176     
-0.000195313     -0.000170898     -0.000256348     -0.000219727     
-8.54492e-05     -0.000134277     -9.76563e-05     -4.88281e-05     
0     1.2207e-05     -3.66211e-05     0     
7.32422e-05     -2.44141e-05     9.76563e-05     0.000146484     
9.76563e-05     0.000244141     0.000183105     0.000244141     
0.000268555     0.000268555     0.000317383     0.000378418     
0.000341797     0.000231934     0.000170898     0.000195313     
0.00020752     9.76563e-05     0.000195313     0.000134277     
0.000244141     0.000158691     0.00012207     0.000305176     
0.00032959     0.000390625     0.000390625     0.000500488     
0.000646973     0.000634766     0.000549316     0.000537109     
0.000634766     0.00057373     0.000439453     0.000402832     
0.000524902     0.000305176     0.000183105     0.000183105     
0.000146484     4.88281e-05     9.76563e-05     0.000134277     
0.000268555     0.000134277     0.000170898     0.000183105     
0.000134277     0.000170898     0.000366211     0.000219727     
0.000244141     0.000402832     0.000292969     0.000244141     
0.000219727     0.000317383     0.000244141     0.000305176     
0.000378418     0.000292969     0.00020752     0.000195313     
0.000146484     0.000146484     0.000109863     1.2207e-05     
0     -1.2207e-05     -1.2207e-05     -1.2207e-05     
0.000109863     8.54492e-05     0.000109863     0.000244141     
0.000390625     0.000439453     0.000390625     0.000561523     
0.000561523     0.000646973     0.000622559     0.00065918     
0.000695801     0.000622559     0.000537109     0.000561523     
0.000476074     0.000549316     0.000366211     0.000305176     
0.000341797     0.000390625     0.000256348     0.00012207     
0.000231934     0.00020752     0.000183105     0.000158691     
0.000292969     0.000231934     0.000134277     0.000219727     
0.000195313     0.000195313     0.000146484     0.000219727     
0.000219727     0.000231934     0.000195313     0.000366211     
0.000354004     0.000390625     0.000390625     0.000512695     
0.000561523     0.000439453     0.000500488     0.000524902     
0.000512695     0.000390625     0.000402832     0.000476074     
0.00045166     0.000439453     0.000463867     0.000476074     
0.000500488     0.000598145     0.000561523     0.00078125     
0.00065918     0.00078125     0.000756836     0.000842285     
0.000842285     0.000842285     0.000878906     0.00111084     
0.00100098     0.000952148     0.00090332     0.000878906     
0.00100098     0.00101318     0.000964355     0.00090332     
0.000915527     0.000830078     0.000878906     0.000708008     
0.000683594     0.000634766     0.00045166     0.000512695     
0.000524902     0.000488281     0.000354004     0.000390625     
0.000366211     0.000268555     0.000280762     0.000354004     
0.00032959     0.000390625     0.000415039     0.000500488     
0.000585938     0.00057373     0.000585938     0.00057373     
0.000683594     0.000732422     0.000585938     0.000695801     
0.000610352     0.000671387     0.000720215     0.000646973     
0.00065918     0.000793457     0.000683594     0.000695801     
0.000744629     0.000854492     0.000964355     0.00098877     
0.00102539     0.00111084     0.00098877     0.00112305     
0.000976563     0.000866699     0.000854492     0.000683594     
0.000720215     0.000512695     0.000415039     0.000268555     
0.000366211     0.000231934     0.00020752     0.000292969     
0.000305176     0.000292969     0.000280762     0.000390625     
0.000488281     0.000622559     0.00065918     0.000756836     
0.000842285     0.00098877     0.000964355     0.00101318     
0.00101318     0.000891113     0.000927734     0.000866699     
0.000830078     0.000671387     0.00057373     0.000512695     
0.000463867     0.000317383     0.000244141     0.000256348     
0.000292969     0.000268555     0.000170898     0.000341797     
0.000292969     0.000305176     0.000268555     0.00032959     
0.000280762     0.000305176     6.10352e-05     0.00020752     
6.10352e-05     -1.2207e-05     1.2207e-05     6.10352e-05     
6.10352e-05     6.10352e-05     8.54492e-05     0.000134277     
0.00020752     0.000256348     0.000244141     0.00032959     
0.000415039     0.000402832     0.000390625     0.000415039     
0.000354004     0.000439453     0.00032959     0.000292969     
0.000292969     0.000292969     0.000170898     0.000183105     
8.54492e-05     -7.32422e-05     -9.76563e-05     -0.000158691     
-7.32422e-05     -0.000378418     -0.000390625     -0.000415039     
-0.000463867     -0.000488281     -0.000634766     -0.000708008     
-0.00065918     -0.00065918     -0.00065918     -0.000671387     
-0.000598145     -0.000549316     -0.000646973     -0.000500488     
-0.000476074     -0.000476074     -0.000561523     -0.00057373     
-0.000598145     -0.000585938     -0.000695801     -0.000708008     
-0.000720215     -0.000866699     -0.000891113     -0.000891113     
-0.000866699     -0.000805664     -0.000683594     -0.000683594     
-0.000524902     -0.000402832     -0.000476074     -0.000219727     
-0.00012207     -4.88281e-05     7.32422e-05     0.00012207     
0.000305176     0.000317383     0.000354004     0.000488281     
0.000476074     0.000390625     0.000476074     0.000622559     
0.00057373     0.000512695     0.000488281     0.000500488     
0.000476074     0.000305176     0.000170898     0.000256348     
0.000219727     2.44141e-05     -4.88281e-05     -0.000109863     
-0.000158691     -0.000256348     -0.000366211     -0.000341797     
-0.000427246     -0.00045166     -0.000585938     -0.00057373     
-0.000463867     -0.000512695     -0.00065918     -0.000488281     
-0.000537109     -0.000463867     -0.000463867     -0.000427246     
-0.000280762     -0.000195313     -9.76563e-05     4.88281e-05     
0.000146484     0.00012207     0.000292969     0.000305176     
0.000463867     0.000476074     0.00045166     0.00057373     
0.000585938     0.00057373     0.000463867     0.000427246     
0.000415039     0.000378418     0.000244141     0.00012207     
0.000183105     4.88281e-05     -7.32422e-05     -2.44141e-05     
0     -0.00012207     -9.76563e-05     -0.000158691     
-6.10352e-05     -7.32422e-05     -7.32422e-05     -7.32422e-05     
6.10352e-05     6.10352e-05     9.76563e-05     7.32422e-05     
0.000158691     0.00020752     9.76563e-05     0.000109863     
0.000244141     0.00020752     0.000256348     0.000231934     
0.000146484     0.000256348     0.000109863     0.00012207     
6.10352e-05     0     6.10352e-05     6.10352e-05     
7.32422e-05     0     -4.88281e-05     -2.44141e-05     
9.76563e-05     1.2207e-05     0.000109863     0.000146484     
0.000195313     0.000231934     0.000134277     0.000183105     
0.000219727     0.000268555     0.000170898     0.000146484     
0.000183105     0.000134277     3.66211e-05     -7.32422e-05     
0     -0.00020752     -0.000183105     -0.000231934     
-0.000134277     -0.000219727     -0.000280762     -0.000195313     
-0.000146484     -0.000219727     -0.000134277     -9.76563e-05     
-2.44141e-05     -7.32422e-05     -0.000170898     -2.44141e-05     
-7.32422e-05     -1.2207e-05     -8.54492e-05     -0.00012207     
-8.54492e-05     -6.10352e-05     -0.00020752     -7.32422e-05     
-0.000146484     -8.54492e-05     -9.76563e-05     -0.000134277     
0     1.2207e-05     -3.66211e-05     -2.44141e-05     
2.44141e-05     0     9.76563e-05     4.88281e-05     
0.00012207     0.000305176     0.000219727     0.000341797     
0.000439453     0.000439453     0.000524902     0.000622559     
0.000732422     0.000622559     0.000634766     0.000805664     
0.000793457     0.000793457     0.000842285     0.000793457     
0.000964355     0.00101318     0.000817871     0.00090332     
0.00090332     0.000891113     0.000830078     0.000732422     
0.000842285     0.000695801     0.000524902     0.000402832     
0.000366211     0.000244141     0.000146484     8.54492e-05     
0     -0.000134277     -0.000354004     -0.000305176     
-0.000378418     -0.000415039     -0.00057373     -0.000402832     
-0.000488281     -0.000402832     -0.000439453     -0.000402832     
-0.000268555     -0.000354004     -0.000317383     -0.000305176     
-0.000134277     -0.000170898     -0.000292969     -0.000244141     
-0.000231934     -0.000244141     -0.000219727     -0.000134277     
-7.32422e-05     -0.00012207     -6.10352e-05     7.32422e-05     
0.00012207     0.000183105     0.000170898     0.000256348     
0.000305176     0.000170898     0.000256348     0.000244141     
0.000219727     0     0     0     
-6.10352e-05     -0.000146484     -0.000231934     -0.00020752     
-0.000146484     -0.000183105     -9.76563e-05     -2.44141e-05     
0     0.000170898     4.88281e-05     0.000170898     
0.000341797     0.000268555     0.000158691     0.000268555     
0.000219727     0.000305176     0.000183105     0.00020752     
0.000183105     6.10352e-05     0.000146484     9.76563e-05     
7.32422e-05     -8.54492e-05     -0.00012207     -0.000244141     
-0.000256348     -0.000354004     -0.000390625     -0.000512695     
-0.000341797     -0.000402832     -0.000585938     -0.00045166     
-0.000292969     -0.000341797     -0.000366211     -0.000256348     
-0.000219727     -8.54492e-05     -4.88281e-05     -7.32422e-05     
0.000146484     9.76563e-05     0.000183105     0.000231934     
0.000317383     0.000427246     0.000354004     0.000390625     
0.000524902     0.000488281     0.000427246     0.000524902     
0.000500488     0.000537109     0.000427246     0.000402832     
0.00032959     0.000305176     0.000195313     0.000244141     
0.000109863     0.000146484     0.00012207     0.000158691     
0.000195313     0.000219727     0.000183105     0.000195313     
0.000256348     0.000280762     0.000305176     0.000231934     
0.000268555     0.000305176     0.00020752     0.000268555     
0.000231934     0.000195313     0.000158691     0.000231934     
0.000292969     0.000219727     0.000219727     0.000317383     
0.000378418     0.00032959     0.000366211     0.000488281     
0.000354004     0.000268555     0.000280762     0.000219727     
8.54492e-05     -3.66211e-05     -0.000195313     -0.00020752     
-0.000354004     -0.000390625     -0.000476074     -0.000427246     
-0.000415039     -0.00032959     -0.000549316     -0.000415039     
-0.000439453     -0.000378418     -0.000476074     -0.000439453     
-0.000305176     -0.000280762     -0.000378418     -0.000195313     
-0.000158691     -4.88281e-05     -2.44141e-05     0.000109863     
0.000268555     0.000390625     0.000463867     0.000415039     
0.000598145     0.000476074     0.000512695     0.000463867     
0.000390625     0.000354004     0.00020752     0.000109863     
0     -8.54492e-05     -0.000109863     -0.000268555     
-0.000280762     -0.000231934     -0.00045166     -0.00045166     
-0.000427246     -0.000366211     -0.000341797     -0.000402832     
-0.000170898     -0.000158691     -0.00012207     -0.000134277     
-3.66211e-05     2.44141e-05     4.88281e-05     4.88281e-05     
6.10352e-05     4.88281e-05     1.2207e-05     -1.2207e-05     
-6.10352e-05     -3.66211e-05     -6.10352e-05     -2.44141e-05     
-9.76563e-05     0     -2.44141e-05     9.76563e-05     
0.000109863     0.000231934     0.000317383     0.00032959     
0.000500488     0.000610352     0.000610352     0.000720215     
0.00078125     0.000842285     0.000805664     0.00078125     
0.000915527     0.000769043     0.00065918     0.000708008     
0.000549316     0.000378418     0.000268555     0.000268555     
0.000219727     8.54492e-05     0     0     
-7.32422e-05     -0.000146484     -0.00020752     -0.000158691     
-6.10352e-05     -0.000183105     -0.000195313     -8.54492e-05     
-1.2207e-05     -0.000109863     -0.00012207     1.2207e-05     
4.88281e-05     0.000146484     0.000170898     0.000134277     
0.000292969     0.00045166     0.000354004     0.000512695     
0.000549316     0.000634766     0.000537109     0.000524902     
0.000476074     0.000366211     0.000195313     0.000219727     
2.44141e-05     -6.10352e-05     -0.000219727     -0.000317383     
-0.00032959     -0.000390625     -0.000366211     -0.000415039     
-0.00020752     -0.000170898     -4.88281e-05     -6.10352e-05     
-1.2207e-05     0.00012207     0.000195313     9.76563e-05     
0.000183105     0.000134277     0.000109863     3.66211e-05     
-1.2207e-05     2.44141e-05     -7.32422e-05     1.2207e-05     
0     0     -9.76563e-05     -0.00020752     
-4.88281e-05     -8.54492e-05     -9.76563e-05     -0.000146484     
-0.000158691     1.2207e-05     -4.88281e-05     -6.10352e-05     
9.76563e-05     -4.88281e-05     7.32422e-05     0.000195313     
0.000280762     0.000341797     0.000256348     0.000488281     
0.000537109     0.000439453     0.000415039     0.000512695     
0.000488281     0.000439453     0.000256348     0.000146484     
0.000183105     8.54492e-05     -2.44141e-05     2.44141e-05     
0     -7.32422e-05     -0.00012207     -0.00012207     
4.88281e-05     -3.66211e-05     -1.2207e-05     4.88281e-05     
0     1.2207e-05     -3.66211e-05     -6.10352e-05     
-1.2207e-05     -0.000219727     -0.000219727     -0.00020752     
-0.000280762     -0.00045166     -0.00057373     -0.000585938     
-0.000585938     -0.000744629     -0.000756836     -0.000732422     
-0.000610352     -0.000634766     -0.000610352     -0.000500488     
-0.000415039     -0.000402832     -0.000317383     -0.00020752     
0     4.88281e-05     0     0.000268555     
0.000195313     0.000305176     0.000305176     0.000427246     
0.000512695     0.000549316     0.000402832     0.000610352     
0.000646973     0.000561523     0.00057373     0.000634766     
0.00065918     0.000610352     0.000598145     0.000671387     
0.000683594     0.000610352     0.000634766     0.000500488     
0.000585938     0.000524902     0.000427246     0.000427246     
0.000268555     0.000219727     9.76563e-05     -6.10352e-05     
-6.10352e-05     -2.44141e-05     -0.00020752     -0.000280762     
-0.00020752     -0.000170898     -0.00012207     -0.000134277     
4.88281e-05     2.44141e-05     6.10352e-05     0.000109863     
0.000256348     0.000341797     0.000317383     0.000463867     
0.00065918     0.000622559     0.000537109     0.000622559     
0.000634766     0.000671387     0.000524902     0.000622559     
0.000610352     0.000622559     0.000463867     0.000439453     
0.000390625     0.000512695     0.000390625     0.000500488     
0.000512695     0.000488281     0.000463867     0.000488281     
0.000463867     0.000415039     0.000524902     0.000439453     
0.000561523     0.000415039     0.000402832     0.000415039     
0.000378418     0.000366211     0.000305176     0.000354004     
0.000280762     9.76563e-05     0.000146484     0.000170898     
1.2207e-05     2.44141e-05     1.2207e-05     -1.2207e-05     
8.54492e-05     0     -4.88281e-05     -2.44141e-05     
8.54492e-05     4.88281e-05     -6.10352e-05     7.32422e-05     
6.10352e-05     -4.88281e-05     -0.000109863     -0.00020752     
-0.000219727     -0.000231934     -0.000390625     -0.000317383     
-0.000354004     -0.000427246     -0.000524902     -0.000488281     
-0.000524902     -0.000524902     -0.000476074     -0.000402832     
-0.000317383     -0.000256348     -0.000427246     -0.000280762     
-0.000134277     -7.32422e-05     -1.2207e-05     0     
9.76563e-05     0.000219727     0.000231934     0.000268555     
0.000415039     0.000488281     0.000402832     0.000500488     
0.000561523     0.000500488     0.000390625     0.000305176     
0.000378418     0.000268555     0.000146484     0.00012207     
1.2207e-05     -1.2207e-05     -8.54492e-05     -0.00020752     
-0.000158691     -0.000146484     -0.000292969     -0.000280762     
-0.000317383     -0.000170898     -0.000305176     -0.00032959     
-0.000244141     -0.000280762     -0.000134277     -0.000109863     
-1.2207e-05     0.00012207     1.2207e-05     0.000195313     
0.000170898     0.000292969     0.000183105     0.000280762     
0.000366211     0.000427246     0.000366211     0.000354004     
0.000378418     0.000488281     0.00045166     0.000463867     
0.00057373     0.00057373     0.000561523     0.000598145     
0.00065918     0.000524902     0.000695801     0.000622559     
0.000634766     0.000500488     0.000476074     0.000366211     
0.000354004     0.000378418     0.000231934     0.000378418     
0.000158691     0.000183105     0.00012207     7.32422e-05     
0.000170898     1.2207e-05     4.88281e-05     6.10352e-05     
0.000170898     0.000183105     -1.2207e-05     0.000219727     
0.00020752     0.000219727     0.000183105     0.000305176     
0.00045166     0.000390625     0.000366211     0.000415039     
0.000402832     0.000512695     0.000488281     0.000524902     
0.000549316     0.000500488     0.000354004     0.000439453     
0.000231934     0.000183105     -6.10352e-05     -7.32422e-05     
-0.000109863     -0.00032959     -0.000463867     -0.000488281     
-0.000537109     -0.000622559     -0.000549316     -0.000476074     
-0.000402832     -0.000280762     -0.00032959     -0.000158691     
-1.2207e-05     6.10352e-05     0.000109863     0.00012207     
0.000268555     0.000244141     0.000280762     0.000378418     
0.000354004     0.000415039     0.000354004     0.000488281     
0.000561523     0.00057373     0.000561523     0.000512695     
0.000549316     0.000598145     0.000524902     0.000512695     
0.000549316     0.000500488     0.000500488     0.000537109     
0.000537109     0.000634766     0.000549316     0.000732422     
0.000817871     0.000817871     0.00090332     0.000927734     
0.000927734     0.00102539     0.000891113     0.000854492     
0.000866699     0.000842285     0.000708008     0.000561523     
0.000634766     0.000512695     0.000427246     0.000476074     
0.000537109     0.000341797     0.000219727     0.000256348     
0.000280762     0.000170898     4.88281e-05     6.10352e-05     
0.000158691     0.000146484     1.2207e-05     0.000109863     
8.54492e-05     0.000158691     0.00012207     0.000183105     
0.000366211     0.00032959     0.000280762     0.000341797     
0.00045166     0.000256348     0.000256348     0.000341797     
0.000268555     0.000183105     9.76563e-05     0.000158691     
0.000109863     2.44141e-05     -1.2207e-05     3.66211e-05     
0.000146484     0.000170898     4.88281e-05     0.000146484     
0.000244141     9.76563e-05     0.000170898     0.000219727     
0.000244141     0.000244141     0.000256348     0.000292969     
0.000305176     0.000390625     0.000305176     0.000292969     
0.000476074     0.00045166     0.000415039     0.000378418     
0.000463867     0.000537109     0.000415039     0.000402832     
0.00045166     0.000488281     0.000402832     0.000305176     
0.000317383     0.000244141     0.000109863     7.32422e-05     
2.44141e-05     -6.10352e-05     -0.000256348     -0.000256348     
-0.000268555     -0.000402832     -0.000415039     -0.00032959     
-0.000354004     -0.000256348     -0.000402832     -0.000256348     
-0.000146484     -0.000134277     -8.54492e-05     -1.2207e-05     
0.000183105     0.000146484     0     0.000158691     
0.000158691     0.000183105     0.000134277     0.000170898     
0.00012207     0.000158691     3.66211e-05     -1.2207e-05     
-4.88281e-05     -7.32422e-05     -6.10352e-05     -0.000134277     
-0.000146484     -0.00012207     -0.000219727     -0.00032959     
-0.000195313     -0.000280762     -0.000292969     -0.000280762     
-0.000292969     -0.000280762     -0.00045166     -0.000317383     
-0.000366211     -0.000341797     -0.000305176     -0.00020752     
0     -4.88281e-05     4.88281e-05     0.000183105     
0.000305176     0.00032959     0.000341797     0.000317383     
0.000415039     0.000268555     0.000183105     0.000280762     
0.000146484     1.2207e-05     6.10352e-05     -1.2207e-05     
1.2207e-05     2.44141e-05     0     0.000134277     
9.76563e-05     0.000158691     0.000170898     0.000268555     
0.000378418     0.000292969     0.000231934     0.000378418     
0.00032959     0.000415039     0.000280762     0.000231934     
0.000402832     0.000231934     0.000170898     0.000195313     
0.000170898     8.54492e-05     0.000231934     0.00012207     
0.000292969     0.000280762     0.00020752     0.000415039     
0.000476074     0.000537109     0.000561523     0.000585938     
0.000744629     0.000708008     0.00057373     0.000585938     
0.000500488     0.000378418     0.000256348     0.000268555     
0.000317383     6.10352e-05     3.66211e-05     0     
-4.88281e-05     0     -6.10352e-05     3.66211e-05     
8.54492e-05     1.2207e-05     -3.66211e-05     2.44141e-05     
2.44141e-05     0.00012207     1.2207e-05     7.32422e-05     
2.44141e-05     0     -2.44141e-05     1.2207e-05     
-7.32422e-05     -0.000109863     -0.000170898     -9.76563e-05     
-0.000146484     -0.000183105     -0.000244141     -0.000341797     
-0.000366211     -0.000378418     -0.000561523     -0.00045166     
-0.000402832     -0.000500488     -0.000634766     -0.000500488     
-0.000341797     -0.000488281     -0.000354004     -0.000354004     
-0.00032959     -0.000268555     -0.000305176     -0.000183105     
-0.000292969     -0.00020752     -0.000109863     -8.54492e-05     
-2.44141e-05     -0.000134277     -3.66211e-05     -0.00012207     
-1.2207e-05     -0.000170898     -0.000183105     -8.54492e-05     
-0.000109863     -0.000158691     -0.000256348     -0.000244141     
-0.00012207     -0.000268555     -0.000280762     -0.000195313     
-0.000170898     -8.54492e-05     -0.000219727     -0.000158691     
-7.32422e-05     -8.54492e-05     -0.000146484     0     
3.66211e-05     4.88281e-05     7.32422e-05     0.000183105     
0.000268555     0.000256348     0.000183105     0.00032959     
0.000390625     0.000280762     0.000317383     0.000280762     
0.000292969     0.000317383     0.000268555     0.000268555     
0.000415039     0.00032959     0.000415039     0.000390625     
0.000512695     0.000561523     0.000634766     0.000622559     
0.000720215     0.000695801     0.000646973     0.00057373     
0.000622559     0.00057373     0.000415039     0.00032959     
0.000354004     0.000256348     0.00012207     -1.2207e-05     
7.32422e-05     -8.54492e-05     -9.76563e-05     -7.32422e-05     
0     4.88281e-05     1.2207e-05     9.76563e-05     
0.000146484     0.000183105     0.000219727     0.000366211     
0.000341797     0.000415039     0.000268555     0.000317383     
0.00032959     0.000256348     0.000231934     0.00012207     
0.00012207     8.54492e-05     6.10352e-05     6.10352e-05     
0.000170898     0.00012207     0.000195313     0.000366211     
0.00032959     0.000415039     0.000390625     0.000427246     
0.000622559     0.000549316     0.000488281     0.000561523     
0.000622559     0.000524902     0.000427246     0.000488281     
0.000402832     0.000317383     0.000378418     0.000317383     
0.000268555     0.000158691     6.10352e-05     2.44141e-05     
-1.2207e-05     -0.000109863     -0.000146484     -0.000170898     
-0.000183105     -0.00012207     -0.000170898     0     
2.44141e-05     0.00012207     0     0.000146484     
0.000292969     0.000219727     0.000170898     0.000256348     
0.000170898     7.32422e-05     2.44141e-05     -8.54492e-05     
-3.66211e-05     -0.000158691     -0.000292969     -0.000292969     
-0.000292969     -0.000500488     -0.00045166     -0.00057373     
-0.000537109     -0.00057373     -0.000671387     -0.000695801     
-0.000634766     -0.000549316     -0.000549316     -0.000549316     
-0.000317383     -0.000268555     -0.000183105     -0.000158691     
-4.88281e-05     0     -0.00012207     -0.000170898     
-4.88281e-05     -9.76563e-05     -0.000183105     -0.000256348     
-0.000317383     -0.000317383     -0.000500488     -0.00057373     
-0.000622559     -0.000756836     -0.000756836     -0.000793457     
-0.000744629     -0.000683594     -0.000891113     -0.000720215     
-0.000476074     -0.000549316     -0.000646973     -0.000439453     
-0.000366211     -0.000305176     -0.000244141     -0.000146484     
-1.2207e-05     4.88281e-05     3.66211e-05     7.32422e-05     
0.000158691     0.000170898     0.00020752     0.000244141     
0.00045166     0.000317383     0.000280762     0.000415039     
0.000427246     0.000390625     0.000354004     0.000415039     
0.000354004     0.000402832     0.000378418     0.000366211     
0.000390625     0.000402832     0.000463867     0.000390625     
0.000549316     0.000488281     0.000476074     0.000463867     
0.000585938     0.000463867     0.000427246     0.000512695     
0.000488281     0.000500488     0.000354004     0.000354004     
0.000402832     0.00032959     0.000317383     0.000378418     
0.000292969     0.000390625     0.000305176     0.000305176     
0.000390625     0.000341797     0.000183105     0.000195313     
7.32422e-05     0     -9.76563e-05     -7.32422e-05     
-0.00012207     -0.000195313     -0.000231934     -0.00020752     
-0.000219727     -0.000231934     -0.000134277     -0.000158691     
-4.88281e-05     -7.32422e-05     -2.44141e-05     -1.2207e-05     
1.2207e-05     0.000109863     2.44141e-05     0.000134277     
0.000146484     0.000109863     7.32422e-05     0.000146484     
0.000256348     0.000256348     0.000219727     0.000231934     
0.00045166     0.000341797     0.000378418     0.000439453     
0.000549316     0.000598145     0.000524902     0.000512695     
0.000610352     0.000524902     0.000500488     0.000488281     
0.000512695     0.000537109     0.000378418     0.000366211     
0.000305176     0.000231934     0.000109863     4.88281e-05     
2.44141e-05     7.32422e-05     -8.54492e-05     -4.88281e-05     
-7.32422e-05     -0.000170898     -0.000158691     -0.000195313     
-9.76563e-05     -4.88281e-05     -3.66211e-05     -4.88281e-05     
8.54492e-05     0     2.44141e-05     0.000219727     
0.00012207     0.000158691     0.000146484     0.000317383     
0.000146484     0.000109863     0.000146484     0.000109863     
0.000146484     0.000109863     -2.44141e-05     0     
3.66211e-05     -0.00012207     -9.76563e-05     -0.00020752     
-0.000231934     -0.00032959     -0.000354004     -0.000402832     
-0.000549316     -0.000537109     -0.000561523     -0.000683594     
-0.000598145     -0.000537109     -0.000585938     -0.000524902     
-0.000476074     -0.00032959     -0.000341797     -0.000195313     
-0.00012207     -0.000170898     -0.000183105     -0.000146484     
-0.000146484     -0.000244141     -0.00032959     -0.000366211     
-0.000317383     -0.000427246     -0.000598145     -0.000622559     
-0.000476074     -0.000537109     -0.000500488     -0.000512695     
-0.000378418     -0.00020752     -0.000244141     -3.66211e-05     
4.88281e-05     0.000109863     9.76563e-05     0.000158691     
0.000231934     0.00020752     0.000146484     0.000158691     
0.00020752     0.000146484     0.000158691     0.000134277     
0.00020752     0.000170898     0.000219727     0.000292969     
0.000292969     0.000476074     0.000427246     0.000488281     
0.000561523     0.00057373     0.000585938     0.000720215     
0.000744629     0.000756836     0.00065918     0.000708008     
0.000805664     0.000732422     0.000549316     0.000537109     
0.000561523     0.00045166     0.000317383     0.000402832     
0.00032959     0.000280762     0.000244141     0.00012207     
0.000134277     0.000109863     4.88281e-05     0     
9.76563e-05     -2.44141e-05     -0.000195313     -0.000109863     
-0.00020752     -0.000195313     -0.000280762     -0.000219727     
-0.000158691     -0.000256348     -0.000341797     -0.000280762     
-0.00020752     -0.000402832     -0.000378418     -0.000354004     
-0.000354004     -0.00045166     -0.000512695     -0.00045166     
-0.000488281     -0.00057373     -0.00057373     -0.000524902     
-0.000476074     -0.000488281     -0.000537109     -0.000463867     
-0.000366211     -0.000354004     -0.000354004     -0.000146484     
-0.000146484     -3.66211e-05     0     0.000109863     
0.000109863     0.000146484     0.00020752     0.000317383     
0.000341797     0.000390625     0.000366211     0.000537109     
0.000500488     0.000463867     0.000476074     0.00045166     
0.000549316     0.000427246     0.000341797     0.00045166     
0.000268555     0.00032959     0.000280762     0.000256348     
0.000354004     0.000354004     0.000256348     8.54492e-05     
0.000244141     0.000195313     9.76563e-05     4.88281e-05     
0.00012207     0.000146484     -2.44141e-05     -2.44141e-05     
4.88281e-05     4.88281e-05     4.88281e-05     -1.2207e-05     
2.44141e-05     1.2207e-05     3.66211e-05     7.32422e-05     
8.54492e-05     7.32422e-05     6.10352e-05     0.000109863     
0.000244141     0.000268555     0.000170898     0.000256348     
0.000183105     0.000268555     0.000219727     0.000244141     
0.000280762     0.000280762     0.000170898     0.000158691     
3.66211e-05     -1.2207e-05     -6.10352e-05     -0.00020752     
-8.54492e-05     -0.000158691     -0.000280762     -0.000170898     
-7.32422e-05     -0.000183105     -0.000109863     0.000158691     
0.000231934     0.000341797     0.000390625     0.000610352     
0.000671387     0.000622559     0.000708008     0.000805664     
0.00078125     0.000708008     0.000585938     0.000524902     
0.000500488     0.000268555     0.000195313     0.000109863     
0.00020752     8.54492e-05     -2.44141e-05     6.10352e-05     
0.00012207     4.88281e-05     0.000183105     9.76563e-05     
0.00012207     0.000146484     -3.66211e-05     0.000109863     
4.88281e-05     0     -9.76563e-05     -0.000146484     
-6.10352e-05     -7.32422e-05     -0.000268555     -9.76563e-05     
-0.00012207     -0.000134277     -0.000170898     -0.000170898     
-6.10352e-05     -0.000134277     -0.000170898     -0.000219727     
-0.000268555     -0.000317383     -0.000317383     -0.000390625     
-0.000305176     -0.000195313     -0.000402832     -0.000317383     
-0.00020752     -0.00012207     -7.32422e-05     4.88281e-05     
8.54492e-05     0.000219727     0.000183105     0.000366211     
0.000427246     0.000415039     0.000366211     0.000354004     
0.000512695     0.000476074     0.000280762     0.000219727     
0.000280762     0.000219727     9.76563e-05     9.76563e-05     
0.000109863     6.10352e-05     -4.88281e-05     -6.10352e-05     
4.88281e-05     2.44141e-05     0     -2.44141e-05     
-1.2207e-05     -1.2207e-05     0     2.44141e-05     
0     1.2207e-05     0     3.66211e-05     
1.2207e-05     4.88281e-05     -1.2207e-05     -9.76563e-05     
-1.2207e-05     -8.54492e-05     -6.10352e-05     -8.54492e-05     
-3.66211e-05     -0.000195313     -0.000280762     -0.000231934     
-0.000317383     -0.000341797     -0.000378418     -0.000390625     
-0.000378418     -0.000488281     -0.000500488     -0.000439453     
-0.000488281     -0.000488281     -0.000561523     -0.000378418     
-0.000317383     -0.000317383     -0.000244141     -0.000219727     
-9.76563e-05     -0.000109863     -7.32422e-05     -4.88281e-05     
-7.32422e-05     -0.000158691     -0.000219727     -0.000292969     
-0.000231934     -0.000378418     -0.000390625     -0.000354004     
-0.000292969     -0.000244141     -0.000402832     -0.000305176     
-0.000146484     -0.000146484     -0.00012207     -0.000109863     
-0.00012207     -9.76563e-05     -0.000146484     -0.000219727     
-0.000268555     -0.000231934     -0.000280762     -0.000305176     
-0.000231934     -0.000280762     -0.00020752     -0.00020752     
-6.10352e-05     2.44141e-05     -1.2207e-05     0.00012207     
0.000231934     0.000305176     0.000256348     0.000317383     
0.000488281     0.000390625     0.000341797     0.000341797     
0.000463867     0.000402832     0.000292969     0.000244141     
0.00032959     0.000183105     0.00012207     2.44141e-05     
4.88281e-05     9.76563e-05     -2.44141e-05     0     
-4.88281e-05     -4.88281e-05     -2.44141e-05     -3.66211e-05     
-1.2207e-05     -1.2207e-05     -0.00020752     -0.000183105     
-8.54492e-05     -0.000183105     -0.000256348     -0.000280762     
-0.000341797     -0.000292969     -0.000366211     -0.000390625     
-0.000415039     -0.000524902     -0.000378418     -0.00045166     
-0.000378418     -0.000378418     -0.000402832     -0.000415039     
-0.000109863     -0.000183105     -0.000146484     3.66211e-05     
0.00012207     0.000195313     0.000268555     0.000390625     
0.000463867     0.000427246     0.000512695     0.000622559     
0.000683594     0.000598145     0.000537109     0.000671387     
0.00057373     0.000463867     0.000463867     0.000402832     
0.000341797     0.000146484     0     4.88281e-05     
-0.000109863     -0.000183105     -0.000305176     -0.000354004     
-0.00032959     -0.00045166     -0.00057373     -0.000439453     
-0.000537109     -0.000500488     -0.000463867     -0.00032959     
-0.000195313     -0.000134277     -0.00012207     7.32422e-05     
3.66211e-05     7.32422e-05     2.44141e-05     -3.66211e-05     
4.88281e-05     0     -0.000195313     -0.000195313     
-0.00012207     -0.000354004     -0.000244141     -0.000292969     
-0.000256348     -0.000183105     -0.000134277     -1.2207e-05     
0.000109863     0.000109863     0.000341797     0.000439453     
0.000585938     0.00065918     0.000561523     0.00065918     
0.000683594     0.000683594     0.000695801     0.000610352     
0.000671387     0.000500488     0.000390625     0.000256348     
0.000219727     0.000231934     1.2207e-05     -2.44141e-05     
3.66211e-05     -6.10352e-05     -0.00012207     -0.000158691     
-0.000183105     -0.000109863     -0.000244141     -0.000158691     
-0.000183105     -0.000170898     -0.000170898     -0.000109863     
-0.00012207     -4.88281e-05     -0.000146484     -0.000183105     
-0.000183105     -0.000195313     -0.000244141     -0.000280762     
-0.000219727     -0.000280762     -0.000341797     -0.000366211     
-0.000183105     -0.000317383     -0.000292969     -0.00020752     
-0.000268555     -0.000268555     -0.000280762     -0.000280762     
-0.000305176     -0.000341797     -0.000561523     -0.000476074     
-0.000415039     -0.000524902     -0.000500488     -0.000427246     
-0.000378418     -0.000427246     -0.000305176     -0.000256348     
-0.000134277     -0.000195313     -8.54492e-05     -0.00012207     
-6.10352e-05     -0.000146484     -0.000170898     -0.000183105     
-0.000183105     -0.000219727     -0.00032959     -0.00020752     
-0.000268555     -0.000170898     -0.000280762     -0.000134277     
-2.44141e-05     -8.54492e-05     -7.32422e-05     0.00012207     
0.000195313     0.000231934     0.000292969     0.000341797     
0.000341797     0.000268555     0.000354004     0.000354004     
0.000280762     0.000183105     0.000183105     1.2207e-05     
9.76563e-05     0     -0.000170898     -0.000170898     
-0.000268555     -0.000231934     -0.000231934     -0.000317383     
-0.000231934     -0.000256348     -0.000366211     -0.000244141     
-9.76563e-05     -0.00012207     -3.66211e-05     4.88281e-05     
0.000305176     0.000244141     0.000366211     0.000512695     
0.000634766     0.000683594     0.000585938     0.000598145     
0.000708008     0.00057373     0.000549316     0.000549316     
0.000524902     0.000488281     0.000341797     0.000488281     
0.000439453     0.00032959     0.000354004     0.000354004     
0.000463867     0.000512695     0.000402832     0.000427246     
0.000488281     0.00045166     0.000415039     0.000427246     
0.000390625     0.000439453     0.000305176     0.000256348     
0.000317383     9.76563e-05     -7.32422e-05     0     
-7.32422e-05     -0.000341797     -0.000488281     -0.000512695     
-0.000634766     -0.000793457     -0.000805664     -0.000878906     
-0.000842285     -0.000830078     -0.000952148     -0.000842285     
-0.000756836     -0.000915527     -0.000695801     -0.000720215     
-0.000720215     -0.000708008     -0.000695801     -0.00057373     
-0.000585938     -0.000671387     -0.000671387     -0.000476074     
-0.000378418     -0.000415039     -0.000427246     -0.000317383     
-0.000268555     -0.00020752     -0.000280762     -0.000170898     
-0.000219727     -0.000170898     -0.000305176     -0.000134277     
-0.00020752     -0.000158691     -0.000158691     -0.000183105     
-9.76563e-05     0     0     2.44141e-05     
0.000146484     8.54492e-05     0.000219727     0.000256348     
0.000292969     0.000415039     0.000292969     0.000280762     
0.000244141     0.000195313     0.000134277     0.000170898     
0.000146484     0.000134277     4.88281e-05     0.00012207     
7.32422e-05     6.10352e-05     0.000183105     3.66211e-05     
0.000219727     0.000268555     0.00020752     0.000158691     
0.000305176     0.000292969     0.000244141     0.000402832     
0.000488281     0.000341797     0.00032959     0.000354004     
0.000354004     0.00032959     0.000219727     0.000268555     
0.000183105     0.000219727     0.000219727     0.000183105     
0.000170898     0.000280762     0.000134277     0.000244141     
0.000268555     0.000195313     0.000158691     0.000244141     
0.000268555     0.000280762     0.00012207     0.000170898     
0.00032959     2.44141e-05     8.54492e-05     9.76563e-05     
-1.2207e-05     -7.32422e-05     -0.000134277     -0.000183105     
-0.000219727     -0.000366211     -0.000378418     -0.000427246     
-0.000354004     -0.00045166     -0.000439453     -0.000366211     
-0.00032959     -0.000317383     -0.000280762     -0.000366211     
-0.000170898     -0.000280762     -0.000439453     -0.000280762     
-0.000219727     -0.000305176     -0.000415039     -0.000378418     
-0.000231934     -0.000354004     -0.000292969     -0.000231934     
-0.000170898     -1.2207e-05     0     7.32422e-05     
0.000292969     0.000292969     0.000292969     0.00045166     
0.000463867     0.000463867     0.000439453     0.000427246     
0.000402832     0.000317383     0.000305176     0.000219727     
0.000170898     0.00020752     8.54492e-05     -2.44141e-05     
0     6.10352e-05     8.54492e-05     0     
4.88281e-05     6.10352e-05     1.2207e-05     7.32422e-05     
0.00020752     0.000158691     4.88281e-05     0.000109863     
9.76563e-05     0     -0.000134277     -0.000183105     
-0.000146484     -0.000354004     -0.000317383     -0.000415039     
-0.000402832     -0.000390625     -0.000561523     -0.000439453     
-0.000463867     -0.000390625     -0.000366211     -0.000317383     
-0.000195313     -0.000109863     -0.000183105     -3.66211e-05     
6.10352e-05     4.88281e-05     9.76563e-05     0.000158691     
0.00020752     0.00032959     0.000158691     0.000231934     
0.000378418     0.000231934     0.000219727     0.000134277     
0.000109863     0.000158691     -4.88281e-05     -0.000158691     
-6.10352e-05     -0.000305176     -0.000439453     -0.000488281     
-0.000500488     -0.000524902     -0.000671387     -0.000585938     
-0.000622559     -0.000732422     -0.000671387     -0.000683594     
-0.000671387     -0.000708008     -0.000793457     -0.000817871     
-0.000842285     -0.000952148     -0.000927734     -0.0010376     
-0.000952148     -0.00101318     -0.00109863     -0.00101318     
-0.00100098     -0.00106201     -0.00106201     -0.00108643     
-0.00102539     -0.000976563     -0.000939941     -0.000878906     
-0.000915527     -0.000866699     -0.000976563     -0.000842285     
-0.000891113     -0.00100098     -0.00100098     -0.000830078     
-0.000842285     -0.000915527     -0.000878906     -0.000708008     
-0.000561523     -0.000622559     -0.000537109     -0.000500488     
-0.000415039     -0.000463867     -0.000390625     -0.000378418     
-0.000378418     -0.000231934     -0.000402832     -0.000305176     
-0.000231934     -0.000231934     -0.000183105     -0.000158691     
-8.54492e-05     -3.66211e-05     -0.000109863     -4.88281e-05     
0     1.2207e-05     4.88281e-05     -6.10352e-05     
8.54492e-05     8.54492e-05     1.2207e-05     7.32422e-05     
6.10352e-05     0.00012207     0.000146484     0.00020752     
0.000146484     0.00020752     0.000183105     0.000244141     
0.000183105     0.000195313     4.88281e-05     8.54492e-05     
3.66211e-05     4.88281e-05     -8.54492e-05     -0.000195313     
-0.000158691     -0.000170898     -0.00032959     -0.000280762     
-0.000244141     -0.000378418     -0.00032959     -0.000305176     
-0.000231934     -0.000292969     -0.000256348     -0.000158691     
-4.88281e-05     -6.10352e-05     -0.000109863     7.32422e-05     
9.76563e-05     -2.44141e-05     6.10352e-05     7.32422e-05     
0.000158691     6.10352e-05     0.00012207     0.000195313     
0.000305176     0.000378418     0.000390625     0.000476074     
0.000610352     0.000549316     0.000585938     0.000537109     
0.00065918     0.000610352     0.00057373     0.000646973     
0.000622559     0.000634766     0.000622559     0.000622559     
0.000622559     0.000622559     0.000500488     0.000585938     
0.000402832     0.000354004     0.000268555     0.000280762     
0.000292969     0.000256348     0.000158691     0.000231934     
0.000195313     0.00012207     6.10352e-05     4.88281e-05     
0.000158691     9.76563e-05     9.76563e-05     4.88281e-05     
0.000146484     2.44141e-05     2.44141e-05     0.000134277     
0.000195313     8.54492e-05     0.000109863     0.000268555     
0.000256348     0.00032959     0.000292969     0.000244141     
0.000415039     0.00032959     0.000158691     9.76563e-05     
8.54492e-05     -6.10352e-05     -0.000256348     -0.000317383     
-0.000305176     -0.000488281     -0.000378418     -0.000402832     
-0.000415039     -0.000280762     -0.000305176     -0.000170898     
-3.66211e-05     3.66211e-05     0.00020752     0.000317383     
0.000512695     0.000720215     0.000610352     0.000817871     
0.000830078     0.000769043     0.000744629     0.000720215     
0.000732422     0.00065918     0.000537109     0.000500488     
0.000439453     0.000354004     0.000244141     0.000219727     
0.000109863     7.32422e-05     -8.54492e-05     -0.000195313     
-0.000134277     -0.000305176     -0.00032959     -0.000305176     
-0.00032959     -0.000439453     -0.000488281     -0.000341797     
-0.000341797     -0.000439453     -0.000366211     -0.000415039     
-0.000378418     -0.000292969     -0.000378418     -0.000305176     
-0.000231934     -0.000292969     -0.000231934     -0.00020752     
3.66211e-05     -4.88281e-05     -7.32422e-05     8.54492e-05     
0.00012207     0.000170898     0.000195313     0.000146484     
0.000268555     0.000195313     2.44141e-05     0.000183105     
0.000170898     3.66211e-05     0.000146484     0.00012207     
0.000183105     0.000170898     -2.44141e-05     7.32422e-05     
1.2207e-05     -9.76563e-05     -0.000146484     -0.00020752     
-0.000158691     -0.00020752     -0.000341797     -0.000378418     
-0.000280762     -0.000317383     -0.000341797     -0.000366211     
-0.000341797     -0.00020752     -0.000268555     -0.000366211     
-0.000292969     -0.000256348     -0.000268555     -0.00032959     
-0.000219727     -0.000231934     -0.000317383     -0.000219727     
-0.000195313     -0.00020752     -0.000231934     -0.000256348     
-9.76563e-05     -0.000183105     -0.000158691     -0.000170898     
-0.000146484     -6.10352e-05     -6.10352e-05     -1.2207e-05     
6.10352e-05     6.10352e-05     6.10352e-05     0.000109863     
0.000219727     0.000134277     4.88281e-05     0.000244141     
0.000268555     0.000134277     9.76563e-05     0.00012207     
4.88281e-05     -3.66211e-05     -0.000146484     -4.88281e-05     
-0.000219727     -0.000292969     -0.000341797     -0.000439453     
-0.000463867     -0.000610352     -0.000561523     -0.000512695     
-0.000427246     -0.000439453     -0.000500488     -0.000292969     
-0.000268555     -0.000219727     -0.000268555     -0.000268555     
-0.000195313     -0.00020752     -0.00032959     -0.000231934     
-0.000244141     -0.000390625     -0.000366211     -0.000317383     
-0.000170898     -0.000341797     -0.000305176     -0.000341797     
-0.000195313     -0.000280762     -0.000341797     -0.000219727     
-0.000195313     -0.000231934     -0.000244141     -9.76563e-05     
-1.2207e-05     -4.88281e-05     -7.32422e-05     0.000146484     
0.000134277     0.000158691     7.32422e-05     0.000170898     
0.000158691     0     -6.10352e-05     -2.44141e-05     
-0.000146484     -0.000109863     -0.000268555     -0.000305176     
-0.00020752     -0.000256348     -0.000280762     -0.000219727     
-0.000109863     -0.000134277     -2.44141e-05     -6.10352e-05     
-4.88281e-05     -2.44141e-05     0     -2.44141e-05     
-8.54492e-05     0     -0.000170898     -0.000195313     
-0.00020752     -0.000292969     -0.000476074     -0.000317383     
-0.00032959     -0.000317383     -0.000402832     -0.000341797     
-0.000268555     -0.000366211     -0.000292969     -0.000244141     
-0.000219727     -0.000170898     -0.000305176     -0.000195313     
-0.00020752     -0.000244141     -0.000317383     -0.000354004     
-0.000354004     -0.000292969     -0.000488281     -0.000476074     
-0.000512695     -0.00045166     -0.000500488     -0.000427246     
-0.000427246     -0.00020752     -0.000231934     -0.000183105     
0     -6.10352e-05     0.000183105     0.000256348     
0.00045166     0.000476074     0.000585938     0.000634766     
0.000793457     0.000732422     0.000769043     0.000842285     
0.000793457     0.000769043     0.000610352     0.000622559     
0.000683594     0.000463867     0.000280762     0.000244141     
0.000134277     8.54492e-05     -8.54492e-05     -0.000134277     
-0.000134277     -0.000280762     -0.000305176     -0.000280762     
-0.000219727     -0.00032959     -0.000476074     -0.000341797     
-0.000354004     -0.00045166     -0.000427246     -0.00045166     
-0.000366211     -0.000463867     -0.000622559     -0.000561523     
-0.000512695     -0.000549316     -0.000671387     -0.00057373     
-0.000488281     -0.000561523     -0.000622559     -0.000415039     
-0.000415039     -0.000488281     -0.000500488     -0.000402832     
-0.000256348     -0.000231934     -0.000256348     -0.00012207     
2.44141e-05     0.000109863     0.000195313     0.00020752     
0.000402832     0.000524902     0.000488281     0.00057373     
0.000646973     0.000646973     0.000634766     0.000708008     
0.00078125     0.000720215     0.000695801     0.000671387     
0.000769043     0.000769043     0.000671387     0.000439453     
0.000708008     0.000671387     0.000537109     0.000415039     
0.000415039     0.000439453     0.000256348     0.000183105     
0.000231934     1.2207e-05     -0.000134277     -0.000146484     
-0.00020752     -0.000231934     -0.000354004     -0.000341797     
-0.000378418     -0.000341797     -0.000378418     -0.000280762     
-0.00020752     -0.000183105     -0.000146484     -2.44141e-05     
0.000146484     0.000158691     0.000195313     0.000183105     
0.000268555     0.000219727     0.000170898     0.000170898     
0.000292969     0.000158691     6.10352e-05     0.000158691     
0.000134277     7.32422e-05     3.66211e-05     9.76563e-05     
0.000158691     7.32422e-05     8.54492e-05     6.10352e-05     
8.54492e-05     0     7.32422e-05     2.44141e-05     
0.00012207     -4.88281e-05     -4.88281e-05     8.54492e-05     
0.000146484     1.2207e-05     0.000170898     0.000231934     
0.000292969     0.000280762     0.000195313     0.000305176     
0.000317383     0.000231934     0.000183105     0.000268555     
9.76563e-05     3.66211e-05     -7.32422e-05     0     
3.66211e-05     -6.10352e-05     -8.54492e-05     7.32422e-05     
0.000170898     7.32422e-05     0.00020752     0.000305176     
0.000305176     0.000231934     0.000244141     0.000354004     
0.000341797     0.000292969     0.000268555     0.000219727     
0.000109863     0.000170898     0.000146484     0.000146484     
0.000219727     0.000134277     1.2207e-05     7.32422e-05     
4.88281e-05     1.2207e-05     4.88281e-05     0     
2.44141e-05     0.000195313     7.32422e-05     1.2207e-05     
0.000268555     0.000378418     0.000354004     0.000439453     
0.000622559     0.000769043     0.000646973     0.000683594     
0.000769043     0.000756836     0.000585938     0.000463867     
0.000463867     0.000415039     0.000134277     7.32422e-05     
-1.2207e-05     -9.76563e-05     -0.000244141     -0.000305176     
-0.00032959     -0.000280762     -0.000354004     -0.000354004     
-0.000231934     -0.00020752     -4.88281e-05     -0.000109863     
6.10352e-05     0.000134277     0.000280762     0.000427246     
0.000512695     0.000439453     0.000610352     0.000671387     
0.000793457     0.000720215     0.000610352     0.000695801     
0.00065918     0.000671387     0.000598145     0.000634766     
0.000634766     0.000561523     0.000463867     0.00057373     
0.00045166     0.000244141     0.000390625     0.000341797     
0.000415039     0.000219727     0.000170898     0.000268555     
0.000146484     0.000146484     0.000134277     8.54492e-05     
0.000146484     0.000170898     0.000146484     0.000305176     

