Source : transient; Time : Wed Jun 14 04:13:55 2017
B0 = 3056.000000 Gauss, mw = 9.686279 GHz
 NDI-T2 sa261 20/2 42/25 523nm/1mJ
1 5000 -1.001e-06 8.997e-06 0 0
s                        V                                                 
-0.000964355     -0.0010498     -0.000976563     -0.000915527     
-0.00102539     -0.00106201     -0.00114746     -0.00118408     
-0.00125732     -0.00125732     -0.00136719     -0.00128174     
-0.00140381     -0.00146484     -0.00155029     -0.00148926     
-0.00157471     -0.00164795     -0.00169678     -0.00168457     
-0.00168457     -0.00170898     -0.0015625     -0.00151367     
-0.00155029     -0.00153809     -0.00126953     -0.00124512     
-0.00118408     -0.00111084     -0.0010498     -0.00101318     
-0.0010498     -0.00106201     -0.00108643     -0.00106201     
-0.00111084     -0.00117188     -0.00109863     -0.00111084     
-0.00118408     -0.00113525     -0.00109863     -0.00107422     
-0.00119629     -0.00114746     -0.00101318     -0.00114746     
-0.00109863     -0.00108643     -0.00109863     -0.00101318     
-0.0010498     -0.00102539     -0.00109863     -0.00098877     
-0.000952148     -0.000964355     -0.00102539     -0.000891113     
-0.00098877     -0.00100098     -0.000927734     -0.000854492     
-0.000952148     -0.000952148     -0.000927734     -0.000952148     
-0.0010498     -0.00101318     -0.00098877     -0.000964355     
-0.00100098     -0.00100098     -0.00102539     -0.000964355     
-0.00100098     -0.00098877     -0.00100098     -0.000842285     
-0.000964355     -0.00102539     -0.00100098     -0.0010376     
-0.00118408     -0.00130615     -0.00137939     -0.00141602     
-0.00157471     -0.00167236     -0.00169678     -0.00180664     
-0.00175781     -0.0019043     -0.00183105     -0.00181885     
-0.00185547     -0.00186768     -0.00181885     -0.00161133     
-0.00159912     -0.0015625     -0.00150146     -0.00135498     
-0.00144043     -0.00131836     -0.00136719     -0.00130615     
-0.00135498     -0.00134277     -0.00140381     -0.00134277     
-0.00151367     -0.00163574     -0.00158691     -0.00169678     
-0.00177002     -0.00183105     -0.00180664     -0.00181885     
-0.00200195     -0.0019165     -0.00187988     -0.00183105     
-0.00189209     -0.0019165     -0.00166016     -0.00169678     
-0.00166016     -0.00159912     -0.00163574     -0.00141602     
-0.00146484     -0.00148926     -0.00129395     -0.00125732     
-0.0012207     -0.00119629     -0.00108643     -0.00108643     
-0.000952148     -0.000927734     -0.000866699     -0.000744629     
-0.000805664     -0.000756836     -0.000720215     -0.000708008     
-0.000708008     -0.000842285     -0.000769043     -0.000695801     
-0.00090332     -0.000854492     -0.000854492     -0.000939941     
-0.00106201     -0.00100098     -0.0010498     -0.0010376     
-0.00123291     -0.00117188     -0.0012207     -0.00114746     
-0.00126953     -0.00130615     -0.0012207     -0.00128174     
-0.00136719     -0.00137939     -0.0013916     -0.00141602     
-0.00140381     -0.00141602     -0.00141602     -0.00152588     
-0.00148926     -0.00158691     -0.00140381     -0.00146484     
-0.00142822     -0.0013916     -0.00150146     -0.00147705     
-0.00144043     -0.00163574     -0.00152588     -0.00151367     
-0.00167236     -0.00166016     -0.00150146     -0.00147705     
-0.00151367     -0.00157471     -0.00151367     -0.00131836     
-0.00133057     -0.00130615     -0.00117188     -0.00111084     
-0.0012085     -0.00109863     -0.0010376     -0.00106201     
-0.00125732     -0.0012207     -0.00108643     -0.00118408     
-0.00137939     -0.0012085     -0.00118408     -0.00114746     
-0.0012085     -0.00114746     -0.00112305     -0.000976563     
-0.000976563     -0.00108643     -0.00101318     -0.00102539     
-0.00119629     -0.00123291     -0.00114746     -0.00128174     
-0.00145264     -0.00157471     -0.00158691     -0.0017334     
-0.00181885     -0.00185547     -0.00201416     -0.00187988     
-0.00205078     -0.00209961     -0.00206299     -0.00213623     
-0.00201416     -0.0020874     -0.00198975     -0.00192871     
-0.00181885     -0.00175781     -0.00163574     -0.00150146     
-0.00146484     -0.00137939     -0.00124512     -0.00130615     
-0.00125732     -0.00125732     -0.00124512     -0.00129395     
-0.00144043     -0.00148926     -0.00145264     -0.00137939     
-0.00147705     -0.00150146     -0.00157471     -0.00148926     
-0.00145264     -0.00147705     -0.00145264     -0.00135498     
-0.00137939     -0.00134277     -0.00140381     -0.00133057     
-0.00144043     -0.00136719     -0.00134277     -0.00141602     
-0.00145264     -0.00153809     -0.00151367     -0.00140381     
-0.00141602     -0.00158691     -0.00151367     -0.00140381     
-0.00151367     -0.00152588     -0.00148926     -0.00148926     
-0.00152588     -0.00164795     -0.00151367     -0.00151367     
-0.00152588     -0.00159912     -0.00152588     -0.00142822     
-0.00141602     -0.00150146     -0.00150146     -0.00141602     
-0.00140381     -0.00148926     -0.00151367     -0.00137939     
-0.00141602     -0.00147705     -0.00137939     -0.00140381     
-0.00150146     -0.00136719     -0.00144043     -0.00129395     
-0.00152588     -0.00157471     -0.00150146     -0.00147705     
-0.00161133     -0.0015625     -0.00150146     -0.00144043     
-0.00153809     -0.00146484     -0.00141602     -0.00125732     
-0.00135498     -0.00140381     -0.00128174     -0.00123291     
-0.00128174     -0.00140381     -0.0012207     -0.00129395     
-0.00129395     -0.00129395     -0.00124512     -0.00106201     
-0.00115967     -0.00114746     -0.00101318     -0.000964355     
-0.00090332     -0.00100098     -0.000878906     -0.000817871     
-0.000842285     -0.000939941     -0.000952148     -0.000976563     
-0.00106201     -0.00108643     -0.0012085     -0.00129395     
-0.00136719     -0.00157471     -0.00148926     -0.0015625     
-0.00178223     -0.0017334     -0.00177002     -0.00177002     
-0.00186768     -0.00178223     -0.00169678     -0.00168457     
-0.00170898     -0.00155029     -0.00155029     -0.00146484     
-0.00129395     -0.00128174     -0.0012207     -0.00106201     
-0.00111084     -0.00107422     -0.000976563     -0.000939941     
-0.000927734     -0.000891113     -0.000769043     -0.000817871     
-0.00090332     -0.00090332     -0.000830078     -0.000769043     
-0.000878906     -0.000830078     -0.000708008     -0.000769043     
-0.000695801     -0.000756836     -0.000683594     -0.000646973     
-0.000683594     -0.000708008     -0.000585938     -0.00057373     
-0.000598145     -0.000646973     -0.000756836     -0.000756836     
-0.000805664     -0.0010498     -0.00108643     -0.00112305     
-0.00123291     -0.00142822     -0.00155029     -0.00153809     
-0.00168457     -0.00180664     -0.00184326     -0.00180664     
-0.00202637     -0.00201416     -0.00200195     -0.00198975     
-0.00213623     -0.00212402     -0.00200195     -0.00184326     
-0.00197754     -0.00201416     -0.00187988     -0.00175781     
-0.00179443     -0.00172119     -0.00162354     -0.00164795     
-0.00159912     -0.00158691     -0.00147705     -0.00157471     
-0.00159912     -0.00153809     -0.0015625     -0.00150146     
-0.00161133     -0.00170898     -0.00164795     -0.00170898     
-0.00181885     -0.00189209     -0.00179443     -0.00185547     
-0.00187988     -0.00196533     -0.00187988     -0.00186768     
-0.00195313     -0.00185547     -0.00169678     -0.00169678     
-0.00164795     -0.00163574     -0.00152588     -0.00140381     
-0.00145264     -0.00140381     -0.00135498     -0.00134277     
-0.00133057     -0.00125732     -0.00137939     -0.0012085     
-0.00133057     -0.00123291     -0.00133057     -0.00113525     
-0.00128174     -0.00124512     -0.00112305     -0.00111084     
-0.00113525     -0.00118408     -0.00123291     -0.00115967     
-0.00118408     -0.00125732     -0.00137939     -0.00142822     
-0.00150146     -0.00174561     -0.00166016     -0.00180664     
-0.0019165     -0.00196533     -0.00202637     -0.00198975     
-0.00192871     -0.00195313     -0.00194092     -0.00180664     
-0.00172119     -0.0017334     -0.00155029     -0.00152588     
-0.00148926     -0.00146484     -0.0013916     -0.00145264     
-0.00135498     -0.00144043     -0.00124512     -0.00125732     
-0.00126953     -0.00134277     -0.0012085     -0.00107422     
-0.00128174     -0.00108643     -0.00111084     -0.00106201     
-0.00109863     -0.00113525     -0.00101318     -0.00100098     
-0.00112305     -0.00102539     -0.00109863     -0.00107422     
-0.00113525     -0.00124512     -0.00124512     -0.00118408     
-0.00131836     -0.00136719     -0.00133057     -0.00126953     
-0.00130615     -0.00131836     -0.00111084     -0.00108643     
-0.00107422     -0.000964355     -0.000976563     -0.000842285     
-0.000854492     -0.00090332     -0.000793457     -0.000878906     
-0.0010376     -0.00109863     -0.00115967     -0.00114746     
-0.00124512     -0.00144043     -0.00128174     -0.0013916     
-0.00146484     -0.00141602     -0.00140381     -0.00134277     
-0.00142822     -0.00144043     -0.00146484     -0.00147705     
-0.00152588     -0.0015625     -0.00158691     -0.00164795     
-0.00192871     -0.0019043     -0.00195313     -0.00213623     
-0.00230713     -0.00256348     -0.00273438     -0.00284424     
-0.00321045     -0.00344238     -0.00358887     -0.00383301     
-0.00419922     -0.00437012     -0.00461426     -0.00487061     
-0.00493164     -0.0052002     -0.00537109     -0.0055542     
-0.00568848     -0.00605469     -0.00617676     -0.00637207     
-0.00656738     -0.00679932     -0.00695801     -0.0072998     
-0.00743408     -0.00777588     -0.00786133     -0.0081543     
-0.00830078     -0.00856934     -0.00865479     -0.00878906     
-0.00898438     -0.0092041     -0.00936279     -0.00942383     
-0.00960693     -0.00992432     -0.010022     -0.0102295     
-0.010437     -0.0107666     -0.0110474     -0.0112305     
-0.011438     -0.0116577     -0.0118408     -0.0119263     
-0.0121826     -0.0122925     -0.0125122     -0.0125977     
-0.0127686     -0.0129517     -0.0130615     -0.0131714     
-0.0134521     -0.0135864     -0.0137573     -0.0138916     
-0.0142212     -0.0143433     -0.0144531     -0.0146118     
-0.0147217     -0.0148804     -0.014856     -0.0150146     
-0.0150757     -0.0151611     -0.0153442     -0.0152466     
-0.0154053     -0.0155273     -0.0156006     -0.0158081     
-0.0158447     -0.0160034     -0.0160278     -0.0160889     
-0.0161377     -0.0162354     -0.0162964     -0.016394     
-0.0164307     -0.0164551     -0.0165527     -0.0165649     
-0.0166504     -0.0167725     -0.0169312     -0.01698     
-0.0171265     -0.0172485     -0.017395     -0.0174072     
-0.017627     -0.017688     -0.0178467     -0.0178345     
-0.0180298     -0.0180786     -0.0182373     -0.0182129     
-0.0182983     -0.0184448     -0.0185425     -0.0187012     
-0.0188232     -0.0189575     -0.0190186     -0.019104     
-0.0192627     -0.0192993     -0.0193726     -0.0194214     
-0.0194336     -0.0195557     -0.0194824     -0.0194702     
-0.0195557     -0.0195068     -0.0194946     -0.0195923     
-0.0195557     -0.0196899     -0.0197021     -0.0197876     
-0.019873     -0.0200806     -0.0201172     -0.0201904     
-0.0202759     -0.020459     -0.020459     -0.0204468     
-0.0205688     -0.0206299     -0.0205566     -0.0205933     
-0.02052     -0.0205566     -0.0204956     -0.0203369     
-0.0205078     -0.0205566     -0.0204834     -0.0204224     
-0.0206421     -0.0205933     -0.0205933     -0.0204956     
-0.0207642     -0.0207764     -0.0207642     -0.0207764     
-0.020813     -0.0209229     -0.0208618     -0.020813     
-0.0208984     -0.0209717     -0.0209595     -0.0208862     
-0.0208862     -0.0209229     -0.0208862     -0.0208618     
-0.0207275     -0.0207886     -0.0208008     -0.0207031     
-0.0207397     -0.0207886     -0.0205933     -0.0205566     
-0.0205688     -0.0205566     -0.0205322     -0.0203613     
-0.0203857     -0.020459     -0.0203125     -0.0203491     
-0.0203979     -0.0203491     -0.0202759     -0.0204102     
-0.0204102     -0.0203979     -0.0203613     -0.0202881     
-0.0203125     -0.0202271     -0.0202271     -0.0199829     
-0.0200439     -0.0199097     -0.0198486     -0.0197021     
-0.0197632     -0.0196533     -0.0196289     -0.0195801     
-0.0195801     -0.0194336     -0.0194702     -0.0193726     
-0.0192749     -0.0192993     -0.0192383     -0.0190674     
-0.0190552     -0.0190063     -0.0188477     -0.0187378     
-0.0187134     -0.01875     -0.018689     -0.0185425     
-0.0185425     -0.0184082     -0.0183105     -0.0182007     
-0.0180908     -0.0181274     -0.0179199     -0.0178467     
-0.017688     -0.0176758     -0.0176025     -0.0174194     
-0.0173706     -0.0173096     -0.0172729     -0.0172607     
-0.0172241     -0.017395     -0.0171875     -0.0172363     
-0.0173584     -0.0173096     -0.0174194     -0.0173828     
-0.0174683     -0.0174927     -0.017334     -0.0172852     
-0.0173584     -0.0171387     -0.0171143     -0.0169678     
-0.01698     -0.0168701     -0.0166992     -0.0165894     
-0.0166016     -0.0165405     -0.0164307     -0.0162354     
-0.0163208     -0.0162476     -0.0161133     -0.0159546     
-0.0159424     -0.015979     -0.0157104     -0.0157349     
-0.0156372     -0.0156372     -0.0154785     -0.0153198     
-0.0153687     -0.0154053     -0.0153442     -0.0153198     
-0.0152588     -0.0153198     -0.0152222     -0.0151611     
-0.0151245     -0.0150513     -0.014856     -0.0148804     
-0.0147461     -0.014624     -0.014563     -0.0145264     
-0.0143921     -0.0144165     -0.0143433     -0.0142334     
-0.0143066     -0.014209     -0.0142578     -0.0141235     
-0.0141602     -0.0140747     -0.0140381     -0.0139526     
-0.0140381     -0.0138672     -0.0139404     -0.0138062     
-0.0138428     -0.0139038     -0.0138306     -0.0137817     
-0.0137695     -0.0136841     -0.0137695     -0.013623     
-0.0135376     -0.0135254     -0.0134399     -0.0133789     
-0.0132568     -0.0131348     -0.0129883     -0.0127319     
-0.0128296     -0.0126221     -0.0124756     -0.0123901     
-0.0122803     -0.0122192     -0.0119995     -0.0119873     
-0.0119141     -0.0118896     -0.0117798     -0.0117432     
-0.0117676     -0.0117676     -0.011731     -0.0116943     
-0.0117554     -0.0118408     -0.0118286     -0.0119141     
-0.0119751     -0.0119629     -0.0119019     -0.0118164     
-0.0117798     -0.0116699     -0.0116211     -0.0114502     
-0.011438     -0.0112793     -0.0111572     -0.0109863     
-0.0109009     -0.0108521     -0.010791     -0.0105347     
-0.0105225     -0.0105103     -0.0103516     -0.0102783     
-0.0102783     -0.0102661     -0.0101929     -0.0101318     
-0.0100586     -0.0101318     -0.0100342     -0.00999756     
-0.010083     -0.00991211     -0.00992432     -0.00975342     
-0.00976563     -0.00979004     -0.00966797     -0.00955811     
-0.00952148     -0.00952148     -0.00949707     -0.00948486     
-0.00942383     -0.00955811     -0.00948486     -0.00948486     
-0.00960693     -0.00952148     -0.00949707     -0.00961914     
-0.00970459     -0.009729     -0.00970459     -0.0097168     
-0.00980225     -0.009729     -0.00974121     -0.00975342     
-0.00976563     -0.00969238     -0.00960693     -0.00947266     
-0.00959473     -0.00949707     -0.00946045     -0.00943604     
-0.009375     -0.00949707     -0.00958252     -0.00963135     
-0.00968018     -0.00987549     -0.00999756     -0.0100708     
-0.0102417     -0.0103271     -0.0102905     -0.0103027     
-0.0102661     -0.0103882     -0.0101563     -0.0100342     
-0.0100098     -0.00985107     -0.00970459     -0.00965576     
-0.00942383     -0.00942383     -0.00924072     -0.00922852     
-0.00916748     -0.00928955     -0.00917969     -0.00919189     
-0.0092041     -0.00931396     -0.00933838     -0.00927734     
-0.00935059     -0.00935059     -0.00925293     -0.00921631     
-0.00913086     -0.00909424     -0.00899658     -0.00880127     
-0.00872803     -0.00871582     -0.00861816     -0.00863037     
-0.00875244     -0.00875244     -0.00870361     -0.00874023     
-0.00891113     -0.00909424     -0.00914307     -0.00919189     
-0.00935059     -0.00938721     -0.00938721     -0.00941162     
-0.00947266     -0.00961914     -0.00947266     -0.00938721     
-0.00947266     -0.0095459     -0.00930176     -0.00930176     
-0.00925293     -0.00917969     -0.00915527     -0.00900879     
-0.0088623     -0.00888672     -0.00878906     -0.00871582     
-0.00875244     -0.00876465     -0.00874023     -0.00880127     
-0.00883789     -0.00898438     -0.00892334     -0.00898438     
-0.00913086     -0.00915527     -0.00925293     -0.00933838     
-0.00943604     -0.00948486     -0.00947266     -0.00946045     
-0.00963135     -0.00955811     -0.0095459     -0.00947266     
-0.00944824     -0.00942383     -0.00944824     -0.00936279     
-0.00947266     -0.00943604     -0.00939941     -0.00932617     
-0.00939941     -0.00942383     -0.00946045     -0.00942383     
-0.009375     -0.00932617     -0.00933838     -0.00924072     
-0.00926514     -0.00919189     -0.00916748     -0.00908203     
-0.00913086     -0.00916748     -0.00914307     -0.00905762     
-0.00919189     -0.00926514     -0.00925293     -0.00924072     
-0.0092041     -0.00941162     -0.00917969     -0.00919189     
-0.00928955     -0.00942383     -0.00922852     -0.00932617     
-0.00933838     -0.00936279     -0.00928955     -0.00919189     
-0.00922852     -0.00919189     -0.00905762     -0.00906982     
-0.00897217     -0.0090332     -0.00900879     -0.00891113     
-0.00906982     -0.00916748     -0.00926514     -0.00917969     
-0.00930176     -0.00936279     -0.00935059     -0.00921631     
-0.00930176     -0.00936279     -0.00936279     -0.00911865     
-0.00914307     -0.00908203     -0.0090332     -0.00893555     
-0.009021     -0.009021     -0.00909424     -0.00899658     
-0.00900879     -0.00910645     -0.00906982     -0.00913086     
-0.00914307     -0.00914307     -0.00919189     -0.00915527     
-0.00921631     -0.00922852     -0.00915527     -0.00919189     
-0.00921631     -0.00930176     -0.00919189     -0.00914307     
-0.00916748     -0.00926514     -0.00916748     -0.00908203     
-0.00919189     -0.00917969     -0.00911865     -0.00924072     
-0.0092041     -0.00925293     -0.00924072     -0.00914307     
-0.00928955     -0.00925293     -0.00921631     -0.00911865     
-0.00905762     -0.009021     -0.00899658     -0.00875244     
-0.00880127     -0.00871582     -0.00865479     -0.00861816     
-0.0086792     -0.00864258     -0.00872803     -0.00863037     
-0.00876465     -0.0088623     -0.0088623     -0.00883789     
-0.00892334     -0.00888672     -0.0088501     -0.00887451     
-0.0088623     -0.00898438     -0.00882568     -0.00878906     
-0.0088623     -0.00878906     -0.00869141     -0.00858154     
-0.00855713     -0.00863037     -0.00847168     -0.00847168     
-0.0085083     -0.00854492     -0.00842285     -0.0085083     
-0.00853271     -0.00855713     -0.00865479     -0.00863037     
-0.0086792     -0.00881348     -0.00878906     -0.00870361     
-0.00878906     -0.00875244     -0.00869141     -0.00847168     
-0.00854492     -0.00844727     -0.00834961     -0.00812988     
-0.00821533     -0.00811768     -0.00810547     -0.00810547     
-0.00811768     -0.00805664     -0.00799561     -0.00811768     
-0.00822754     -0.00825195     -0.0083252     -0.00830078     
-0.00822754     -0.00831299     -0.00827637     -0.0081665     
-0.00817871     -0.00812988     -0.00803223     -0.00806885     
-0.00786133     -0.00786133     -0.0078125     -0.00767822     
-0.00770264     -0.00786133     -0.00780029     -0.00787354     
-0.00788574     -0.00810547     -0.00805664     -0.00809326     
-0.0081543     -0.00812988     -0.00811768     -0.00811768     
-0.00809326     -0.00794678     -0.00782471     -0.00766602     
-0.00760498     -0.00761719     -0.0074707     -0.0072876     
-0.00723877     -0.00722656     -0.00699463     -0.00699463     
-0.00695801     -0.00693359     -0.00684814     -0.00679932     
-0.00686035     -0.00672607     -0.00672607     -0.00662842     
-0.00675049     -0.00664063     -0.00668945     -0.00668945     
-0.00666504     -0.00667725     -0.00661621     -0.00651855     
-0.00662842     -0.00665283     -0.00645752     -0.00645752     
-0.00638428     -0.00640869     -0.00629883     -0.00620117     
-0.00623779     -0.00631104     -0.00629883     -0.00623779     
-0.00626221     -0.00638428     -0.00634766     -0.00635986     
-0.00628662     -0.00640869     -0.00632324     -0.00637207     
-0.00637207     -0.0064209     -0.00635986     -0.00625     
-0.00626221     -0.00633545     -0.00621338     -0.00611572     
-0.00609131     -0.00609131     -0.00598145     -0.00582275     
-0.00601807     -0.0059082     -0.00598145     -0.00582275     
-0.00606689     -0.00611572     -0.00615234     -0.00618896     
-0.00639648     -0.00640869     -0.00635986     -0.00625     
-0.0064209     -0.00639648     -0.00621338     -0.00616455     
-0.00609131     -0.00614014     -0.005896     -0.00587158     
-0.00577393     -0.0057373     -0.00562744     -0.00561523     
-0.0057251     -0.00560303     -0.00566406     -0.00551758     
-0.00548096     -0.00552979     -0.00534668     -0.00531006     
-0.00532227     -0.00535889     -0.00527344     -0.00523682     
-0.00528564     -0.00527344     -0.0052124     -0.00528564     
-0.0053833     -0.0053833     -0.00540771     -0.00551758     
-0.0055542     -0.00559082     -0.00549316     -0.00549316     
-0.00554199     -0.00537109     -0.00533447     -0.0052002     
-0.00516357     -0.00507813     -0.00505371     -0.0048584     
-0.0050415     -0.00500488     -0.00493164     -0.00491943     
-0.00501709     -0.00512695     -0.00518799     -0.00516357     
-0.00526123     -0.00532227     -0.00539551     -0.00537109     
-0.00552979     -0.00559082     -0.00550537     -0.00551758     
-0.00551758     -0.00559082     -0.00540771     -0.00534668     
-0.00544434     -0.00529785     -0.00517578     -0.00524902     
-0.00517578     -0.00515137     -0.0050415     -0.00499268     
-0.00509033     -0.00510254     -0.00493164     -0.00496826     
-0.00507813     -0.00507813     -0.0050293     -0.00494385     
-0.00499268     -0.00495605     -0.0048584     -0.00479736     
-0.00474854     -0.00467529     -0.00467529     -0.0045166     
-0.00461426     -0.00457764     -0.00460205     -0.00447998     
-0.00457764     -0.00447998     -0.00462646     -0.00450439     
-0.00452881     -0.00458984     -0.00452881     -0.00449219     
-0.00460205     -0.00467529     -0.00472412     -0.00469971     
-0.0048584     -0.00488281     -0.00480957     -0.00489502     
-0.00482178     -0.00488281     -0.00474854     -0.00463867     
-0.00455322     -0.00457764     -0.00437012     -0.00412598     
-0.00413818     -0.00407715     -0.00404053     -0.00397949     
-0.00400391     -0.00411377     -0.00407715     -0.00410156     
-0.00421143     -0.00437012     -0.00430908     -0.00429688     
-0.00446777     -0.00437012     -0.0043335     -0.00444336     
-0.0043335     -0.00432129     -0.00418701     -0.00421143     
-0.00415039     -0.00410156     -0.00397949     -0.00391846     
-0.00405273     -0.00396729     -0.00405273     -0.00412598     
-0.0041748     -0.00426025     -0.0043457     -0.00439453     
-0.00461426     -0.00465088     -0.00473633     -0.00469971     
-0.00483398     -0.00477295     -0.00469971     -0.00465088     
-0.00473633     -0.00469971     -0.00449219     -0.00440674     
-0.00430908     -0.00439453     -0.00421143     -0.00413818     
-0.00413818     -0.00421143     -0.00419922     -0.0041626     
-0.00426025     -0.00435791     -0.00440674     -0.00447998     
-0.00458984     -0.00473633     -0.00484619     -0.00483398     
-0.00490723     -0.00500488     -0.0050415     -0.00496826     
-0.00493164     -0.00495605     -0.00479736     -0.00476074     
-0.00465088     -0.00444336     -0.00439453     -0.00415039     
-0.00415039     -0.00393066     -0.00390625     -0.00358887     
-0.0036499     -0.00371094     -0.00357666     -0.00355225     
-0.00360107     -0.00368652     -0.00373535     -0.00372314     
-0.00380859     -0.00394287     -0.00390625     -0.00389404     
-0.00394287     -0.00402832     -0.00405273     -0.00396729     
-0.00404053     -0.00405273     -0.00396729     -0.00401611     
-0.00401611     -0.00400391     -0.00400391     -0.00401611     
-0.00406494     -0.0041626     -0.0039917     -0.00402832     
-0.00397949     -0.00412598     -0.00406494     -0.00408936     
-0.00413818     -0.00430908     -0.00427246     -0.00430908     
-0.00446777     -0.00450439     -0.00458984     -0.00466309     
-0.00476074     -0.00482178     -0.00476074     -0.00471191     
-0.00483398     -0.00480957     -0.00482178     -0.00472412     
-0.00480957     -0.00480957     -0.00487061     -0.00478516     
-0.00480957     -0.00480957     -0.0048584     -0.00489502     
-0.00495605     -0.00490723     -0.00487061     -0.00482178     
-0.00484619     -0.00483398     -0.00461426     -0.00463867     
-0.00454102     -0.00449219     -0.00441895     -0.0043335     
-0.00419922     -0.00422363     -0.00413818     -0.00401611     
-0.00404053     -0.00401611     -0.00395508     -0.00388184     
-0.0039917     -0.00397949     -0.00386963     -0.00386963     
-0.00395508     -0.0039917     -0.00400391     -0.00394287     
-0.00397949     -0.0041748     -0.0041748     -0.00419922     
-0.00427246     -0.00439453     -0.00439453     -0.00449219     
-0.00458984     -0.00471191     -0.00471191     -0.00467529     
-0.00471191     -0.00467529     -0.00472412     -0.00467529     
-0.00463867     -0.00458984     -0.00456543     -0.0045166     
-0.00447998     -0.00449219     -0.00444336     -0.00439453     
-0.00446777     -0.00445557     -0.00445557     -0.00429688     
-0.00426025     -0.00424805     -0.00419922     -0.00408936     
-0.00405273     -0.00412598     -0.00402832     -0.00404053     
-0.00406494     -0.00421143     -0.00422363     -0.00426025     
-0.00432129     -0.00437012     -0.0043335     -0.00443115     
-0.00437012     -0.00443115     -0.00424805     -0.00426025     
-0.00407715     -0.00406494     -0.00395508     -0.00385742     
-0.00383301     -0.00374756     -0.00380859     -0.00369873     
-0.00373535     -0.00374756     -0.00372314     -0.00367432     
-0.00375977     -0.0038208     -0.00386963     -0.00380859     
-0.00396729     -0.00393066     -0.00397949     -0.00391846     
-0.00404053     -0.00402832     -0.00396729     -0.00395508     
-0.00385742     -0.00388184     -0.00384521     -0.00375977     
-0.00368652     -0.00362549     -0.0036377     -0.0034668     
-0.00349121     -0.00357666     -0.00344238     -0.00355225     
-0.00354004     -0.0036377     -0.0036499     -0.0036499     
-0.00383301     -0.00384521     -0.00379639     -0.00384521     
-0.00390625     -0.0039917     -0.00385742     -0.00383301     
-0.00378418     -0.00371094     -0.00362549     -0.00367432     
-0.0036377     -0.003479     -0.00340576     -0.00339355     
-0.00340576     -0.00350342     -0.00351563     -0.00351563     
-0.00360107     -0.0036377     -0.00354004     -0.00358887     
-0.00374756     -0.00368652     -0.00367432     -0.00358887     
-0.00380859     -0.00375977     -0.0036499     -0.00369873     
-0.0038208     -0.00379639     -0.00372314     -0.00367432     
-0.00377197     -0.00378418     -0.00357666     -0.00354004     
-0.00354004     -0.00344238     -0.00338135     -0.00328369     
-0.00327148     -0.00327148     -0.00308838     -0.00319824     
-0.00314941     -0.00316162     -0.00325928     -0.00310059     
-0.00323486     -0.00341797     -0.00323486     -0.00324707     
-0.00321045     -0.00332031     -0.00319824     -0.003125     
-0.00302734     -0.00302734     -0.00281982     -0.00279541     
-0.00274658     -0.00280762     -0.0026123     -0.00267334     
-0.00272217     -0.00280762     -0.0027832     -0.00273438     
-0.00289307     -0.00291748     -0.00299072     -0.00299072     
-0.00306396     -0.00305176     -0.00311279     -0.00296631     
-0.00310059     -0.00311279     -0.00310059     -0.00297852     
-0.00303955     -0.00291748     -0.00286865     -0.00281982     
-0.00289307     -0.00288086     -0.00286865     -0.0027832     
-0.00284424     -0.00286865     -0.002771     -0.00283203     
-0.00288086     -0.00289307     -0.00289307     -0.0027832     
-0.00296631     -0.0029541     -0.00290527     -0.00299072     
-0.0029541     -0.0029541     -0.0029541     -0.00301514     
-0.00302734     -0.00296631     -0.00302734     -0.00296631     
-0.00296631     -0.00297852     -0.00291748     -0.00284424     
-0.00289307     -0.00296631     -0.00291748     -0.00288086     
-0.00290527     -0.00290527     -0.00291748     -0.00292969     
-0.00296631     -0.00289307     -0.0029541     -0.00283203     
-0.00291748     -0.00286865     -0.0029541     -0.00284424     
-0.00284424     -0.00299072     -0.0029541     -0.00285645     
-0.00291748     -0.00294189     -0.00292969     -0.00279541     
-0.00284424     -0.00286865     -0.00269775     -0.00270996     
-0.00275879     -0.00274658     -0.00258789     -0.00269775     
-0.00263672     -0.00269775     -0.00264893     -0.0026001     
-0.00267334     -0.002771     -0.00262451     -0.00272217     
-0.00262451     -0.00270996     -0.00263672     -0.00257568     
-0.00268555     -0.0026001     -0.00246582     -0.00247803     
-0.00250244     -0.00240479     -0.00224609     -0.00231934     
-0.00222168     -0.00218506     -0.00218506     -0.00212402     
-0.00217285     -0.00217285     -0.00211182     -0.00212402     
-0.00228271     -0.00234375     -0.00246582     -0.00240479     
-0.0026001     -0.00268555     -0.00272217     -0.00279541     
-0.00289307     -0.0029541     -0.00306396     -0.00310059     
-0.00303955     -0.00301514     -0.00308838     -0.00297852     
-0.00301514     -0.00302734     -0.00291748     -0.00294189     
-0.00291748     -0.00302734     -0.00286865     -0.00285645     
-0.00294189     -0.00286865     -0.00281982     -0.00280762     
-0.00281982     -0.00275879     -0.0026001     -0.00269775     
-0.00262451     -0.00268555     -0.00264893     -0.00262451     
-0.00264893     -0.00262451     -0.00267334     -0.00264893     
-0.00258789     -0.00258789     -0.00266113     -0.00256348     
-0.00255127     -0.00250244     -0.00233154     -0.00227051     
-0.00249023     -0.00241699     -0.00230713     -0.0022583     
-0.00229492     -0.00234375     -0.00230713     -0.0022583     
-0.00245361     -0.00245361     -0.00251465     -0.00252686     
-0.00256348     -0.00270996     -0.00263672     -0.00258789     
-0.00274658     -0.00281982     -0.00289307     -0.002771     
-0.00290527     -0.00302734     -0.00296631     -0.00302734     
-0.00308838     -0.00299072     -0.00290527     -0.00296631     
-0.00297852     -0.00300293     -0.00280762     -0.00279541     
-0.00268555     -0.00269775     -0.00267334     -0.00262451     
-0.00256348     -0.00257568     -0.00255127     -0.00257568     
-0.00263672     -0.00267334     -0.00264893     -0.00273438     
-0.00274658     -0.00273438     -0.00273438     -0.00274658     
-0.00285645     -0.00283203     -0.00274658     -0.00268555     
-0.002771     -0.00280762     -0.002771     -0.002771     
-0.00281982     -0.00280762     -0.00292969     -0.002771     
-0.00294189     -0.00288086     -0.00280762     -0.00284424     
-0.00280762     -0.00269775     -0.00262451     -0.00252686     
-0.00241699     -0.00238037     -0.00229492     -0.00219727     
-0.00224609     -0.00231934     -0.00218506     -0.00217285     
-0.00231934     -0.00230713     -0.0022583     -0.00227051     
-0.00233154     -0.00245361     -0.00231934     -0.00234375     
-0.00231934     -0.00238037     -0.00229492     -0.00220947     
-0.00211182     -0.00220947     -0.00231934     -0.00238037     
-0.00239258     -0.00262451     -0.00255127     -0.00262451     
-0.00280762     -0.00285645     -0.00283203     -0.00289307     
-0.00297852     -0.00296631     -0.00297852     -0.00274658     
-0.00288086     -0.00273438     -0.00269775     -0.00264893     
-0.00274658     -0.00268555     -0.00264893     -0.00264893     
-0.00273438     -0.0027832     -0.00270996     -0.00270996     
-0.0027832     -0.00280762     -0.002771     -0.00269775     
-0.00280762     -0.00275879     -0.00253906     -0.00268555     
-0.00258789     -0.00252686     -0.00247803     -0.00247803     
-0.00257568     -0.00257568     -0.00253906     -0.00266113     
-0.00263672     -0.0027832     -0.00289307     -0.0029541     
-0.00302734     -0.00318604     -0.00319824     -0.00325928     
-0.00341797     -0.00343018     -0.00338135     -0.00345459     
-0.00349121     -0.00344238     -0.00336914     -0.00335693     
-0.0032959     -0.00321045     -0.00314941     -0.00311279     
-0.00303955     -0.00294189     -0.00310059     -0.00296631     
-0.00296631     -0.00306396     -0.00300293     -0.00292969     
-0.00299072     -0.00305176     -0.00300293     -0.00289307     
-0.00290527     -0.00294189     -0.00288086     -0.00286865     
-0.0027832     -0.00273438     -0.00270996     -0.00268555     
-0.00257568     -0.00267334     -0.00253906     -0.00257568     
-0.00270996     -0.00264893     -0.00263672     -0.0026123     
-0.00255127     -0.00255127     -0.00255127     -0.00250244     
-0.00240479     -0.00239258     -0.00238037     -0.00240479     
-0.00231934     -0.00239258     -0.00244141     -0.00239258     
-0.00246582     -0.0026001     -0.00255127     -0.00253906     
-0.00266113     -0.00269775     -0.00269775     -0.00269775     
-0.00279541     -0.0027832     -0.00288086     -0.00275879     
-0.00285645     -0.00281982     -0.002771     -0.00268555     
-0.00290527     -0.00269775     -0.00263672     -0.00247803     
-0.00251465     -0.00251465     -0.00240479     -0.00231934     
-0.00231934     -0.00223389     -0.0022583     -0.00223389     
-0.00227051     -0.0022583     -0.00216064     -0.00217285     
-0.00224609     -0.00222168     -0.00230713     -0.00223389     
-0.00228271     -0.00238037     -0.00214844     -0.00218506     
-0.00224609     -0.00236816     -0.00228271     -0.00238037     
-0.00240479     -0.00245361     -0.00233154     -0.00224609     
-0.00240479     -0.00234375     -0.00234375     -0.00224609     
-0.0022583     -0.00230713     -0.00222168     -0.00224609     
-0.00238037     -0.00235596     -0.00255127     -0.00256348     
-0.00269775     -0.00279541     -0.00284424     -0.00289307     
-0.00296631     -0.0029541     -0.00292969     -0.00288086     
-0.00289307     -0.00285645     -0.00268555     -0.00255127     
-0.0026123     -0.00250244     -0.0024292     -0.00238037     
-0.00245361     -0.00240479     -0.00229492     -0.00231934     
-0.00224609     -0.00238037     -0.00231934     -0.00227051     
-0.00235596     -0.00228271     -0.00230713     -0.00235596     
-0.00241699     -0.0024292     -0.00245361     -0.00241699     
-0.00249023     -0.00258789     -0.00249023     -0.00239258     
-0.00244141     -0.00246582     -0.00245361     -0.00234375     
-0.00230713     -0.00236816     -0.00230713     -0.00219727     
-0.00228271     -0.00222168     -0.00227051     -0.00218506     
-0.00205078     -0.00213623     -0.00203857     -0.00189209     
-0.00195313     -0.00201416     -0.00196533     -0.00192871     
-0.0019043     -0.00192871     -0.00189209     -0.00195313     
-0.00192871     -0.00198975     -0.00192871     -0.00198975     
-0.00213623     -0.00202637     -0.00218506     -0.00216064     
-0.00228271     -0.00240479     -0.0022583     -0.00240479     
-0.00245361     -0.00252686     -0.00256348     -0.00245361     
-0.00264893     -0.00266113     -0.00253906     -0.0026123     
-0.00255127     -0.00258789     -0.00231934     -0.00228271     
-0.00229492     -0.00238037     -0.00224609     -0.00213623     
-0.00222168     -0.00219727     -0.00222168     -0.00220947     
-0.00218506     -0.00223389     -0.00223389     -0.00219727     
-0.00227051     -0.00223389     -0.00219727     -0.00218506     
-0.00222168     -0.0020874     -0.00211182     -0.00198975     
-0.00198975     -0.00198975     -0.00203857     -0.00192871     
-0.00197754     -0.00196533     -0.00186768     -0.0019165     
-0.00195313     -0.00197754     -0.0019043     -0.00186768     
-0.00185547     -0.00178223     -0.00178223     -0.00167236     
-0.00164795     -0.00163574     -0.00144043     -0.00134277     
-0.00137939     -0.00137939     -0.00146484     -0.00144043     
-0.00155029     -0.00162354     -0.00157471     -0.00172119     
-0.00178223     -0.0019043     -0.00185547     -0.00183105     
-0.0019165     -0.00194092     -0.00183105     -0.00179443     
-0.00180664     -0.00175781     -0.00163574     -0.00168457     
-0.00162354     -0.00159912     -0.00170898     -0.00153809     
-0.00161133     -0.00168457     -0.00166016     -0.00158691     
-0.00177002     -0.00175781     -0.00184326     -0.00174561     
-0.0019165     -0.00187988     -0.0019043     -0.00187988     
-0.00185547     -0.00197754     -0.00180664     -0.00167236     
-0.00179443     -0.00194092     -0.00183105     -0.00179443     
-0.00180664     -0.00201416     -0.00180664     -0.00186768     
-0.0019043     -0.00195313     -0.0019165     -0.00184326     
-0.00189209     -0.00189209     -0.00167236     -0.00166016     
-0.00152588     -0.00150146     -0.00137939     -0.0012207     
-0.00113525     -0.00117188     -0.000976563     -0.00102539     
-0.00111084     -0.00100098     -0.00111084     -0.00126953     
-0.00141602     -0.00144043     -0.00144043     -0.00161133     
-0.00164795     -0.00175781     -0.00174561     -0.0017334     
-0.00179443     -0.00172119     -0.0019043     -0.00177002     
-0.00189209     -0.0019043     -0.0019165     -0.00200195     
-0.00212402     -0.00217285     -0.00198975     -0.00202637     
-0.00216064     -0.00214844     -0.00197754     -0.00186768     
-0.00183105     -0.00178223     -0.00162354     -0.00163574     
-0.00158691     -0.00155029     -0.00148926     -0.00144043     
-0.00159912     -0.00155029     -0.00148926     -0.00153809     
-0.00163574     -0.00172119     -0.00169678     -0.00175781     
-0.00181885     -0.0019043     -0.00184326     -0.00187988     
-0.00189209     -0.00192871     -0.00196533     -0.00184326     
-0.00185547     -0.0019043     -0.00174561     -0.00170898     
-0.00174561     -0.00167236     -0.00166016     -0.00158691     
-0.00169678     -0.00155029     -0.00157471     -0.00150146     
-0.00163574     -0.00164795     -0.00167236     -0.00174561     
-0.00192871     -0.00197754     -0.00203857     -0.00205078     
-0.00217285     -0.00236816     -0.00233154     -0.00229492     
-0.00241699     -0.00240479     -0.00240479     -0.00227051     
-0.00234375     -0.00228271     -0.00214844     -0.0022583     
-0.00213623     -0.0020752     -0.00194092     -0.00195313     
-0.00197754     -0.00200195     -0.00192871     -0.00186768     
-0.00187988     -0.00201416     -0.00186768     -0.00175781     
-0.00181885     -0.00178223     -0.00162354     -0.00157471     
-0.00159912     -0.0013916     -0.00129395     -0.00126953     
-0.0012085     -0.00126953     -0.0012085     -0.0010498     
-0.00113525     -0.00119629     -0.0012085     -0.00114746     
-0.00123291     -0.00128174     -0.00141602     -0.00145264     
-0.00158691     -0.00163574     -0.0017334     -0.00167236     
-0.0019165     -0.00195313     -0.00198975     -0.00185547     
-0.00194092     -0.00194092     -0.00184326     -0.00185547     
-0.00181885     -0.00175781     -0.00172119     -0.00177002     
-0.00183105     -0.00174561     -0.00158691     -0.00168457     
-0.00181885     -0.00167236     -0.00163574     -0.00163574     
-0.0015625     -0.00170898     -0.00159912     -0.00163574     
-0.00159912     -0.00152588     -0.00147705     -0.00150146     
-0.00150146     -0.00148926     -0.0013916     -0.00141602     
-0.0013916     -0.00147705     -0.00140381     -0.00147705     
-0.00151367     -0.00148926     -0.00151367     -0.00144043     
-0.00155029     -0.00152588     -0.00150146     -0.00147705     
-0.00145264     -0.00153809     -0.00152588     -0.00150146     
-0.0015625     -0.00158691     -0.00164795     -0.00162354     
-0.00177002     -0.00184326     -0.00186768     -0.00180664     
-0.0019043     -0.00196533     -0.00197754     -0.00189209     
-0.00196533     -0.00195313     -0.00170898     -0.00175781     
-0.00162354     -0.00167236     -0.00158691     -0.00147705     
-0.00153809     -0.00167236     -0.00150146     -0.00150146     
-0.00162354     -0.00167236     -0.00167236     -0.00172119     
-0.00175781     -0.0017334     -0.00169678     -0.00170898     
-0.00172119     -0.00177002     -0.00172119     -0.00164795     
-0.00158691     -0.00164795     -0.00153809     -0.00148926     
-0.00153809     -0.00147705     -0.00151367     -0.00150146     
-0.00155029     -0.00155029     -0.00166016     -0.00162354     
-0.00180664     -0.00187988     -0.00202637     -0.00206299     
-0.00223389     -0.00229492     -0.00231934     -0.00239258     
-0.00246582     -0.00241699     -0.0024292     -0.00255127     
-0.00249023     -0.00244141     -0.00241699     -0.00240479     
-0.00240479     -0.00249023     -0.00228271     -0.00214844     
-0.0022583     -0.0022583     -0.00214844     -0.00209961     
-0.00209961     -0.00219727     -0.00217285     -0.00219727     
-0.00218506     -0.00219727     -0.00217285     -0.00227051     
-0.00230713     -0.00252686     -0.00257568     -0.0026001     
-0.00269775     -0.00267334     -0.00267334     -0.00273438     
-0.00262451     -0.00252686     -0.00251465     -0.00227051     
-0.00222168     -0.00209961     -0.00201416     -0.00184326     
-0.00180664     -0.00175781     -0.00164795     -0.00172119     
-0.00177002     -0.00180664     -0.00179443     -0.00186768     
-0.00195313     -0.00202637     -0.00209961     -0.00213623     
-0.00219727     -0.00222168     -0.00224609     -0.0022583     
-0.00229492     -0.00233154     -0.00212402     -0.00211182     
-0.0020874     -0.00198975     -0.00196533     -0.00175781     
-0.00180664     -0.00180664     -0.00168457     -0.00166016     
-0.00174561     -0.00175781     -0.00161133     -0.00152588     
-0.00147705     -0.00161133     -0.00150146     -0.00150146     
-0.00146484     -0.00151367     -0.00148926     -0.00148926     
-0.0013916     -0.00147705     -0.00142822     -0.00134277     
-0.00144043     -0.00144043     -0.00144043     -0.0013916     
-0.00158691     -0.00150146     -0.0015625     -0.00153809     
-0.00157471     -0.00162354     -0.00174561     -0.00163574     
-0.00174561     -0.00168457     -0.00170898     -0.00177002     
-0.00169678     -0.00164795     -0.00166016     -0.00167236     
-0.00162354     -0.00158691     -0.00161133     -0.0015625     
-0.00153809     -0.00175781     -0.00168457     -0.00168457     
-0.00186768     -0.00179443     -0.00181885     -0.00197754     
-0.00203857     -0.00203857     -0.00197754     -0.00205078     
-0.00209961     -0.00214844     -0.00198975     -0.00202637     
-0.00203857     -0.00196533     -0.00196533     -0.00179443     
-0.00186768     -0.00175781     -0.00164795     -0.00168457     
-0.00167236     -0.00168457     -0.00162354     -0.00166016     
-0.00174561     -0.00172119     -0.00181885     -0.00186768     
-0.00192871     -0.00206299     -0.00211182     -0.0020752     
-0.00214844     -0.0020874     -0.00211182     -0.00198975     
-0.00196533     -0.00179443     -0.00158691     -0.00141602     
-0.00130615     -0.00118408     -0.00107422     -0.000854492     
-0.000817871     -0.000866699     -0.000756836     -0.000756836     
-0.000817871     -0.000769043     -0.000952148     -0.00101318     
-0.00115967     -0.00119629     -0.00125732     -0.00134277     
-0.00151367     -0.00162354     -0.00159912     -0.00163574     
-0.00163574     -0.00177002     -0.0017334     -0.0015625     
-0.00178223     -0.00170898     -0.00166016     -0.00167236     
-0.00174561     -0.00175781     -0.00162354     -0.0015625     
-0.0017334     -0.00163574     -0.00174561     -0.00159912     
-0.00167236     -0.00159912     -0.00161133     -0.00153809     
-0.00164795     -0.00167236     -0.00170898     -0.0015625     
-0.00169678     -0.00150146     -0.00163574     -0.00159912     
-0.00157471     -0.00161133     -0.00158691     -0.00144043     
-0.00157471     -0.00163574     -0.00159912     -0.00164795     
-0.00166016     -0.00180664     -0.00181885     -0.00172119     
-0.00189209     -0.0019165     -0.00181885     -0.00196533     
-0.00198975     -0.00205078     -0.00202637     -0.00200195     
-0.00198975     -0.00205078     -0.00196533     -0.00196533     
-0.00201416     -0.00209961     -0.00205078     -0.00205078     
-0.00205078     -0.00223389     -0.00211182     -0.0020874     
-0.00214844     -0.00211182     -0.0020752     -0.00194092     
-0.0020874     -0.00195313     -0.00194092     -0.00178223     
-0.00184326     -0.00177002     -0.00168457     -0.00169678     
-0.0017334     -0.00164795     -0.00163574     -0.0015625     
-0.00161133     -0.00161133     -0.00159912     -0.00162354     
-0.00166016     -0.00174561     -0.00181885     -0.00178223     
-0.00184326     -0.00198975     -0.00194092     -0.00202637     
-0.00196533     -0.00211182     -0.00219727     -0.0020752     
-0.00212402     -0.00218506     -0.00206299     -0.00202637     
-0.00197754     -0.00201416     -0.0019043     -0.00180664     
-0.00172119     -0.00178223     -0.00166016     -0.00163574     
-0.00163574     -0.00164795     -0.00150146     -0.00148926     
-0.00164795     -0.00162354     -0.00147705     -0.0013916     
-0.00150146     -0.00145264     -0.00140381     -0.00136719     
-0.00140381     -0.00130615     -0.0013916     -0.00130615     
-0.0013916     -0.00136719     -0.0013916     -0.00137939     
-0.00152588     -0.00153809     -0.00155029     -0.0015625     
-0.00163574     -0.00169678     -0.00162354     -0.00164795     
-0.00180664     -0.00180664     -0.00167236     -0.00170898     
-0.00177002     -0.00185547     -0.00168457     -0.00161133     
-0.00177002     -0.0017334     -0.00185547     -0.00187988     
-0.00197754     -0.00201416     -0.00197754     -0.00203857     
-0.00201416     -0.0020874     -0.00200195     -0.00197754     
-0.00205078     -0.00192871     -0.00179443     -0.00164795     
-0.00164795     -0.00155029     -0.00146484     -0.00137939     
-0.00135498     -0.00135498     -0.00128174     -0.00106201     
-0.00124512     -0.00111084     -0.00111084     -0.00108643     
-0.00118408     -0.0010498     -0.0010376     -0.000915527     
-0.000939941     -0.000939941     -0.000927734     -0.000915527     
-0.00098877     -0.00101318     -0.0010498     -0.00113525     
-0.00130615     -0.00129395     -0.0013916     -0.00144043     
-0.00148926     -0.00153809     -0.00137939     -0.00158691     
-0.00163574     -0.00162354     -0.00166016     -0.00155029     
-0.00174561     -0.00179443     -0.00172119     -0.00183105     
-0.00186768     -0.0020752     -0.00201416     -0.00212402     
-0.00222168     -0.00233154     -0.00223389     -0.00211182     
-0.00218506     -0.00216064     -0.00202637     -0.00184326     
-0.0017334     -0.00169678     -0.00162354     -0.00140381     
-0.0013916     -0.00125732     -0.00119629     -0.00119629     
-0.00118408     -0.00124512     -0.00131836     -0.00130615     
-0.00148926     -0.00150146     -0.00153809     -0.00155029     
-0.00174561     -0.00167236     -0.0017334     -0.00170898     
-0.0015625     -0.00166016     -0.00157471     -0.00145264     
-0.00147705     -0.00140381     -0.00131836     -0.00126953     
-0.00115967     -0.0012207     -0.00107422     -0.0010498     
-0.00112305     -0.00102539     -0.00106201     -0.00101318     
-0.000964355     -0.00102539     -0.000891113     -0.00102539     
-0.000927734     -0.00098877     -0.00078125     -0.000878906     
-0.000769043     -0.000805664     -0.000830078     -0.000793457     
-0.000878906     -0.00100098     -0.00101318     -0.00100098     
-0.00117188     -0.00128174     -0.00137939     -0.00145264     
-0.00162354     -0.00158691     -0.0015625     -0.00158691     
-0.00168457     -0.00164795     -0.00167236     -0.00150146     
-0.00163574     -0.0015625     -0.00147705     -0.00142822     
-0.00137939     -0.00130615     -0.00125732     -0.00113525     
-0.00115967     -0.00124512     -0.00117188     -0.00114746     
-0.00128174     -0.0013916     -0.00135498     -0.00145264     
-0.00164795     -0.00169678     -0.00181885     -0.00174561     
-0.00184326     -0.00197754     -0.00203857     -0.00201416     
-0.00202637     -0.00211182     -0.00203857     -0.00206299     
-0.00198975     -0.00201416     -0.00197754     -0.00180664     
-0.00187988     -0.00186768     -0.00164795     -0.00169678     
-0.00162354     -0.00159912     -0.00155029     -0.00150146     
-0.00142822     -0.0013916     -0.00140381     -0.00131836     
-0.00129395     -0.00125732     -0.00123291     -0.0010498     
-0.00111084     -0.00111084     -0.00106201     -0.000952148     
-0.00106201     -0.00100098     -0.00113525     -0.00117188     
-0.00125732     -0.00133057     -0.00134277     -0.00137939     
-0.00147705     -0.00137939     -0.00137939     -0.00140381     
-0.00125732     -0.00148926     -0.00119629     -0.0010498     
-0.00123291     -0.00118408     -0.00114746     -0.00126953     
-0.00126953     -0.00131836     -0.00131836     -0.00130615     
-0.00130615     -0.00144043     -0.00128174     -0.00128174     
-0.00112305     -0.00109863     -0.00106201     -0.000952148     
-0.000817871     -0.000842285     -0.000732422     -0.000830078     
-0.00090332     -0.000915527     -0.000891113     -0.00098877     
-0.00111084     -0.00106201     -0.00111084     -0.00100098     
-0.00117188     -0.00114746     -0.00102539     -0.000939941     
-0.000952148     -0.000939941     -0.000842285     -0.000744629     
-0.000891113     -0.000964355     -0.000854492     -0.000805664     
-0.000964355     -0.00098877     -0.0010498     -0.00101318     
-0.00111084     -0.0012085     -0.00118408     -0.00130615     
-0.00130615     -0.00131836     -0.00128174     -0.00128174     
-0.00130615     -0.00128174     -0.00111084     -0.0010376     
-0.000952148     -0.00098877     -0.000878906     -0.00078125     
-0.000695801     -0.00078125     -0.000708008     -0.000744629     
-0.00078125     -0.000756836     -0.000854492     -0.00100098     
-0.000927734     -0.00107422     -0.0010498     -0.0010376     
-0.00113525     -0.0012207     -0.00124512     -0.00108643     
-0.00115967     -0.00118408     -0.00117188     -0.00106201     
-0.00111084     -0.00111084     -0.00102539     -0.00113525     
-0.00117188     -0.00111084     -0.00098877     -0.000964355     
-0.00101318     -0.0010376     -0.000976563     -0.0010376     
-0.000915527     -0.000976563     -0.000866699     -0.000927734     
-0.00078125     -0.000817871     -0.000598145     -0.000646973     
-0.000720215     -0.000598145     -0.000500488     -0.000463867     
-0.000280762     -0.000427246     -0.000292969     -0.00032959     
-0.000427246     -0.000402832     -0.000524902     -0.000488281     
-0.000671387     -0.000671387     -0.000732422     -0.000793457     
-0.000854492     -0.00098877     -0.000939941     -0.00090332     
-0.00098877     -0.00101318     -0.000976563     -0.000976563     
-0.000939941     -0.000915527     -0.000793457     -0.000830078     
-0.000878906     -0.000756836     -0.000732422     -0.000756836     
-0.000671387     -0.000695801     -0.000622559     -0.000561523     
-0.000634766     -0.000732422     -0.000756836     -0.000671387     
-0.000964355     -0.0010498     -0.00106201     -0.00098877     
-0.00115967     -0.00125732     -0.00117188     -0.00136719     
-0.00136719     -0.00137939     -0.00141602     -0.00136719     
-0.00147705     -0.00159912     -0.00150146     -0.00155029     
-0.00162354     -0.00166016     -0.00158691     -0.00155029     
-0.00152588     -0.00152588     -0.0013916     -0.00136719     
-0.00137939     -0.0012207     -0.00114746     -0.00124512     
-0.00115967     -0.00112305     -0.00101318     -0.00098877     
-0.00106201     -0.0010498     -0.0010498     -0.00100098     
-0.00102539     -0.0010376     -0.00108643     -0.000964355     
-0.00117188     -0.0010376     -0.00108643     -0.00107422     
-0.00124512     -0.00140381     -0.00144043     -0.00141602     
-0.00152588     -0.00153809     -0.0015625     -0.0015625     
-0.00144043     -0.00151367     -0.00144043     -0.00135498     
-0.00118408     -0.00117188     -0.00106201     -0.000976563     
-0.00112305     -0.0010376     -0.000927734     -0.00100098     
-0.0010498     -0.00112305     -0.00112305     -0.00114746     
-0.00123291     -0.00141602     -0.00140381     -0.00148926     
-0.0015625     -0.00151367     -0.00158691     -0.00147705     
-0.00144043     -0.00150146     -0.00134277     -0.00124512     
-0.00111084     -0.0010498     -0.00102539     -0.000805664     
-0.000891113     -0.000805664     -0.00078125     -0.000769043     
-0.00078125     -0.000793457     -0.000756836     -0.000732422     
-0.000854492     -0.000927734     -0.000976563     -0.000854492     
-0.000964355     -0.00100098     -0.000927734     -0.000952148     
-0.00107422     -0.0010498     -0.00101318     -0.000976563     
-0.00107422     -0.00114746     -0.000927734     -0.00102539     
-0.00106201     -0.00100098     -0.00113525     -0.000976563     
-0.00111084     -0.0012085     -0.00108643     -0.00114746     
-0.0012207     -0.00135498     -0.00129395     -0.00141602     
-0.0013916     -0.00141602     -0.00140381     -0.00133057     
-0.00133057     -0.00128174     -0.0012085     -0.0012207     
-0.00107422     -0.00117188     -0.00101318     -0.000939941     
-0.000939941     -0.000830078     -0.000878906     -0.000793457     
-0.000842285     -0.000769043     -0.000695801     -0.000769043     
-0.000830078     -0.000732422     -0.000854492     -0.000720215     
-0.000769043     -0.000817871     -0.000805664     -0.000805664     
-0.000842285     -0.000769043     -0.000854492     -0.000817871     
-0.000805664     -0.000720215     -0.000683594     -0.000756836     
-0.000646973     -0.000769043     -0.000695801     -0.000610352     
-0.000585938     -0.000585938     -0.000610352     -0.000610352     
-0.000585938     -0.000671387     -0.000585938     -0.000708008     
-0.000744629     -0.000720215     -0.000585938     -0.000756836     
-0.000756836     -0.000866699     -0.000891113     -0.000793457     
-0.000866699     -0.00100098     -0.000964355     -0.00090332     
-0.00106201     -0.00113525     -0.00107422     -0.00107422     
-0.00112305     -0.00119629     -0.00114746     -0.00101318     
-0.00124512     -0.00112305     -0.00113525     -0.00114746     
-0.0012085     -0.00123291     -0.00123291     -0.00112305     
-0.00129395     -0.00135498     -0.00131836     -0.0012207     
-0.0013916     -0.00134277     -0.00124512     -0.00126953     
-0.00130615     -0.00137939     -0.00129395     -0.00126953     
-0.00124512     -0.0013916     -0.0013916     -0.00147705     
-0.00169678     -0.00180664     -0.00177002     -0.00196533     
-0.0020752     -0.00224609     -0.00223389     -0.00227051     
-0.00234375     -0.00227051     -0.00227051     -0.00224609     
-0.0022583     -0.00220947     -0.00209961     -0.00209961     
-0.00216064     -0.00216064     -0.00217285     -0.00216064     
-0.00224609     -0.00219727     -0.00216064     -0.00201416     
-0.00205078     -0.00189209     -0.00181885     -0.00161133     
-0.00155029     -0.00136719     -0.00115967     -0.000964355     
-0.000939941     -0.000842285     -0.000634766     -0.000622559     
-0.000585938     -0.000549316     -0.000561523     -0.000524902     
-0.000695801     -0.00078125     -0.000842285     -0.000891113     
-0.000805664     -0.00109863     -0.00109863     -0.00107422     
-0.00117188     -0.00117188     -0.00117188     -0.0012207     
-0.00117188     -0.0012207     -0.00117188     -0.00118408     
-0.00126953     -0.00131836     -0.00131836     -0.0013916     
-0.00142822     -0.00155029     -0.00159912     -0.0015625     
-0.00163574     -0.00172119     -0.00174561     -0.00170898     
-0.00170898     -0.00168457     -0.00161133     -0.00142822     
-0.00155029     -0.00145264     -0.00137939     -0.00124512     
-0.0013916     -0.00123291     -0.00129395     -0.00126953     
-0.00135498     -0.00134277     -0.00134277     -0.00130615     
-0.00134277     -0.00135498     -0.00130615     -0.0012085     
-0.00135498     -0.00136719     -0.00129395     -0.00114746     
-0.00118408     -0.00125732     -0.00115967     -0.00113525     
-0.00112305     -0.00113525     -0.00117188     -0.00117188     
-0.00118408     -0.0012085     -0.00113525     -0.00117188     
-0.00114746     -0.00133057     -0.0012085     -0.00118408     
-0.00114746     -0.0012085     -0.00109863     -0.0010498     
-0.0010376     -0.0010498     -0.00101318     -0.00106201     
-0.00106201     -0.00109863     -0.000952148     -0.000927734     
-0.0010498     -0.000964355     -0.00100098     -0.000878906     
-0.000915527     -0.000866699     -0.000952148     -0.000817871     
-0.000878906     -0.00090332     -0.00102539     -0.00107422     
-0.00114746     -0.00124512     -0.00131836     -0.00128174     
-0.00146484     -0.00148926     -0.00150146     -0.00155029     
-0.00155029     -0.0015625     -0.00148926     -0.00161133     
-0.00153809     -0.00166016     -0.00161133     -0.0015625     
-0.0015625     -0.00152588     -0.00137939     -0.00141602     
-0.00142822     -0.00146484     -0.00142822     -0.00136719     
-0.00145264     -0.00152588     -0.00147705     -0.00151367     
-0.00170898     -0.00168457     -0.00172119     -0.00166016     
-0.00172119     -0.00175781     -0.00167236     -0.00167236     
-0.00172119     -0.00172119     -0.00175781     -0.00150146     
-0.00174561     -0.00177002     -0.00166016     -0.00162354     
-0.00170898     -0.00166016     -0.00169678     -0.00152588     
-0.00153809     -0.00163574     -0.00144043     -0.0013916     
-0.00152588     -0.0015625     -0.00144043     -0.00137939     
-0.00144043     -0.00136719     -0.00131836     -0.0012085     
-0.00118408     -0.00113525     -0.00102539     -0.00101318     
-0.000915527     -0.000842285     -0.000891113     -0.000732422     
-0.000720215     -0.00090332     -0.000769043     -0.000732422     
-0.000830078     -0.000939941     -0.000830078     -0.000866699     
-0.000927734     -0.00107422     -0.0010498     -0.00112305     
-0.00123291     -0.00131836     -0.00133057     -0.00144043     
-0.00148926     -0.00157471     -0.00153809     -0.00151367     
-0.00155029     -0.00145264     -0.0013916     -0.00125732     
-0.00117188     -0.00115967     -0.00118408     -0.0010376     
-0.0010498     -0.000927734     -0.000891113     -0.000830078     
-0.000927734     -0.000817871     -0.000805664     -0.000830078     
-0.000817871     -0.000915527     -0.000891113     -0.000891113     
-0.000927734     -0.00111084     -0.00107422     -0.00106201     
-0.00109863     -0.00113525     -0.000964355     -0.0010376     
-0.00108643     -0.000964355     -0.000891113     -0.000878906     
-0.000854492     -0.000805664     -0.000744629     -0.000744629     
-0.000817871     -0.000793457     -0.000866699     -0.000854492     
-0.000842285     -0.000878906     -0.000915527     -0.000878906     
-0.00078125     -0.000976563     -0.000830078     -0.000695801     
-0.000695801     -0.000634766     -0.000512695     -0.000317383     
-0.000439453     -0.000390625     -0.000305176     -0.000183105     
-0.000390625     -0.000341797     -0.000366211     -0.000500488     
-0.000634766     -0.000720215     -0.000793457     -0.000793457     
-0.000964355     -0.00111084     -0.0010376     -0.00114746     
-0.00126953     -0.00136719     -0.00142822     -0.00145264     
-0.00153809     -0.00170898     -0.00167236     -0.0017334     
-0.00180664     -0.0019043     -0.00195313     -0.00185547     
-0.00194092     -0.00195313     -0.00187988     -0.00183105     
-0.00186768     -0.00178223     -0.00172119     -0.00164795     
-0.0017334     -0.00162354     -0.00151367     -0.00141602     
-0.00153809     -0.00146484     -0.00141602     -0.00136719     
-0.0013916     -0.00141602     -0.00141602     -0.00136719     
-0.00155029     -0.00151367     -0.00153809     -0.00151367     
-0.00159912     -0.00148926     -0.00159912     -0.00161133     
-0.00170898     -0.00158691     -0.00168457     -0.00150146     
-0.00159912     -0.00148926     -0.00141602     -0.00125732     
-0.00117188     -0.00118408     -0.00109863     -0.00108643     
-0.00117188     -0.00109863     -0.00111084     -0.00111084     
-0.0012207     -0.00133057     -0.00133057     -0.00128174     
-0.00146484     -0.00147705     -0.00148926     -0.00152588     
-0.00155029     -0.00159912     -0.00152588     -0.00151367     
-0.00152588     -0.00157471     -0.00152588     -0.0013916     
-0.00146484     -0.00151367     -0.00144043     -0.00135498     
-0.00126953     -0.00134277     -0.00115967     -0.00114746     
-0.00109863     -0.00117188     -0.00111084     -0.00106201     
-0.00119629     -0.00123291     -0.00111084     -0.00108643     
-0.00130615     -0.00117188     -0.00117188     -0.00118408     
-0.00114746     -0.00123291     -0.0012085     -0.00114746     
-0.00128174     -0.00129395     -0.00126953     -0.00119629     
-0.00129395     -0.00133057     -0.00133057     -0.00126953     
-0.00140381     -0.00147705     -0.00135498     -0.00134277     
-0.00144043     -0.00131836     -0.0013916     -0.00129395     
-0.00129395     -0.0013916     -0.00129395     -0.00136719     
-0.00125732     -0.00133057     -0.0012207     -0.00113525     
-0.00117188     -0.00128174     -0.00108643     -0.00102539     
-0.00112305     -0.00106201     -0.000939941     -0.00098877     
-0.00102539     -0.00100098     -0.00090332     -0.000891113     
-0.000927734     -0.000976563     -0.00102539     -0.000927734     
-0.00109863     -0.00115967     -0.00117188     -0.0012085     
-0.00125732     -0.00140381     -0.00147705     -0.0013916     
-0.00152588     -0.00151367     -0.00148926     -0.00144043     
-0.00146484     -0.00140381     -0.00124512     -0.00117188     
-0.00112305     -0.00100098     -0.000939941     -0.000891113     
-0.000805664     -0.000927734     -0.000756836     -0.000805664     
-0.000915527     -0.000842285     -0.000817871     -0.000842285     
-0.000732422     -0.000830078     -0.000769043     -0.00078125     
-0.000805664     -0.000939941     -0.000891113     -0.0010376     
-0.00106201     -0.00129395     -0.00129395     -0.00123291     
-0.00145264     -0.00150146     -0.00150146     -0.00141602     
-0.00151367     -0.00150146     -0.00144043     -0.00114746     
-0.00128174     -0.00108643     -0.0010498     -0.000891113     
-0.000915527     -0.00090332     -0.000744629     -0.000622559     
-0.000769043     -0.000622559     -0.000720215     -0.000683594     
-0.000695801     -0.000695801     -0.000744629     -0.000769043     
-0.000964355     -0.00118408     -0.00118408     -0.00124512     
-0.00142822     -0.00150146     -0.00145264     -0.00151367     
-0.00150146     -0.00148926     -0.00150146     -0.00142822     
-0.00137939     -0.00131836     -0.00119629     -0.00124512     
-0.00115967     -0.00114746     -0.00101318     -0.0010376     
-0.000915527     -0.000927734     -0.000878906     -0.000842285     
-0.000708008     -0.000756836     -0.000744629     -0.000878906     
-0.00090332     -0.00100098     -0.000927734     -0.00102539     
-0.00114746     -0.00118408     -0.00124512     -0.00117188     
-0.00130615     -0.00126953     -0.00131836     -0.00129395     
-0.00141602     -0.00130615     -0.00141602     -0.00141602     
-0.00146484     -0.00152588     -0.00137939     -0.00142822     
-0.00152588     -0.00145264     -0.00150146     -0.00137939     
-0.00140381     -0.00135498     -0.00129395     -0.00125732     
-0.00112305     -0.00114746     -0.00107422     -0.000915527     
-0.000964355     -0.000830078     -0.000817871     -0.000708008     
-0.000695801     -0.000732422     -0.000646973     -0.00065918     
-0.000537109     -0.000537109     -0.000512695     -0.000561523     
-0.00045166     -0.00057373     -0.000610352     -0.000610352     
-0.000756836     -0.000866699     -0.000756836     -0.000915527     
-0.0010376     -0.00118408     -0.00130615     -0.00125732     
-0.00142822     -0.0013916     -0.00140381     -0.0013916     
-0.00161133     -0.00153809     -0.00150146     -0.00146484     
-0.0015625     -0.00147705     -0.00148926     -0.0013916     
-0.00137939     -0.00146484     -0.00135498     -0.00119629     
-0.00124512     -0.00124512     -0.0012207     -0.0010498     
-0.00107422     -0.00108643     -0.0010498     -0.00100098     
-0.00102539     -0.0010498     -0.000952148     -0.000915527     
-0.00111084     -0.00109863     -0.000952148     -0.000952148     
-0.00100098     -0.000976563     -0.00090332     -0.000866699     
-0.000793457     -0.000854492     -0.000866699     -0.000854492     
-0.000866699     -0.000878906     -0.000805664     -0.00090332     
-0.000952148     -0.00106201     -0.0010498     -0.00098877     
-0.00106201     -0.00107422     -0.00090332     -0.000854492     
-0.000952148     -0.000793457     -0.000756836     -0.000585938     
-0.000671387     -0.000585938     -0.000488281     -0.000476074     
-0.000524902     -0.000524902     -0.000463867     -0.000561523     
-0.000537109     -0.000549316     -0.000646973     -0.000622559     
-0.000708008     -0.000805664     -0.000830078     -0.000793457     
-0.000720215     -0.000915527     -0.000744629     -0.00065918     
-0.000891113     -0.00078125     -0.000744629     -0.000793457     
-0.000793457     -0.000817871     -0.000744629     -0.000842285     
-0.00078125     -0.000830078     -0.00078125     -0.000927734     
-0.00098877     -0.00107422     -0.00100098     -0.00101318     
-0.00109863     -0.00115967     -0.00114746     -0.00111084     
-0.00115967     -0.00119629     -0.00108643     -0.000964355     
-0.00101318     -0.000939941     -0.000927734     -0.000866699     
-0.000964355     -0.000964355     -0.000854492     -0.000891113     
-0.00107422     -0.00115967     -0.00117188     -0.00113525     
-0.00128174     -0.00136719     -0.00131836     -0.00128174     
-0.00145264     -0.00140381     -0.00128174     -0.00119629     
-0.0012085     -0.0012085     -0.00107422     -0.00102539     
-0.00106201     -0.00107422     -0.00108643     -0.0010498     
-0.00112305     -0.00129395     -0.00119629     -0.00128174     
-0.00130615     -0.00141602     -0.00146484     -0.0013916     
-0.00137939     -0.00137939     -0.00130615     -0.00133057     
-0.00124512     -0.00114746     -0.0010376     -0.000939941     
-0.000842285     -0.00078125     -0.000671387     -0.000488281     
-0.000537109     -0.000537109     -0.000561523     -0.000415039     
-0.000537109     -0.000488281     -0.000439453     -0.00045166     
-0.000561523     -0.000585938     -0.000683594     -0.00057373     
-0.000708008     -0.000756836     -0.000732422     -0.000793457     
-0.00078125     -0.000891113     -0.000842285     -0.000805664     
-0.000842285     -0.000817871     -0.000817871     -0.000732422     
-0.00078125     -0.000866699     -0.000720215     -0.00065918     
-0.000756836     -0.000793457     -0.000891113     -0.000830078     
-0.000817871     -0.00090332     -0.000952148     -0.000915527     
-0.00101318     -0.0010376     -0.000830078     -0.000891113     
-0.000830078     -0.000842285     -0.000756836     -0.000720215     
-0.00065918     -0.000634766     -0.000561523     -0.000512695     
-0.000537109     -0.000634766     -0.000683594     -0.000695801     
-0.000830078     -0.000878906     -0.000878906     -0.000927734     
-0.00107422     -0.00106201     -0.00107422     -0.00107422     
-0.00112305     -0.00119629     -0.00109863     -0.00101318     
-0.00115967     -0.00114746     -0.00118408     -0.00108643     
-0.00125732     -0.00135498     -0.00128174     -0.0012085     
-0.0013916     -0.00152588     -0.00135498     -0.00147705     
-0.00144043     -0.0013916     -0.00142822     -0.00123291     
-0.0012085     -0.00117188     -0.000927734     -0.000830078     
-0.000854492     -0.000817871     -0.000610352     -0.000512695     
-0.000622559     -0.000708008     -0.000610352     -0.000598145     
-0.000805664     -0.000915527     -0.000976563     -0.00111084     
-0.00123291     -0.0013916     -0.00146484     -0.00153809     
-0.00172119     -0.00164795     -0.00168457     -0.00159912     
-0.0017334     -0.0015625     -0.00157471     -0.00142822     
-0.00137939     -0.00131836     -0.00129395     -0.00117188     
-0.00115967     -0.0010376     -0.00098877     -0.00101318     
-0.0010498     -0.000866699     -0.000939941     -0.00098877     
-0.000976563     -0.00102539     -0.000891113     -0.000817871     
-0.000842285     -0.00090332     -0.000732422     -0.000720215     
-0.000830078     -0.000683594     -0.000683594     -0.000646973     
-0.000598145     -0.000561523     -0.000415039     -0.000512695     
-0.000378418     -0.000439453     -0.000390625     -0.000378418     
-0.000354004     -0.000549316     -0.000512695     -0.000463867     
-0.000634766     -0.000854492     -0.000854492     -0.000817871     
-0.000891113     -0.000976563     -0.000866699     -0.000915527     
-0.00107422     -0.000964355     -0.000891113     -0.000769043     
-0.000817871     -0.000769043     -0.000610352     -0.000488281     
-0.000646973     -0.000390625     -0.000415039     -0.000488281     
-0.000524902     -0.000646973     -0.000585938     -0.000646973     
-0.000915527     -0.0010498     -0.00098877     -0.00113525     
-0.00126953     -0.00136719     -0.00137939     -0.00147705     
-0.00148926     -0.00158691     -0.00158691     -0.0015625     
-0.00172119     -0.00187988     -0.0017334     -0.00187988     
-0.00189209     -0.00198975     -0.00194092     -0.00195313     
-0.00202637     -0.00212402     -0.00200195     -0.00186768     
-0.00201416     -0.0019165     -0.00163574     -0.00159912     
-0.00155029     -0.00142822     -0.00126953     -0.00102539     
-0.00107422     -0.000952148     -0.000805664     -0.000683594     
-0.000598145     -0.000549316     -0.000537109     -0.000524902     
-0.000598145     -0.000671387     -0.000708008     -0.000732422     
-0.000915527     -0.000927734     -0.000964355     -0.000976563     
-0.00098877     -0.000976563     -0.00108643     -0.000976563     
-0.000952148     -0.00100098     -0.000939941     -0.000866699     
-0.000744629     -0.000866699     -0.000610352     -0.000512695     
-0.000622559     -0.000549316     -0.000439453     -0.000500488     
-0.000634766     -0.000622559     -0.000610352     -0.000793457     
-0.00078125     -0.00102539     -0.000964355     -0.00102539     
-0.00102539     -0.00115967     -0.00107422     -0.00101318     
-0.00107422     -0.000964355     -0.000769043     -0.000744629     
-0.000732422     -0.000646973     -0.000585938     -0.000512695     
-0.00057373     -0.000598145     -0.000524902     -0.000488281     
-0.000524902     -0.000537109     -0.000463867     -0.000439453     
-0.000610352     -0.000524902     -0.000476074     -0.000500488     
-0.000561523     -0.000646973     -0.000695801     -0.000610352     
-0.000646973     -0.000878906     -0.000854492     -0.000854492     
-0.000891113     -0.00100098     -0.000866699     -0.000830078     
-0.000854492     -0.000769043     -0.000622559     -0.000537109     
-0.000646973     -0.000610352     -0.000512695     -0.000402832     
-0.000366211     -0.000463867     -0.000390625     -0.000317383     
-0.000427246     -0.000598145     -0.000500488     -0.00057373     
-0.000622559     -0.00065918     -0.000610352     -0.000671387     
-0.00065918     -0.000769043     -0.000708008     -0.000646973     
-0.000744629     -0.000720215     -0.000695801     -0.000622559     
-0.000744629     -0.000683594     -0.000769043     -0.000756836     
-0.000891113     -0.000891113     -0.000964355     -0.00101318     
-0.00106201     -0.00112305     -0.00107422     -0.000976563     
-0.00109863     -0.000976563     -0.000891113     -0.000793457     
-0.000854492     -0.000769043     -0.000671387     -0.000708008     
-0.000646973     -0.00065918     -0.000512695     -0.000500488     
-0.000512695     -0.000537109     -0.000512695     -0.000500488     
-0.000500488     -0.000537109     -0.000463867     -0.000500488     
-0.000500488     -0.000537109     -0.000512695     -0.000634766     
-0.000549316     -0.000537109     -0.000524902     -0.000378418     
-0.000378418     -0.000341797     -0.000170898     -4.88281e-05     
7.32422e-05     2.44141e-05     0.000158691     0.000415039     
0.000415039     0.000415039     0.000427246     0.000549316     
0.000402832     0.000561523     0.000537109     0.000598145     
0.000463867     0.000439453     0.000402832     0.000378418     
0.000244141     0.000195313     0.000195313     0.000231934     
9.76563e-05     4.88281e-05     0.00012207     0.000109863     
1.2207e-05     -7.32422e-05     8.54492e-05     -2.44141e-05     
-0.000109863     -0.000170898     -0.000244141     -0.000244141     
-0.000390625     -0.00045166     -0.000537109     -0.000488281     
-0.000524902     -0.000634766     -0.000476074     -0.000488281     
-0.00045166     -0.000292969     -0.000195313     -2.44141e-05     
-0.000134277     1.2207e-05     9.76563e-05     7.32422e-05     
7.32422e-05     4.88281e-05     0.000134277     7.32422e-05     
-1.2207e-05     -1.2207e-05     -8.54492e-05     -0.000109863     
-0.000256348     -0.00012207     -0.00020752     -0.000195313     
-0.000268555     -0.000244141     -0.000317383     -0.00020752     
-0.000427246     -0.000476074     -0.000439453     -0.000402832     
-0.000512695     -0.000500488     -0.000463867     -0.000402832     
-0.000427246     -0.000390625     -0.000219727     -0.000195313     
-0.000146484     -0.000195313     -0.000109863     -9.76563e-05     
-0.000134277     -0.000146484     -9.76563e-05     -6.10352e-05     
-0.00012207     -0.000256348     -0.000195313     -0.000231934     
-0.000402832     -0.000341797     -0.000427246     -0.000439453     
-0.00045166     -0.000524902     -0.000427246     -0.000341797     
-0.000500488     -0.000537109     -0.000256348     -0.000292969     
-0.000354004     -0.000256348     -0.000158691     -0.000219727     
-0.00032959     -0.000183105     -0.000170898     -0.000134277     
-0.000219727     -0.000170898     -0.000280762     -0.000231934     
-0.000341797     -0.000378418     -0.000366211     -0.000292969     
-0.000427246     -0.000512695     -0.000500488     -0.000524902     
-0.000598145     -0.000732422     -0.000634766     -0.000549316     
-0.00065918     -0.000683594     -0.000585938     -0.000585938     
-0.000598145     -0.000708008     -0.000598145     -0.000439453     
-0.00057373     -0.000622559     -0.00057373     -0.00057373     
-0.000622559     -0.000744629     -0.000683594     -0.000585938     
-0.000744629     -0.000769043     -0.000732422     -0.000744629     
-0.000817871     -0.000830078     -0.00078125     -0.000915527     
-0.0010498     -0.00101318     -0.00098877     -0.000964355     
-0.00100098     -0.000878906     -0.000830078     -0.000683594     
-0.00078125     -0.000610352     -0.000439453     -0.00032959     
-0.00032959     -0.000231934     -0.00020752     -0.000109863     
-0.000195313     -0.000195313     -0.000183105     -0.000292969     
-0.000402832     -0.000476074     -0.000537109     -0.000500488     
-0.000585938     -0.00065918     -0.000646973     -0.000683594     
-0.000634766     -0.000769043     -0.000683594     -0.000646973     
-0.000708008     -0.000610352     -0.000585938     -0.000634766     
-0.000585938     -0.000488281     -0.000366211     -0.000390625     
-0.000280762     -0.000317383     -0.000268555     -6.10352e-05     
-0.00012207     0     -2.44141e-05     3.66211e-05     
-1.2207e-05     -1.2207e-05     3.66211e-05     2.44141e-05     
-3.66211e-05     -8.54492e-05     0     -1.2207e-05     
-0.000183105     -0.000195313     -0.000231934     -0.000244141     
-0.000415039     -0.000415039     -0.00045166     -0.000390625     
-0.000585938     -0.00057373     -0.000646973     -0.000634766     
-0.000695801     -0.000805664     -0.000854492     -0.000866699     
-0.000976563     -0.00107422     -0.00115967     -0.00111084     
-0.00109863     -0.00125732     -0.00108643     -0.00107422     
-0.00111084     -0.0010498     -0.0010376     -0.00090332     
-0.000939941     -0.000915527     -0.000744629     -0.000793457     
-0.000720215     -0.000793457     -0.000683594     -0.000708008     
-0.000646973     -0.00065918     -0.000598145     -0.000537109     
-0.000646973     -0.000585938     -0.000622559     -0.000610352     
-0.000671387     -0.00078125     -0.000732422     -0.000622559     
-0.000756836     -0.000756836     -0.000891113     -0.000769043     
-0.000891113     -0.000939941     -0.0010376     -0.000927734     
-0.00115967     -0.00114746     -0.00124512     -0.00133057     
-0.00145264     -0.00137939     -0.00136719     -0.00142822     
-0.00136719     -0.00134277     -0.00142822     -0.00129395     
-0.00124512     -0.00129395     -0.00117188     -0.00114746     
-0.00106201     -0.00111084     -0.000952148     -0.000976563     
-0.000927734     -0.000939941     -0.000756836     -0.000744629     
-0.000744629     -0.000732422     -0.000585938     -0.000634766     
-0.000695801     -0.000634766     -0.000585938     -0.000585938     
-0.00057373     -0.000585938     -0.00057373     -0.000598145     
-0.000646973     -0.000708008     -0.000610352     -0.000610352     
-0.00065918     -0.000708008     -0.000732422     -0.000622559     
-0.000793457     -0.00078125     -0.000634766     -0.00057373     
-0.000671387     -0.000622559     -0.000598145     -0.000463867     
-0.000610352     -0.000537109     -0.000439453     -0.000476074     
-0.000561523     -0.00065918     -0.00057373     -0.000561523     
-0.000683594     -0.00065918     -0.000634766     -0.000512695     
-0.000561523     -0.000537109     -0.000292969     -0.000378418     
-0.000256348     -0.000305176     -7.32422e-05     -4.88281e-05     
-9.76563e-05     -0.000134277     -4.88281e-05     -0.000146484     
-0.000158691     -0.000219727     -0.000158691     -0.000280762     
-0.000366211     -0.000415039     -0.000305176     -0.000402832     
-0.000427246     -0.000390625     -0.000354004     -0.000378418     
-0.000390625     -0.000537109     -0.000463867     -0.000402832     
-0.000585938     -0.000732422     -0.000744629     -0.000769043     
-0.000915527     -0.000915527     -0.00090332     -0.000939941     
-0.00102539     -0.000927734     -0.000939941     -0.00090332     
-0.000952148     -0.000927734     -0.000878906     -0.000793457     
-0.000756836     -0.000830078     -0.000756836     -0.000610352     
-0.000585938     -0.000622559     -0.000598145     -0.000524902     
-0.000488281     -0.00057373     -0.000415039     -0.000402832     
-0.000488281     -0.000512695     -0.000500488     -0.000476074     
-0.000549316     -0.00065918     -0.000549316     -0.000622559     
-0.00078125     -0.00078125     -0.000769043     -0.000793457     
-0.000866699     -0.00098877     -0.000964355     -0.00090332     
-0.000927734     -0.00108643     -0.000964355     -0.00098877     
-0.000964355     -0.00101318     -0.000915527     -0.000830078     
-0.000939941     -0.000878906     -0.000744629     -0.000744629     
-0.000756836     -0.000683594     -0.000708008     -0.000512695     
-0.000561523     -0.000622559     -0.000500488     -0.000488281     
-0.000524902     -0.000585938     -0.000512695     -0.000378418     
-0.000537109     -0.000500488     -0.000439453     -0.000427246     
-0.000463867     -0.000537109     -0.000292969     -0.000366211     
-0.00032959     -0.000402832     -0.000280762     -0.000231934     
-0.000292969     -0.000317383     -0.000317383     -0.000183105     
-0.000231934     -0.000402832     -0.000366211     -0.000390625     
-0.000427246     -0.00057373     -0.000561523     -0.000598145     
-0.000708008     -0.00078125     -0.000732422     -0.000842285     
-0.000866699     -0.000793457     -0.000683594     -0.000598145     
-0.000646973     -0.00045166     -0.00045166     -0.00032959     
-0.000402832     -0.000402832     -0.000390625     -0.000390625     
-0.000524902     -0.000585938     -0.000744629     -0.000756836     
-0.000976563     -0.00102539     -0.00106201     -0.00101318     
-0.00118408     -0.00112305     -0.00123291     -0.00133057     
-0.00123291     -0.0012207     -0.0012085     -0.00115967     
-0.00115967     -0.00126953     -0.00111084     -0.0010498     
-0.0010498     -0.00111084     -0.00117188     -0.00106201     
-0.00114746     -0.00118408     -0.00106201     -0.00119629     
-0.00108643     -0.00114746     -0.0010376     -0.0010376     
-0.000964355     -0.0010376     -0.00090332     -0.000793457     
-0.000732422     -0.000805664     -0.000646973     -0.000634766     

