Source : transient; Time : Wed Jun 14 07:30:20 2017
B0 = 3252.000000 Gauss, mw = 9.686281 GHz
 NDI-T2 sa261 20/2 42/25 523nm/1mJ
1 5000 -1.001e-06 8.997e-06 0 0
s                        V                                                 
0.000976563     0.00102539     0.000939941     0.000927734     
0.000866699     0.000891113     0.000744629     0.000756836     
0.000793457     0.000756836     0.000622559     0.000622559     
0.00045166     0.000463867     0.000305176     0.000341797     
0.000354004     0.000268555     0.000146484     0.000183105     
0.000195313     0.000231934     0.000183105     0.000170898     
0.000354004     0.000427246     0.000292969     0.000439453     
0.000488281     0.000622559     0.000585938     0.000512695     
0.000585938     0.00065918     0.000512695     0.000341797     
0.00020752     0.000317383     2.44141e-05     -0.000134277     
-4.88281e-05     -7.32422e-05     -0.000268555     -0.000280762     
-0.000366211     -0.000244141     -0.000341797     -0.000231934     
-0.000183105     -9.76563e-05     -0.000109863     -0.000195313     
-9.76563e-05     -8.54492e-05     -6.10352e-05     -0.000256348     
-6.10352e-05     -2.44141e-05     -0.000231934     -0.000219727     
-0.000146484     -4.88281e-05     -0.000195313     -9.76563e-05     
-2.44141e-05     0.00012207     3.66211e-05     0.000109863     
7.32422e-05     0.000219727     0.00012207     0.000134277     
0.000366211     0.000390625     0.000305176     0.000305176     
0.000476074     0.000439453     0.000463867     0.000476074     
0.000549316     0.000512695     0.000402832     0.000476074     
0.000463867     0.000415039     0.000317383     0.000317383     
0.000292969     0.000354004     0.000134277     0.000292969     
0.00012207     0.00012207     1.2207e-05     -4.88281e-05     
-7.32422e-05     -4.88281e-05     -0.000280762     -0.000244141     
-0.00032959     -0.00045166     -0.000488281     -0.000646973     
-0.000488281     -0.00057373     -0.000720215     -0.000683594     
-0.000732422     -0.000585938     -0.000610352     -0.000537109     
-0.000378418     -0.000231934     -0.000366211     -0.000268555     
-0.00020752     -0.000109863     -0.000256348     -0.000219727     
-0.00012207     4.88281e-05     -0.000146484     -0.00020752     
-7.32422e-05     -8.54492e-05     -0.000134277     -0.000158691     
-1.2207e-05     9.76563e-05     3.66211e-05     4.88281e-05     
0.000134277     0.000317383     0.000366211     0.000354004     
0.000585938     0.000756836     0.000476074     0.00057373     
0.000598145     0.000683594     0.000415039     0.000415039     
0.000476074     0.000415039     0.00020752     0.000109863     
3.66211e-05     0.000158691     3.66211e-05     -4.88281e-05     
6.10352e-05     0     0     6.10352e-05     
4.88281e-05     0.00020752     8.54492e-05     0.000134277     
0.000268555     0.000317383     0.000158691     0.000244141     
0.000170898     0.000305176     0.000292969     0.000183105     
0.000341797     0.000390625     0.000280762     0.000354004     
0.000305176     0.000366211     0.000305176     0.000109863     
0.000268555     0.000305176     0.000183105     9.76563e-05     
0.000134277     0.000134277     0     3.66211e-05     
3.66211e-05     6.10352e-05     -0.000134277     0     
-7.32422e-05     -4.88281e-05     -9.76563e-05     -6.10352e-05     
-9.76563e-05     2.44141e-05     -0.00012207     -8.54492e-05     
-4.88281e-05     -1.2207e-05     -6.10352e-05     -3.66211e-05     
0.00012207     0.000146484     0.000158691     0.000195313     
0.000195313     0.000244141     0.000195313     0.000244141     
0.000354004     0.000415039     0.000305176     0.000256348     
0.000219727     0.000476074     0.000317383     0.00032959     
0.000488281     0.000524902     0.000366211     0.000415039     
0.000341797     0.000512695     0.000292969     0.000146484     
0.000280762     0.000292969     8.54492e-05     8.54492e-05     
4.88281e-05     0.000195313     0.00012207     0.000158691     
0.000415039     0.000488281     0.000354004     0.000439453     
0.000488281     0.000537109     0.000354004     0.00032959     
0.00045166     0.000512695     0.000219727     0.000292969     
0.000244141     0.000292969     0.000146484     8.54492e-05     
0.00020752     0.000354004     0.000183105     0.000244141     
0.000256348     0.000280762     0.000341797     0.000146484     
0.000195313     0.000292969     1.2207e-05     0     
-7.32422e-05     -3.66211e-05     -0.000219727     -0.000195313     
-8.54492e-05     -4.88281e-05     -0.000195313     -0.000134277     
-0.000158691     9.76563e-05     -2.44141e-05     4.88281e-05     
0.000158691     0.000231934     0.000183105     0.000268555     
0.000341797     0.000341797     0.000317383     0.000317383     
0.000354004     0.000439453     0.000231934     0.000244141     
0.000231934     0.000219727     0.000109863     -3.66211e-05     
-2.44141e-05     -3.66211e-05     -6.10352e-05     -8.54492e-05     
-0.000170898     -7.32422e-05     -0.000134277     -0.000183105     
-4.88281e-05     1.2207e-05     -0.00020752     -0.000134277     
-0.000268555     -0.000231934     -0.000280762     -0.000524902     
-0.00045166     -0.000415039     -0.000671387     -0.000598145     
-0.000708008     -0.000671387     -0.000683594     -0.00065918     
-0.00057373     -0.000476074     -0.00057373     -0.00045166     
-0.000463867     -0.000341797     -0.000366211     -0.000488281     
-0.000427246     -0.000256348     -0.000463867     -0.000537109     
-0.000488281     -0.000488281     -0.000488281     -0.000610352     
-0.000415039     -0.000317383     -0.000402832     -0.000415039     
-0.000366211     -0.000219727     -0.000268555     -0.000268555     
-7.32422e-05     3.66211e-05     -1.2207e-05     0     
-2.44141e-05     0.000219727     0     0.000109863     
0.000183105     0.000244141     0.000109863     0.000219727     
0.000134277     0.00032959     0.000280762     0.00012207     
0.000305176     0.000341797     0.000134277     6.10352e-05     
-1.2207e-05     8.54492e-05     -0.000146484     -0.000292969     
-0.000219727     -0.000305176     -0.000500488     -0.000427246     
-0.00057373     -0.000378418     -0.000366211     -0.000280762     
-9.76563e-05     -2.44141e-05     -9.76563e-05     0.000146484     
0.000219727     0.000341797     0.000402832     0.000354004     
0.000549316     0.000598145     0.000524902     0.000561523     
0.000622559     0.000622559     0.000549316     0.000512695     
0.000646973     0.000512695     0.000390625     0.000341797     
0.000219727     0.000305176     0.000146484     9.76563e-05     
0.000109863     0.000158691     -1.2207e-05     -1.2207e-05     
8.54492e-05     0.000256348     0.000231934     0.000219727     
0.000415039     0.000476074     0.000512695     0.000549316     
0.000598145     0.000585938     0.00057373     0.000476074     
0.000439453     0.000524902     0.000268555     0.000256348     
0.000219727     0.000280762     0.000231934     0.000146484     
0.000219727     0.000195313     0.000134277     0.000146484     
7.32422e-05     0.000231934     7.32422e-05     0.000158691     
0.000305176     0.000280762     0.000219727     0.000280762     
0.000231934     0.00032959     0.000354004     0.000134277     
0.00032959     0.000402832     0.000244141     0.000219727     
0.000170898     0.00032959     0.000219727     0.000231934     
0.000500488     0.00057373     0.000305176     0.000537109     
0.000549316     0.000598145     0.000500488     0.000292969     
0.00032959     0.000354004     4.88281e-05     -0.000109863     
-0.000134277     -0.000292969     -0.000415039     -0.00065918     
-0.000512695     -0.000390625     -0.00065918     -0.000646973     
-0.000585938     -0.000463867     -0.000500488     -0.000415039     
-0.000219727     -3.66211e-05     -6.10352e-05     0.000183105     
0.00020752     0.000390625     0.000378418     0.000512695     
0.000622559     0.000842285     0.000732422     0.000793457     
0.000756836     0.000683594     0.000610352     0.000585938     
0.000549316     0.000402832     0.000109863     7.32422e-05     
-0.000146484     -0.000146484     -0.000317383     -0.000463867     
-0.000390625     -0.00032959     -0.000524902     -0.000402832     
-0.000488281     -0.000280762     -0.000341797     -0.000305176     
-0.000134277     -3.66211e-05     -8.54492e-05     0.000146484     
0.000158691     0.000146484     0.000183105     3.66211e-05     
0.000256348     0.00032959     0.000183105     0.000256348     
0.000219727     0.000354004     0.000170898     0.000183105     
0.000341797     0.000488281     0.000292969     0.000378418     
0.000524902     0.000598145     0.000524902     0.000549316     
0.00065918     0.000610352     0.000476074     0.000366211     
0.000378418     0.000415039     0.000317383     3.66211e-05     
0.000292969     0.000256348     0.000109863     -7.32422e-05     
0.000219727     0.000280762     7.32422e-05     2.44141e-05     
0.000305176     0.000439453     0.000170898     0.000280762     
0.000341797     0.000585938     0.000366211     0.000317383     
0.000427246     0.000646973     0.000427246     0.000427246     
0.000292969     0.000415039     0.00012207     0     
3.66211e-05     -3.66211e-05     -0.000378418     -0.000549316     
-0.000878906     -0.00101318     -0.00141602     -0.00177002     
-0.00198975     -0.00231934     -0.00292969     -0.00324707     
-0.00374756     -0.00411377     -0.00455322     -0.00509033     
-0.00539551     -0.00566406     -0.00621338     -0.00651855     
-0.00681152     -0.00712891     -0.00751953     -0.00792236     
-0.00820313     -0.00853271     -0.00915527     -0.00953369     
-0.00996094     -0.0104736     -0.0109619     -0.0115112     
-0.0119263     -0.0124268     -0.0130737     -0.0133911     
-0.0138794     -0.0142822     -0.0146362     -0.0151245     
-0.0155029     -0.0157715     -0.0163208     -0.0167236     
-0.0171021     -0.0175537     -0.0180786     -0.0184448     
-0.0188354     -0.0192261     -0.0197144     -0.0201782     
-0.0205688     -0.0210571     -0.0213867     -0.0216919     
-0.0220337     -0.0223145     -0.0227783     -0.0230957     
-0.0235352     -0.0236938     -0.0241943     -0.0246216     
-0.0248413     -0.0252441     -0.0256958     -0.026123     
-0.0265381     -0.0268433     -0.0273682     -0.0277832     
-0.0280518     -0.0284302     -0.0289185     -0.0293091     
-0.0296021     -0.0298706     -0.0303345     -0.0305542     
-0.0307495     -0.0309204     -0.0312988     -0.0315063     
-0.0317627     -0.0318604     -0.0322998     -0.0325195     
-0.0327148     -0.0328735     -0.0334229     -0.0336182     
-0.0340332     -0.0342285     -0.0345215     -0.0347656     
-0.0349243     -0.035022     -0.0354126     -0.0356567     
-0.0358032     -0.0358765     -0.0360229     -0.0363281     
-0.0364014     -0.0364136     -0.0367065     -0.0369263     
-0.0370361     -0.0370483     -0.037439     -0.0374878     
-0.0375488     -0.0377319     -0.0379517     -0.0380249     
-0.0381592     -0.038147     -0.0383301     -0.0384399     
-0.0383911     -0.0384888     -0.0386719     -0.0387817     
-0.0388672     -0.0389282     -0.0391602     -0.0393188     
-0.0393188     -0.0395752     -0.0398315     -0.0400146     
-0.0403076     -0.0403809     -0.0406006     -0.0408691     
-0.0409424     -0.040979     -0.041272     -0.041272     
-0.0414551     -0.041394     -0.041687     -0.0417847     
-0.0417358     -0.041748     -0.0419312     -0.0419434     
-0.0420776     -0.0420166     -0.0421509     -0.0421997     
-0.0420776     -0.0421387     -0.0423584     -0.0422729     
-0.0423828     -0.0424072     -0.0424805     -0.0425293     
-0.0424438     -0.0423218     -0.0425537     -0.0425049     
-0.0424438     -0.0424683     -0.0424805     -0.0425781     
-0.0424194     -0.0423218     -0.0425049     -0.0425049     
-0.0424438     -0.0424194     -0.0425659     -0.042627     
-0.0424561     -0.0424316     -0.0425781     -0.0425171     
-0.0424805     -0.0423828     -0.042395     -0.0423584     
-0.0421753     -0.0418457     -0.0420044     -0.0417847     
-0.0416504     -0.041333     -0.0414063     -0.0411377     
-0.0410156     -0.0408813     -0.0409058     -0.0407959     
-0.0408936     -0.0407593     -0.0407349     -0.040918     
-0.0407104     -0.0407104     -0.0407959     -0.0407837     
-0.040686     -0.0404541     -0.0405273     -0.0404175     
-0.0401855     -0.0399536     -0.0400757     -0.0398682     
-0.0397949     -0.0396362     -0.0396118     -0.039624     
-0.0395508     -0.0394043     -0.0394897     -0.0393433     
-0.0393311     -0.0392212     -0.0390991     -0.0390503     
-0.0387939     -0.0387085     -0.0387695     -0.038623     
-0.0385742     -0.0384644     -0.0383789     -0.0383057     
-0.0381836     -0.0379761     -0.0380371     -0.0378174     
-0.0377075     -0.0375732     -0.0375488     -0.0373291     
-0.0372192     -0.0369507     -0.0370117     -0.0368896     
-0.0368286     -0.0366699     -0.0366455     -0.0364746     
-0.0362549     -0.036084     -0.0359985     -0.0358643     
-0.0357544     -0.035498     -0.0354248     -0.0352905     
-0.035022     -0.0348511     -0.0348267     -0.0346191     
-0.0345337     -0.0342041     -0.0341675     -0.034021     
-0.0337646     -0.0335693     -0.0335693     -0.0333984     
-0.0333862     -0.0331177     -0.0331421     -0.0330566     
-0.0327881     -0.032666     -0.0327393     -0.0325684     
-0.0324829     -0.0322632     -0.0322388     -0.0321533     
-0.031897     -0.0316162     -0.0317017     -0.0314819     
-0.0313721     -0.0310669     -0.0310913     -0.0309326     
-0.0306763     -0.0303711     -0.0305054     -0.0302124     
-0.0300659     -0.0298096     -0.0297119     -0.0296875     
-0.0293579     -0.0291138     -0.0290894     -0.0289429     
-0.028833     -0.0286743     -0.0285889     -0.0286255     
-0.0283813     -0.0282837     -0.0284424     -0.0282593     
-0.0282471     -0.028064     -0.0280518     -0.0279175     
-0.0276978     -0.0275391     -0.0274292     -0.0273438     
-0.0271973     -0.0269531     -0.0269409     -0.0268433     
-0.0266235     -0.0265259     -0.0264771     -0.0265137     
-0.0263306     -0.0262451     -0.0261963     -0.0260498     
-0.0258789     -0.0257202     -0.0258057     -0.0256104     
-0.0254272     -0.0252686     -0.0253052     -0.0250732     
-0.0248657     -0.0246948     -0.0248291     -0.0245972     
-0.0246094     -0.0243042     -0.0243286     -0.024231     
-0.0238525     -0.0237305     -0.0237549     -0.0235596     
-0.0235107     -0.0232788     -0.0230835     -0.0231567     
-0.0228516     -0.0227295     -0.0227905     -0.0226318     
-0.0226685     -0.0225586     -0.0225464     -0.022522     
-0.0223999     -0.0221924     -0.0223022     -0.0222412     
-0.0221069     -0.0220215     -0.0220459     -0.0220459     
-0.0218628     -0.0216187     -0.0217407     -0.0216553     
-0.0215576     -0.0213745     -0.0214478     -0.0213867     
-0.0212402     -0.0211548     -0.0211304     -0.0211304     
-0.0211304     -0.0209106     -0.0210083     -0.0209961     
-0.0209473     -0.0207764     -0.0209839     -0.0208862     
-0.0208984     -0.0208252     -0.0209595     -0.0210083     
-0.0208496     -0.0207764     -0.0208984     -0.0208984     
-0.0209351     -0.0207886     -0.0209106     -0.0210571     
-0.0208862     -0.0208984     -0.0209961     -0.0210083     
-0.0209717     -0.0208252     -0.0209717     -0.0209839     
-0.0208374     -0.0206909     -0.0208496     -0.0206543     
-0.0206543     -0.0205322     -0.0206055     -0.0205566     
-0.0204468     -0.0203491     -0.0205078     -0.0204102     
-0.0203979     -0.0203247     -0.0202881     -0.0203491     
-0.0202026     -0.0199951     -0.020105     -0.0199829     
-0.019873     -0.0197876     -0.019812     -0.019751     
-0.0196045     -0.0196533     -0.0198486     -0.0197632     
-0.0198853     -0.0198975     -0.0200195     -0.0199707     
-0.0200684     -0.0200195     -0.0202271     -0.0202271     
-0.0203857     -0.0203369     -0.0204834     -0.0205566     
-0.0205566     -0.020459     -0.0205933     -0.0206055     
-0.0206055     -0.0206177     -0.0206299     -0.0205566     
-0.02052     -0.0203613     -0.0204712     -0.0203247     
-0.0203613     -0.0201172     -0.0202393     -0.0202026     
-0.0200928     -0.0199341     -0.0200928     -0.0199707     
-0.0199585     -0.019812     -0.0199463     -0.0199585     
-0.019751     -0.0197876     -0.0200073     -0.0200317     
-0.0199951     -0.0199463     -0.0200684     -0.0202515     
-0.0201904     -0.0203125     -0.0204956     -0.0205566     
-0.0206421     -0.0205933     -0.0207764     -0.020874     
-0.0208496     -0.0207153     -0.0210693     -0.0209351     
-0.0209229     -0.0208984     -0.021106     -0.0210938     
-0.0210327     -0.0209961     -0.0211914     -0.0212158     
-0.0212036     -0.0212158     -0.021228     -0.0213501     
-0.021228     -0.0210449     -0.0212402     -0.021167     
-0.0211304     -0.0209595     -0.0210693     -0.0210449     
-0.0209351     -0.0208252     -0.0210205     -0.0208862     
-0.0209473     -0.020813     -0.0209473     -0.0208862     
-0.0207886     -0.0207642     -0.0209473     -0.0208862     
-0.0209106     -0.0208374     -0.0210205     -0.0210571     
-0.0209717     -0.0210815     -0.0213257     -0.0212769     
-0.0213501     -0.0213501     -0.0214966     -0.0215332     
-0.0214722     -0.0213501     -0.0215698     -0.0213867     
-0.0214478     -0.0213623     -0.0213989     -0.0214722     
-0.0212402     -0.0212646     -0.0214966     -0.0213867     
-0.0215088     -0.0215576     -0.0216309     -0.021814     
-0.0216431     -0.0217041     -0.0218384     -0.0217896     
-0.0219238     -0.0217896     -0.0218262     -0.0219116     
-0.0216431     -0.0216431     -0.0217407     -0.0217529     
-0.0216431     -0.0216309     -0.0217285     -0.0217651     
-0.0217285     -0.0217529     -0.0219849     -0.0220093     
-0.0221191     -0.0220947     -0.0223022     -0.0223877     
-0.0223999     -0.0223145     -0.0224609     -0.022583     
-0.0224609     -0.0223633     -0.0223511     -0.0223999     
-0.0223022     -0.0221313     -0.0222534     -0.022168     
-0.0221558     -0.0220947     -0.0222168     -0.0222534     
-0.0220703     -0.0220093     -0.0221069     -0.022168     
-0.0221802     -0.0219238     -0.0220947     -0.022229     
-0.0220581     -0.0220703     -0.0221313     -0.0220703     
-0.022168     -0.0219849     -0.0220459     -0.0219482     
-0.0217407     -0.0215942     -0.0216919     -0.0214233     
-0.0213501     -0.0211792     -0.0210815     -0.0210693     
-0.0208496     -0.0207397     -0.020874     -0.0207153     
-0.0206665     -0.0206055     -0.0206421     -0.0207153     
-0.0206055     -0.0205933     -0.0207397     -0.0207153     
-0.0206909     -0.0207642     -0.0208618     -0.0210815     
-0.0210083     -0.0210205     -0.021228     -0.0212402     
-0.0214111     -0.0212524     -0.0213501     -0.0213745     
-0.0213501     -0.0212158     -0.0213379     -0.0212036     
-0.0211914     -0.0210815     -0.021106     -0.0210815     
-0.0209961     -0.0208862     -0.0209229     -0.0210083     
-0.0208496     -0.020813     -0.0208618     -0.020813     
-0.0206055     -0.0204468     -0.0206543     -0.02052     
-0.0203857     -0.0202271     -0.0203735     -0.0203491     
-0.0202515     -0.0201416     -0.0202515     -0.0202271     
-0.0202271     -0.0200195     -0.0200317     -0.0199951     
-0.0196411     -0.0196045     -0.0196777     -0.0194092     
-0.0192749     -0.019104     -0.0190918     -0.0191162     
-0.0189453     -0.0189331     -0.0190063     -0.019104     
-0.0190796     -0.0189819     -0.0190918     -0.0192749     
-0.0190918     -0.0190674     -0.0193848     -0.0191284     
-0.0192139     -0.0191162     -0.019165     -0.0192017     
-0.0189819     -0.0189087     -0.0189819     -0.0188721     
-0.0187988     -0.0187012     -0.0187012     -0.0186768     
-0.0184448     -0.0182861     -0.0182983     -0.0182007     
-0.0182251     -0.017981     -0.0180542     -0.0180542     
-0.0178223     -0.0176514     -0.0178467     -0.0176636     
-0.0174927     -0.0174072     -0.0173584     -0.0173218     
-0.0170776     -0.0169189     -0.0169189     -0.0167114     
-0.0167603     -0.0166016     -0.0166382     -0.016626     
-0.0163818     -0.0164673     -0.0165527     -0.0165161     
-0.0165405     -0.0164795     -0.0164917     -0.0164185     
-0.0163696     -0.0162598     -0.0163696     -0.0161255     
-0.0161011     -0.0158813     -0.0158813     -0.0158447     
-0.0156616     -0.0155273     -0.0156128     -0.0155396     
-0.0154663     -0.0154297     -0.0154663     -0.0156494     
-0.0154297     -0.0155273     -0.0157593     -0.0157227     
-0.0158447     -0.0157104     -0.0158447     -0.0158813     
-0.0157349     -0.0156006     -0.0156738     -0.0156006     
-0.0155762     -0.0154053     -0.0153931     -0.0153442     
-0.0151245     -0.0150757     -0.01521     -0.0151367     
-0.0151245     -0.0150146     -0.0151245     -0.0151489     
-0.0150635     -0.014917     -0.0150269     -0.0150024     
-0.0149048     -0.0145996     -0.0147217     -0.0146851     
-0.014502     -0.0143433     -0.014502     -0.0144653     
-0.0144531     -0.0142578     -0.0144165     -0.0143311     
-0.0142822     -0.0141724     -0.01427     -0.0142822     
-0.0142456     -0.0141479     -0.0142578     -0.0142456     
-0.0140015     -0.0139893     -0.0140625     -0.0140625     
-0.0140381     -0.0138428     -0.0138916     -0.0140625     
-0.0139282     -0.0139404     -0.0140625     -0.0140869     
-0.014209     -0.0142578     -0.0143677     -0.0145264     
-0.0143921     -0.0144409     -0.0145996     -0.0144653     
-0.014502     -0.0144043     -0.0144409     -0.0144653     
-0.0142212     -0.0141968     -0.014209     -0.0141724     
-0.0141357     -0.0140381     -0.0140869     -0.0140381     
-0.0138428     -0.0137817     -0.013916     -0.0137451     
-0.0138062     -0.0136353     -0.0136963     -0.0136108     
-0.0135742     -0.0134155     -0.0136841     -0.0135864     
-0.013623     -0.0135132     -0.0136719     -0.0136841     
-0.0136353     -0.0134766     -0.0136597     -0.0135376     
-0.0133423     -0.0133789     -0.0133911     -0.0132935     
-0.0131226     -0.0130127     -0.0130493     -0.012915     
-0.0129883     -0.0127075     -0.0127563     -0.0126465     
-0.0125122     -0.0123901     -0.0124878     -0.0124634     
-0.0124146     -0.0121826     -0.0124023     -0.0124634     
-0.0123291     -0.0123413     -0.0125244     -0.0125244     
-0.0124756     -0.0124878     -0.0125854     -0.0126709     
-0.012561     -0.0125122     -0.0126587     -0.0125977     
-0.0126221     -0.012439     -0.0125122     -0.0125977     
-0.0123779     -0.0122681     -0.0124756     -0.0123535     
-0.0124146     -0.0122925     -0.0124268     -0.0123901     
-0.0123169     -0.0122559     -0.0124146     -0.0123657     
-0.0123169     -0.0122681     -0.0123291     -0.0123047     
-0.0122925     -0.0120605     -0.0123169     -0.0122803     
-0.0123169     -0.0120972     -0.0123169     -0.0123291     
-0.0122559     -0.0122925     -0.0124512     -0.0124634     
-0.0124634     -0.0124512     -0.0126587     -0.0125977     
-0.0126221     -0.012561     -0.0126343     -0.0126465     
-0.0126831     -0.0125488     -0.0126465     -0.0125732     
-0.012439     -0.0124146     -0.0125     -0.0124268     
-0.012439     -0.0122803     -0.0125122     -0.012561     
-0.0124023     -0.0123779     -0.012561     -0.0126099     
-0.0127197     -0.0126587     -0.0128296     -0.0129272     
-0.0128052     -0.012854     -0.0130981     -0.0130615     
-0.0131104     -0.0130615     -0.0130737     -0.0131104     
-0.0129272     -0.0129517     -0.0129395     -0.0128662     
-0.0128906     -0.0128052     -0.0128052     -0.0127075     
-0.0125977     -0.0123779     -0.0125854     -0.0124756     
-0.012439     -0.0122559     -0.0123413     -0.0123535     
-0.0122925     -0.0121948     -0.0124268     -0.0124268     
-0.0125     -0.0124878     -0.0126587     -0.0128052     
-0.0127441     -0.0127075     -0.0130249     -0.0130737     
-0.0131104     -0.0131226     -0.0132935     -0.0133423     
-0.0133057     -0.0132568     -0.0134277     -0.0134644     
-0.0134277     -0.0133057     -0.0135254     -0.0133911     
-0.013269     -0.0131836     -0.0133179     -0.013269     
-0.0132813     -0.0130981     -0.0131104     -0.013147     
-0.012915     -0.0128906     -0.0129272     -0.012915     
-0.0129028     -0.0127441     -0.0128906     -0.0129272     
-0.0128174     -0.0128296     -0.0130127     -0.0130493     
-0.0131714     -0.0131592     -0.0132202     -0.0133301     
-0.0133179     -0.013269     -0.0135742     -0.0135864     
-0.0136475     -0.0137329     -0.0137451     -0.013916     
-0.0138306     -0.0138672     -0.0139648     -0.0139282     
-0.0140381     -0.0139771     -0.0140015     -0.0140869     
-0.0139526     -0.0140015     -0.0141357     -0.0140747     
-0.0141846     -0.0141113     -0.0141602     -0.0141602     
-0.0140625     -0.0140381     -0.0140869     -0.0140137     
-0.0140015     -0.0139648     -0.0140259     -0.0140869     
-0.0140137     -0.0139404     -0.0141357     -0.0141846     
-0.0141357     -0.0141479     -0.0143188     -0.0143311     
-0.0141479     -0.0141724     -0.0143311     -0.0142578     
-0.0141968     -0.0140625     -0.0141846     -0.0141357     
-0.0139282     -0.0138062     -0.0139526     -0.0137695     
-0.0137329     -0.0135498     -0.0136841     -0.0136108     
-0.0133789     -0.0133789     -0.0134644     -0.0133057     
-0.0133301     -0.0133179     -0.0133423     -0.0133789     
-0.0131836     -0.013147     -0.013269     -0.0131958     
-0.0133179     -0.0130737     -0.013269     -0.0132568     
-0.0131348     -0.0130859     -0.0133423     -0.0133301     
-0.013208     -0.0132568     -0.0133667     -0.0133301     
-0.0133423     -0.013269     -0.0134277     -0.0133179     
-0.0132324     -0.0131348     -0.0130859     -0.0131348     
-0.012854     -0.0126587     -0.0128174     -0.0126831     
-0.0125244     -0.0123413     -0.0124268     -0.0122803     
-0.012146     -0.0120239     -0.012085     -0.0119751     
-0.0118896     -0.0117676     -0.011792     -0.0118286     
-0.0116211     -0.0115479     -0.0116699     -0.0116577     
-0.0117065     -0.0116333     -0.0117065     -0.0117188     
-0.011731     -0.0117676     -0.0119263     -0.0119873     
-0.0120361     -0.0120117     -0.012207     -0.0122192     
-0.0121704     -0.0121094     -0.0123657     -0.0121826     
-0.0122681     -0.0120728     -0.0120728     -0.0120728     
-0.0119629     -0.0118286     -0.0118774     -0.0118042     
-0.0117432     -0.0115356     -0.0115234     -0.0116211     
-0.011377     -0.0114014     -0.0115601     -0.0114258     
-0.0115112     -0.0114746     -0.0115479     -0.0116333     
-0.0115723     -0.0114746     -0.0115967     -0.0116089     
-0.0115356     -0.0114624     -0.0113892     -0.0113159     
-0.0111084     -0.0109009     -0.0110107     -0.0108887     
-0.0107666     -0.0107544     -0.0107788     -0.0107788     
-0.0106934     -0.0107544     -0.0108887     -0.0110229     
-0.0110107     -0.0110718     -0.0112549     -0.0113403     
-0.0112183     -0.0111938     -0.0114624     -0.0112671     
-0.0112915     -0.0111816     -0.0112183     -0.0112671     
-0.0110352     -0.0110107     -0.0110718     -0.0109985     
-0.0109253     -0.0107666     -0.0108643     -0.0108765     
-0.0105957     -0.0104858     -0.0105469     -0.010437     
-0.0104248     -0.0101563     -0.0101929     -0.0100586     
-0.00994873     -0.00981445     -0.00993652     -0.0097168     
-0.00970459     -0.00957031     -0.00959473     -0.00948486     
-0.00936279     -0.00930176     -0.00952148     -0.00939941     
-0.00935059     -0.00932617     -0.00943604     -0.00949707     
-0.00938721     -0.00935059     -0.00942383     -0.00944824     
-0.00939941     -0.00949707     -0.00939941     -0.0095459     
-0.00938721     -0.00936279     -0.00959473     -0.00946045     
-0.0097168     -0.00958252     -0.00968018     -0.00965576     
-0.00976563     -0.00965576     -0.00979004     -0.00981445     
-0.00969238     -0.00960693     -0.00965576     -0.00959473     
-0.009375     -0.00928955     -0.00933838     -0.00932617     
-0.00927734     -0.00916748     -0.00926514     -0.00915527     
-0.00916748     -0.00911865     -0.00914307     -0.00909424     
-0.00905762     -0.00882568     -0.00894775     -0.00883789     
-0.00863037     -0.00849609     -0.00864258     -0.00860596     
-0.00852051     -0.0083374     -0.00853271     -0.0086792     
-0.0085083     -0.00864258     -0.00883789     -0.00891113     
-0.00900879     -0.00909424     -0.00921631     -0.00942383     
-0.009375     -0.00936279     -0.00947266     -0.00959473     
-0.00969238     -0.00947266     -0.00958252     -0.00968018     
-0.00942383     -0.00925293     -0.00952148     -0.00933838     
-0.00933838     -0.00925293     -0.00930176     -0.00932617     
-0.00913086     -0.00909424     -0.00925293     -0.00926514     
-0.00921631     -0.00925293     -0.00925293     -0.009375     
-0.00922852     -0.00922852     -0.00932617     -0.00922852     
-0.00921631     -0.00914307     -0.00927734     -0.00924072     
-0.00897217     -0.00895996     -0.00909424     -0.009021     
-0.00906982     -0.00897217     -0.00911865     -0.00911865     
-0.00895996     -0.00900879     -0.00906982     -0.00904541     
-0.00906982     -0.00891113     -0.00891113     -0.00893555     
-0.00875244     -0.00877686     -0.00875244     -0.00872803     
-0.00863037     -0.00855713     -0.00863037     -0.0086792     
-0.00871582     -0.00856934     -0.00877686     -0.00878906     
-0.00893555     -0.00887451     -0.00910645     -0.00913086     
-0.0090332     -0.00900879     -0.00922852     -0.00926514     
-0.00933838     -0.00931396     -0.00935059     -0.00938721     
-0.00926514     -0.00927734     -0.009375     -0.00935059     
-0.009375     -0.00928955     -0.00932617     -0.00941162     
-0.00925293     -0.00911865     -0.00938721     -0.00942383     
-0.00941162     -0.00935059     -0.00941162     -0.00944824     
-0.00938721     -0.00926514     -0.00942383     -0.00943604     
-0.00938721     -0.00941162     -0.00946045     -0.00955811     
-0.009375     -0.00941162     -0.00965576     -0.00965576     
-0.00963135     -0.0095459     -0.00966797     -0.00976563     
-0.009729     -0.00953369     -0.00974121     -0.00969238     
-0.00963135     -0.00948486     -0.00964355     -0.00952148     
-0.00933838     -0.00936279     -0.00938721     -0.00935059     
-0.00930176     -0.0092041     -0.00928955     -0.00936279     
-0.0092041     -0.00926514     -0.00938721     -0.00938721     
-0.00949707     -0.00935059     -0.00952148     -0.00947266     
-0.00938721     -0.009375     -0.00948486     -0.00938721     
-0.00952148     -0.00931396     -0.00938721     -0.00941162     
-0.00925293     -0.00914307     -0.00933838     -0.00939941     
-0.00941162     -0.00942383     -0.00948486     -0.00960693     
-0.00950928     -0.00938721     -0.00947266     -0.00949707     
-0.00939941     -0.00925293     -0.00936279     -0.00925293     
-0.00895996     -0.009021     -0.00910645     -0.00892334     
-0.00894775     -0.00882568     -0.00900879     -0.0090332     
-0.00892334     -0.00891113     -0.00916748     -0.0090332     
-0.00910645     -0.00898438     -0.00910645     -0.00899658     
-0.00893555     -0.00889893     -0.00887451     -0.00891113     
-0.00881348     -0.00861816     -0.00877686     -0.00883789     
-0.0086792     -0.00856934     -0.00881348     -0.00883789     
-0.00895996     -0.00877686     -0.0090332     -0.00917969     
-0.00909424     -0.00915527     -0.009375     -0.00931396     
-0.00938721     -0.00931396     -0.00952148     -0.00955811     
-0.00932617     -0.00936279     -0.00941162     -0.00944824     
-0.00947266     -0.00935059     -0.00933838     -0.00950928     
-0.00925293     -0.00910645     -0.00914307     -0.00899658     
-0.009021     -0.00875244     -0.00880127     -0.00880127     
-0.00860596     -0.00844727     -0.00858154     -0.00849609     
-0.00855713     -0.00838623     -0.00856934     -0.00861816     
-0.00863037     -0.00847168     -0.00872803     -0.00872803     
-0.00864258     -0.00870361     -0.00876465     -0.00874023     
-0.00853271     -0.00848389     -0.00870361     -0.00871582     
-0.0086792     -0.00863037     -0.00881348     -0.00891113     
-0.00875244     -0.00870361     -0.00894775     -0.00893555     
-0.00892334     -0.00878906     -0.00889893     -0.00876465     
-0.00861816     -0.00865479     -0.00866699     -0.0086792     
-0.00864258     -0.00856934     -0.00863037     -0.00869141     
-0.00854492     -0.00864258     -0.00882568     -0.0088623     
-0.00893555     -0.00895996     -0.00908203     -0.00913086     
-0.00899658     -0.00898438     -0.00909424     -0.00892334     
-0.00895996     -0.00876465     -0.00882568     -0.00877686     
-0.00861816     -0.00863037     -0.00880127     -0.0086792     
-0.00883789     -0.00887451     -0.00888672     -0.00913086     
-0.00910645     -0.00914307     -0.00921631     -0.0092041     
-0.00924072     -0.00915527     -0.00916748     -0.00913086     
-0.00906982     -0.00887451     -0.0090332     -0.00900879     
-0.00888672     -0.00888672     -0.00899658     -0.00899658     
-0.00899658     -0.0088623     -0.00908203     -0.00906982     
-0.00911865     -0.00900879     -0.00911865     -0.00913086     
-0.00891113     -0.00880127     -0.00883789     -0.00863037     
-0.00849609     -0.00836182     -0.00828857     -0.0081665     
-0.00787354     -0.00772705     -0.00788574     -0.00770264     
-0.00770264     -0.00748291     -0.0076416     -0.00765381     
-0.00753174     -0.00765381     -0.00769043     -0.0078125     
-0.00782471     -0.00780029     -0.00797119     -0.00804443     
-0.00793457     -0.00805664     -0.00822754     -0.00826416     
-0.00828857     -0.00819092     -0.00842285     -0.00856934     
-0.00844727     -0.00838623     -0.00858154     -0.00863037     
-0.00863037     -0.00849609     -0.00866699     -0.00872803     
-0.00859375     -0.00853271     -0.00866699     -0.00860596     
-0.0085083     -0.00823975     -0.00820313     -0.00828857     
-0.0079834     -0.00783691     -0.00789795     -0.00772705     
-0.00762939     -0.0076416     -0.00770264     -0.00767822     
-0.00761719     -0.00753174     -0.00788574     -0.00782471     
-0.00793457     -0.00787354     -0.0079834     -0.00805664     
-0.0079834     -0.00786133     -0.00802002     -0.00804443     
-0.00799561     -0.00792236     -0.00803223     -0.00800781     
-0.00789795     -0.00786133     -0.00795898     -0.00800781     
-0.00799561     -0.00791016     -0.00794678     -0.00808105     
-0.00793457     -0.00792236     -0.00797119     -0.00791016     
-0.00797119     -0.00775146     -0.00786133     -0.00782471     
-0.00761719     -0.00760498     -0.0076416     -0.00750732     
-0.00756836     -0.00740967     -0.0074585     -0.00756836     
-0.00749512     -0.00751953     -0.00773926     -0.00777588     
-0.00782471     -0.00795898     -0.00803223     -0.00821533     
-0.00823975     -0.00828857     -0.00844727     -0.00843506     
-0.00843506     -0.00841064     -0.00849609     -0.00842285     
-0.00825195     -0.00820313     -0.00825195     -0.00805664     
-0.00800781     -0.00784912     -0.00788574     -0.00789795     
-0.00769043     -0.0076416     -0.00776367     -0.00778809     
-0.00773926     -0.00766602     -0.00769043     -0.00776367     
-0.00759277     -0.00738525     -0.00753174     -0.00732422     
-0.00727539     -0.00720215     -0.00726318     -0.00716553     
-0.00698242     -0.00698242     -0.00704346     -0.00704346     
-0.00698242     -0.00687256     -0.00705566     -0.00705566     
-0.00690918     -0.00683594     -0.0069458     -0.0069458     
-0.00693359     -0.00687256     -0.00699463     -0.00692139     
-0.00689697     -0.00698242     -0.00715332     -0.00712891     
-0.00718994     -0.00718994     -0.00731201     -0.00722656     
-0.00726318     -0.00716553     -0.00732422     -0.00715332     
-0.00725098     -0.00709229     -0.00716553     -0.00726318     
-0.00705566     -0.00700684     -0.0071167     -0.00706787     
-0.00703125     -0.00693359     -0.00701904     -0.00703125     
-0.00692139     -0.00689697     -0.00714111     -0.00706787     
-0.00715332     -0.00718994     -0.00742188     -0.00739746     
-0.00737305     -0.00736084     -0.00760498     -0.00767822     
-0.00759277     -0.00751953     -0.00760498     -0.00759277     
-0.00748291     -0.00732422     -0.00743408     -0.0072876     
-0.00714111     -0.00706787     -0.00705566     -0.00700684     
-0.00682373     -0.00687256     -0.00687256     -0.00692139     
-0.00686035     -0.00684814     -0.0069458     -0.00704346     
-0.00697021     -0.00690918     -0.00722656     -0.00722656     
-0.00726318     -0.00712891     -0.00718994     -0.00721436     
-0.00714111     -0.00703125     -0.00712891     -0.00712891     
-0.00705566     -0.00695801     -0.00705566     -0.00718994     
-0.00709229     -0.0071167     -0.00721436     -0.00716553     
-0.00716553     -0.00705566     -0.00709229     -0.0071167     
-0.00697021     -0.00689697     -0.00706787     -0.00686035     
-0.00692139     -0.00683594     -0.00687256     -0.0069458     
-0.00679932     -0.00675049     -0.00698242     -0.00689697     
-0.00683594     -0.00679932     -0.00679932     -0.00688477     
-0.00672607     -0.00665283     -0.00672607     -0.00667725     
-0.006604     -0.006604     -0.00656738     -0.00657959     
-0.00638428     -0.00638428     -0.006604     -0.00640869     
-0.00667725     -0.00662842     -0.00673828     -0.00681152     
-0.00681152     -0.00682373     -0.00712891     -0.00710449     
-0.00715332     -0.00723877     -0.00742188     -0.0074707     
-0.00734863     -0.00736084     -0.00739746     -0.00736084     
-0.00723877     -0.00709229     -0.00700684     -0.00684814     
-0.00666504     -0.00650635     -0.00654297     -0.00639648     
-0.00633545     -0.00615234     -0.00616455     -0.00626221     
-0.00618896     -0.0060791     -0.00634766     -0.00629883     
-0.00639648     -0.00634766     -0.00649414     -0.00668945     
-0.00655518     -0.00657959     -0.00682373     -0.00679932     
-0.00670166     -0.00671387     -0.00689697     -0.00704346     
-0.00675049     -0.00665283     -0.00690918     -0.00683594     
-0.00693359     -0.00671387     -0.00687256     -0.00688477     
-0.00670166     -0.00657959     -0.00682373     -0.00665283     
-0.00667725     -0.00662842     -0.00666504     -0.00672607     
-0.00664063     -0.00654297     -0.00679932     -0.00678711     
-0.00673828     -0.00687256     -0.00706787     -0.00718994     
-0.00718994     -0.00712891     -0.00738525     -0.00743408     
-0.00761719     -0.00754395     -0.00773926     -0.00780029     
-0.00777588     -0.00761719     -0.00780029     -0.00772705     
-0.0078125     -0.00754395     -0.00762939     -0.00748291     
-0.0072876     -0.00714111     -0.00706787     -0.00703125     
-0.0069458     -0.00687256     -0.00688477     -0.00689697     
-0.00687256     -0.00689697     -0.00698242     -0.00699463     
-0.00708008     -0.00705566     -0.00726318     -0.00712891     
-0.00698242     -0.00709229     -0.00712891     -0.00704346     
-0.00709229     -0.00695801     -0.00712891     -0.00717773     
-0.00703125     -0.00698242     -0.00720215     -0.00722656     
-0.0072998     -0.00731201     -0.00738525     -0.00758057     
-0.00740967     -0.00742188     -0.0076416     -0.00760498     
-0.00762939     -0.00760498     -0.00762939     -0.0076416     
-0.00756836     -0.00737305     -0.00748291     -0.00744629     
-0.00738525     -0.00716553     -0.00740967     -0.00739746     
-0.00722656     -0.00717773     -0.00734863     -0.00734863     
-0.00726318     -0.00725098     -0.0072876     -0.00743408     
-0.0072876     -0.00725098     -0.00733643     -0.00733643     
-0.00727539     -0.00717773     -0.00723877     -0.00720215     
-0.00703125     -0.00684814     -0.00709229     -0.0071167     
-0.00709229     -0.00690918     -0.00725098     -0.00732422     
-0.00705566     -0.00712891     -0.00723877     -0.00721436     
-0.00714111     -0.00698242     -0.00700684     -0.00708008     
-0.00684814     -0.00668945     -0.0067749     -0.00681152     
-0.00670166     -0.00657959     -0.00675049     -0.00673828     
-0.00675049     -0.00662842     -0.00681152     -0.00673828     
-0.00686035     -0.00667725     -0.00678711     -0.00682373     
-0.00670166     -0.00671387     -0.0069458     -0.00686035     
-0.00689697     -0.00679932     -0.00692139     -0.00710449     
-0.00704346     -0.00703125     -0.00722656     -0.00726318     
-0.00725098     -0.00736084     -0.00734863     -0.00750732     
-0.00738525     -0.0072876     -0.00748291     -0.00732422     
-0.00737305     -0.0072876     -0.00733643     -0.00722656     
-0.00721436     -0.00709229     -0.00712891     -0.00716553     
-0.00723877     -0.00714111     -0.00720215     -0.00726318     
-0.00714111     -0.0071167     -0.00725098     -0.0072876     
-0.00732422     -0.00722656     -0.00739746     -0.00742188     
-0.00736084     -0.00742188     -0.00750732     -0.0074707     
-0.00761719     -0.00760498     -0.00776367     -0.00783691     
-0.00759277     -0.00759277     -0.0078125     -0.00769043     
-0.0076416     -0.00738525     -0.0074707     -0.00734863     
-0.00705566     -0.00698242     -0.00710449     -0.00700684     
-0.00697021     -0.00684814     -0.00695801     -0.00699463     
-0.00682373     -0.00684814     -0.00695801     -0.00678711     
-0.00681152     -0.0065918     -0.00675049     -0.00668945     
-0.0064209     -0.00626221     -0.00644531     -0.00629883     
-0.00623779     -0.00614014     -0.00616455     -0.00610352     
-0.0059082     -0.0059082     -0.00603027     -0.00584717     
-0.00588379     -0.00593262     -0.00583496     -0.00599365     
-0.00587158     -0.00582275     -0.00610352     -0.00620117     
-0.00625     -0.00633545     -0.0064209     -0.00651855     
-0.00644531     -0.00640869     -0.0065918     -0.0065918     
-0.00661621     -0.00648193     -0.00650635     -0.00648193     
-0.00638428     -0.00632324     -0.00631104     -0.00623779     
-0.00617676     -0.00604248     -0.00606689     -0.00615234     
-0.00598145     -0.00594482     -0.00614014     -0.00609131     
-0.00606689     -0.00604248     -0.00634766     -0.00631104     
-0.00631104     -0.00633545     -0.00646973     -0.00633545     
-0.00643311     -0.00632324     -0.00632324     -0.00632324     
-0.00614014     -0.00610352     -0.00622559     -0.00604248     
-0.00615234     -0.00605469     -0.00596924     -0.00620117     
-0.00603027     -0.00601807     -0.00621338     -0.00620117     
-0.00628662     -0.00617676     -0.00639648     -0.00649414     
-0.00639648     -0.00634766     -0.00654297     -0.00643311     
-0.00650635     -0.00643311     -0.00649414     -0.00649414     
-0.00640869     -0.00628662     -0.00645752     -0.00638428     
-0.00638428     -0.00627441     -0.00637207     -0.00644531     
-0.00628662     -0.00634766     -0.00640869     -0.00640869     
-0.00644531     -0.00628662     -0.00638428     -0.00640869     
-0.00621338     -0.00610352     -0.00632324     -0.00617676     
-0.00617676     -0.00606689     -0.00629883     -0.00618896     
-0.00610352     -0.00606689     -0.00625     -0.00625     
-0.00621338     -0.00600586     -0.00617676     -0.00616455     
-0.0059082     -0.00587158     -0.00600586     -0.0059082     
-0.00582275     -0.00562744     -0.00574951     -0.00582275     
-0.00570068     -0.00565186     -0.00581055     -0.00568848     
-0.00577393     -0.00570068     -0.00583496     -0.005896     
-0.00585938     -0.00576172     -0.00595703     -0.00588379     
-0.0059082     -0.00577393     -0.00581055     -0.00588379     
-0.00574951     -0.00557861     -0.00563965     -0.00552979     
-0.00556641     -0.00549316     -0.00551758     -0.00557861     
-0.00546875     -0.00554199     -0.00565186     -0.00560303     
-0.00568848     -0.00551758     -0.00567627     -0.0057251     
-0.00566406     -0.00543213     -0.00560303     -0.00554199     
-0.00549316     -0.00539551     -0.00541992     -0.00541992     
-0.00529785     -0.00527344     -0.0053833     -0.00533447     
-0.00532227     -0.00526123     -0.00532227     -0.00526123     
-0.0052124     -0.00518799     -0.00528564     -0.00526123     
-0.00535889     -0.00526123     -0.00540771     -0.00557861     
-0.00540771     -0.00534668     -0.00550537     -0.00551758     
-0.00562744     -0.00550537     -0.00560303     -0.0057373     
-0.0055542     -0.00565186     -0.00578613     -0.00581055     
-0.00585938     -0.00571289     -0.00595703     -0.00614014     
-0.00596924     -0.00593262     -0.00604248     -0.00609131     
-0.00618896     -0.00595703     -0.00620117     -0.00616455     
-0.00601807     -0.00587158     -0.0060791     -0.00600586     
-0.00604248     -0.00587158     -0.00588379     -0.00606689     
-0.00592041     -0.00578613     -0.00600586     -0.00604248     
-0.00609131     -0.00604248     -0.00616455     -0.00633545     
-0.00618896     -0.00611572     -0.00635986     -0.00631104     
-0.00627441     -0.00615234     -0.00617676     -0.00611572     
-0.00606689     -0.00593262     -0.00606689     -0.00592041     
-0.00592041     -0.00588379     -0.00612793     -0.00611572     
-0.00611572     -0.00628662     -0.00643311     -0.00653076     
-0.00678711     -0.00678711     -0.00689697     -0.00698242     
-0.00684814     -0.00687256     -0.00701904     -0.00692139     
-0.00692139     -0.00668945     -0.00679932     -0.00668945     
-0.00655518     -0.00640869     -0.00649414     -0.00645752     
-0.00653076     -0.00634766     -0.00646973     -0.00653076     
-0.0064209     -0.00645752     -0.0065918     -0.00648193     
-0.00651855     -0.00645752     -0.00649414     -0.00656738     
-0.00629883     -0.00635986     -0.00644531     -0.00628662     
-0.00617676     -0.00609131     -0.00604248     -0.00603027     
-0.005896     -0.00568848     -0.0057373     -0.00571289     
-0.00560303     -0.00546875     -0.00551758     -0.00561523     
-0.00548096     -0.00533447     -0.0055542     -0.00560303     
-0.00551758     -0.00554199     -0.00563965     -0.00582275     
-0.00559082     -0.00551758     -0.00560303     -0.00563965     
-0.00560303     -0.00560303     -0.00556641     -0.0057251     
-0.00571289     -0.00566406     -0.00588379     -0.00601807     
-0.00620117     -0.00618896     -0.00637207     -0.00654297     
-0.00655518     -0.00655518     -0.00678711     -0.00687256     
-0.00686035     -0.00672607     -0.00679932     -0.00689697     
-0.00662842     -0.00673828     -0.00670166     -0.00670166     
-0.00656738     -0.00640869     -0.00646973     -0.00650635     
-0.00635986     -0.00629883     -0.00640869     -0.00640869     
-0.00654297     -0.00650635     -0.00656738     -0.00671387     
-0.00665283     -0.00675049     -0.00703125     -0.00690918     
-0.00695801     -0.00690918     -0.00697021     -0.00712891     
-0.00690918     -0.00686035     -0.00690918     -0.0067627     
-0.0067749     -0.00667725     -0.006604     -0.00661621     
-0.00637207     -0.00627441     -0.00632324     -0.00625     
-0.00625     -0.00603027     -0.00604248     -0.00604248     
-0.00599365     -0.00579834     -0.00585938     -0.00578613     
-0.00587158     -0.00567627     -0.00579834     -0.00581055     
-0.00566406     -0.00565186     -0.00583496     -0.00577393     
-0.00571289     -0.00581055     -0.00583496     -0.0057251     
-0.00552979     -0.00546875     -0.00560303     -0.00559082     
-0.00556641     -0.00546875     -0.00559082     -0.00563965     
-0.00549316     -0.0055542     -0.00584717     -0.00584717     
-0.00594482     -0.00601807     -0.00617676     -0.00626221     
-0.00617676     -0.00615234     -0.00626221     -0.00627441     
-0.00620117     -0.00600586     -0.00600586     -0.00596924     
-0.0057251     -0.00557861     -0.00563965     -0.00560303     
-0.00552979     -0.00534668     -0.00557861     -0.00557861     
-0.00551758     -0.00540771     -0.00571289     -0.0057251     
-0.00581055     -0.00579834     -0.00582275     -0.00592041     
-0.00579834     -0.00556641     -0.00567627     -0.00557861     
-0.00539551     -0.00533447     -0.00518799     -0.00528564     
-0.00511475     -0.00493164     -0.00513916     -0.00517578     
-0.00515137     -0.00513916     -0.00543213     -0.00535889     
-0.00537109     -0.00541992     -0.00561523     -0.00560303     
-0.00565186     -0.0055542     -0.00571289     -0.00550537     
-0.00540771     -0.00533447     -0.00533447     -0.00532227     
-0.00512695     -0.00510254     -0.0050415     -0.0050293     
-0.00489502     -0.00483398     -0.00491943     -0.00491943     
-0.00490723     -0.00480957     -0.00488281     -0.00483398     
-0.00479736     -0.00473633     -0.00487061     -0.00479736     
-0.00490723     -0.00489502     -0.00490723     -0.00511475     
-0.00498047     -0.00500488     -0.00518799     -0.00518799     
-0.00515137     -0.00518799     -0.00523682     -0.00534668     
-0.00501709     -0.00501709     -0.00517578     -0.00506592     
-0.00499268     -0.00498047     -0.00487061     -0.0048584     
-0.00477295     -0.00466309     -0.00482178     -0.00474854     
-0.00473633     -0.00471191     -0.0048584     -0.00493164     
-0.00493164     -0.00483398     -0.00499268     -0.0050415     
-0.00512695     -0.00506592     -0.0052124     -0.00523682     
-0.00509033     -0.00511475     -0.00528564     -0.00529785     
-0.00534668     -0.00534668     -0.0053833     -0.00549316     
-0.00545654     -0.00524902     -0.00546875     -0.00548096     
-0.00543213     -0.00533447     -0.00541992     -0.00537109     
-0.00522461     -0.0050415     -0.00518799     -0.00512695     
-0.00512695     -0.00505371     -0.00509033     -0.00518799     
-0.00506592     -0.00505371     -0.00513916     -0.00522461     
-0.00528564     -0.0052124     -0.00537109     -0.00545654     
-0.00537109     -0.00535889     -0.00554199     -0.00544434     
-0.00535889     -0.00541992     -0.00546875     -0.00543213     
-0.00518799     -0.00515137     -0.00529785     -0.00515137     
-0.00513916     -0.00511475     -0.00506592     -0.00524902     
-0.00509033     -0.00507813     -0.0052002     -0.0052002     
-0.00523682     -0.0052124     -0.00524902     -0.00543213     
-0.00531006     -0.00524902     -0.00543213     -0.00531006     
-0.0053833     -0.00529785     -0.0053833     -0.0053833     
-0.00526123     -0.00513916     -0.00534668     -0.00524902     
-0.00531006     -0.00516357     -0.0052002     -0.00524902     
-0.00516357     -0.00510254     -0.00522461     -0.0052124     
-0.00512695     -0.00516357     -0.00524902     -0.00524902     
-0.00518799     -0.00507813     -0.00535889     -0.00518799     
-0.00522461     -0.00511475     -0.00515137     -0.00516357     
-0.00499268     -0.0050293     -0.00515137     -0.0050293     
-0.00510254     -0.00501709     -0.00526123     -0.00528564     
-0.00516357     -0.00512695     -0.00540771     -0.0053833     
-0.00537109     -0.00529785     -0.00533447     -0.00543213     
-0.00533447     -0.00526123     -0.00539551     -0.00540771     
-0.00543213     -0.00533447     -0.00559082     -0.00565186     
-0.00559082     -0.00550537     -0.00587158     -0.0057251     
-0.00581055     -0.00568848     -0.00585938     -0.00587158     
-0.00570068     -0.00560303     -0.00578613     -0.00579834     
-0.00579834     -0.00578613     -0.00594482     -0.00601807     
-0.00594482     -0.00593262     -0.00623779     -0.00628662     
-0.00632324     -0.00618896     -0.00631104     -0.00633545     
-0.00616455     -0.00610352     -0.00611572     -0.00599365     
-0.00598145     -0.00583496     -0.00583496     -0.00579834     
-0.00552979     -0.00533447     -0.00534668     -0.00529785     
-0.0052002     -0.00500488     -0.00491943     -0.00501709     
-0.00488281     -0.00476074     -0.00498047     -0.00495605     
-0.0050415     -0.00501709     -0.00511475     -0.00529785     
-0.00533447     -0.00529785     -0.00551758     -0.00549316     
-0.00549316     -0.00549316     -0.00551758     -0.00560303     
-0.00543213     -0.00528564     -0.00545654     -0.00534668     
-0.00540771     -0.00524902     -0.00523682     -0.00537109     
-0.00500488     -0.00501709     -0.00505371     -0.00490723     
-0.00490723     -0.00484619     -0.00488281     -0.00490723     
-0.00478516     -0.00469971     -0.00493164     -0.00498047     
-0.00487061     -0.00493164     -0.00527344     -0.0053833     
-0.00527344     -0.00531006     -0.00563965     -0.00559082     
-0.00563965     -0.00561523     -0.00577393     -0.00574951     
-0.00556641     -0.00554199     -0.00566406     -0.00566406     
-0.00562744     -0.00552979     -0.00562744     -0.00560303     
-0.00549316     -0.0053833     -0.00561523     -0.00557861     
-0.00554199     -0.0055542     -0.00571289     -0.00561523     
-0.00561523     -0.00548096     -0.00568848     -0.00574951     
-0.0057373     -0.00570068     -0.00577393     -0.00593262     
-0.00577393     -0.00574951     -0.00592041     -0.00582275     
-0.00587158     -0.00577393     -0.00579834     -0.00587158     
-0.00570068     -0.0055542     -0.00563965     -0.00543213     
-0.00544434     -0.00529785     -0.00534668     -0.00531006     
-0.00512695     -0.00509033     -0.00526123     -0.00518799     
-0.00534668     -0.00531006     -0.00540771     -0.00551758     
-0.00539551     -0.00548096     -0.00551758     -0.00550537     
-0.00548096     -0.0053833     -0.00534668     -0.00533447     
-0.00513916     -0.00494385     -0.00507813     -0.00490723     
-0.00500488     -0.00476074     -0.00489502     -0.00483398     
-0.00482178     -0.00474854     -0.00483398     -0.00488281     
-0.00489502     -0.00482178     -0.00495605     -0.00491943     
-0.00488281     -0.00493164     -0.00505371     -0.00515137     
-0.00528564     -0.00539551     -0.00548096     -0.00560303     
-0.00570068     -0.00570068     -0.00588379     -0.00593262     
-0.00605469     -0.00588379     -0.00617676     -0.00622559     
-0.00599365     -0.00596924     -0.00612793     -0.00605469     
-0.00601807     -0.00578613     -0.00578613     -0.0057251     
-0.0055542     -0.0053833     -0.00541992     -0.00533447     
-0.00532227     -0.00511475     -0.00517578     -0.00539551     
-0.00518799     -0.00516357     -0.00535889     -0.00537109     
-0.00551758     -0.00544434     -0.00560303     -0.00565186     
-0.00552979     -0.00539551     -0.00566406     -0.00550537     
-0.00539551     -0.0052002     -0.00526123     -0.0052124     
-0.00496826     -0.00474854     -0.00487061     -0.00474854     
-0.00471191     -0.00461426     -0.00461426     -0.00484619     
-0.00478516     -0.00465088     -0.00506592     -0.00500488     
-0.00501709     -0.00506592     -0.00533447     -0.00528564     
-0.0052002     -0.00515137     -0.00535889     -0.00522461     
-0.0052002     -0.00507813     -0.00509033     -0.00512695     
-0.00493164     -0.00489502     -0.00501709     -0.00500488     
-0.00499268     -0.00495605     -0.00500488     -0.00507813     
-0.00494385     -0.0050293     -0.00513916     -0.00512695     
-0.00515137     -0.00518799     -0.00535889     -0.00537109     
-0.00539551     -0.00532227     -0.00552979     -0.00543213     
-0.0055542     -0.0053833     -0.00539551     -0.00537109     
-0.00529785     -0.00512695     -0.00524902     -0.00499268     
-0.00501709     -0.00498047     -0.00478516     -0.00489502     
-0.00465088     -0.00463867     -0.00488281     -0.00469971     
-0.0048584     -0.00478516     -0.00491943     -0.00495605     
-0.00488281     -0.00477295     -0.00505371     -0.0050293     
-0.00506592     -0.0050415     -0.00516357     -0.0052124     
-0.00523682     -0.00518799     -0.00535889     -0.00540771     
-0.00540771     -0.00540771     -0.00551758     -0.00561523     
-0.00537109     -0.00537109     -0.00545654     -0.00539551     
-0.00528564     -0.00515137     -0.00518799     -0.0052124     
-0.00500488     -0.00487061     -0.00505371     -0.00494385     
-0.00488281     -0.0046875     -0.00487061     -0.00490723     
-0.00482178     -0.00480957     -0.00491943     -0.00499268     
-0.00495605     -0.0048584     -0.00501709     -0.00516357     
-0.00505371     -0.00498047     -0.00511475     -0.00512695     
-0.00517578     -0.0050415     -0.00512695     -0.0052002     
-0.00511475     -0.00498047     -0.00522461     -0.00511475     
-0.00512695     -0.00495605     -0.00496826     -0.00506592     
-0.00491943     -0.00479736     -0.00490723     -0.00474854     
-0.00461426     -0.00461426     -0.00460205     -0.00458984     
-0.00438232     -0.00437012     -0.00443115     -0.00438232     
-0.00439453     -0.00443115     -0.0045166     -0.00457764     
-0.00449219     -0.00455322     -0.00471191     -0.00474854     
-0.00476074     -0.00463867     -0.00484619     -0.00484619     
-0.00476074     -0.00457764     -0.00474854     -0.00474854     
-0.00466309     -0.00456543     -0.00466309     -0.00476074     
-0.00467529     -0.00474854     -0.00480957     -0.00494385     
-0.00483398     -0.00487061     -0.00489502     -0.00491943     
-0.00478516     -0.00466309     -0.0046875     -0.00455322     
-0.00449219     -0.00419922     -0.0041748     -0.00415039     
-0.00394287     -0.00379639     -0.00391846     -0.00372314     
-0.00395508     -0.00386963     -0.00394287     -0.00411377     
-0.00406494     -0.00415039     -0.00428467     -0.00439453     
-0.00449219     -0.00456543     -0.00474854     -0.00482178     
-0.00473633     -0.0046875     -0.0048584     -0.00473633     
-0.00479736     -0.00469971     -0.00480957     -0.00484619     
-0.00458984     -0.00454102     -0.00479736     -0.00460205     
-0.00462646     -0.00450439     -0.00462646     -0.00460205     
-0.00450439     -0.00435791     -0.00455322     -0.00449219     
-0.00457764     -0.00454102     -0.00457764     -0.00462646     
-0.00455322     -0.00455322     -0.00476074     -0.00466309     
-0.00477295     -0.00471191     -0.00483398     -0.00479736     
-0.0046875     -0.00458984     -0.00467529     -0.00465088     
-0.00457764     -0.00450439     -0.00462646     -0.00452881     
-0.00447998     -0.00440674     -0.0045166     -0.00449219     
-0.00457764     -0.00456543     -0.00466309     -0.00469971     
-0.00466309     -0.00467529     -0.00469971     -0.00478516     
-0.00483398     -0.00465088     -0.00469971     -0.00467529     
-0.00455322     -0.00441895     -0.00454102     -0.0043457     
-0.0043457     -0.00408936     -0.00412598     -0.0041626     
-0.00397949     -0.00396729     -0.00424805     -0.00415039     
-0.00428467     -0.00435791     -0.00450439     -0.00472412     
-0.00466309     -0.00478516     -0.00493164     -0.00491943     
-0.00511475     -0.00500488     -0.00509033     -0.00515137     
-0.00505371     -0.00496826     -0.00507813     -0.0050293     
-0.00500488     -0.00496826     -0.00495605     -0.00488281     
-0.00479736     -0.00469971     -0.00477295     -0.00472412     
-0.00469971     -0.00463867     -0.00461426     -0.00463867     
-0.00450439     -0.00441895     -0.00447998     -0.00449219     
-0.00435791     -0.00415039     -0.00427246     -0.00421143     
-0.0039917     -0.00391846     -0.00419922     -0.00411377     
-0.00405273     -0.00406494     -0.00432129     -0.00437012     
-0.00432129     -0.0043335     -0.00450439     -0.00454102     
-0.00456543     -0.00454102     -0.00476074     -0.00483398     
-0.00457764     -0.00462646     -0.00471191     -0.00473633     
-0.00483398     -0.00463867     -0.00479736     -0.00489502     
-0.00483398     -0.00477295     -0.00493164     -0.00487061     
-0.00498047     -0.00490723     -0.00496826     -0.0050293     
-0.0048584     -0.00472412     -0.00496826     -0.00487061     
-0.00482178     -0.00471191     -0.00477295     -0.00489502     
-0.00473633     -0.00469971     -0.00482178     -0.0048584     
-0.0048584     -0.00490723     -0.00507813     -0.00516357     
-0.00498047     -0.00493164     -0.0052002     -0.00501709     
-0.00509033     -0.0050293     -0.00501709     -0.00499268     
-0.00493164     -0.00479736     -0.00505371     -0.00487061     
-0.00494385     -0.00482178     -0.00480957     -0.00489502     
-0.00472412     -0.0046875     -0.00471191     -0.00463867     
-0.00466309     -0.00455322     -0.00458984     -0.00457764     
-0.0045166     -0.00438232     -0.00449219     -0.00450439     
-0.00454102     -0.00446777     -0.00472412     -0.00488281     
-0.00476074     -0.00478516     -0.00506592     -0.00510254     
-0.0052002     -0.00513916     -0.00522461     -0.00537109     
-0.00517578     -0.00515137     -0.00526123     -0.00516357     
-0.00513916     -0.00509033     -0.00507813     -0.0052002     
-0.00495605     -0.00498047     -0.00510254     -0.00509033     
-0.00506592     -0.00494385     -0.0050415     -0.00509033     
-0.00483398     -0.00472412     -0.00499268     -0.00493164     
-0.00487061     -0.00483398     -0.00489502     -0.00500488     
-0.00487061     -0.00480957     -0.00507813     -0.00506592     
-0.00499268     -0.00501709     -0.00499268     -0.00500488     
-0.00487061     -0.00471191     -0.00480957     -0.00467529     
-0.00460205     -0.00447998     -0.00458984     -0.00457764     
-0.00447998     -0.00447998     -0.00460205     -0.00463867     
-0.00469971     -0.00467529     -0.00473633     -0.00477295     
-0.00472412     -0.00476074     -0.00478516     -0.00484619     
-0.00480957     -0.00472412     -0.00472412     -0.00469971     
-0.00458984     -0.0045166     -0.00467529     -0.00458984     
-0.00458984     -0.00441895     -0.00450439     -0.00449219     
-0.00443115     -0.00427246     -0.00445557     -0.0043457     
-0.00441895     -0.00428467     -0.00443115     -0.00439453     
-0.00430908     -0.00440674     -0.00461426     -0.00460205     
-0.00467529     -0.00467529     -0.00471191     -0.00489502     
-0.00477295     -0.00478516     -0.00488281     -0.00490723     
-0.00505371     -0.00489502     -0.00501709     -0.00498047     
-0.00489502     -0.00482178     -0.00490723     -0.00479736     
-0.00472412     -0.00450439     -0.00452881     -0.00443115     
-0.00419922     -0.00407715     -0.00408936     -0.00396729     
-0.00388184     -0.00389404     -0.00393066     -0.00400391     
-0.00393066     -0.0039917     -0.00418701     -0.00423584     
-0.00429688     -0.0043335     -0.00444336     -0.00454102     
-0.00456543     -0.00446777     -0.00474854     -0.00471191     
-0.00478516     -0.00466309     -0.0048584     -0.00484619     
-0.00476074     -0.00469971     -0.00479736     -0.00478516     
-0.00488281     -0.00472412     -0.00474854     -0.00482178     
-0.00466309     -0.00462646     -0.00471191     -0.00463867     
-0.00454102     -0.00443115     -0.00445557     -0.0045166     
-0.00430908     -0.00423584     -0.00435791     -0.00423584     
-0.00424805     -0.00419922     -0.00424805     -0.0043335     
-0.00415039     -0.00415039     -0.00443115     -0.0043457     
-0.00440674     -0.00435791     -0.0043457     -0.00445557     
-0.00428467     -0.00413818     -0.00415039     -0.00402832     
-0.00402832     -0.00391846     -0.00383301     -0.00384521     
-0.00375977     -0.00372314     -0.00379639     -0.00379639     
-0.00393066     -0.00393066     -0.00405273     -0.00415039     
-0.0041626     -0.00407715     -0.00424805     -0.00429688     
-0.00421143     -0.0041748     -0.00429688     -0.00427246     
-0.00407715     -0.0039917     -0.00410156     -0.00415039     
-0.00411377     -0.00405273     -0.00406494     -0.00405273     
-0.00402832     -0.00400391     -0.00410156     -0.00401611     
-0.00395508     -0.00389404     -0.0039917     -0.0039917     
-0.00379639     -0.00375977     -0.00379639     -0.0038208     
-0.00388184     -0.00374756     -0.00390625     -0.00404053     
-0.0038208     -0.00389404     -0.00401611     -0.00405273     
-0.00397949     -0.00397949     -0.00394287     -0.00412598     
-0.00395508     -0.00391846     -0.00402832     -0.00410156     
-0.00415039     -0.00405273     -0.0043457     -0.00439453     
-0.00429688     -0.0041748     -0.00457764     -0.00455322     
-0.0045166     -0.00452881     -0.00465088     -0.00465088     
-0.00445557     -0.00441895     -0.00460205     -0.00457764     
-0.00450439     -0.00440674     -0.00446777     -0.00456543     
-0.00435791     -0.00428467     -0.00440674     -0.00428467     
-0.00427246     -0.00419922     -0.00430908     -0.00430908     
-0.00424805     -0.0041748     -0.00427246     -0.0043457     
-0.00441895     -0.00438232     -0.00447998     -0.00452881     
-0.00441895     -0.00445557     -0.00441895     -0.0045166     
-0.00457764     -0.00445557     -0.00447998     -0.00458984     
-0.00439453     -0.00437012     -0.00447998     -0.00440674     
-0.00437012     -0.00428467     -0.00437012     -0.00435791     
-0.00426025     -0.00411377     -0.00435791     -0.00423584     
-0.00423584     -0.00413818     -0.00421143     -0.00424805     
-0.00407715     -0.00415039     -0.00432129     -0.00426025     
-0.00432129     -0.00437012     -0.00437012     -0.00458984     
-0.00444336     -0.00449219     -0.00466309     -0.00456543     
-0.00461426     -0.00452881     -0.00454102     -0.00463867     
-0.00450439     -0.00430908     -0.00456543     -0.00446777     
-0.00432129     -0.00429688     -0.00440674     -0.00443115     
-0.00430908     -0.00428467     -0.00440674     -0.00440674     
-0.00441895     -0.00430908     -0.00449219     -0.00452881     
-0.00435791     -0.00428467     -0.00435791     -0.00423584     
-0.00410156     -0.00402832     -0.00404053     -0.00395508     
-0.00380859     -0.00378418     -0.00388184     -0.00379639     
-0.00393066     -0.00378418     -0.00402832     -0.00404053     
-0.00410156     -0.00402832     -0.00423584     -0.00429688     
-0.0041748     -0.00415039     -0.00424805     -0.00432129     
-0.00408936     -0.00404053     -0.00412598     -0.00411377     
-0.00412598     -0.00400391     -0.00401611     -0.00412598     
-0.00406494     -0.00410156     -0.00421143     -0.00427246     
-0.00441895     -0.00440674     -0.00449219     -0.00461426     
-0.00450439     -0.00460205     -0.00469971     -0.00455322     
-0.00460205     -0.00449219     -0.00439453     -0.00447998     
-0.00435791     -0.00426025     -0.00437012     -0.00430908     
-0.00422363     -0.00424805     -0.00426025     -0.0043335     
-0.00427246     -0.00419922     -0.00439453     -0.00443115     
-0.00450439     -0.00445557     -0.00457764     -0.00458984     
-0.00455322     -0.00441895     -0.00460205     -0.00454102     
-0.00456543     -0.00438232     -0.00458984     -0.00449219     
-0.00449219     -0.00454102     -0.00462646     -0.00480957     
-0.00483398     -0.00471191     -0.00495605     -0.00495605     
-0.00484619     -0.00482178     -0.00494385     -0.00478516     
-0.00467529     -0.00447998     -0.00447998     -0.00439453     
-0.0041626     -0.00408936     -0.00423584     -0.00401611     
-0.00405273     -0.0039917     -0.00401611     -0.00401611     
-0.00384521     -0.00385742     -0.00401611     -0.00390625     
-0.00386963     -0.00385742     -0.00390625     -0.00402832     
-0.0038208     -0.00380859     -0.00402832     -0.00400391     
-0.00407715     -0.00402832     -0.0041748     -0.00426025     
-0.00428467     -0.00412598     -0.00445557     -0.00444336     
-0.00449219     -0.00443115     -0.00458984     -0.00462646     
-0.00457764     -0.00447998     -0.0046875     -0.00462646     
-0.00458984     -0.00450439     -0.00452881     -0.00452881     
-0.00441895     -0.00419922     -0.00439453     -0.00427246     
-0.0043335     -0.0041626     -0.00428467     -0.00428467     
-0.00430908     -0.00418701     -0.00435791     -0.00423584     
-0.00419922     -0.0041748     -0.00432129     -0.00430908     
-0.00419922     -0.0041748     -0.00426025     -0.00430908     
-0.0043335     -0.0043457     -0.00441895     -0.00444336     
-0.0043335     -0.00449219     -0.00457764     -0.00461426     
-0.00447998     -0.00440674     -0.00460205     -0.00461426     
-0.00446777     -0.00435791     -0.00446777     -0.00437012     
-0.00445557     -0.00435791     -0.00444336     -0.00444336     
-0.0043457     -0.00441895     -0.00452881     -0.00449219     
-0.00460205     -0.00458984     -0.00455322     -0.00462646     
-0.00443115     -0.00444336     -0.00454102     -0.00444336     
-0.00445557     -0.00430908     -0.00440674     -0.00456543     
-0.0043457     -0.0043335     -0.00455322     -0.00465088     
-0.00454102     -0.00452881     -0.00466309     -0.0046875     
-0.00447998     -0.00443115     -0.00454102     -0.00450439     
-0.0043457     -0.00424805     -0.00430908     -0.0043457     
-0.00402832     -0.00395508     -0.00411377     -0.00406494     
-0.0039917     -0.00393066     -0.00401611     -0.00407715     
-0.00404053     -0.00390625     -0.00413818     -0.00413818     
-0.00406494     -0.00396729     -0.00421143     -0.0041748     
-0.00408936     -0.00405273     -0.00415039     -0.00419922     
-0.00426025     -0.00410156     -0.00427246     -0.00432129     
-0.00415039     -0.00428467     -0.00427246     -0.00426025     
-0.00428467     -0.00406494     -0.00418701     -0.00413818     
-0.0039917     -0.00390625     -0.00407715     -0.0039917     
-0.00397949     -0.00393066     -0.00404053     -0.00408936     
-0.00396729     -0.00388184     -0.00413818     -0.0039917     
-0.00397949     -0.00397949     -0.00389404     -0.00400391     
-0.00391846     -0.00384521     -0.00404053     -0.00390625     
-0.00404053     -0.00401611     -0.00412598     -0.00441895     
-0.00427246     -0.0043335     -0.00461426     -0.0045166     
-0.00458984     -0.00455322     -0.00466309     -0.00457764     
-0.00454102     -0.0043335     -0.00441895     -0.00432129     
-0.00423584     -0.00411377     -0.00413818     -0.00407715     
-0.00394287     -0.00388184     -0.00391846     -0.00390625     
-0.00377197     -0.00379639     -0.0038208     -0.00380859     
-0.00374756     -0.00367432     -0.00386963     -0.00379639     
-0.00368652     -0.00366211     -0.00373535     -0.00378418     
-0.00367432     -0.00356445     -0.00369873     -0.00362549     
-0.00373535     -0.00366211     -0.0036377     -0.00371094     
-0.00360107     -0.00350342     -0.00368652     -0.00366211     
-0.00371094     -0.00360107     -0.00374756     -0.0039917     
-0.00386963     -0.0038208     -0.00400391     -0.00395508     
-0.00405273     -0.00389404     -0.00402832     -0.00394287     
-0.00383301     -0.0036377     -0.00390625     -0.00367432     
-0.00378418     -0.00371094     -0.00378418     -0.00388184     
-0.00383301     -0.00374756     -0.00395508     -0.00400391     
-0.00396729     -0.0039917     -0.00395508     -0.00405273     
-0.0039917     -0.00378418     -0.00388184     -0.00389404     
-0.00386963     -0.00380859     -0.00389404     -0.0039917     
-0.00384521     -0.00388184     -0.00412598     -0.00407715     
-0.00415039     -0.00413818     -0.00426025     -0.00427246     
-0.00412598     -0.00408936     -0.00424805     -0.00423584     
-0.0041748     -0.00407715     -0.0041748     -0.00427246     
-0.00406494     -0.00410156     -0.00410156     -0.00412598     
-0.00423584     -0.00407715     -0.0041626     -0.00412598     
-0.00406494     -0.00401611     -0.00407715     -0.00402832     
-0.0041748     -0.00400391     -0.00412598     -0.0041626     
-0.00407715     -0.00405273     -0.00419922     -0.00423584     
-0.00415039     -0.00415039     -0.00415039     -0.0041626     
-0.00386963     -0.00388184     -0.00393066     -0.00380859     
-0.0038208     -0.00369873     -0.00373535     -0.0036377     
-0.00362549     -0.003479     -0.00358887     -0.00360107     
-0.00345459     -0.00340576     -0.0034668     -0.00351563     
-0.00354004     -0.00339355     -0.00357666     -0.0036377     
-0.0036499     -0.00372314     -0.00393066     -0.00402832     
-0.00397949     -0.00396729     -0.00408936     -0.00408936     
-0.00410156     -0.00401611     -0.0039917     -0.00394287     
-0.00377197     -0.00366211     -0.00380859     -0.00351563     
-0.00351563     -0.00344238     -0.00355225     -0.00351563     
-0.00334473     -0.00334473     -0.00341797     -0.00344238     
-0.00352783     -0.00341797     -0.00355225     -0.00356445     
-0.0034668     -0.00343018     -0.00352783     -0.00361328     
-0.00358887     -0.00350342     -0.00360107     -0.00378418     
-0.00362549     -0.00357666     -0.00373535     -0.00374756     
-0.00372314     -0.00367432     -0.00375977     -0.00385742     
-0.00361328     -0.00367432     -0.00386963     -0.0036499     
-0.00366211     -0.00360107     -0.00361328     -0.00360107     
-0.00341797     -0.00343018     -0.00341797     -0.003479     
-0.00340576     -0.00339355     -0.003479     -0.0034668     
-0.00338135     -0.00324707     -0.00338135     -0.00325928     
-0.00328369     -0.00317383     -0.00316162     -0.00313721     
-0.00314941     -0.00297852     -0.00324707     -0.00323486     
-0.00319824     -0.00322266     -0.00340576     -0.00345459     
-0.00344238     -0.00354004     -0.00375977     -0.00379639     
-0.00385742     -0.00390625     -0.00405273     -0.00405273     
-0.00400391     -0.00401611     -0.00404053     -0.00391846     
-0.00393066     -0.00379639     -0.00378418     -0.00367432     
-0.00350342     -0.00350342     -0.00355225     -0.00340576     
-0.00340576     -0.00324707     -0.00344238     -0.00355225     
-0.00333252     -0.00328369     -0.00355225     -0.00356445     
-0.00358887     -0.00354004     -0.00361328     -0.00367432     
-0.003479     -0.00344238     -0.00355225     -0.003479     
-0.00351563     -0.00336914     -0.00351563     -0.00340576     
-0.0032959     -0.00303955     -0.00334473     -0.00318604     
-0.00325928     -0.00310059     -0.00319824     -0.00334473     
-0.00318604     -0.00319824     -0.00345459     -0.0034668     
-0.00352783     -0.00362549     -0.0036377     -0.00374756     
-0.00367432     -0.00350342     -0.0036499     -0.00341797     
-0.00338135     -0.0032959     -0.00318604     -0.00313721     
-0.00292969     -0.00283203     -0.00297852     -0.00300293     
-0.00303955     -0.00303955     -0.00323486     -0.00319824     
-0.00313721     -0.00319824     -0.00335693     -0.00328369     
-0.00319824     -0.00321045     -0.00323486     -0.00325928     
-0.003125     -0.00322266     -0.00327148     -0.00335693     
-0.00324707     -0.00334473     -0.00340576     -0.003479     
-0.00339355     -0.00336914     -0.00344238     -0.00334473     
-0.00341797     -0.00324707     -0.00335693     -0.0032959     
-0.00318604     -0.00324707     -0.00327148     -0.00324707     
-0.00334473     -0.00334473     -0.00334473     -0.00350342     
-0.00341797     -0.00345459     -0.00366211     -0.0036499     
-0.00380859     -0.00378418     -0.00391846     -0.00415039     
-0.00397949     -0.00393066     -0.0041748     -0.00412598     
-0.0041626     -0.00402832     -0.00404053     -0.00413818     
-0.00401611     -0.00383301     -0.00390625     -0.00389404     
-0.00368652     -0.0036377     -0.00367432     -0.00374756     
-0.003479     -0.00336914     -0.00352783     -0.00355225     
-0.00352783     -0.00350342     -0.00360107     -0.00371094     
-0.0036499     -0.00366211     -0.00390625     -0.00394287     
-0.00400391     -0.00391846     -0.00412598     -0.00411377     
-0.00404053     -0.00402832     -0.00408936     -0.00407715     
-0.00408936     -0.0039917     -0.00411377     -0.00418701     
-0.00410156     -0.00415039     -0.00424805     -0.00438232     
-0.00443115     -0.00423584     -0.00445557     -0.00454102     
-0.00438232     -0.00444336     -0.00461426     -0.00445557     
-0.00445557     -0.0043457     -0.00440674     -0.00441895     
-0.00428467     -0.00410156     -0.0041748     -0.00406494     
-0.00405273     -0.00391846     -0.00384521     -0.00394287     
-0.00374756     -0.00373535     -0.00368652     -0.00372314     
-0.00369873     -0.00375977     -0.00375977     -0.00385742     
-0.00371094     -0.0036377     -0.00383301     -0.00373535     
-0.00377197     -0.00371094     -0.00367432     -0.00374756     
-0.00356445     -0.0034668     -0.00361328     -0.00355225     
-0.00350342     -0.00355225     -0.00367432     -0.00366211     
-0.00354004     -0.00357666     -0.00368652     -0.00375977     
-0.0036499     -0.00372314     -0.00378418     -0.00375977     
-0.0036377     -0.0036377     -0.00374756     -0.00358887     
-0.00361328     -0.003479     -0.00356445     -0.0036377     
-0.003479     -0.00344238     -0.00355225     -0.00354004     
-0.00369873     -0.00360107     -0.00369873     -0.00388184     
-0.00360107     -0.0036377     -0.00380859     -0.00378418     
-0.00375977     -0.00368652     -0.00368652     -0.00372314     
-0.00360107     -0.00354004     -0.00349121     -0.0034668     
-0.0034668     -0.00341797     -0.00334473     -0.00339355     
-0.00332031     -0.00317383     -0.0034668     -0.00330811     
-0.003479     -0.00327148     -0.00336914     -0.00350342     
-0.003479     -0.00338135     -0.00357666     -0.00357666     
-0.00350342     -0.00350342     -0.0036499     -0.00372314     
-0.00360107     -0.003479     -0.00373535     -0.00371094     
-0.00371094     -0.00373535     -0.00383301     -0.00389404     
-0.00386963     -0.00389404     -0.00410156     -0.00412598     
-0.00413818     -0.0041748     -0.00429688     -0.00426025     
-0.00421143     -0.0041748     -0.00423584     -0.00419922     
-0.0041626     -0.00412598     -0.00408936     -0.00410156     
-0.00395508     -0.00390625     -0.00393066     -0.00386963     
-0.00380859     -0.00361328     -0.00369873     -0.00356445     
-0.00361328     -0.00345459     -0.00350342     -0.00349121     
-0.00361328     -0.0034668     -0.0036377     -0.00372314     
-0.00366211     -0.00357666     -0.00369873     -0.00374756     
-0.00386963     -0.00372314     -0.00374756     -0.00385742     
-0.00368652     -0.00360107     -0.00366211     -0.00352783     
-0.00360107     -0.00341797     -0.00338135     -0.00340576     
-0.00318604     -0.00300293     -0.00318604     -0.00324707     
-0.00323486     -0.00313721     -0.00333252     -0.00339355     
-0.00335693     -0.00332031     -0.00368652     -0.00358887     
-0.00360107     -0.00366211     -0.00368652     -0.00371094     
-0.00360107     -0.00349121     -0.00358887     -0.00356445     
-0.00356445     -0.00349121     -0.00357666     -0.00361328     
-0.00361328     -0.00358887     -0.0038208     -0.00377197     
-0.00380859     -0.00373535     -0.00388184     -0.00390625     
-0.00384521     -0.00374756     -0.00396729     -0.00396729     
-0.00397949     -0.00394287     -0.0039917     -0.00415039     
-0.00391846     -0.00391846     -0.0039917     -0.00407715     
-0.00397949     -0.00380859     -0.00385742     -0.00386963     
-0.00379639     -0.00366211     -0.00388184     -0.00372314     
-0.00384521     -0.00379639     -0.00385742     -0.00384521     
-0.00374756     -0.00372314     -0.00383301     -0.00373535     
-0.00379639     -0.00373535     -0.00368652     -0.00378418     
-0.0038208     -0.00373535     -0.00394287     -0.00400391     
-0.00408936     -0.00423584     -0.00438232     -0.00450439     
-0.00438232     -0.00445557     -0.00463867     -0.00458984     
-0.00456543     -0.00447998     -0.00463867     -0.00439453     
-0.0043335     -0.00418701     -0.00419922     -0.00405273     
-0.0039917     -0.00385742     -0.00388184     -0.00386963     

