Source : transient; Time : Wed Jun 14 06:18:54 2017
B0 = 3180.000000 Gauss, mw = 9.686280 GHz
 NDI-T2 sa261 20/2 42/25 523nm/1mJ
1 5000 -1.001e-06 8.997e-06 0 0
s                        V                                                 
-0.000256348     -0.000183105     -0.000268555     -2.44141e-05     
-1.2207e-05     8.54492e-05     3.66211e-05     0.000341797     
0.000341797     0.00032959     0.000341797     0.000415039     
0.000402832     0.00045166     0.000256348     0.00032959     
0.00032959     0.000195313     0.000183105     0.000158691     
9.76563e-05     -2.44141e-05     -4.88281e-05     -4.88281e-05     
-1.2207e-05     -0.00020752     -0.000354004     -0.000256348     
-0.000402832     -0.000415039     -0.00045166     -0.000366211     
-0.000427246     -0.000439453     -0.000585938     -0.000488281     
-0.000488281     -0.000463867     -0.000512695     -0.000280762     
-0.000463867     -0.000378418     -0.000415039     -0.000354004     
-0.000195313     -0.000317383     -0.000268555     -0.00012207     
-0.000146484     -0.000195313     -0.000146484     0     
0     6.10352e-05     -0.000109863     9.76563e-05     
2.44141e-05     8.54492e-05     -0.000158691     -6.10352e-05     
-8.54492e-05     -0.000268555     -0.000390625     -0.000292969     
-0.000439453     -0.000476074     -0.000598145     -0.000585938     
-0.000524902     -0.000463867     -0.000439453     -0.000244141     
-0.000183105     -0.000146484     1.2207e-05     0.000158691     
0.000268555     0.000366211     0.000366211     0.000488281     
0.000476074     0.000415039     0.000390625     0.000439453     
0.000378418     0.000195313     0.000244141     0.000183105     
9.76563e-05     1.2207e-05     -0.000195313     -6.10352e-05     
-7.32422e-05     -0.000183105     -0.000109863     -0.000146484     
-1.2207e-05     -7.32422e-05     -9.76563e-05     0     
-2.44141e-05     -9.76563e-05     -0.000109863     7.32422e-05     
-7.32422e-05     -0.000109863     -0.000231934     -0.00012207     
-9.76563e-05     -0.000244141     -0.000170898     -4.88281e-05     
-0.000195313     -0.000195313     -0.000317383     -0.000158691     
-0.000195313     -0.000244141     -0.00020752     -0.000256348     
-0.000195313     -0.00032959     -0.000378418     -0.000390625     
-0.000354004     -0.000439453     -0.000549316     -0.000463867     
-0.000476074     -0.000561523     -0.000537109     -0.000402832     
-0.000463867     -0.000415039     -0.000378418     -0.000244141     
-6.10352e-05     -7.32422e-05     3.66211e-05     0.000183105     
0.000256348     0.000390625     0.00045166     0.000634766     
0.000708008     0.000634766     0.000817871     0.000952148     
0.000939941     0.000952148     0.00098877     0.00112305     
0.0010498     0.0010498     0.00102539     0.00109863     
0.00106201     0.00102539     0.000952148     0.00106201     
0.000952148     0.000952148     0.000720215     0.000854492     
0.000732422     0.000683594     0.000756836     0.000622559     
0.000671387     0.000671387     0.000671387     0.000671387     
0.000769043     0.000671387     0.000671387     0.000732422     
0.000732422     0.000622559     0.000585938     0.000598145     
0.000512695     0.000415039     0.000402832     0.000366211     
0.000280762     9.76563e-05     7.32422e-05     6.10352e-05     
-1.2207e-05     -0.000134277     -0.000183105     -8.54492e-05     
-0.000109863     -0.000244141     -0.000146484     -1.2207e-05     
3.66211e-05     0.00012207     0.000158691     0.000378418     
0.000427246     0.000512695     0.000415039     0.000671387     
0.000500488     0.000549316     0.000500488     0.000610352     
0.00045166     0.000463867     0.000427246     0.000500488     
0.000488281     0.000512695     0.000427246     0.000708008     
0.000756836     0.000646973     0.000769043     0.000830078     
0.000964355     0.000866699     0.000805664     0.00078125     
0.000817871     0.000622559     0.000671387     0.000634766     
0.000683594     0.000549316     0.000537109     0.000610352     
0.000671387     0.000598145     0.000524902     0.000585938     
0.000622559     0.000512695     0.000598145     0.000646973     
0.00057373     0.000585938     0.00045166     0.000585938     
0.000634766     0.000439453     0.000476074     0.00045166     
0.000439453     0.000354004     0.000170898     0.000231934     
0.000109863     0.000109863     -2.44141e-05     0.000134277     
-4.88281e-05     8.54492e-05     0     0.000109863     
0.000170898     0.000292969     0.000195313     0.000488281     
0.000524902     0.000598145     0.000585938     0.000671387     
0.000842285     0.000695801     0.000671387     0.000805664     
0.000817871     0.000561523     0.000463867     0.000439453     
0.000415039     0.000195313     0.000170898     7.32422e-05     
6.10352e-05     -4.88281e-05     -0.000170898     -8.54492e-05     
-2.44141e-05     -0.000146484     -0.00012207     -7.32422e-05     
3.66211e-05     -8.54492e-05     -0.000146484     -8.54492e-05     
-0.000146484     -0.000170898     -0.00012207     -0.000231934     
-0.000244141     -0.000366211     -0.000427246     -0.000354004     
-0.00045166     -0.000488281     -0.000549316     -0.000390625     
-0.000476074     -0.000476074     -0.000488281     -0.000158691     
-0.000292969     -0.000219727     -0.000158691     -9.76563e-05     
-0.000109863     -3.66211e-05     -3.66211e-05     3.66211e-05     
-3.66211e-05     -6.10352e-05     -1.2207e-05     -4.88281e-05     
-0.000109863     -0.00012207     -0.000183105     -0.000219727     
-0.000146484     -0.000268555     -0.000268555     -0.000256348     
-0.000292969     -0.000402832     -0.000317383     -0.000341797     
-0.000354004     -0.000354004     -0.000463867     -0.00032959     
-0.000341797     -0.000317383     -0.000317383     -0.000219727     
-0.000195313     -0.000170898     -0.000195313     -6.10352e-05     
0     6.10352e-05     6.10352e-05     0.000183105     
0.000219727     0.00020752     0.00020752     0.000292969     
0.00032959     0.000268555     0.000158691     0.000305176     
0.000195313     0.000134277     0.00012207     0.000146484     
0.000268555     0.000183105     0.000158691     0.000268555     
0.000231934     0.000256348     0.000219727     0.000219727     
0.00032959     0.000134277     0.000158691     0.00020752     
0.000195313     0.000146484     0.000292969     0.000317383     
0.000366211     0.000390625     0.000488281     0.000488281     
0.000646973     0.000598145     0.000622559     0.000671387     
0.000708008     0.000646973     0.00065918     0.000598145     
0.000598145     0.00045166     0.000341797     0.000524902     
0.00045166     0.000292969     0.000427246     0.000378418     
0.000415039     0.000317383     0.000366211     0.00045166     
0.000415039     0.000292969     0.000158691     0.000341797     
0.000231934     9.76563e-05     -4.88281e-05     9.76563e-05     
-6.10352e-05     -8.54492e-05     -0.000146484     -4.88281e-05     
-8.54492e-05     -4.88281e-05     -0.000219727     -6.10352e-05     
-1.2207e-05     -9.76563e-05     2.44141e-05     3.66211e-05     
7.32422e-05     6.10352e-05     0.000183105     0.000256348     
0.000390625     0.000219727     0.000219727     0.000341797     
0.000390625     0.000231934     0.000231934     0.000292969     
0.000366211     0.000305176     0.00020752     0.000219727     
0.000317383     0.000256348     0.000219727     0.000366211     
0.000280762     0.000341797     0.000244141     0.000280762     
0.000354004     0.000195313     0.000195313     0.00032959     
0.000292969     0.000183105     0.000146484     0.000158691     
0.000134277     0.000134277     -4.88281e-05     9.76563e-05     
3.66211e-05     1.2207e-05     -7.32422e-05     2.44141e-05     
7.32422e-05     3.66211e-05     0     0.000170898     
0.00012207     0.000244141     8.54492e-05     0.000183105     
0.000231934     0.000195313     0.00020752     0.000268555     
0.000256348     0.000219727     0.000219727     9.76563e-05     
0.00012207     0     3.66211e-05     -3.66211e-05     
0.000158691     1.2207e-05     0     0.000219727     
0.00020752     0.000244141     0.000341797     0.000378418     
0.000488281     0.00057373     0.000378418     0.000402832     
0.000268555     9.76563e-05     8.54492e-05     -3.66211e-05     
-0.000195313     -0.000341797     -0.000415039     -0.000378418     
-0.00045166     -0.000439453     -0.00045166     -0.000256348     
-0.000292969     -0.000195313     -0.000231934     -4.88281e-05     
0     2.44141e-05     2.44141e-05     7.32422e-05     
-4.88281e-05     -7.32422e-05     -0.000292969     -0.000195313     
-0.000292969     -0.00045166     -0.000476074     -0.000439453     
-0.000512695     -0.000512695     -0.000488281     -0.000463867     
-0.000354004     -0.000463867     -0.000402832     -0.000158691     
-8.54492e-05     -0.000256348     -0.000231934     -0.000109863     
-0.000158691     -0.000146484     -0.000305176     -0.000146484     
-3.66211e-05     -0.000231934     -0.000292969     -0.000158691     
-9.76563e-05     -9.76563e-05     -0.00020752     -4.88281e-05     
0     -0.000109863     -7.32422e-05     0     
-4.88281e-05     -0.00012207     -0.00012207     -3.66211e-05     
-0.000280762     -0.000219727     -0.000427246     -0.000561523     
-0.000793457     -0.000952148     -0.00124512     -0.00152588     
-0.00186768     -0.0022583     -0.00285645     -0.00313721     
-0.00368652     -0.00427246     -0.00477295     -0.00537109     
-0.00587158     -0.00648193     -0.00716553     -0.00755615     
-0.00814209     -0.00880127     -0.00921631     -0.00982666     
-0.0103516     -0.0108643     -0.0113159     -0.0118652     
-0.0123047     -0.012793     -0.013147     -0.0134888     
-0.0139648     -0.0144165     -0.0147461     -0.0151489     
-0.015564     -0.0159058     -0.016394     -0.0166138     
-0.0171265     -0.0175293     -0.0179932     -0.0183228     
-0.0186768     -0.0193115     -0.0197266     -0.0200439     
-0.0204834     -0.0209595     -0.0214478     -0.0217896     
-0.0222656     -0.0227295     -0.0232422     -0.0234131     
-0.0239746     -0.0244751     -0.0248535     -0.025293     
-0.0257446     -0.0262085     -0.02677     -0.027063     
-0.0273926     -0.0279541     -0.0283691     -0.0286987     
-0.0290039     -0.0294434     -0.0297485     -0.0300171     
-0.030188     -0.0306152     -0.030957     -0.031189     
-0.0315063     -0.0318481     -0.0320923     -0.0323608     
-0.0327026     -0.03302     -0.0334106     -0.0336548     
-0.0338013     -0.0342041     -0.0344482     -0.034668     
-0.0351074     -0.0353882     -0.0357422     -0.0360107     
-0.036377     -0.0366455     -0.0370361     -0.0372314     
-0.0374878     -0.0378052     -0.0381592     -0.0383057     
-0.0386108     -0.038855     -0.0390991     -0.0391602     
-0.0395508     -0.0397583     -0.0400391     -0.0401001     
-0.0403687     -0.040625     -0.0408691     -0.0409302     
-0.0411499     -0.0413696     -0.0415771     -0.041626     
-0.0416992     -0.0419067     -0.04198     -0.0420166     
-0.0421631     -0.0424194     -0.0424316     -0.0425537     
-0.0428101     -0.0430664     -0.0432373     -0.0434326     
-0.0434937     -0.043811     -0.0439331     -0.0439941     
-0.0442139     -0.0444336     -0.044458     -0.0445679     
-0.0446411     -0.0447388     -0.0450195     -0.0449463     
-0.0450439     -0.045166     -0.0452148     -0.0453003     
-0.0453125     -0.0454712     -0.0455322     -0.0455688     
-0.0457031     -0.0458496     -0.0459595     -0.0458862     
-0.0460693     -0.0461914     -0.0463989     -0.0463623     
-0.046521     -0.046582     -0.0466919     -0.0465332     
-0.0466675     -0.0466919     -0.0467896     -0.0467529     
-0.0466675     -0.0468384     -0.0466797     -0.0466187     
-0.0464966     -0.0465576     -0.0465454     -0.0464966     
-0.0463013     -0.0464844     -0.0464355     -0.0462891     
-0.0463257     -0.04646     -0.0463379     -0.0463501     
-0.0463745     -0.0463501     -0.0463257     -0.0462646     
-0.046167     -0.0462646     -0.0462402     -0.0460571     
-0.0461914     -0.0460449     -0.0460938     -0.0460083     
-0.0459839     -0.0459961     -0.0459717     -0.0458496     
-0.0458374     -0.0458008     -0.0457275     -0.0455811     
-0.0455322     -0.0453369     -0.0454224     -0.045105     
-0.045105     -0.0448975     -0.0448486     -0.0446045     
-0.0444946     -0.0443481     -0.0443604     -0.0440063     
-0.0440063     -0.0438354     -0.0437012     -0.0435791     
-0.043396     -0.0434082     -0.0432617     -0.0430176     
-0.0429932     -0.0430176     -0.0428345     -0.0427002     
-0.042627     -0.0425659     -0.0425171     -0.0423828     
-0.0423218     -0.0422852     -0.0420898     -0.0418701     
-0.0418701     -0.0417969     -0.0415161     -0.041394     
-0.0411743     -0.0410278     -0.0409302     -0.0405151     
-0.0404297     -0.0402222     -0.0400757     -0.0398804     
-0.039624     -0.0394775     -0.0392334     -0.0390625     
-0.0388794     -0.0387207     -0.0387207     -0.0384521     
-0.0384033     -0.038269     -0.038269     -0.0380371     
-0.0380859     -0.0380005     -0.0379517     -0.0377563     
-0.0378174     -0.0376465     -0.0375732     -0.0373291     
-0.0371582     -0.0371826     -0.0370117     -0.0366455     
-0.0365112     -0.0363281     -0.0361206     -0.0359253     
-0.0357666     -0.0356323     -0.0354858     -0.0353027     
-0.0352051     -0.0351074     -0.0349121     -0.0347778     
-0.0346313     -0.0345093     -0.034436     -0.0343018     
-0.0341309     -0.034021     -0.0338745     -0.0336426     
-0.0335815     -0.033374     -0.0332764     -0.0329956     
-0.0327271     -0.0326294     -0.0324951     -0.0322388     
-0.0319702     -0.0318481     -0.0318115     -0.031604     
-0.0315186     -0.0313721     -0.0313232     -0.0309814     
-0.0309692     -0.0308228     -0.0307739     -0.0306274     
-0.030481     -0.0304199     -0.0303467     -0.0301025     
-0.0300537     -0.0299438     -0.029895     -0.0297241     
-0.0296631     -0.0296143     -0.02948     -0.0292358     
-0.0290894     -0.0289795     -0.0288208     -0.0286621     
-0.028479     -0.0283325     -0.0281738     -0.0279663     
-0.02771     -0.02771     -0.0276367     -0.0273193     
-0.0273193     -0.0272583     -0.0270508     -0.0269775     
-0.0268677     -0.0267822     -0.0268555     -0.0266602     
-0.0267578     -0.0266602     -0.0265869     -0.0264893     
-0.0264648     -0.0263794     -0.0262451     -0.0260742     
-0.0259399     -0.0257202     -0.0255371     -0.0252441     
-0.0250732     -0.0248779     -0.0247437     -0.024292     
-0.0243042     -0.0241821     -0.0239624     -0.0237427     
-0.023584     -0.0235596     -0.0235718     -0.0233154     
-0.0233154     -0.0234009     -0.0233276     -0.0233032     
-0.0232788     -0.0233643     -0.0234619     -0.0234131     
-0.0232544     -0.0234131     -0.0233154     -0.0231689     
-0.0231079     -0.0231201     -0.0229492     -0.0227783     
-0.0226563     -0.0224487     -0.0224609     -0.0223999     
-0.0222168     -0.0222656     -0.0222656     -0.0221802     
-0.0222412     -0.022229     -0.0222412     -0.0221802     
-0.0221802     -0.0222656     -0.0223633     -0.0222168     
-0.0222778     -0.0222778     -0.0223145     -0.0222046     
-0.0222534     -0.0221924     -0.0222412     -0.0221436     
-0.0222656     -0.0220825     -0.0220459     -0.0219482     
-0.0218262     -0.021814     -0.0217651     -0.0215454     
-0.0215088     -0.02146     -0.0213867     -0.0213379     
-0.0212402     -0.0212769     -0.0213745     -0.021167     
-0.0211548     -0.0212769     -0.0211426     -0.0210571     
-0.0210693     -0.0210327     -0.0209717     -0.0210571     
-0.0209351     -0.0210327     -0.0210327     -0.0208984     
-0.0210205     -0.0211426     -0.0210693     -0.0211182     
-0.0210571     -0.0210693     -0.0211792     -0.0210083     
-0.0210205     -0.0211426     -0.0211914     -0.0211182     
-0.0211182     -0.0211792     -0.0211792     -0.0210449     
-0.021106     -0.021167     -0.021167     -0.0209717     
-0.0210815     -0.0210327     -0.0211426     -0.0208984     
-0.0209839     -0.0210815     -0.0211182     -0.0211426     
-0.0212891     -0.021228     -0.0214355     -0.0213745     
-0.02146     -0.0217041     -0.0216431     -0.0215576     
-0.0216553     -0.0217285     -0.0216431     -0.0216553     
-0.0214966     -0.0216797     -0.0217163     -0.0214844     
-0.0215088     -0.0215942     -0.0214966     -0.021521     
-0.02146     -0.0215576     -0.0216187     -0.0215698     
-0.0215698     -0.0218262     -0.0217407     -0.0216553     
-0.0218262     -0.0219116     -0.0219971     -0.0220093     
-0.0220703     -0.0223267     -0.0223633     -0.0223145     
-0.0224243     -0.0225464     -0.0226685     -0.0226807     
-0.0227905     -0.0227417     -0.0229492     -0.0226929     
-0.0228271     -0.0227295     -0.0227417     -0.0226563     
-0.022644     -0.0225464     -0.0224854     -0.0223633     
-0.0223755     -0.0223999     -0.0223022     -0.0222656     
-0.0221802     -0.0222534     -0.0222778     -0.0221436     
-0.022229     -0.0223145     -0.0223022     -0.02229     
-0.0223022     -0.0223999     -0.0223877     -0.0224487     
-0.0225098     -0.0225464     -0.0226196     -0.022644     
-0.022644     -0.0225952     -0.0225464     -0.0225708     
-0.0224121     -0.0224731     -0.0224976     -0.0223877     
-0.0224121     -0.0224487     -0.0224609     -0.0224609     
-0.0225098     -0.0226318     -0.0226318     -0.022644     
-0.0227295     -0.0228516     -0.022876     -0.0226807     
-0.0228638     -0.0228516     -0.0229126     -0.0227417     
-0.022876     -0.022876     -0.0228394     -0.0226685     
-0.0227417     -0.0226929     -0.0227051     -0.0225708     
-0.0224243     -0.022522     -0.0223633     -0.0223022     
-0.0221924     -0.0222778     -0.02229     -0.0223022     
-0.0222412     -0.0223145     -0.0224243     -0.0223877     
-0.0223877     -0.0225098     -0.0224609     -0.0224609     
-0.0223877     -0.0223877     -0.0223877     -0.0223145     
-0.0221802     -0.0221802     -0.0221924     -0.0220703     
-0.0221069     -0.0221069     -0.0221069     -0.0219971     
-0.0220703     -0.0222046     -0.02229     -0.0223267     
-0.0223633     -0.0223389     -0.0223633     -0.0223633     
-0.0224609     -0.0224731     -0.0224487     -0.0223145     
-0.0224243     -0.0222046     -0.0221802     -0.0219727     
-0.021875     -0.021814     -0.0217773     -0.02146     
-0.0215454     -0.0214966     -0.0213989     -0.0212646     
-0.0212036     -0.0213379     -0.0214355     -0.0212402     
-0.0212524     -0.0213867     -0.0213379     -0.0212769     
-0.0212524     -0.0212891     -0.0212402     -0.0212891     
-0.0211792     -0.021228     -0.0211792     -0.0209961     
-0.0210205     -0.0211548     -0.0210449     -0.0210327     
-0.0209839     -0.0210449     -0.021106     -0.0210938     
-0.0211792     -0.0212646     -0.021228     -0.0213013     
-0.0213135     -0.0213989     -0.0213623     -0.021228     
-0.021167     -0.021106     -0.0212158     -0.0209595     
-0.0210327     -0.0208618     -0.0208862     -0.0206665     
-0.0206909     -0.0205933     -0.0205688     -0.0204712     
-0.020459     -0.0203735     -0.0204468     -0.0203247     
-0.0203125     -0.0204102     -0.0203491     -0.0204102     
-0.0204468     -0.0204468     -0.0204468     -0.0204346     
-0.0203979     -0.0204468     -0.0205444     -0.0204102     
-0.0203491     -0.0204834     -0.0203613     -0.0203247     
-0.0202881     -0.0202393     -0.0202637     -0.0201782     
-0.0200317     -0.0201782     -0.0200806     -0.0199341     
-0.0199219     -0.0199463     -0.0199219     -0.019812     
-0.0196655     -0.0197998     -0.0196655     -0.0194824     
-0.019397     -0.0193604     -0.0193481     -0.019165     
-0.0191895     -0.0189697     -0.0189697     -0.0187378     
-0.0187988     -0.0186768     -0.0187622     -0.0186157     
-0.0185181     -0.0185303     -0.0185913     -0.0183472     
-0.0184326     -0.018396     -0.0183838     -0.0182983     
-0.0182861     -0.018335     -0.0183105     -0.0182983     
-0.0182739     -0.0183594     -0.0183228     -0.0182983     
-0.0182373     -0.0182251     -0.0181763     -0.0181152     
-0.0180542     -0.0180664     -0.0178955     -0.0176636     
-0.0177002     -0.0175903     -0.0173706     -0.0172974     
-0.017041     -0.0170166     -0.0169312     -0.0166748     
-0.0165649     -0.0165527     -0.0164185     -0.0162598     
-0.0162231     -0.0162964     -0.0163208     -0.0161743     
-0.0162598     -0.0162598     -0.0163452     -0.0161865     
-0.0162842     -0.0162842     -0.0163818     -0.0161255     
-0.016272     -0.0161743     -0.0161377     -0.0159058     
-0.0158569     -0.0157593     -0.0158691     -0.0156738     
-0.0155762     -0.015686     -0.0155151     -0.0153687     
-0.0153564     -0.0153564     -0.015271     -0.0153564     
-0.0151489     -0.0151123     -0.0151367     -0.0149292     
-0.0147827     -0.0148804     -0.0146851     -0.014502     
-0.0144409     -0.0143555     -0.0143555     -0.0141968     
-0.0140259     -0.0140991     -0.0140991     -0.0138428     
-0.0139038     -0.0137573     -0.0138062     -0.0136597     
-0.0136353     -0.0135986     -0.0135742     -0.0134888     
-0.0135254     -0.0134644     -0.013501     -0.0134155     
-0.0135254     -0.013501     -0.0136108     -0.013501     
-0.013562     -0.013501     -0.0136597     -0.0134766     
-0.0133423     -0.0134644     -0.0134521     -0.0133057     
-0.0132324     -0.0131348     -0.0130981     -0.012915     
-0.0128418     -0.0128174     -0.0128296     -0.0126587     
-0.0126221     -0.0127197     -0.0126221     -0.0127075     
-0.0127563     -0.0128418     -0.0129272     -0.0130005     
-0.0129639     -0.0130371     -0.0131348     -0.0131348     
-0.0131958     -0.013147     -0.0131592     -0.0131104     
-0.0130615     -0.0131226     -0.0130249     -0.0127686     
-0.0128052     -0.0127075     -0.0125977     -0.0124146     
-0.0122925     -0.0121704     -0.0121216     -0.0118896     
-0.011792     -0.0118164     -0.0118896     -0.0117554     
-0.0118652     -0.0119019     -0.0119873     -0.0118286     
-0.0120117     -0.0121582     -0.0122192     -0.0121704     
-0.0124023     -0.0124023     -0.0125244     -0.0124878     
-0.0124878     -0.0126099     -0.0126099     -0.0125977     
-0.0124756     -0.0124634     -0.0125     -0.0123291     
-0.012146     -0.0121094     -0.0120483     -0.0119019     
-0.0118652     -0.0118408     -0.0117676     -0.0117676     
-0.0117065     -0.011792     -0.0120239     -0.0119507     
-0.0118896     -0.012085     -0.0120605     -0.0120239     
-0.0121094     -0.0121216     -0.0122314     -0.0121704     
-0.0121094     -0.0120972     -0.0121216     -0.0120239     
-0.0118286     -0.0117798     -0.0119751     -0.0117432     
-0.0117554     -0.0116455     -0.0117554     -0.0115723     
-0.0115723     -0.0114502     -0.0115845     -0.0114868     
-0.0114746     -0.0114868     -0.0115356     -0.0113647     
-0.0115723     -0.011499     -0.0116943     -0.0116211     
-0.0115479     -0.011731     -0.0116943     -0.0116333     
-0.0116699     -0.011853     -0.0117554     -0.0117554     
-0.0118164     -0.011731     -0.0117188     -0.0117065     
-0.011731     -0.0118286     -0.0118164     -0.0117188     
-0.0116333     -0.0118164     -0.0116577     -0.0116577     
-0.0115479     -0.0115601     -0.0115601     -0.0113525     
-0.0113647     -0.0114502     -0.0113159     -0.0112671     
-0.0112427     -0.0112793     -0.0112549     -0.0112061     
-0.0113281     -0.0113403     -0.0113281     -0.0112793     
-0.0113892     -0.0114868     -0.0115112     -0.0114014     
-0.0115967     -0.0116211     -0.0115479     -0.0114136     
-0.0115356     -0.0115723     -0.0117188     -0.011499     
-0.0115967     -0.0117065     -0.0116577     -0.0115479     
-0.0115723     -0.0115967     -0.0116821     -0.0115845     
-0.0115479     -0.0115845     -0.0116089     -0.0115112     
-0.0115112     -0.0115967     -0.0116455     -0.0116943     
-0.0116699     -0.0117065     -0.0118652     -0.0118042     
-0.0117676     -0.0119751     -0.0119019     -0.0119141     
-0.0120605     -0.0118896     -0.0118896     -0.0119141     
-0.0118286     -0.0118408     -0.0118164     -0.0117798     
-0.0117798     -0.0118408     -0.0118408     -0.0117554     
-0.0119141     -0.0118896     -0.0121094     -0.0119385     
-0.0121094     -0.012146     -0.0122559     -0.0122192     
-0.0122559     -0.0123169     -0.0124756     -0.0123413     
-0.0125977     -0.0126465     -0.0125732     -0.0126221     
-0.0126221     -0.0127441     -0.0127686     -0.0126709     
-0.0127197     -0.0127075     -0.0126221     -0.0125732     
-0.0125854     -0.0126709     -0.0126343     -0.0125977     
-0.012561     -0.0125977     -0.0125244     -0.0123657     
-0.0124146     -0.0123901     -0.0122437     -0.0123291     
-0.0121948     -0.0121582     -0.0122559     -0.0120605     
-0.012085     -0.0121948     -0.0121948     -0.0121948     
-0.0122437     -0.0123047     -0.0122803     -0.0123047     
-0.0124268     -0.0124023     -0.012561     -0.0123901     
-0.0125244     -0.0125488     -0.0126587     -0.0124756     
-0.0126099     -0.0126831     -0.0127319     -0.0126831     
-0.0128052     -0.0128296     -0.0130371     -0.0128418     
-0.012793     -0.0130249     -0.012854     -0.0128052     
-0.0128174     -0.0127319     -0.0127075     -0.0125488     
-0.0123657     -0.0124878     -0.0124634     -0.0123535     
-0.0124023     -0.0125366     -0.0125244     -0.0125244     
-0.0125977     -0.0127319     -0.012854     -0.0128784     
-0.0129639     -0.0130859     -0.0131348     -0.0129761     
-0.0130493     -0.0130249     -0.0130493     -0.0129883     
-0.0128662     -0.0127441     -0.0126587     -0.0125488     
-0.0125244     -0.0125     -0.0124512     -0.0122314     
-0.0122559     -0.0122437     -0.0123169     -0.012146     
-0.0123169     -0.0121094     -0.0122192     -0.012146     
-0.0121094     -0.0121704     -0.0122314     -0.0120361     
-0.0120605     -0.0121216     -0.012085     -0.0121216     
-0.0120361     -0.0119751     -0.0118896     -0.0117432     
-0.0116821     -0.0118774     -0.0116821     -0.0115356     
-0.011499     -0.011499     -0.0114868     -0.0114258     
-0.0112793     -0.011438     -0.0115356     -0.0114136     
-0.0114868     -0.0114258     -0.0114502     -0.0113525     
-0.0112671     -0.0112793     -0.0113281     -0.0110962     
-0.0111572     -0.0112183     -0.0111938     -0.011084     
-0.0110474     -0.0112427     -0.0111694     -0.0110962     
-0.0111572     -0.011084     -0.011145     -0.0109131     
-0.0109131     -0.0107056     -0.0107422     -0.0104858     
-0.010376     -0.0102783     -0.0101685     -0.00999756     
-0.0100342     -0.00996094     -0.0100708     -0.0100342     
-0.00994873     -0.010083     -0.0101318     -0.010022     
-0.0100586     -0.0100586     -0.010022     -0.00996094     
-0.00991211     -0.00985107     -0.00982666     -0.00969238     
-0.0095459     -0.00963135     -0.00948486     -0.00944824     
-0.00939941     -0.00939941     -0.00946045     -0.00939941     
-0.00925293     -0.009375     -0.00935059     -0.00932617     
-0.00926514     -0.00925293     -0.00939941     -0.00932617     
-0.0092041     -0.00933838     -0.00943604     -0.009375     
-0.00932617     -0.0095459     -0.00959473     -0.00948486     
-0.00964355     -0.00970459     -0.00981445     -0.00979004     
-0.00981445     -0.00987549     -0.0098999     -0.009729     
-0.00975342     -0.00976563     -0.00985107     -0.00964355     
-0.00961914     -0.00957031     -0.00947266     -0.00938721     
-0.00936279     -0.00948486     -0.00949707     -0.00944824     
-0.009375     -0.00949707     -0.00949707     -0.00932617     
-0.00942383     -0.00944824     -0.00938721     -0.00943604     
-0.00928955     -0.00924072     -0.00915527     -0.00908203     
-0.00888672     -0.00893555     -0.00891113     -0.00882568     
-0.00874023     -0.00864258     -0.00869141     -0.00853271     
-0.00854492     -0.00859375     -0.00856934     -0.00860596     
-0.00855713     -0.00858154     -0.00861816     -0.00848389     
-0.00847168     -0.00852051     -0.00854492     -0.00847168     
-0.00849609     -0.00843506     -0.0085083     -0.00830078     
-0.00838623     -0.0083252     -0.00831299     -0.00814209     
-0.00819092     -0.00819092     -0.0081543     -0.00800781     
-0.00793457     -0.00806885     -0.00806885     -0.00800781     
-0.00800781     -0.0081543     -0.00795898     -0.00797119     
-0.00791016     -0.00797119     -0.00806885     -0.00792236     
-0.00782471     -0.00792236     -0.00784912     -0.00778809     
-0.00772705     -0.00773926     -0.00784912     -0.00777588     
-0.00767822     -0.00782471     -0.00782471     -0.00765381     
-0.00773926     -0.00767822     -0.00776367     -0.0078125     
-0.00765381     -0.0078125     -0.00778809     -0.00782471     
-0.0078125     -0.00784912     -0.00791016     -0.00791016     
-0.00797119     -0.00787354     -0.00810547     -0.00789795     
-0.00797119     -0.00805664     -0.00805664     -0.00795898     
-0.00814209     -0.00810547     -0.00811768     -0.00810547     
-0.00828857     -0.00827637     -0.00819092     -0.00830078     
-0.00828857     -0.00828857     -0.00834961     -0.00819092     
-0.00810547     -0.00821533     -0.00812988     -0.00802002     
-0.0079834     -0.00811768     -0.00797119     -0.00795898     
-0.00783691     -0.00802002     -0.00803223     -0.0078125     
-0.00794678     -0.00799561     -0.00783691     -0.00775146     
-0.00769043     -0.00772705     -0.0078125     -0.00758057     
-0.00760498     -0.00769043     -0.00751953     -0.00760498     
-0.0074707     -0.00751953     -0.00756836     -0.00753174     
-0.00755615     -0.00762939     -0.00771484     -0.00753174     
-0.00765381     -0.00776367     -0.00792236     -0.00777588     
-0.00800781     -0.00797119     -0.00795898     -0.00794678     
-0.00800781     -0.00802002     -0.00814209     -0.00806885     
-0.00795898     -0.00809326     -0.00803223     -0.00797119     
-0.00792236     -0.00803223     -0.00799561     -0.00795898     
-0.00791016     -0.00794678     -0.00799561     -0.00799561     
-0.00800781     -0.00822754     -0.00820313     -0.00817871     
-0.00823975     -0.00830078     -0.00841064     -0.0083252     
-0.00825195     -0.00841064     -0.0085083     -0.00828857     
-0.00839844     -0.00844727     -0.00845947     -0.00849609     
-0.00847168     -0.00852051     -0.00858154     -0.00842285     
-0.00828857     -0.00828857     -0.00826416     -0.0079834     
-0.00800781     -0.00793457     -0.00795898     -0.00777588     
-0.00791016     -0.0078125     -0.00782471     -0.00777588     
-0.00780029     -0.00782471     -0.00791016     -0.00769043     
-0.00777588     -0.00772705     -0.00765381     -0.00762939     
-0.00749512     -0.00751953     -0.0076416     -0.00743408     
-0.00744629     -0.00758057     -0.00761719     -0.00760498     
-0.0076416     -0.00769043     -0.00769043     -0.00759277     
-0.00756836     -0.00770264     -0.00753174     -0.00742188     
-0.00749512     -0.00754395     -0.00743408     -0.00751953     
-0.00756836     -0.00762939     -0.00767822     -0.00761719     
-0.00772705     -0.00787354     -0.00794678     -0.00792236     
-0.00789795     -0.00809326     -0.00817871     -0.00804443     
-0.00810547     -0.00823975     -0.00822754     -0.00804443     
-0.00804443     -0.00809326     -0.00811768     -0.00787354     
-0.00787354     -0.00782471     -0.00776367     -0.00772705     
-0.00780029     -0.00772705     -0.0078125     -0.00780029     
-0.00776367     -0.00799561     -0.0079834     -0.00799561     
-0.00805664     -0.00808105     -0.00803223     -0.00806885     
-0.0079834     -0.00799561     -0.00804443     -0.00793457     
-0.00793457     -0.00804443     -0.00802002     -0.00797119     
-0.00805664     -0.00800781     -0.00826416     -0.00821533     
-0.0081543     -0.00834961     -0.00826416     -0.00821533     
-0.0083252     -0.00828857     -0.00834961     -0.00831299     
-0.00827637     -0.00830078     -0.00819092     -0.0081543     
-0.00811768     -0.00810547     -0.00804443     -0.00795898     
-0.00800781     -0.00784912     -0.00783691     -0.00765381     
-0.00775146     -0.00760498     -0.00778809     -0.0076416     
-0.00762939     -0.00767822     -0.00771484     -0.00761719     
-0.00775146     -0.00772705     -0.00775146     -0.00776367     
-0.00775146     -0.00789795     -0.00784912     -0.00770264     
-0.00775146     -0.00792236     -0.00793457     -0.00793457     
-0.00795898     -0.00806885     -0.00802002     -0.00808105     
-0.00803223     -0.00817871     -0.00817871     -0.00810547     
-0.00822754     -0.0081543     -0.00811768     -0.0081665     
-0.00804443     -0.00805664     -0.00809326     -0.00799561     
-0.00793457     -0.00797119     -0.00794678     -0.00791016     
-0.00794678     -0.00793457     -0.00795898     -0.00793457     
-0.00795898     -0.0079834     -0.00808105     -0.00792236     
-0.00803223     -0.00802002     -0.0081543     -0.00789795     
-0.00792236     -0.00791016     -0.00786133     -0.00773926     
-0.00772705     -0.00758057     -0.00766602     -0.0074585     
-0.0074585     -0.00758057     -0.00744629     -0.00738525     
-0.00734863     -0.00744629     -0.00748291     -0.00750732     
-0.00738525     -0.00770264     -0.00769043     -0.00761719     
-0.00765381     -0.00773926     -0.0078125     -0.00771484     
-0.00770264     -0.00778809     -0.00776367     -0.00758057     
-0.00749512     -0.00756836     -0.00756836     -0.00739746     
-0.00743408     -0.00737305     -0.00736084     -0.00722656     
-0.00725098     -0.00733643     -0.00734863     -0.00731201     
-0.00726318     -0.00727539     -0.00723877     -0.00716553     
-0.0072998     -0.00733643     -0.00744629     -0.00737305     
-0.00744629     -0.00753174     -0.00772705     -0.00760498     
-0.00766602     -0.00773926     -0.00792236     -0.00777588     
-0.00788574     -0.0078125     -0.00792236     -0.00792236     
-0.00786133     -0.00797119     -0.00808105     -0.00793457     
-0.00800781     -0.0081665     -0.0079834     -0.00789795     
-0.00791016     -0.00783691     -0.00772705     -0.00762939     
-0.00758057     -0.0074707     -0.00744629     -0.00723877     
-0.00720215     -0.0072876     -0.00715332     -0.00706787     
-0.00701904     -0.00687256     -0.00684814     -0.0065918     
-0.00665283     -0.00662842     -0.00649414     -0.00633545     
-0.00629883     -0.00631104     -0.00618896     -0.0060791     
-0.00609131     -0.00620117     -0.00629883     -0.00615234     
-0.00626221     -0.0064209     -0.00653076     -0.00639648     
-0.00653076     -0.00655518     -0.00665283     -0.00670166     
-0.00667725     -0.00667725     -0.00682373     -0.00657959     
-0.00654297     -0.00675049     -0.00665283     -0.00654297     
-0.00653076     -0.00657959     -0.00649414     -0.00650635     
-0.00629883     -0.00640869     -0.00644531     -0.00635986     
-0.00631104     -0.00646973     -0.00654297     -0.0065918     
-0.00662842     -0.00672607     -0.0069458     -0.00701904     
-0.00704346     -0.0072876     -0.0072876     -0.0072876     
-0.0074585     -0.00744629     -0.00758057     -0.0074707     
-0.00739746     -0.00743408     -0.00738525     -0.00727539     
-0.00701904     -0.00706787     -0.00698242     -0.00672607     
-0.00671387     -0.00671387     -0.00679932     -0.00651855     
-0.006604     -0.00664063     -0.0067627     -0.00665283     
-0.00665283     -0.00668945     -0.0067749     -0.00653076     
-0.0065918     -0.00650635     -0.00649414     -0.00644531     
-0.00621338     -0.00626221     -0.00622559     -0.00606689     
-0.00605469     -0.00611572     -0.0060791     -0.00609131     
-0.0060791     -0.00610352     -0.00612793     -0.00601807     
-0.00594482     -0.00595703     -0.00585938     -0.00577393     
-0.00563965     -0.00556641     -0.00546875     -0.0053833     
-0.00529785     -0.00518799     -0.00533447     -0.00518799     
-0.00528564     -0.00529785     -0.00535889     -0.00533447     
-0.00531006     -0.00543213     -0.00552979     -0.00546875     
-0.00541992     -0.00549316     -0.00554199     -0.00531006     
-0.00546875     -0.00550537     -0.00550537     -0.0053833     
-0.00546875     -0.00539551     -0.00540771     -0.00532227     
-0.00548096     -0.00537109     -0.00550537     -0.00532227     
-0.00532227     -0.00546875     -0.00537109     -0.00526123     
-0.00515137     -0.00529785     -0.00531006     -0.00527344     
-0.00512695     -0.00528564     -0.00533447     -0.00518799     
-0.00511475     -0.00528564     -0.00515137     -0.0052002     
-0.0052002     -0.00516357     -0.00522461     -0.00516357     
-0.00501709     -0.00517578     -0.00526123     -0.0052002     
-0.00532227     -0.00532227     -0.00535889     -0.00533447     
-0.00539551     -0.00543213     -0.00539551     -0.00551758     
-0.00540771     -0.00540771     -0.00545654     -0.00531006     
-0.00534668     -0.00532227     -0.00548096     -0.00537109     
-0.00546875     -0.00541992     -0.00556641     -0.00550537     
-0.00550537     -0.0055542     -0.00563965     -0.00552979     
-0.00565186     -0.00561523     -0.00566406     -0.0055542     
-0.00539551     -0.00551758     -0.00543213     -0.00528564     
-0.00522461     -0.00526123     -0.00522461     -0.0052002     
-0.00517578     -0.00524902     -0.00522461     -0.00527344     
-0.00517578     -0.00528564     -0.00533447     -0.00517578     
-0.00527344     -0.0053833     -0.00531006     -0.00534668     
-0.00535889     -0.00545654     -0.00545654     -0.00537109     
-0.00548096     -0.0055542     -0.00567627     -0.00562744     
-0.00566406     -0.00574951     -0.0057373     -0.00561523     
-0.00570068     -0.0057373     -0.00579834     -0.00576172     
-0.00598145     -0.005896     -0.00600586     -0.00584717     
-0.0060791     -0.00609131     -0.00615234     -0.00621338     
-0.00618896     -0.00632324     -0.00635986     -0.00627441     
-0.00632324     -0.00650635     -0.00645752     -0.00635986     
-0.00644531     -0.00645752     -0.00640869     -0.00633545     
-0.00628662     -0.00637207     -0.00649414     -0.00648193     
-0.00637207     -0.00661621     -0.0065918     -0.00666504     
-0.00668945     -0.00681152     -0.00693359     -0.00693359     
-0.00687256     -0.00688477     -0.00688477     -0.00671387     
-0.0067627     -0.00666504     -0.00664063     -0.00651855     
-0.00628662     -0.00639648     -0.00635986     -0.00617676     
-0.00621338     -0.00621338     -0.00631104     -0.00616455     
-0.00631104     -0.00623779     -0.00640869     -0.00609131     
-0.00620117     -0.00621338     -0.00632324     -0.00612793     
-0.00595703     -0.00594482     -0.00584717     -0.00570068     
-0.00570068     -0.0055542     -0.00540771     -0.00541992     
-0.0053833     -0.00548096     -0.00549316     -0.00557861     
-0.00560303     -0.00584717     -0.00595703     -0.00603027     
-0.00620117     -0.00639648     -0.00649414     -0.00654297     
-0.00655518     -0.00675049     -0.00673828     -0.00666504     
-0.00666504     -0.00662842     -0.00649414     -0.00644531     
-0.00628662     -0.00633545     -0.00638428     -0.00616455     
-0.00632324     -0.00631104     -0.00616455     -0.00609131     
-0.00615234     -0.00620117     -0.00614014     -0.00611572     
-0.00615234     -0.00615234     -0.00614014     -0.00601807     
-0.00615234     -0.00621338     -0.00631104     -0.00616455     
-0.00618896     -0.00617676     -0.00609131     -0.00605469     
-0.00610352     -0.00599365     -0.00612793     -0.00594482     
-0.00583496     -0.00588379     -0.00583496     -0.00578613     
-0.00581055     -0.00585938     -0.00584717     -0.00581055     
-0.00576172     -0.00594482     -0.00599365     -0.00582275     
-0.005896     -0.00601807     -0.00595703     -0.00596924     
-0.00596924     -0.00595703     -0.00596924     -0.00605469     
-0.00592041     -0.00603027     -0.00612793     -0.00603027     
-0.00609131     -0.00612793     -0.00627441     -0.00623779     
-0.00618896     -0.00651855     -0.00653076     -0.00661621     
-0.00672607     -0.00682373     -0.00686035     -0.00687256     
-0.00699463     -0.00701904     -0.00712891     -0.00686035     
-0.00689697     -0.00678711     -0.00675049     -0.00657959     
-0.00648193     -0.00639648     -0.00632324     -0.00616455     
-0.00615234     -0.00609131     -0.00594482     -0.00593262     
-0.00584717     -0.0059082     -0.00598145     -0.00606689     
-0.00605469     -0.00612793     -0.00603027     -0.00606689     
-0.00606689     -0.00605469     -0.00616455     -0.00599365     
-0.00601807     -0.00604248     -0.00605469     -0.00585938     
-0.00587158     -0.00595703     -0.00585938     -0.00587158     
-0.00577393     -0.00598145     -0.00594482     -0.00583496     
-0.00595703     -0.00600586     -0.00604248     -0.00595703     
-0.00587158     -0.00596924     -0.00588379     -0.00567627     
-0.00563965     -0.00554199     -0.00548096     -0.0052124     
-0.00527344     -0.00509033     -0.00516357     -0.00498047     
-0.00513916     -0.00510254     -0.0052002     -0.00515137     
-0.00531006     -0.00527344     -0.00545654     -0.00545654     
-0.0053833     -0.00556641     -0.00559082     -0.0055542     
-0.0055542     -0.00560303     -0.00563965     -0.00562744     
-0.00554199     -0.00566406     -0.00565186     -0.00557861     
-0.00556641     -0.00565186     -0.00551758     -0.00550537     
-0.0053833     -0.00535889     -0.00548096     -0.00533447     
-0.00511475     -0.00535889     -0.00526123     -0.00523682     
-0.00539551     -0.0053833     -0.00551758     -0.00543213     
-0.00545654     -0.00556641     -0.00557861     -0.00554199     
-0.00552979     -0.00568848     -0.0057373     -0.0055542     
-0.00566406     -0.00563965     -0.00556641     -0.00543213     
-0.00540771     -0.00535889     -0.00539551     -0.00527344     
-0.00526123     -0.00518799     -0.0052124     -0.00494385     
-0.00507813     -0.00500488     -0.00494385     -0.00495605     
-0.00489502     -0.00495605     -0.00495605     -0.00487061     
-0.00477295     -0.00495605     -0.00491943     -0.00491943     
-0.00493164     -0.00498047     -0.00496826     -0.00500488     
-0.00493164     -0.00498047     -0.00496826     -0.00489502     
-0.0048584     -0.00491943     -0.00477295     -0.0046875     
-0.00456543     -0.00454102     -0.00457764     -0.00437012     
-0.00438232     -0.00435791     -0.0043335     -0.00428467     
-0.00424805     -0.00444336     -0.00446777     -0.00450439     
-0.00450439     -0.00458984     -0.00474854     -0.00449219     
-0.00461426     -0.00456543     -0.00471191     -0.00446777     
-0.00454102     -0.00454102     -0.00456543     -0.00443115     
-0.0045166     -0.00441895     -0.00450439     -0.00444336     
-0.00445557     -0.00460205     -0.00463867     -0.00458984     
-0.0046875     -0.00490723     -0.00487061     -0.00501709     
-0.00506592     -0.0052124     -0.00526123     -0.00526123     
-0.00535889     -0.00541992     -0.00543213     -0.00540771     
-0.00532227     -0.00537109     -0.00523682     -0.00516357     
-0.00496826     -0.00505371     -0.00494385     -0.00479736     
-0.00473633     -0.00460205     -0.00456543     -0.00455322     
-0.00437012     -0.00441895     -0.00444336     -0.00430908     
-0.00432129     -0.00444336     -0.00455322     -0.00445557     
-0.00457764     -0.00471191     -0.00478516     -0.00472412     
-0.00476074     -0.00463867     -0.00474854     -0.00452881     
-0.00444336     -0.00427246     -0.00426025     -0.00413818     
-0.00413818     -0.00405273     -0.00394287     -0.00396729     
-0.00394287     -0.00411377     -0.00421143     -0.00411377     
-0.00430908     -0.00452881     -0.00449219     -0.00452881     
-0.00462646     -0.00471191     -0.00478516     -0.00472412     
-0.00473633     -0.00489502     -0.00477295     -0.00457764     
-0.00458984     -0.00461426     -0.00450439     -0.00444336     
-0.00447998     -0.00435791     -0.00438232     -0.00421143     
-0.00432129     -0.00438232     -0.00427246     -0.00423584     
-0.00421143     -0.00423584     -0.00422363     -0.00421143     
-0.00408936     -0.00415039     -0.00423584     -0.00401611     
-0.00410156     -0.00419922     -0.00424805     -0.00408936     
-0.00427246     -0.0043335     -0.00441895     -0.00447998     
-0.00456543     -0.00461426     -0.00480957     -0.00469971     
-0.00473633     -0.00487061     -0.00494385     -0.00493164     
-0.00479736     -0.00491943     -0.0048584     -0.00473633     
-0.00471191     -0.00467529     -0.00462646     -0.00443115     
-0.00430908     -0.00437012     -0.00424805     -0.00412598     
-0.0041626     -0.00427246     -0.00429688     -0.00422363     
-0.00418701     -0.00439453     -0.00449219     -0.00439453     
-0.00446777     -0.00445557     -0.00462646     -0.00460205     
-0.00456543     -0.00471191     -0.00479736     -0.00480957     
-0.00482178     -0.00494385     -0.00506592     -0.00511475     
-0.00517578     -0.00507813     -0.0052002     -0.00510254     
-0.00510254     -0.00505371     -0.00517578     -0.00495605     
-0.00495605     -0.00494385     -0.0050293     -0.00488281     
-0.00500488     -0.00498047     -0.0050415     -0.00510254     
-0.00512695     -0.00516357     -0.0052124     -0.00515137     
-0.00506592     -0.00517578     -0.00507813     -0.00506592     
-0.00506592     -0.00495605     -0.00484619     -0.00473633     
-0.00477295     -0.00477295     -0.00466309     -0.00463867     
-0.00476074     -0.00474854     -0.0046875     -0.00480957     
-0.00476074     -0.00480957     -0.00493164     -0.00488281     
-0.00490723     -0.00490723     -0.00479736     -0.00461426     
-0.0045166     -0.00454102     -0.00439453     -0.00421143     
-0.00413818     -0.00407715     -0.00411377     -0.00389404     
-0.00407715     -0.00406494     -0.0041748     -0.00405273     
-0.00424805     -0.00422363     -0.00422363     -0.0043335     
-0.00444336     -0.00445557     -0.00452881     -0.00447998     
-0.00444336     -0.0045166     -0.00444336     -0.00438232     
-0.00443115     -0.00446777     -0.00457764     -0.00446777     
-0.00456543     -0.00480957     -0.00482178     -0.00471191     
-0.00480957     -0.0050415     -0.00500488     -0.00511475     
-0.00515137     -0.00516357     -0.00524902     -0.00527344     
-0.00511475     -0.00523682     -0.00531006     -0.00517578     
-0.00516357     -0.00511475     -0.00507813     -0.00496826     
-0.00482178     -0.00480957     -0.00474854     -0.00460205     
-0.00443115     -0.00439453     -0.00438232     -0.00415039     
-0.0041626     -0.00412598     -0.00428467     -0.00411377     
-0.00411377     -0.00411377     -0.00423584     -0.0041748     
-0.0041748     -0.0043335     -0.00445557     -0.0043457     
-0.0045166     -0.00458984     -0.00462646     -0.00469971     
-0.00467529     -0.00479736     -0.00490723     -0.00480957     
-0.00478516     -0.00501709     -0.0048584     -0.00483398     
-0.00482178     -0.00487061     -0.0048584     -0.00474854     
-0.00478516     -0.00488281     -0.00478516     -0.00471191     
-0.00483398     -0.00490723     -0.00480957     -0.00490723     
-0.00480957     -0.00478516     -0.00493164     -0.00484619     
-0.00496826     -0.00501709     -0.00507813     -0.00506592     
-0.00509033     -0.0052002     -0.00512695     -0.00511475     
-0.00518799     -0.00511475     -0.00523682     -0.00510254     
-0.00512695     -0.00511475     -0.00515137     -0.00490723     
-0.00509033     -0.00499268     -0.00498047     -0.00496826     
-0.00498047     -0.00491943     -0.00493164     -0.00484619     
-0.00482178     -0.00499268     -0.00493164     -0.00488281     
-0.00488281     -0.00495605     -0.00488281     -0.00483398     
-0.00479736     -0.00483398     -0.00471191     -0.00461426     
-0.00447998     -0.00438232     -0.00435791     -0.00429688     
-0.0041626     -0.00411377     -0.00422363     -0.00426025     
-0.00410156     -0.00430908     -0.00429688     -0.0041626     
-0.00438232     -0.0045166     -0.0045166     -0.0045166     
-0.00458984     -0.00473633     -0.00477295     -0.00483398     
-0.00493164     -0.00511475     -0.00522461     -0.00524902     
-0.00545654     -0.00543213     -0.00560303     -0.00552979     
-0.00551758     -0.00549316     -0.00546875     -0.00527344     
-0.00523682     -0.00507813     -0.00498047     -0.00471191     
-0.00465088     -0.00446777     -0.00446777     -0.00439453     
-0.00432129     -0.00440674     -0.00440674     -0.00439453     
-0.00435791     -0.00456543     -0.00461426     -0.00466309     
-0.00463867     -0.00473633     -0.00480957     -0.00465088     
-0.00458984     -0.00482178     -0.00476074     -0.00467529     
-0.00467529     -0.00479736     -0.00472412     -0.00466309     
-0.00462646     -0.00467529     -0.00480957     -0.00458984     
-0.00473633     -0.00476074     -0.0048584     -0.00489502     
-0.00482178     -0.00495605     -0.00505371     -0.00496826     
-0.00506592     -0.00513916     -0.00523682     -0.00510254     
-0.00522461     -0.00529785     -0.0053833     -0.00516357     
-0.00532227     -0.00529785     -0.00522461     -0.00501709     
-0.00512695     -0.00506592     -0.00505371     -0.00506592     
-0.00496826     -0.00493164     -0.00484619     -0.00487061     
-0.00478516     -0.00474854     -0.00467529     -0.00469971     
-0.00454102     -0.00460205     -0.00450439     -0.00427246     
-0.0041748     -0.00439453     -0.00419922     -0.00421143     
-0.00418701     -0.00407715     -0.00413818     -0.0039917     
-0.00389404     -0.00413818     -0.00400391     -0.00379639     
-0.00389404     -0.00373535     -0.00378418     -0.00367432     
-0.003479     -0.00345459     -0.00341797     -0.00335693     
-0.00324707     -0.00327148     -0.00333252     -0.00318604     
-0.00324707     -0.00322266     -0.00332031     -0.0032959     
-0.00339355     -0.003479     -0.00358887     -0.00345459     
-0.00351563     -0.00368652     -0.00388184     -0.00380859     
-0.00385742     -0.00402832     -0.00406494     -0.0041626     
-0.0041748     -0.00427246     -0.00441895     -0.00440674     
-0.00455322     -0.00462646     -0.00445557     -0.00446777     
-0.00439453     -0.00437012     -0.00424805     -0.0041748     
-0.00397949     -0.00402832     -0.00388184     -0.00366211     
-0.00372314     -0.00379639     -0.00368652     -0.00367432     
-0.00375977     -0.00366211     -0.00371094     -0.00352783     
-0.00358887     -0.00355225     -0.00349121     -0.00335693     
-0.00332031     -0.00340576     -0.00324707     -0.0032959     
-0.00335693     -0.00333252     -0.00341797     -0.00327148     
-0.0034668     -0.003479     -0.00355225     -0.00339355     
-0.00358887     -0.00368652     -0.00368652     -0.00361328     
-0.00372314     -0.00366211     -0.00371094     -0.0036377     
-0.00361328     -0.00366211     -0.00361328     -0.00366211     
-0.0036499     -0.00362549     -0.0036499     -0.00355225     
-0.00343018     -0.00350342     -0.00354004     -0.00339355     
-0.00338135     -0.00341797     -0.00335693     -0.00333252     
-0.00334473     -0.00332031     -0.00338135     -0.0034668     
-0.00336914     -0.00350342     -0.00349121     -0.00343018     
-0.00358887     -0.00357666     -0.00368652     -0.00371094     
-0.00366211     -0.00379639     -0.00383301     -0.00374756     
-0.00366211     -0.0036499     -0.00373535     -0.00355225     
-0.0036377     -0.00352783     -0.00362549     -0.0034668     
-0.00358887     -0.00356445     -0.00366211     -0.00361328     
-0.00371094     -0.00375977     -0.00390625     -0.00369873     
-0.00388184     -0.00396729     -0.00389404     -0.00397949     
-0.00390625     -0.00406494     -0.00396729     -0.00395508     
-0.00391846     -0.00395508     -0.00385742     -0.0038208     
-0.00380859     -0.00378418     -0.00383301     -0.00380859     
-0.00366211     -0.00380859     -0.00380859     -0.00375977     
-0.00378418     -0.00396729     -0.00394287     -0.0039917     
-0.00395508     -0.00393066     -0.0041748     -0.00395508     
-0.00396729     -0.00407715     -0.00394287     -0.00384521     
-0.00384521     -0.00388184     -0.00378418     -0.00368652     
-0.00371094     -0.00369873     -0.00369873     -0.00354004     
-0.00366211     -0.00371094     -0.00377197     -0.00373535     
-0.00379639     -0.00380859     -0.00377197     -0.00366211     
-0.00372314     -0.0036499     -0.00380859     -0.00367432     
-0.00357666     -0.00368652     -0.00361328     -0.00344238     
-0.00356445     -0.00360107     -0.00367432     -0.00358887     
-0.00349121     -0.00358887     -0.00367432     -0.00357666     
-0.00358887     -0.00375977     -0.00361328     -0.0036499     
-0.0036377     -0.00361328     -0.00372314     -0.0036499     
-0.00357666     -0.00369873     -0.00375977     -0.00371094     
-0.00377197     -0.00379639     -0.00389404     -0.00380859     
-0.00378418     -0.00395508     -0.00404053     -0.00385742     
-0.00390625     -0.00395508     -0.00397949     -0.00391846     
-0.00386963     -0.00377197     -0.00385742     -0.0036499     
-0.00366211     -0.00360107     -0.00369873     -0.00356445     
-0.00350342     -0.00356445     -0.00368652     -0.00357666     
-0.00366211     -0.00366211     -0.00372314     -0.00375977     
-0.0036499     -0.00378418     -0.00380859     -0.00378418     
-0.00377197     -0.00383301     -0.00369873     -0.00366211     
-0.00367432     -0.00368652     -0.00367432     -0.00355225     
-0.00354004     -0.0036499     -0.0036499     -0.0036499     
-0.00368652     -0.00388184     -0.00384521     -0.00395508     
-0.00404053     -0.00410156     -0.00429688     -0.00424805     
-0.00432129     -0.0043457     -0.00438232     -0.00439453     
-0.0043335     -0.00441895     -0.00438232     -0.00430908     
-0.00432129     -0.00432129     -0.00440674     -0.00418701     
-0.00421143     -0.00426025     -0.00429688     -0.00412598     
-0.00408936     -0.00407715     -0.00415039     -0.00408936     
-0.00410156     -0.00415039     -0.00411377     -0.0041626     
-0.00413818     -0.00427246     -0.00426025     -0.00427246     
-0.00419922     -0.00439453     -0.00438232     -0.00429688     
-0.00423584     -0.00440674     -0.00447998     -0.00438232     
-0.00429688     -0.00439453     -0.0043457     -0.00435791     
-0.0043457     -0.00438232     -0.00446777     -0.00446777     
-0.00441895     -0.00457764     -0.00452881     -0.00438232     
-0.00445557     -0.00439453     -0.00447998     -0.00435791     
-0.00410156     -0.0041626     -0.00412598     -0.00385742     
-0.00378418     -0.00379639     -0.00378418     -0.00367432     
-0.00368652     -0.00373535     -0.0038208     -0.00371094     
-0.00388184     -0.00384521     -0.00405273     -0.00402832     
-0.00396729     -0.00407715     -0.00421143     -0.00408936     
-0.00408936     -0.00415039     -0.00410156     -0.00419922     
-0.00404053     -0.00406494     -0.0041626     -0.00393066     
-0.00383301     -0.00397949     -0.00385742     -0.00369873     
-0.00361328     -0.00354004     -0.00355225     -0.00345459     
-0.00335693     -0.00339355     -0.00345459     -0.00336914     
-0.00340576     -0.0034668     -0.00334473     -0.00338135     
-0.00327148     -0.0032959     -0.00343018     -0.00311279     
-0.00307617     -0.00317383     -0.00301514     -0.00302734     
-0.00297852     -0.00308838     -0.00311279     -0.00303955     
-0.00301514     -0.00308838     -0.00330811     -0.00311279     
-0.00323486     -0.00317383     -0.00339355     -0.0032959     
-0.003479     -0.00356445     -0.00367432     -0.00355225     
-0.00374756     -0.00384521     -0.00393066     -0.00394287     
-0.00393066     -0.0039917     -0.00406494     -0.0039917     
-0.00390625     -0.00391846     -0.00386963     -0.00391846     
-0.00379639     -0.00375977     -0.00380859     -0.00377197     
-0.00385742     -0.00396729     -0.00406494     -0.00405273     
-0.00408936     -0.00407715     -0.0041748     -0.00408936     
-0.00395508     -0.00412598     -0.00401611     -0.00386963     
-0.00380859     -0.0038208     -0.00380859     -0.00371094     
-0.00358887     -0.00361328     -0.00352783     -0.00340576     
-0.00336914     -0.00338135     -0.00345459     -0.00323486     
-0.0032959     -0.00322266     -0.00324707     -0.00313721     
-0.00322266     -0.00305176     -0.00317383     -0.00305176     
-0.00302734     -0.00314941     -0.00317383     -0.00305176     
-0.00319824     -0.00319824     -0.00318604     -0.00324707     
-0.00317383     -0.00327148     -0.00333252     -0.00334473     
-0.00334473     -0.00345459     -0.00338135     -0.00336914     
-0.00339355     -0.00336914     -0.0032959     -0.00330811     
-0.0032959     -0.00319824     -0.00316162     -0.003125     
-0.00310059     -0.00313721     -0.00316162     -0.00327148     
-0.00327148     -0.00332031     -0.00351563     -0.00332031     
-0.00339355     -0.00355225     -0.00360107     -0.00357666     
-0.0036499     -0.00374756     -0.00383301     -0.00374756     
-0.00385742     -0.00391846     -0.00395508     -0.00377197     
-0.00393066     -0.00377197     -0.00385742     -0.00362549     
-0.00358887     -0.00358887     -0.00374756     -0.00356445     
-0.00362549     -0.00360107     -0.0036377     -0.00354004     
-0.00340576     -0.00362549     -0.00358887     -0.00354004     
-0.00355225     -0.00345459     -0.00355225     -0.00356445     
-0.00349121     -0.00368652     -0.00371094     -0.00362549     
-0.0038208     -0.00389404     -0.00389404     -0.00396729     
-0.0039917     -0.00397949     -0.00405273     -0.00402832     
-0.00390625     -0.00397949     -0.00388184     -0.00367432     
-0.00377197     -0.0036377     -0.00366211     -0.00350342     
-0.00341797     -0.00349121     -0.00351563     -0.003479     
-0.00338135     -0.00352783     -0.00350342     -0.00356445     
-0.00369873     -0.00358887     -0.00371094     -0.00360107     
-0.00371094     -0.00356445     -0.00361328     -0.0034668     
-0.00341797     -0.003479     -0.00330811     -0.00323486     
-0.00330811     -0.0032959     -0.00328369     -0.00325928     
-0.00327148     -0.00336914     -0.00336914     -0.00324707     
-0.00324707     -0.00338135     -0.00324707     -0.00322266     
-0.00322266     -0.00322266     -0.00313721     -0.00305176     
-0.00299072     -0.00299072     -0.00294189     -0.00280762     
-0.00283203     -0.00279541     -0.00266113     -0.00262451     
-0.00262451     -0.00268555     -0.00274658     -0.00263672     
-0.00280762     -0.00286865     -0.00281982     -0.00284424     
-0.00294189     -0.00302734     -0.00296631     -0.00273438     
-0.00275879     -0.002771     -0.002771     -0.00255127     
-0.00266113     -0.00262451     -0.00272217     -0.0026001     
-0.00267334     -0.00273438     -0.00275879     -0.00285645     
-0.0029541     -0.00301514     -0.00313721     -0.00314941     
-0.00327148     -0.00341797     -0.00336914     -0.00343018     
-0.00344238     -0.003479     -0.00356445     -0.00350342     
-0.00344238     -0.00350342     -0.00343018     -0.0032959     
-0.0032959     -0.00334473     -0.0032959     -0.00321045     
-0.00321045     -0.00322266     -0.0032959     -0.00322266     
-0.00314941     -0.00338135     -0.00339355     -0.00322266     
-0.00325928     -0.0032959     -0.00334473     -0.00323486     
-0.00322266     -0.00327148     -0.00318604     -0.00314941     
-0.00307617     -0.00307617     -0.00313721     -0.00302734     
-0.00308838     -0.0029541     -0.00306396     -0.0029541     
-0.0029541     -0.00292969     -0.00299072     -0.00299072     
-0.0029541     -0.00310059     -0.00318604     -0.003125     
-0.00317383     -0.0032959     -0.00333252     -0.00330811     
-0.00332031     -0.00341797     -0.00343018     -0.00333252     
-0.00335693     -0.003479     -0.00338135     -0.00333252     
-0.00334473     -0.00343018     -0.00339355     -0.00339355     
-0.00332031     -0.00339355     -0.00339355     -0.00324707     
-0.00334473     -0.00335693     -0.00334473     -0.00345459     
-0.00351563     -0.00350342     -0.00379639     -0.0036499     
-0.00377197     -0.00396729     -0.00389404     -0.00391846     
-0.00394287     -0.00396729     -0.00379639     -0.00374756     
-0.00352783     -0.00345459     -0.00339355     -0.00311279     
-0.00311279     -0.00300293     -0.00301514     -0.00275879     
-0.0027832     -0.00285645     -0.00292969     -0.00280762     
-0.00303955     -0.00305176     -0.00311279     -0.00302734     
-0.00311279     -0.00325928     -0.00317383     -0.0032959     
-0.00324707     -0.00330811     -0.00330811     -0.00338135     
-0.00335693     -0.003479     -0.00361328     -0.00360107     
-0.00369873     -0.00386963     -0.00380859     -0.00380859     
-0.00384521     -0.00380859     -0.00396729     -0.00377197     
-0.00354004     -0.00358887     -0.00345459     -0.00328369     
-0.00314941     -0.00311279     -0.00313721     -0.0029541     
-0.00292969     -0.00306396     -0.00303955     -0.00301514     
-0.00299072     -0.00321045     -0.00324707     -0.00324707     
-0.00340576     -0.00343018     -0.00356445     -0.00334473     
-0.00339355     -0.00349121     -0.00355225     -0.00335693     
-0.00341797     -0.00344238     -0.003479     -0.0034668     
-0.00351563     -0.00356445     -0.00366211     -0.00373535     
-0.0038208     -0.00390625     -0.00397949     -0.00395508     
-0.00401611     -0.00413818     -0.00410156     -0.00407715     
-0.00406494     -0.00406494     -0.00395508     -0.00388184     
-0.00372314     -0.00374756     -0.00367432     -0.00345459     
-0.00344238     -0.00349121     -0.00332031     -0.00327148     
-0.00317383     -0.00319824     -0.00327148     -0.00300293     
-0.00307617     -0.00317383     -0.00305176     -0.00302734     
-0.00292969     -0.00306396     -0.00305176     -0.00299072     
-0.00299072     -0.00301514     -0.00302734     -0.00280762     
-0.00290527     -0.00290527     -0.00302734     -0.00275879     
-0.0029541     -0.00299072     -0.0029541     -0.00292969     
-0.00300293     -0.00299072     -0.00319824     -0.00317383     
-0.00322266     -0.00333252     -0.00328369     -0.00335693     
-0.0032959     -0.00340576     -0.00345459     -0.00343018     
-0.00330811     -0.00334473     -0.00327148     -0.00314941     
-0.00314941     -0.00317383     -0.00297852     -0.00294189     
-0.00286865     -0.00284424     -0.00300293     -0.00281982     
-0.0027832     -0.00297852     -0.00292969     -0.00297852     
-0.00313721     -0.00324707     -0.00333252     -0.00344238     
-0.0034668     -0.00366211     -0.00374756     -0.00380859     
-0.00383301     -0.00394287     -0.00396729     -0.00377197     
-0.00383301     -0.00388184     -0.00388184     -0.00373535     
-0.00378418     -0.0036377     -0.00373535     -0.00369873     
-0.00373535     -0.00372314     -0.00386963     -0.00373535     
-0.00386963     -0.00391846     -0.00393066     -0.00390625     
-0.00393066     -0.00400391     -0.00394287     -0.00383301     
-0.00373535     -0.0038208     -0.00360107     -0.00352783     
-0.003479     -0.00335693     -0.00334473     -0.00322266     
-0.003125     -0.00319824     -0.00314941     -0.00297852     
-0.00300293     -0.00310059     -0.00306396     -0.00301514     
-0.00303955     -0.00305176     -0.00318604     -0.00300293     
-0.00307617     -0.00318604     -0.00327148     -0.00318604     
-0.003125     -0.00323486     -0.00317383     -0.003125     
-0.00310059     -0.003125     -0.00325928     -0.00308838     
-0.00324707     -0.00319824     -0.00319824     -0.00306396     
-0.00317383     -0.00308838     -0.00307617     -0.00296631     
-0.00294189     -0.00294189     -0.00292969     -0.0027832     
-0.00269775     -0.00280762     -0.00281982     -0.00273438     
-0.00269775     -0.00289307     -0.00283203     -0.00289307     
-0.00280762     -0.00301514     -0.00305176     -0.00299072     
-0.00299072     -0.00310059     -0.00300293     -0.00305176     
-0.00308838     -0.00303955     -0.00306396     -0.00300293     
-0.00288086     -0.00303955     -0.0029541     -0.00290527     
-0.0029541     -0.00297852     -0.00300293     -0.00300293     
-0.00306396     -0.00308838     -0.00319824     -0.00327148     
-0.00321045     -0.00340576     -0.00349121     -0.00344238     
-0.00358887     -0.00355225     -0.00380859     -0.00369873     
-0.00384521     -0.00394287     -0.00396729     -0.00395508     
-0.00405273     -0.00415039     -0.0041626     -0.00401611     
-0.0041626     -0.00422363     -0.00411377     -0.00397949     
-0.00391846     -0.00385742     -0.00377197     -0.00357666     
-0.00345459     -0.00344238     -0.00325928     -0.00325928     
-0.003125     -0.00322266     -0.00318604     -0.00311279     
-0.00311279     -0.00318604     -0.00328369     -0.00318604     
-0.0032959     -0.0034668     -0.00336914     -0.00339355     
-0.00345459     -0.00351563     -0.00374756     -0.00349121     
-0.00362549     -0.00369873     -0.00358887     -0.0036499     
-0.00356445     -0.00352783     -0.00360107     -0.0034668     
-0.00344238     -0.0034668     -0.00350342     -0.00336914     
-0.003479     -0.00349121     -0.00358887     -0.00352783     
-0.00360107     -0.00361328     -0.00358887     -0.00357666     
-0.00352783     -0.003479     -0.00358887     -0.00341797     
-0.00325928     -0.00341797     -0.00334473     -0.00317383     
-0.003125     -0.003125     -0.00303955     -0.00302734     
-0.00291748     -0.00301514     -0.00300293     -0.00285645     
-0.00279541     -0.00288086     -0.00289307     -0.00286865     
-0.00296631     -0.00310059     -0.00308838     -0.00313721     
-0.00314941     -0.00332031     -0.00327148     -0.00328369     
-0.00335693     -0.00332031     -0.0032959     -0.00316162     
-0.00314941     -0.00316162     -0.00316162     -0.00307617     
-0.00302734     -0.00303955     -0.00316162     -0.00305176     
-0.003125     -0.00313721     -0.00327148     -0.003125     
-0.00319824     -0.00323486     -0.00336914     -0.0032959     
-0.00334473     -0.00335693     -0.00339355     -0.00328369     
-0.00334473     -0.00330811     -0.00323486     -0.00313721     
-0.00308838     -0.00310059     -0.00306396     -0.00300293     
-0.00291748     -0.00308838     -0.00294189     -0.00284424     
-0.00292969     -0.00299072     -0.00305176     -0.00306396     
-0.00303955     -0.00321045     -0.00318604     -0.00313721     
-0.00322266     -0.00330811     -0.00316162     -0.00317383     
-0.00307617     -0.00301514     -0.00296631     -0.0027832     
-0.00275879     -0.002771     -0.00262451     -0.00255127     
-0.00246582     -0.00251465     -0.00241699     -0.00231934     
-0.00228271     -0.00236816     -0.00240479     -0.0022583     
-0.00249023     -0.00245361     -0.00252686     -0.00236816     
-0.00258789     -0.00268555     -0.00266113     -0.00268555     
-0.002771     -0.00264893     -0.00275879     -0.00263672     
-0.00256348     -0.00256348     -0.0026123     -0.00247803     
-0.00240479     -0.0024292     -0.00238037     -0.00239258     
-0.00231934     -0.00252686     -0.00258789     -0.00256348     
-0.0026123     -0.00279541     -0.00275879     -0.00274658     
-0.00279541     -0.00280762     -0.00290527     -0.00275879     
-0.00267334     -0.00280762     -0.00279541     -0.0026001     
-0.00258789     -0.00256348     -0.0026123     -0.00258789     
-0.00252686     -0.0026001     -0.0026123     -0.00253906     
-0.0026123     -0.00272217     -0.0027832     -0.00270996     
-0.00286865     -0.00283203     -0.00296631     -0.00285645     
-0.00292969     -0.00292969     -0.00303955     -0.00289307     
-0.00289307     -0.0029541     -0.00289307     -0.00283203     
-0.00294189     -0.00284424     -0.00281982     -0.00290527     
-0.00289307     -0.00286865     -0.00288086     -0.00285645     
-0.00267334     -0.00281982     -0.00275879     -0.00262451     
-0.00262451     -0.00269775     -0.00270996     -0.00267334     
-0.00264893     -0.00285645     -0.00284424     -0.0027832     
-0.00297852     -0.00314941     -0.00308838     -0.00313721     
-0.00319824     -0.00327148     -0.00341797     -0.00327148     
-0.00332031     -0.00328369     -0.00327148     -0.00318604     
-0.00314941     -0.00316162     -0.00313721     -0.0029541     
-0.00286865     -0.00291748     -0.00291748     -0.00263672     
-0.0027832     -0.0027832     -0.00284424     -0.00266113     
-0.00273438     -0.00284424     -0.00281982     -0.00267334     
-0.00283203     -0.00286865     -0.00290527     -0.00279541     
-0.0027832     -0.00289307     -0.00283203     -0.00268555     
-0.00266113     -0.00263672     -0.00267334     -0.00267334     
-0.00257568     -0.00269775     -0.00272217     -0.0026001     
-0.00266113     -0.00275879     -0.0027832     -0.00279541     
-0.00266113     -0.00279541     -0.00284424     -0.00266113     
-0.00256348     -0.00269775     -0.00267334     -0.00253906     
-0.00263672     -0.00257568     -0.00264893     -0.00252686     
-0.00250244     -0.00268555     -0.00269775     -0.00264893     
-0.00256348     -0.00269775     -0.00274658     -0.00263672     
-0.00268555     -0.00275879     -0.00286865     -0.00275879     
-0.00286865     -0.00283203     -0.00292969     -0.00291748     
-0.00294189     -0.00305176     -0.00321045     -0.00321045     
-0.00330811     -0.00335693     -0.00340576     -0.00349121     
-0.0034668     -0.00344238     -0.00344238     -0.00334473     
-0.00311279     -0.00319824     -0.00305176     -0.00296631     
-0.0027832     -0.00273438     -0.00266113     -0.00262451     
-0.00251465     -0.00256348     -0.00269775     -0.00263672     
-0.00274658     -0.00288086     -0.0029541     -0.00318604     
-0.00321045     -0.00323486     -0.00357666     -0.00350342     
-0.00361328     -0.00383301     -0.00383301     -0.00372314     
-0.00373535     -0.00366211     -0.0036377     -0.00354004     
-0.00343018     -0.00340576     -0.00339355     -0.00317383     
-0.00334473     -0.00317383     -0.00325928     -0.00313721     
-0.0032959     -0.00318604     -0.00330811     -0.00323486     
-0.00332031     -0.00328369     -0.00341797     -0.00314941     
-0.00316162     -0.00321045     -0.00307617     -0.00300293     
-0.00296631     -0.00294189     -0.00279541     -0.00273438     
-0.00263672     -0.00274658     -0.00269775     -0.00252686     
-0.00250244     -0.00262451     -0.0026123     -0.00262451     
-0.00257568     -0.00257568     -0.00269775     -0.00255127     
-0.00253906     -0.00269775     -0.00262451     -0.00244141     
-0.00247803     -0.00247803     -0.00246582     -0.00230713     
-0.00222168     -0.00229492     -0.00227051     -0.00212402     
-0.00214844     -0.00224609     -0.00230713     -0.0022583     
-0.00235596     -0.00231934     -0.00249023     -0.00231934     
-0.00235596     -0.00257568     -0.00258789     -0.00256348     
-0.00256348     -0.00263672     -0.00270996     -0.00253906     
-0.0026123     -0.00267334     -0.00272217     -0.00272217     
-0.00264893     -0.00275879     -0.00275879     -0.00264893     
-0.00266113     -0.0027832     -0.00274658     -0.00264893     
-0.00263672     -0.0026001     -0.00252686     -0.00253906     
-0.00241699     -0.00244141     -0.00240479     -0.00236816     
-0.00236816     -0.00234375     -0.00238037     -0.00245361     
-0.00238037     -0.00249023     -0.00267334     -0.00258789     
-0.00262451     -0.002771     -0.00268555     -0.00269775     
-0.00279541     -0.00284424     -0.00281982     -0.00272217     
-0.00267334     -0.00273438     -0.00280762     -0.00257568     
-0.00258789     -0.00274658     -0.00270996     -0.00257568     
-0.00263672     -0.00272217     -0.00279541     -0.00267334     
-0.00273438     -0.00270996     -0.00279541     -0.0026123     
-0.00249023     -0.00256348     -0.00246582     -0.00235596     
-0.00227051     -0.00235596     -0.00239258     -0.00230713     
-0.00229492     -0.00238037     -0.00241699     -0.00250244     
-0.00244141     -0.00266113     -0.00270996     -0.00269775     
-0.00270996     -0.00264893     -0.00274658     -0.00272217     
-0.00251465     -0.00269775     -0.0026123     -0.00250244     
-0.0026123     -0.00257568     -0.00258789     -0.00258789     
-0.00252686     -0.00255127     -0.00257568     -0.00251465     
-0.00249023     -0.00253906     -0.00250244     -0.00240479     
-0.00250244     -0.00251465     -0.0026001     -0.00257568     
-0.00263672     -0.0026123     -0.00281982     -0.00272217     
-0.00274658     -0.00280762     -0.00300293     -0.00274658     
-0.00285645     -0.00286865     -0.00285645     -0.00274658     
-0.00267334     -0.00281982     -0.002771     -0.00262451     
-0.00262451     -0.00272217     -0.0026123     -0.00256348     
-0.00257568     -0.00257568     -0.00252686     -0.00258789     
-0.00247803     -0.00251465     -0.0024292     -0.00238037     
-0.00240479     -0.00245361     -0.00240479     -0.00235596     
-0.00240479     -0.00240479     -0.00245361     -0.00231934     
-0.00240479     -0.00244141     -0.00239258     -0.00233154     
-0.00238037     -0.00245361     -0.00249023     -0.00229492     
-0.00234375     -0.00238037     -0.00236816     -0.00227051     
-0.00233154     -0.00220947     -0.00236816     -0.00216064     
-0.00220947     -0.00220947     -0.00219727     -0.00206299     
-0.00223389     -0.00211182     -0.00217285     -0.00205078     
-0.00203857     -0.00212402     -0.00201416     -0.00201416     
-0.00195313     -0.00195313     -0.00200195     -0.00201416     
-0.00187988     -0.00201416     -0.00213623     -0.00194092     
-0.0019043     -0.00198975     -0.00200195     -0.00186768     
-0.00174561     -0.00186768     -0.0019165     -0.0019043     
-0.00185547     -0.00195313     -0.00200195     -0.00194092     
-0.00194092     -0.0020874     -0.00220947     -0.00219727     
-0.00213623     -0.00222168     -0.00229492     -0.0022583     
-0.00220947     -0.00231934     -0.00234375     -0.00223389     
-0.00233154     -0.00234375     -0.00234375     -0.00223389     
-0.00235596     -0.00228271     -0.00250244     -0.0024292     
-0.00241699     -0.00244141     -0.0026123     -0.00250244     
-0.00268555     -0.00268555     -0.00279541     -0.00281982     
-0.00274658     -0.00288086     -0.00286865     -0.00273438     
-0.00286865     -0.00290527     -0.00280762     -0.00280762     
-0.00288086     -0.00279541     -0.00284424     -0.00281982     
-0.00274658     -0.002771     -0.00284424     -0.00262451     
-0.00273438     -0.0027832     -0.00266113     -0.0027832     
-0.00270996     -0.0027832     -0.00292969     -0.00279541     
-0.00294189     -0.00296631     -0.00303955     -0.00305176     
-0.00301514     -0.00313721     -0.00324707     -0.00313721     
-0.00310059     -0.00314941     -0.00319824     -0.00291748     
-0.00292969     -0.00286865     -0.00283203     -0.00249023     
-0.00247803     -0.00246582     -0.00224609     -0.00206299     
-0.00213623     -0.00202637     -0.00214844     -0.0020752     
-0.00214844     -0.00247803     -0.00246582     -0.00263672     
-0.00275879     -0.00288086     -0.00310059     -0.00318604     
-0.00321045     -0.00338135     -0.00335693     -0.00323486     
-0.00319824     -0.00330811     -0.00322266     -0.00323486     
-0.00310059     -0.00311279     -0.00310059     -0.00302734     
-0.00294189     -0.00305176     -0.00301514     -0.0029541     
-0.00300293     -0.00290527     -0.00301514     -0.00291748     
-0.00281982     -0.00284424     -0.00283203     -0.00279541     
-0.00275879     -0.00280762     -0.00279541     -0.00274658     
-0.002771     -0.00281982     -0.00297852     -0.00292969     
-0.00302734     -0.00303955     -0.00316162     -0.00301514     
-0.00306396     -0.00318604     -0.00323486     -0.003125     
-0.003125     -0.00306396     -0.00310059     -0.00300293     
-0.00288086     -0.0029541     -0.00288086     -0.00267334     
-0.00268555     -0.00268555     -0.00255127     -0.00251465     
-0.00244141     -0.00233154     -0.00235596     -0.00241699     
-0.00229492     -0.00239258     -0.00240479     -0.00240479     
-0.00246582     -0.0026001     -0.00264893     -0.00268555     
-0.00270996     -0.00283203     -0.00290527     -0.00283203     
-0.00285645     -0.00285645     -0.00291748     -0.00283203     
-0.00266113     -0.00281982     -0.00273438     -0.0026001     
-0.0026001     -0.00270996     -0.00270996     -0.00251465     
-0.00264893     -0.00268555     -0.00279541     -0.00251465     
-0.00262451     -0.00264893     -0.00268555     -0.00270996     
-0.00268555     -0.00272217     -0.00270996     -0.0026123     
-0.00251465     -0.00272217     -0.00262451     -0.00247803     
-0.00247803     -0.00255127     -0.00250244     -0.00250244     
-0.00238037     -0.00252686     -0.0026123     -0.00258789     
-0.00257568     -0.00269775     -0.00272217     -0.002771     
-0.00267334     -0.00279541     -0.00291748     -0.00280762     
-0.00270996     -0.00285645     -0.002771     -0.00257568     
-0.00264893     -0.00258789     -0.0026123     -0.00253906     
-0.00230713     -0.00246582     -0.00229492     -0.00227051     
-0.0022583     -0.00227051     -0.00238037     -0.00219727     
-0.00230713     -0.00229492     -0.00236816     -0.00218506     
-0.00236816     -0.00230713     -0.0024292     -0.00223389     
-0.00224609     -0.0022583     -0.00231934     -0.00218506     
-0.00218506     -0.00217285     -0.0020874     -0.0020874     
-0.00216064     -0.00212402     -0.00218506     -0.00209961     
-0.00213623     -0.00231934     -0.00220947     -0.00228271     
-0.00228271     -0.00249023     -0.0024292     -0.00238037     
-0.00231934     -0.00247803     -0.00239258     -0.0022583     
-0.00229492     -0.00229492     -0.00218506     -0.00214844     
-0.00202637     -0.00205078     -0.00216064     -0.00197754     
-0.00197754     -0.00206299     -0.00209961     -0.0020874     
-0.00205078     -0.00227051     -0.00229492     -0.00229492     
-0.00235596     -0.00235596     -0.00250244     -0.00240479     
-0.00249023     -0.00253906     -0.00268555     -0.00253906     
-0.0026123     -0.00264893     -0.0026001     -0.00255127     
-0.00253906     -0.00244141     -0.00253906     -0.00239258     
-0.00227051     -0.00231934     -0.00223389     -0.00203857     
-0.00205078     -0.00205078     -0.0020874     -0.0020752     
-0.00197754     -0.00203857     -0.00218506     -0.0020874     
-0.0020874     -0.00216064     -0.00217285     -0.00217285     
-0.00217285     -0.00230713     -0.00229492     -0.00223389     
-0.00218506     -0.00234375     -0.00240479     -0.00234375     
-0.00249023     -0.00244141     -0.00246582     -0.00249023     
-0.0024292     -0.00253906     -0.00256348     -0.0024292     
-0.00241699     -0.00245361     -0.00245361     -0.00236816     
-0.00233154     -0.00238037     -0.00250244     -0.00227051     
-0.00238037     -0.00241699     -0.00249023     -0.00235596     
-0.00224609     -0.00236816     -0.0022583     -0.00212402     
-0.00218506     -0.00209961     -0.0020874     -0.00206299     
-0.00192871     -0.00201416     -0.0020752     -0.00201416     
-0.00203857     -0.00220947     -0.00216064     -0.0020752     
-0.00216064     -0.00218506     -0.00213623     -0.00217285     
-0.00217285     -0.00209961     -0.00212402     -0.00195313     
-0.0020752     -0.00212402     -0.00197754     -0.00206299     
-0.00201416     -0.00197754     -0.00206299     -0.00195313     
-0.00206299     -0.00205078     -0.00203857     -0.00206299     
-0.00205078     -0.00213623     -0.00217285     -0.00211182     

