Source : transient; Time : Wed Jun 14 10:35:18 2017
B0 = 3468.000000 Gauss, mw = 9.686282 GHz
 NDI-T2 sa261 20/2 42/25 523nm/1mJ
1 5000 -1.001e-06 8.997e-06 0 0
s                        V                                                 
0.000891113     0.000634766     0.000500488     0.000561523     
0.000500488     0.00032959     0.000146484     0.000268555     
0.000170898     4.88281e-05     -3.66211e-05     0     
-1.2207e-05     -8.54492e-05     -0.000244141     -0.000109863     
-9.76563e-05     -8.54492e-05     -9.76563e-05     0     
0.000134277     4.88281e-05     6.10352e-05     0.00012207     
0.000231934     0.000305176     0.000195313     0.000378418     
0.000427246     0.000427246     0.000488281     0.000549316     
0.000598145     0.000598145     0.000512695     0.000683594     
0.000622559     0.000671387     0.000610352     0.00065918     
0.000708008     0.000549316     0.000646973     0.000585938     
0.000610352     0.00057373     0.000488281     0.000524902     
0.000695801     0.000512695     0.000500488     0.00045166     
0.000476074     0.000537109     0.000390625     0.000390625     
0.000500488     0.000512695     0.000439453     0.000646973     
0.000720215     0.000671387     0.00078125     0.000964355     
0.00098877     0.00108643     0.00102539     0.00125732     
0.00119629     0.00117188     0.00114746     0.00125732     
0.00112305     0.000939941     0.000830078     0.000842285     
0.000524902     0.000476074     0.000244141     0.000231934     
0.000244141     -1.2207e-05     -0.000109863     2.44141e-05     
-4.88281e-05     -9.76563e-05     2.44141e-05     8.54492e-05     
0.000109863     0.00012207     0.000158691     0.000292969     
0.000402832     0.000390625     0.000537109     0.000683594     
0.000817871     0.000695801     0.000842285     0.000891113     
0.00108643     0.000939941     0.000952148     0.0010376     
0.000964355     0.000842285     0.000732422     0.000878906     
0.000769043     0.000622559     0.000549316     0.000512695     
0.000537109     0.000402832     0.000195313     0.000390625     
0.000317383     0.000317383     1.2207e-05     0.000231934     
0.000305176     0.000219727     0.00020752     0.000268555     
0.000280762     0.000366211     0.000305176     0.000427246     
0.000439453     0.000488281     0.000512695     0.000500488     
0.000561523     0.000683594     0.000610352     0.000793457     
0.000756836     0.000622559     0.00065918     0.000671387     
0.000622559     0.000415039     0.000463867     0.000378418     
0.000268555     0.000170898     3.66211e-05     0     
-1.2207e-05     -0.00012207     -0.000134277     -0.000109863     
-2.44141e-05     -0.000134277     -0.000195313     -0.000109863     
-7.32422e-05     -6.10352e-05     -0.000195313     -9.76563e-05     
-9.76563e-05     -0.000256348     -0.00020752     -0.000256348     
-0.000305176     -0.000341797     -0.000500488     -0.000549316     
-0.000488281     -0.000549316     -0.000512695     -0.000561523     
-0.000439453     -0.000500488     -0.000427246     -0.000366211     
-0.000280762     -0.000146484     -9.76563e-05     6.10352e-05     
0.000231934     0.000231934     0.000195313     0.000463867     
0.000463867     0.000463867     0.000427246     0.000610352     
0.000585938     0.000524902     0.00045166     0.000512695     
0.000537109     0.000476074     0.000415039     0.000427246     
0.00057373     0.000463867     0.000488281     0.000561523     
0.000585938     0.000427246     0.000402832     0.000561523     
0.000488281     0.000366211     0.000354004     0.000415039     
0.000427246     0.000366211     0.00032959     0.000427246     
0.000524902     0.000549316     0.000549316     0.000720215     
0.000610352     0.000805664     0.000732422     0.000891113     
0.000866699     0.000854492     0.000756836     0.000744629     
0.000793457     0.00065918     0.000354004     0.000512695     
0.000390625     0.00020752     0.000244141     0.000146484     
0.00012207     0.000170898     0     0.000219727     
0.000317383     0.000231934     0.000280762     0.000427246     
0.00045166     0.000378418     0.000390625     0.000476074     
0.000500488     0.000439453     0.000463867     0.000402832     
0.000500488     0.000415039     0.00032959     0.000354004     
0.000512695     0.000439453     0.000366211     0.000463867     
0.000549316     0.000561523     0.000463867     0.000634766     
0.000634766     0.000622559     0.000708008     0.00065918     
0.000695801     0.000720215     0.00057373     0.000720215     
0.000622559     0.000549316     0.000512695     0.000500488     
0.000476074     0.000390625     0.000390625     0.000354004     
0.000244141     0.000317383     0.000256348     0.000256348     
0.000354004     0.000158691     0.000158691     0.000354004     
0.000231934     0.000183105     0.00020752     0.000317383     
0.000256348     6.10352e-05     1.2207e-05     0.000134277     
4.88281e-05     0     -3.66211e-05     1.2207e-05     
0.000183105     7.32422e-05     0.000219727     0.000378418     
0.00045166     0.000488281     0.000561523     0.000671387     
0.000708008     0.000671387     0.000598145     0.000683594     
0.000622559     0.000537109     0.000427246     0.000463867     
0.000463867     0.000415039     0.000292969     0.00045166     
0.000439453     0.000463867     0.000378418     0.000646973     
0.000598145     0.000549316     0.000537109     0.000598145     
0.000671387     0.00065918     0.000561523     0.000683594     
0.000708008     0.000561523     0.000549316     0.000585938     
0.000500488     0.000439453     0.000317383     0.000378418     
0.00032959     0.000305176     0.00012207     0.000231934     
0.000317383     0.000183105     0.000244141     0.000280762     
0.000256348     0.000244141     0.00032959     0.000341797     
0.000488281     0.000341797     0.000427246     0.000500488     
0.000488281     0.000463867     0.000317383     0.000439453     
0.000378418     0.000305176     0.000231934     0.000341797     
0.000317383     0.000256348     0.000244141     0.000305176     
0.000317383     0.00032959     0.000341797     0.000463867     
0.000439453     0.000500488     0.000463867     0.000610352     
0.000671387     0.000634766     0.000671387     0.000793457     
0.000585938     0.000561523     0.000500488     0.000610352     
0.000634766     0.000463867     0.000476074     0.000537109     
0.000561523     0.000500488     0.000415039     0.000500488     
0.000488281     0.000390625     0.000317383     0.000415039     
0.000268555     0.000109863     3.66211e-05     0     
-8.54492e-05     -0.000244141     -0.000305176     -0.000341797     
-0.000231934     -0.000390625     -0.000415039     -0.000231934     
-0.000219727     -0.000231934     -0.00020752     -6.10352e-05     
0.000109863     0.000183105     0.000109863     0.000415039     
0.00045166     0.00045166     0.000427246     0.000646973     
0.000683594     0.000610352     0.000512695     0.000634766     
0.000622559     0.000537109     0.000439453     0.000488281     
0.000549316     0.000500488     0.000366211     0.000634766     
0.000549316     0.000561523     0.000610352     0.000634766     
0.000756836     0.000805664     0.000805664     0.00106201     
0.00107422     0.00102539     0.000976563     0.0010498     
0.00117188     0.000915527     0.000927734     0.000976563     
0.000964355     0.000805664     0.000878906     0.000842285     
0.000878906     0.000720215     0.000756836     0.000878906     
0.000805664     0.000720215     0.000805664     0.000805664     
0.000695801     0.00065918     0.000488281     0.000561523     
0.000488281     0.000427246     0.000390625     0.000476074     
0.000427246     0.000524902     0.000292969     0.000524902     
0.000512695     0.000622559     0.000634766     0.000756836     
0.000769043     0.000695801     0.000756836     0.000964355     
0.000866699     0.000817871     0.000720215     0.000805664     
0.000866699     0.000634766     0.000488281     0.000744629     
0.000537109     0.000476074     0.000354004     0.000439453     
0.000366211     0.000158691     0.000109863     0.000219727     
0.000231934     0.00012207     0.000146484     0.00020752     
0.000341797     0.000292969     0.000268555     0.000341797     
0.000439453     0.000488281     0.000390625     0.000622559     
0.000622559     0.000500488     0.000476074     0.00057373     
0.000598145     0.000476074     0.000439453     0.000402832     
0.000439453     0.000390625     0.000170898     0.000219727     
0.000244141     0.000134277     8.54492e-05     8.54492e-05     
0.000109863     6.10352e-05     -8.54492e-05     3.66211e-05     
0.000109863     8.54492e-05     -0.00020752     8.54492e-05     
4.88281e-05     -0.000158691     -0.000109863     3.66211e-05     
-2.44141e-05     -3.66211e-05     -9.76563e-05     2.44141e-05     
0.00012207     6.10352e-05     7.32422e-05     0.000170898     
0.00020752     0.000146484     0.000195313     0.000292969     
0.000366211     0.000231934     0.000183105     0.000317383     
0.000268555     0.000146484     0.000158691     0.000256348     
0.000244141     0.000170898     0.000134277     0.000280762     
0.00020752     0.000134277     0.000183105     0.000231934     
0.000305176     0.000146484     8.54492e-05     0.000134277     
0.000158691     0.000244141     7.32422e-05     0.000231934     
0.000195313     0.000183105     0.000146484     0.000244141     
0.000244141     0.000195313     0.000244141     0.00032959     
0.000244141     0.000244141     9.76563e-05     0.000231934     
0.000170898     2.44141e-05     -6.10352e-05     6.10352e-05     
-0.00012207     -0.000195313     -0.000305176     -0.000305176     
-0.00032959     -0.000500488     -0.000634766     -0.00065918     
-0.000708008     -0.000891113     -0.00101318     -0.00100098     
-0.00100098     -0.00117188     -0.00113525     -0.0012207     
-0.00106201     -0.00123291     -0.00125732     -0.00112305     
-0.00107422     -0.0012085     -0.00131836     -0.00111084     
-0.00119629     -0.00133057     -0.00144043     -0.00142822     
-0.00146484     -0.00169678     -0.00179443     -0.00174561     
-0.00192871     -0.00201416     -0.00223389     -0.00220947     
-0.00228271     -0.00241699     -0.00264893     -0.00272217     
-0.00266113     -0.00292969     -0.00323486     -0.00317383     
-0.00332031     -0.00339355     -0.00344238     -0.00352783     
-0.00344238     -0.0034668     -0.00356445     -0.00333252     
-0.00307617     -0.00302734     -0.00291748     -0.00264893     
-0.00239258     -0.00238037     -0.00233154     -0.00224609     
-0.00212402     -0.00213623     -0.00224609     -0.00228271     
-0.00228271     -0.00239258     -0.00256348     -0.00256348     
-0.00267334     -0.00279541     -0.00279541     -0.002771     
-0.00283203     -0.00290527     -0.00292969     -0.00297852     
-0.00285645     -0.0029541     -0.00294189     -0.00274658     
-0.00283203     -0.00285645     -0.00300293     -0.00284424     
-0.00286865     -0.00297852     -0.00305176     -0.00289307     
-0.00289307     -0.00306396     -0.00301514     -0.00301514     
-0.00306396     -0.00301514     -0.00323486     -0.00308838     
-0.00310059     -0.00334473     -0.00345459     -0.00340576     
-0.00356445     -0.00360107     -0.00378418     -0.0038208     
-0.00377197     -0.00384521     -0.00390625     -0.00380859     
-0.00384521     -0.00388184     -0.00380859     -0.00377197     
-0.00355225     -0.00369873     -0.0036377     -0.00355225     
-0.00354004     -0.00351563     -0.00360107     -0.00349121     
-0.00345459     -0.00362549     -0.00367432     -0.00360107     
-0.00361328     -0.00374756     -0.00378418     -0.00374756     
-0.00377197     -0.00378418     -0.00390625     -0.00375977     
-0.00379639     -0.00378418     -0.00395508     -0.00367432     
-0.0036377     -0.00366211     -0.00372314     -0.0036377     
-0.00357666     -0.00362549     -0.0036377     -0.00357666     
-0.00357666     -0.00350342     -0.00354004     -0.00357666     
-0.00341797     -0.00339355     -0.00345459     -0.00316162     
-0.00323486     -0.00313721     -0.00318604     -0.00306396     
-0.00307617     -0.00307617     -0.00306396     -0.00310059     
-0.00308838     -0.00313721     -0.00332031     -0.00336914     
-0.00340576     -0.0036377     -0.00369873     -0.0038208     
-0.00386963     -0.00395508     -0.00405273     -0.00408936     
-0.00412598     -0.00411377     -0.0041626     -0.00404053     
-0.00400391     -0.00401611     -0.00402832     -0.00389404     
-0.00385742     -0.00375977     -0.00384521     -0.00367432     
-0.00366211     -0.0036377     -0.00362549     -0.003479     
-0.00341797     -0.0034668     -0.00325928     -0.00318604     
-0.00306396     -0.003125     -0.00305176     -0.00285645     
-0.00279541     -0.00297852     -0.00296631     -0.00289307     
-0.00310059     -0.00311279     -0.00322266     -0.00332031     
-0.00343018     -0.00355225     -0.0036499     -0.00373535     
-0.00372314     -0.00388184     -0.00391846     -0.00388184     
-0.00386963     -0.00393066     -0.00384521     -0.0038208     
-0.0038208     -0.00386963     -0.00385742     -0.00374756     
-0.00375977     -0.00388184     -0.00395508     -0.00377197     
-0.00375977     -0.00383301     -0.00393066     -0.00385742     
-0.00375977     -0.00396729     -0.00395508     -0.00396729     
-0.00397949     -0.00408936     -0.00427246     -0.00412598     
-0.00418701     -0.00424805     -0.0043335     -0.00428467     
-0.0041748     -0.00412598     -0.00423584     -0.00402832     
-0.00406494     -0.00407715     -0.00405273     -0.00397949     
-0.0039917     -0.00405273     -0.00424805     -0.00422363     
-0.00419922     -0.00432129     -0.00435791     -0.00444336     
-0.00450439     -0.00467529     -0.00473633     -0.00484619     
-0.00471191     -0.00484619     -0.00491943     -0.00493164     
-0.00491943     -0.00493164     -0.0048584     -0.00490723     
-0.00472412     -0.00484619     -0.00473633     -0.00457764     
-0.00458984     -0.00454102     -0.00460205     -0.00457764     
-0.00449219     -0.00460205     -0.00455322     -0.00441895     
-0.00443115     -0.00450439     -0.00462646     -0.00444336     
-0.00446777     -0.00443115     -0.00457764     -0.0043457     
-0.00438232     -0.00450439     -0.00437012     -0.00424805     
-0.00437012     -0.00432129     -0.00439453     -0.00428467     
-0.00412598     -0.00438232     -0.00438232     -0.00437012     
-0.00441895     -0.00447998     -0.00457764     -0.00450439     
-0.00461426     -0.00467529     -0.00469971     -0.00473633     
-0.00460205     -0.00462646     -0.00472412     -0.00458984     
-0.00455322     -0.00465088     -0.0046875     -0.00458984     
-0.00455322     -0.00458984     -0.00458984     -0.00445557     
-0.00439453     -0.00440674     -0.00450439     -0.0041626     
-0.00413818     -0.00413818     -0.00412598     -0.00400391     
-0.00393066     -0.00397949     -0.00405273     -0.00385742     
-0.00390625     -0.00393066     -0.00397949     -0.00393066     
-0.00402832     -0.00406494     -0.0041748     -0.00411377     
-0.00406494     -0.00422363     -0.00427246     -0.00406494     
-0.00421143     -0.00413818     -0.00421143     -0.00407715     
-0.00411377     -0.00400391     -0.00411377     -0.00406494     
-0.00408936     -0.00421143     -0.00428467     -0.00430908     
-0.0043457     -0.00446777     -0.00450439     -0.00458984     
-0.00455322     -0.00466309     -0.00474854     -0.00466309     
-0.00455322     -0.00457764     -0.00452881     -0.00439453     
-0.0043335     -0.00423584     -0.00424805     -0.00413818     
-0.00394287     -0.00386963     -0.00396729     -0.00375977     
-0.00374756     -0.00371094     -0.0036499     -0.00356445     
-0.00350342     -0.00355225     -0.00354004     -0.00340576     
-0.00360107     -0.00351563     -0.00361328     -0.00352783     
-0.00375977     -0.00385742     -0.00380859     -0.00377197     
-0.00397949     -0.00396729     -0.00412598     -0.00400391     
-0.00396729     -0.00404053     -0.00415039     -0.00394287     
-0.00404053     -0.00411377     -0.00400391     -0.00395508     
-0.00394287     -0.00396729     -0.00394287     -0.00388184     
-0.00385742     -0.00384521     -0.00384521     -0.00379639     
-0.00375977     -0.00386963     -0.00377197     -0.00375977     
-0.0036377     -0.00371094     -0.00375977     -0.0036499     
-0.0036377     -0.00362549     -0.00369873     -0.00349121     
-0.00343018     -0.003479     -0.00358887     -0.00349121     
-0.00344238     -0.00344238     -0.00361328     -0.00356445     
-0.00357666     -0.00366211     -0.00390625     -0.00379639     
-0.00379639     -0.00394287     -0.00402832     -0.00390625     
-0.00385742     -0.00390625     -0.00400391     -0.00375977     
-0.00375977     -0.00375977     -0.00366211     -0.0036377     
-0.00368652     -0.00369873     -0.00378418     -0.00372314     
-0.00386963     -0.00389404     -0.00401611     -0.00394287     
-0.00388184     -0.0041626     -0.00408936     -0.00396729     
-0.00397949     -0.00407715     -0.00400391     -0.00393066     
-0.00383301     -0.0039917     -0.00390625     -0.0038208     
-0.00389404     -0.00385742     -0.00391846     -0.00385742     
-0.00375977     -0.00379639     -0.00379639     -0.00362549     
-0.00371094     -0.00375977     -0.00377197     -0.00368652     
-0.00371094     -0.00379639     -0.00389404     -0.00383301     
-0.00402832     -0.00402832     -0.00406494     -0.00401611     
-0.00405273     -0.00413818     -0.00408936     -0.00388184     
-0.00397949     -0.00391846     -0.00393066     -0.00388184     
-0.00384521     -0.00404053     -0.00405273     -0.00391846     
-0.00400391     -0.00413818     -0.00415039     -0.00411377     
-0.00408936     -0.00418701     -0.00407715     -0.00405273     
-0.00402832     -0.00405273     -0.00390625     -0.00384521     
-0.00379639     -0.00389404     -0.00383301     -0.00377197     
-0.00373535     -0.00373535     -0.00372314     -0.00366211     
-0.00354004     -0.00352783     -0.00357666     -0.00341797     
-0.00339355     -0.00341797     -0.00341797     -0.00333252     
-0.00323486     -0.00339355     -0.003479     -0.00328369     
-0.003479     -0.00350342     -0.00372314     -0.00356445     
-0.00349121     -0.00356445     -0.00374756     -0.00360107     
-0.00349121     -0.00355225     -0.00369873     -0.00350342     
-0.00356445     -0.0036499     -0.00367432     -0.00367432     
-0.00373535     -0.00383301     -0.00408936     -0.00397949     
-0.00402832     -0.00413818     -0.00422363     -0.00421143     
-0.00413818     -0.00429688     -0.0043335     -0.00422363     
-0.0041626     -0.00428467     -0.00437012     -0.00430908     
-0.00413818     -0.00435791     -0.00440674     -0.00438232     
-0.00437012     -0.00452881     -0.00458984     -0.00452881     
-0.00461426     -0.00458984     -0.00466309     -0.00460205     
-0.00458984     -0.00466309     -0.00466309     -0.00457764     
-0.0045166     -0.00446777     -0.00445557     -0.00437012     
-0.00438232     -0.00426025     -0.0043457     -0.00419922     
-0.0041626     -0.00421143     -0.0041626     -0.00404053     
-0.0041626     -0.00413818     -0.00418701     -0.00406494     
-0.00401611     -0.00415039     -0.00413818     -0.00390625     
-0.00401611     -0.00415039     -0.0041626     -0.00406494     
-0.00404053     -0.00428467     -0.0041748     -0.0041626     
-0.00415039     -0.0043335     -0.00430908     -0.00426025     
-0.00415039     -0.00430908     -0.0043457     -0.00441895     
-0.00430908     -0.00441895     -0.00456543     -0.00440674     
-0.00447998     -0.00465088     -0.0046875     -0.00456543     
-0.00454102     -0.00461426     -0.00469971     -0.00449219     
-0.0043457     -0.00443115     -0.00450439     -0.00426025     
-0.0043457     -0.00432129     -0.00446777     -0.00432129     
-0.00430908     -0.00441895     -0.00445557     -0.00439453     
-0.00423584     -0.00441895     -0.00460205     -0.00440674     
-0.00440674     -0.00449219     -0.00443115     -0.00444336     
-0.00440674     -0.00443115     -0.00450439     -0.00443115     
-0.00446777     -0.0045166     -0.00456543     -0.00452881     
-0.00452881     -0.00466309     -0.00471191     -0.00467529     
-0.00466309     -0.00480957     -0.0048584     -0.00496826     
-0.00499268     -0.00517578     -0.00527344     -0.00524902     
-0.00527344     -0.00543213     -0.00546875     -0.00548096     
-0.00544434     -0.00550537     -0.00548096     -0.00543213     
-0.00544434     -0.00546875     -0.00537109     -0.00539551     
-0.0052124     -0.00515137     -0.00527344     -0.00509033     
-0.00517578     -0.00517578     -0.00515137     -0.00505371     
-0.00501709     -0.00506592     -0.0050415     -0.00496826     
-0.00491943     -0.00480957     -0.0048584     -0.00480957     
-0.00461426     -0.00473633     -0.00474854     -0.00466309     
-0.00462646     -0.00474854     -0.00474854     -0.00473633     
-0.00466309     -0.00474854     -0.00477295     -0.00476074     
-0.00457764     -0.00469971     -0.00474854     -0.00465088     
-0.00460205     -0.00482178     -0.00480957     -0.0046875     
-0.00472412     -0.00479736     -0.00469971     -0.00460205     
-0.00449219     -0.00461426     -0.00455322     -0.00439453     
-0.00428467     -0.00439453     -0.00447998     -0.00438232     
-0.00452881     -0.00469971     -0.00483398     -0.00478516     
-0.00499268     -0.00511475     -0.00539551     -0.00526123     
-0.00527344     -0.00551758     -0.00556641     -0.00540771     
-0.00534668     -0.00535889     -0.00540771     -0.00512695     
-0.00505371     -0.00506592     -0.00498047     -0.00494385     
-0.0048584     -0.00471191     -0.00479736     -0.00473633     
-0.00466309     -0.00479736     -0.00491943     -0.00495605     
-0.00505371     -0.00510254     -0.00527344     -0.00523682     
-0.0052124     -0.00533447     -0.00548096     -0.00539551     
-0.00533447     -0.00539551     -0.00528564     -0.00522461     
-0.00515137     -0.00506592     -0.00506592     -0.00494385     
-0.00487061     -0.00469971     -0.00465088     -0.00463867     
-0.00447998     -0.00452881     -0.0045166     -0.00447998     
-0.00447998     -0.00446777     -0.00456543     -0.00452881     
-0.00462646     -0.00457764     -0.00473633     -0.00467529     
-0.00471191     -0.00474854     -0.00474854     -0.00466309     
-0.00471191     -0.00474854     -0.0048584     -0.00476074     
-0.0046875     -0.00480957     -0.00490723     -0.00466309     
-0.00483398     -0.00482178     -0.00480957     -0.00471191     
-0.00467529     -0.00482178     -0.00476074     -0.00463867     
-0.00467529     -0.0046875     -0.00477295     -0.00469971     
-0.00467529     -0.00476074     -0.00477295     -0.00458984     
-0.00447998     -0.00458984     -0.0045166     -0.00430908     
-0.0041626     -0.00424805     -0.00422363     -0.00405273     
-0.00402832     -0.00404053     -0.00408936     -0.00407715     
-0.00407715     -0.0041626     -0.00424805     -0.00424805     
-0.00430908     -0.00428467     -0.00444336     -0.00438232     
-0.00432129     -0.00443115     -0.00454102     -0.00441895     
-0.0043457     -0.00449219     -0.00461426     -0.0043335     
-0.00444336     -0.00443115     -0.00435791     -0.0043457     
-0.00427246     -0.00429688     -0.00445557     -0.00438232     
-0.00435791     -0.00449219     -0.00443115     -0.00446777     
-0.0043335     -0.00449219     -0.00450439     -0.00432129     
-0.00427246     -0.00426025     -0.00423584     -0.00422363     
-0.00406494     -0.00404053     -0.00413818     -0.00393066     
-0.00390625     -0.00396729     -0.00400391     -0.00394287     
-0.00395508     -0.00396729     -0.00405273     -0.00396729     
-0.0039917     -0.00410156     -0.00406494     -0.00410156     
-0.00415039     -0.00410156     -0.00427246     -0.00407715     
-0.00413818     -0.00412598     -0.0041626     -0.00408936     
-0.00405273     -0.00412598     -0.0041748     -0.00405273     
-0.00418701     -0.00422363     -0.00428467     -0.00421143     
-0.00418701     -0.00439453     -0.00445557     -0.0043457     
-0.00440674     -0.00440674     -0.00441895     -0.00432129     
-0.00424805     -0.00429688     -0.00432129     -0.00429688     
-0.00419922     -0.00419922     -0.0041626     -0.00418701     
-0.00413818     -0.00423584     -0.00419922     -0.00424805     
-0.0041748     -0.00421143     -0.0041626     -0.00405273     
-0.00402832     -0.00405273     -0.0041626     -0.00395508     
-0.0039917     -0.0039917     -0.0039917     -0.00396729     
-0.0039917     -0.00410156     -0.00411377     -0.00402832     
-0.00408936     -0.00415039     -0.00430908     -0.00415039     
-0.00423584     -0.0043335     -0.00446777     -0.0045166     
-0.00439453     -0.00443115     -0.00460205     -0.00437012     
-0.00443115     -0.00449219     -0.00452881     -0.00443115     
-0.00444336     -0.00437012     -0.00446777     -0.0043457     
-0.00439453     -0.00432129     -0.00435791     -0.00430908     
-0.00427246     -0.0043335     -0.00432129     -0.00432129     
-0.00428467     -0.00435791     -0.00429688     -0.00438232     
-0.00423584     -0.00439453     -0.00430908     -0.00422363     
-0.00415039     -0.00410156     -0.00415039     -0.00410156     
-0.0039917     -0.00395508     -0.00391846     -0.00379639     
-0.00374756     -0.00377197     -0.00379639     -0.0038208     
-0.00384521     -0.00386963     -0.00401611     -0.00396729     
-0.00402832     -0.00421143     -0.0043335     -0.00419922     
-0.0043457     -0.00449219     -0.00446777     -0.00428467     
-0.00444336     -0.00443115     -0.0045166     -0.00437012     
-0.00426025     -0.0043335     -0.0043457     -0.00410156     
-0.00413818     -0.00413818     -0.00424805     -0.00405273     
-0.00402832     -0.00422363     -0.0041626     -0.00419922     
-0.00415039     -0.00426025     -0.00440674     -0.00441895     
-0.00438232     -0.00463867     -0.00457764     -0.00461426     
-0.00452881     -0.00463867     -0.00467529     -0.00444336     
-0.00444336     -0.00447998     -0.00441895     -0.00427246     
-0.00422363     -0.00422363     -0.00423584     -0.00423584     
-0.00404053     -0.00418701     -0.00426025     -0.00406494     
-0.00402832     -0.00407715     -0.00418701     -0.00405273     
-0.00411377     -0.00415039     -0.00423584     -0.00426025     
-0.00428467     -0.00438232     -0.00466309     -0.00457764     
-0.00472412     -0.00480957     -0.00489502     -0.00499268     
-0.00499268     -0.00496826     -0.00522461     -0.00510254     
-0.00498047     -0.0050415     -0.0050293     -0.0048584     
-0.00477295     -0.00490723     -0.0048584     -0.00476074     
-0.00465088     -0.00469971     -0.00466309     -0.00471191     
-0.00454102     -0.00463867     -0.00469971     -0.00465088     
-0.00460205     -0.00469971     -0.00477295     -0.00467529     
-0.00480957     -0.00490723     -0.00509033     -0.00506592     
-0.00506592     -0.00527344     -0.00526123     -0.00531006     
-0.00544434     -0.00541992     -0.0055542     -0.00539551     
-0.00549316     -0.00533447     -0.00535889     -0.00531006     
-0.00515137     -0.00522461     -0.00517578     -0.00500488     
-0.0050415     -0.00505371     -0.00505371     -0.0050293     
-0.00495605     -0.00509033     -0.00507813     -0.00490723     
-0.00500488     -0.00483398     -0.00478516     -0.00465088     
-0.00457764     -0.00463867     -0.00456543     -0.00452881     
-0.00435791     -0.00447998     -0.00443115     -0.00440674     
-0.00446777     -0.00460205     -0.00455322     -0.00454102     
-0.00454102     -0.00472412     -0.00463867     -0.00466309     
-0.00472412     -0.00480957     -0.0048584     -0.00476074     
-0.00476074     -0.00480957     -0.00488281     -0.00476074     
-0.00473633     -0.00467529     -0.00482178     -0.00469971     
-0.00478516     -0.00484619     -0.00493164     -0.00474854     
-0.00473633     -0.00474854     -0.00487061     -0.00472412     
-0.00471191     -0.00473633     -0.00489502     -0.00469971     
-0.00483398     -0.00490723     -0.00489502     -0.00495605     
-0.00498047     -0.0050415     -0.00509033     -0.00510254     
-0.00507813     -0.00516357     -0.00510254     -0.0050415     
-0.00494385     -0.00505371     -0.00495605     -0.0048584     
-0.0048584     -0.00499268     -0.00491943     -0.00493164     
-0.00499268     -0.00505371     -0.00509033     -0.00516357     
-0.00509033     -0.0052002     -0.00524902     -0.00513916     
-0.0052124     -0.00509033     -0.00507813     -0.00501709     
-0.00490723     -0.00489502     -0.00488281     -0.00473633     
-0.00472412     -0.00466309     -0.00465088     -0.0045166     
-0.00454102     -0.0045166     -0.00450439     -0.00450439     
-0.00435791     -0.00441895     -0.00437012     -0.00429688     
-0.00440674     -0.00440674     -0.00452881     -0.00440674     
-0.0043457     -0.00454102     -0.00452881     -0.00437012     
-0.00461426     -0.00454102     -0.00457764     -0.00449219     
-0.00440674     -0.00454102     -0.00444336     -0.00439453     
-0.0043335     -0.00435791     -0.00429688     -0.00421143     
-0.00415039     -0.00427246     -0.00419922     -0.00426025     
-0.00415039     -0.00428467     -0.00443115     -0.00430908     
-0.00437012     -0.00455322     -0.00456543     -0.00460205     
-0.00458984     -0.00471191     -0.00478516     -0.00476074     
-0.00479736     -0.00489502     -0.00506592     -0.00484619     
-0.00500488     -0.00501709     -0.00512695     -0.00499268     
-0.00496826     -0.00501709     -0.00496826     -0.00490723     
-0.00471191     -0.00467529     -0.00478516     -0.00452881     
-0.00444336     -0.00449219     -0.00439453     -0.00439453     
-0.0043457     -0.0043457     -0.00440674     -0.00432129     
-0.00424805     -0.00435791     -0.00429688     -0.00427246     
-0.00418701     -0.00426025     -0.00429688     -0.00421143     
-0.0041748     -0.00424805     -0.00419922     -0.00430908     
-0.0041748     -0.00424805     -0.00428467     -0.00415039     
-0.0041748     -0.00419922     -0.00427246     -0.00424805     
-0.00422363     -0.00421143     -0.0043457     -0.00430908     
-0.00428467     -0.00437012     -0.00435791     -0.00439453     
-0.00447998     -0.00452881     -0.00463867     -0.00450439     
-0.00467529     -0.00466309     -0.00465088     -0.00460205     
-0.00463867     -0.00466309     -0.00463867     -0.00460205     
-0.00466309     -0.00456543     -0.00466309     -0.00463867     
-0.0045166     -0.00460205     -0.00458984     -0.00447998     
-0.00445557     -0.00435791     -0.00439453     -0.00422363     
-0.00408936     -0.00411377     -0.00411377     -0.00397949     
-0.00400391     -0.00406494     -0.00389404     -0.00393066     
-0.00397949     -0.00407715     -0.00415039     -0.00408936     
-0.00401611     -0.00423584     -0.0043457     -0.00419922     
-0.00419922     -0.00439453     -0.00454102     -0.00445557     
-0.00457764     -0.00465088     -0.00471191     -0.0046875     
-0.00471191     -0.00479736     -0.00487061     -0.00466309     
-0.00471191     -0.00463867     -0.00460205     -0.00444336     
-0.00443115     -0.00435791     -0.00441895     -0.00429688     
-0.00419922     -0.00415039     -0.00430908     -0.0041626     
-0.00419922     -0.00428467     -0.00430908     -0.00429688     
-0.0043335     -0.00432129     -0.00446777     -0.00439453     
-0.00435791     -0.00438232     -0.00446777     -0.00447998     
-0.00443115     -0.00445557     -0.00444336     -0.00447998     
-0.00439453     -0.00443115     -0.00443115     -0.00437012     
-0.0041626     -0.00419922     -0.00407715     -0.00390625     
-0.00378418     -0.0038208     -0.00374756     -0.00356445     
-0.00354004     -0.00355225     -0.003479     -0.00336914     
-0.00344238     -0.00340576     -0.003479     -0.00351563     
-0.00335693     -0.00351563     -0.00368652     -0.00352783     
-0.00360107     -0.00367432     -0.0038208     -0.00383301     
-0.00384521     -0.00404053     -0.00400391     -0.00378418     
-0.00402832     -0.00395508     -0.00402832     -0.00390625     
-0.00383301     -0.00396729     -0.00389404     -0.0036499     
-0.00379639     -0.00378418     -0.00386963     -0.00378418     
-0.00375977     -0.00393066     -0.00391846     -0.00394287     
-0.00395508     -0.00410156     -0.00413818     -0.00404053     
-0.0041626     -0.00428467     -0.00419922     -0.00428467     
-0.00424805     -0.00429688     -0.00427246     -0.00421143     
-0.00422363     -0.00432129     -0.00430908     -0.00422363     
-0.00426025     -0.0043457     -0.00441895     -0.00440674     
-0.00435791     -0.00447998     -0.00450439     -0.00443115     
-0.00450439     -0.00454102     -0.00473633     -0.00460205     
-0.00466309     -0.00473633     -0.00474854     -0.00471191     
-0.00458984     -0.00466309     -0.00472412     -0.0045166     
-0.00447998     -0.00449219     -0.00443115     -0.00444336     
-0.00430908     -0.00426025     -0.00444336     -0.0043457     
-0.00439453     -0.00444336     -0.00443115     -0.00450439     
-0.00454102     -0.0046875     -0.00469971     -0.00469971     
-0.00472412     -0.00482178     -0.00479736     -0.00473633     
-0.00469971     -0.00476074     -0.0046875     -0.00460205     
-0.00449219     -0.0045166     -0.00447998     -0.00447998     
-0.00444336     -0.0045166     -0.00457764     -0.00457764     
-0.00461426     -0.00480957     -0.00479736     -0.00480957     
-0.00491943     -0.00487061     -0.00498047     -0.00487061     
-0.00494385     -0.00484619     -0.00483398     -0.00473633     
-0.00469971     -0.00471191     -0.00462646     -0.00450439     
-0.00456543     -0.0045166     -0.00463867     -0.00446777     
-0.00423584     -0.00440674     -0.00446777     -0.00429688     
-0.00437012     -0.0043457     -0.00438232     -0.0043335     
-0.0043457     -0.00443115     -0.00441895     -0.00440674     
-0.00447998     -0.00444336     -0.00447998     -0.00438232     
-0.0043457     -0.00440674     -0.00440674     -0.00422363     
-0.00418701     -0.0041748     -0.00415039     -0.0039917     
-0.00391846     -0.00394287     -0.00401611     -0.00390625     
-0.00384521     -0.00383301     -0.00380859     -0.00379639     
-0.00371094     -0.00373535     -0.00377197     -0.0036377     
-0.00366211     -0.0036499     -0.00379639     -0.00366211     
-0.00372314     -0.00386963     -0.00407715     -0.00415039     
-0.00410156     -0.00427246     -0.00452881     -0.00441895     
-0.00445557     -0.00461426     -0.00463867     -0.00463867     
-0.00466309     -0.00461426     -0.00466309     -0.0045166     
-0.00444336     -0.00443115     -0.00445557     -0.00440674     
-0.00427246     -0.00444336     -0.00441895     -0.00435791     
-0.00440674     -0.0045166     -0.0046875     -0.00472412     
-0.00472412     -0.00499268     -0.00495605     -0.0050293     
-0.00509033     -0.00522461     -0.00528564     -0.00524902     
-0.00528564     -0.00527344     -0.0052124     -0.00524902     
-0.00500488     -0.0050293     -0.00505371     -0.00491943     
-0.00490723     -0.00477295     -0.00484619     -0.00473633     
-0.00484619     -0.00477295     -0.00490723     -0.00479736     
-0.00482178     -0.00482178     -0.00476074     -0.00462646     
-0.00458984     -0.00452881     -0.00456543     -0.00446777     
-0.0043457     -0.0045166     -0.00456543     -0.0043335     
-0.00437012     -0.00446777     -0.00446777     -0.00439453     
-0.00443115     -0.0045166     -0.00452881     -0.00446777     
-0.00441895     -0.0045166     -0.00447998     -0.00443115     
-0.0045166     -0.00463867     -0.00458984     -0.00466309     
-0.00461426     -0.00469971     -0.00477295     -0.00460205     
-0.00467529     -0.00471191     -0.00471191     -0.0045166     
-0.00447998     -0.0045166     -0.00456543     -0.00439453     
-0.00438232     -0.00446777     -0.00439453     -0.00423584     
-0.00419922     -0.00426025     -0.00428467     -0.0041626     
-0.00418701     -0.00418701     -0.0041748     -0.00419922     
-0.00401611     -0.00405273     -0.00421143     -0.0039917     
-0.00400391     -0.00408936     -0.00407715     -0.00412598     
-0.00400391     -0.00406494     -0.0041626     -0.00406494     
-0.00396729     -0.00396729     -0.00400391     -0.00391846     
-0.0038208     -0.00391846     -0.00385742     -0.00383301     
-0.00374756     -0.00379639     -0.00380859     -0.00383301     
-0.00374756     -0.00388184     -0.00391846     -0.00386963     
-0.00389404     -0.00390625     -0.00393066     -0.00395508     
-0.00375977     -0.00377197     -0.00385742     -0.00373535     
-0.00358887     -0.00366211     -0.00358887     -0.00351563     
-0.0034668     -0.00344238     -0.00361328     -0.00333252     
-0.00349121     -0.00354004     -0.00362549     -0.00367432     
-0.00375977     -0.00391846     -0.00394287     -0.00390625     
-0.00411377     -0.00410156     -0.00428467     -0.00423584     
-0.00408936     -0.00440674     -0.00447998     -0.0041748     
-0.00432129     -0.0043335     -0.00427246     -0.0041748     
-0.00405273     -0.0041748     -0.00412598     -0.0039917     
-0.00390625     -0.00397949     -0.00383301     -0.00389404     
-0.00379639     -0.00385742     -0.00391846     -0.00384521     
-0.00388184     -0.00391846     -0.00397949     -0.00385742     
-0.0038208     -0.00395508     -0.00401611     -0.00391846     
-0.00383301     -0.00394287     -0.00405273     -0.00396729     
-0.00394287     -0.00405273     -0.00406494     -0.0038208     
-0.00388184     -0.00394287     -0.00396729     -0.00378418     
-0.00375977     -0.0038208     -0.00389404     -0.00377197     
-0.00377197     -0.00375977     -0.00391846     -0.00373535     
-0.00384521     -0.00390625     -0.00389404     -0.00384521     
-0.00388184     -0.00380859     -0.00393066     -0.00380859     
-0.00383301     -0.00393066     -0.00393066     -0.00383301     
-0.0038208     -0.00393066     -0.00377197     -0.00375977     
-0.00374756     -0.00367432     -0.0036377     -0.00374756     
-0.00361328     -0.00378418     -0.00379639     -0.00372314     
-0.00368652     -0.0038208     -0.00393066     -0.00378418     
-0.00388184     -0.00393066     -0.00397949     -0.00395508     
-0.00394287     -0.00407715     -0.00410156     -0.00404053     
-0.0039917     -0.00406494     -0.00404053     -0.00397949     
-0.00406494     -0.0039917     -0.00404053     -0.00404053     
-0.00393066     -0.00406494     -0.00404053     -0.0039917     
-0.0041626     -0.00407715     -0.00424805     -0.00406494     
-0.00404053     -0.00413818     -0.00423584     -0.0039917     
-0.0039917     -0.00397949     -0.00402832     -0.00396729     
-0.00385742     -0.00385742     -0.00389404     -0.0038208     
-0.00374756     -0.00395508     -0.00390625     -0.00384521     
-0.00380859     -0.00389404     -0.00395508     -0.00383301     
-0.0038208     -0.00394287     -0.00395508     -0.00384521     
-0.00380859     -0.00393066     -0.00389404     -0.0038208     
-0.00379639     -0.00396729     -0.00395508     -0.00386963     
-0.00380859     -0.00401611     -0.00405273     -0.00390625     
-0.00401611     -0.00404053     -0.00415039     -0.00402832     
-0.00405273     -0.00410156     -0.00418701     -0.00411377     
-0.00411377     -0.00413818     -0.00422363     -0.00408936     
-0.00424805     -0.00415039     -0.00421143     -0.00426025     
-0.00422363     -0.00426025     -0.00452881     -0.00430908     
-0.0043335     -0.00443115     -0.00446777     -0.00447998     
-0.00438232     -0.00445557     -0.00452881     -0.00437012     
-0.00428467     -0.00444336     -0.00427246     -0.00427246     
-0.00412598     -0.00413818     -0.00424805     -0.00421143     
-0.00419922     -0.00424805     -0.00438232     -0.00435791     
-0.00437012     -0.00452881     -0.00469971     -0.00460205     
-0.00455322     -0.00466309     -0.0046875     -0.00454102     
-0.00447998     -0.0045166     -0.00463867     -0.00445557     
-0.00450439     -0.00447998     -0.00457764     -0.00449219     
-0.00455322     -0.00462646     -0.00474854     -0.00463867     
-0.00476074     -0.00466309     -0.00474854     -0.00458984     
-0.00450439     -0.00452881     -0.00444336     -0.00407715     
-0.00410156     -0.00400391     -0.00395508     -0.00374756     
-0.00366211     -0.00374756     -0.00373535     -0.00367432     
-0.00366211     -0.00372314     -0.00389404     -0.00384521     
-0.00380859     -0.00401611     -0.00415039     -0.00406494     
-0.00408936     -0.00424805     -0.00432129     -0.00412598     
-0.00421143     -0.00422363     -0.00439453     -0.00418701     
-0.00423584     -0.00437012     -0.00439453     -0.0043457     
-0.00437012     -0.00447998     -0.0045166     -0.00439453     
-0.00449219     -0.00443115     -0.00447998     -0.00432129     
-0.00437012     -0.00423584     -0.00423584     -0.00419922     
-0.00413818     -0.00415039     -0.00421143     -0.00406494     
-0.0041626     -0.00415039     -0.00410156     -0.00412598     
-0.00402832     -0.00400391     -0.00415039     -0.00385742     
-0.0039917     -0.00396729     -0.00391846     -0.00389404     
-0.00384521     -0.00395508     -0.00400391     -0.00400391     
-0.00395508     -0.00404053     -0.00411377     -0.00415039     
-0.00406494     -0.0041626     -0.00421143     -0.00422363     
-0.00418701     -0.00427246     -0.00426025     -0.00428467     
-0.00432129     -0.00441895     -0.00439453     -0.0043335     
-0.00439453     -0.00440674     -0.00446777     -0.00430908     
-0.00440674     -0.0043457     -0.00438232     -0.0041748     
-0.00426025     -0.0041748     -0.00413818     -0.00397949     
-0.00388184     -0.00394287     -0.00383301     -0.00373535     
-0.00378418     -0.00367432     -0.00369873     -0.00366211     
-0.00361328     -0.00375977     -0.00373535     -0.00362549     
-0.00375977     -0.00390625     -0.00386963     -0.00386963     
-0.0039917     -0.0041748     -0.00422363     -0.00423584     
-0.0043335     -0.00449219     -0.00455322     -0.00460205     
-0.00450439     -0.00469971     -0.00471191     -0.00461426     
-0.00454102     -0.00461426     -0.00458984     -0.00444336     
-0.0043457     -0.0043457     -0.00439453     -0.00432129     
-0.00418701     -0.00428467     -0.00439453     -0.00441895     
-0.00435791     -0.00450439     -0.00463867     -0.0045166     
-0.00449219     -0.00466309     -0.00474854     -0.00456543     
-0.00450439     -0.00450439     -0.00445557     -0.00437012     
-0.00424805     -0.00418701     -0.00430908     -0.0041626     
-0.00413818     -0.00422363     -0.00411377     -0.00422363     
-0.00423584     -0.00423584     -0.00429688     -0.00415039     
-0.00426025     -0.00428467     -0.00422363     -0.0041748     
-0.00402832     -0.00404053     -0.00396729     -0.00389404     
-0.00369873     -0.00373535     -0.00362549     -0.00356445     
-0.00343018     -0.00356445     -0.0036499     -0.00351563     
-0.00357666     -0.00372314     -0.00386963     -0.00390625     
-0.00388184     -0.00404053     -0.00423584     -0.00412598     
-0.0041626     -0.00429688     -0.00426025     -0.00422363     
-0.00421143     -0.00415039     -0.00429688     -0.00402832     
-0.00407715     -0.00402832     -0.00406494     -0.0038208     
-0.00380859     -0.00401611     -0.00389404     -0.00383301     
-0.00391846     -0.00397949     -0.00396729     -0.00396729     
-0.00393066     -0.00408936     -0.00424805     -0.00419922     
-0.0043457     -0.0043457     -0.00449219     -0.00450439     
-0.00437012     -0.00443115     -0.00440674     -0.00427246     
-0.00408936     -0.00404053     -0.00388184     -0.00373535     
-0.00356445     -0.00357666     -0.00345459     -0.00330811     
-0.00323486     -0.00330811     -0.00336914     -0.00341797     
-0.00349121     -0.0036499     -0.00383301     -0.00378418     
-0.00389404     -0.00405273     -0.00411377     -0.00411377     
-0.00402832     -0.00418701     -0.00427246     -0.00408936     
-0.00406494     -0.00407715     -0.0041748     -0.0039917     
-0.00405273     -0.00394287     -0.00407715     -0.00407715     
-0.00393066     -0.00404053     -0.00427246     -0.00411377     
-0.00413818     -0.0041626     -0.00423584     -0.00426025     
-0.00422363     -0.00412598     -0.00422363     -0.00405273     
-0.00396729     -0.00395508     -0.00402832     -0.00391846     
-0.00379639     -0.0038208     -0.00378418     -0.00377197     
-0.00373535     -0.00384521     -0.00384521     -0.00383301     
-0.00380859     -0.00390625     -0.0039917     -0.0039917     
-0.00393066     -0.00405273     -0.00419922     -0.00419922     
-0.00426025     -0.00432129     -0.00439453     -0.00437012     
-0.0043335     -0.00455322     -0.00455322     -0.00443115     
-0.00446777     -0.00441895     -0.00446777     -0.0043335     
-0.00432129     -0.0043335     -0.00426025     -0.00410156     
-0.0041626     -0.00413818     -0.00388184     -0.00383301     
-0.0038208     -0.00373535     -0.00379639     -0.00368652     
-0.0034668     -0.00349121     -0.00361328     -0.00330811     
-0.0032959     -0.00335693     -0.00338135     -0.00327148     
-0.00322266     -0.00338135     -0.00333252     -0.00330811     
-0.00330811     -0.00345459     -0.00357666     -0.00352783     
-0.00349121     -0.00366211     -0.00367432     -0.00366211     
-0.00350342     -0.00362549     -0.00362549     -0.00340576     
-0.00332031     -0.00339355     -0.00333252     -0.00318604     
-0.00321045     -0.00327148     -0.00334473     -0.00338135     
-0.00339355     -0.00367432     -0.0038208     -0.00371094     
-0.00384521     -0.00410156     -0.00437012     -0.00426025     
-0.00422363     -0.00438232     -0.0045166     -0.00449219     
-0.00438232     -0.00446777     -0.0045166     -0.00440674     
-0.0045166     -0.00441895     -0.00443115     -0.00440674     
-0.00427246     -0.00408936     -0.0041748     -0.0039917     
-0.00393066     -0.00384521     -0.0038208     -0.00371094     
-0.0036499     -0.00366211     -0.0036377     -0.00355225     
-0.0034668     -0.00355225     -0.00354004     -0.0034668     
-0.00334473     -0.00345459     -0.00354004     -0.00339355     
-0.00336914     -0.0034668     -0.00349121     -0.00349121     
-0.0034668     -0.00355225     -0.0036377     -0.00352783     
-0.00362549     -0.00373535     -0.00372314     -0.00360107     
-0.00372314     -0.00377197     -0.00388184     -0.00377197     
-0.00397949     -0.00388184     -0.00394287     -0.00389404     
-0.00389404     -0.00402832     -0.00391846     -0.00389404     
-0.00380859     -0.00384521     -0.00401611     -0.00386963     
-0.0038208     -0.00407715     -0.0041748     -0.00405273     
-0.00418701     -0.00437012     -0.00440674     -0.0043335     
-0.00430908     -0.00450439     -0.00449219     -0.00437012     
-0.00432129     -0.00440674     -0.0043457     -0.00426025     
-0.00407715     -0.00424805     -0.00412598     -0.00412598     
-0.00401611     -0.0039917     -0.00400391     -0.00386963     
-0.00395508     -0.00406494     -0.00410156     -0.00395508     
-0.00391846     -0.0039917     -0.00400391     -0.00383301     
-0.00377197     -0.00390625     -0.00386963     -0.0036377     
-0.00369873     -0.00362549     -0.00374756     -0.00362549     
-0.00358887     -0.0036377     -0.00372314     -0.00371094     
-0.00369873     -0.00368652     -0.00385742     -0.00377197     
-0.00379639     -0.00386963     -0.00390625     -0.00388184     
-0.00372314     -0.00378418     -0.00384521     -0.00369873     
-0.00366211     -0.00373535     -0.00366211     -0.00373535     
-0.0036377     -0.0036499     -0.0036499     -0.00373535     
-0.00367432     -0.00375977     -0.00380859     -0.00389404     
-0.00369873     -0.00391846     -0.00401611     -0.00401611     
-0.00400391     -0.00419922     -0.00421143     -0.0041748     
-0.00432129     -0.00427246     -0.00428467     -0.00424805     
-0.0041626     -0.00413818     -0.00413818     -0.00407715     
-0.00404053     -0.00401611     -0.00407715     -0.00393066     
-0.00395508     -0.00397949     -0.00400391     -0.00406494     
-0.00400391     -0.00413818     -0.00418701     -0.00412598     
-0.00423584     -0.00423584     -0.00435791     -0.00427246     
-0.00429688     -0.00440674     -0.00450439     -0.0043457     
-0.00437012     -0.00445557     -0.00452881     -0.00438232     
-0.00438232     -0.00450439     -0.00443115     -0.00441895     
-0.0043335     -0.00449219     -0.00467529     -0.00449219     
-0.00437012     -0.00455322     -0.00452881     -0.00445557     
-0.00437012     -0.00443115     -0.00441895     -0.00424805     
-0.00408936     -0.00412598     -0.00405273     -0.00389404     
-0.00386963     -0.00384521     -0.00379639     -0.00372314     
-0.00356445     -0.00371094     -0.0036499     -0.00356445     
-0.00368652     -0.00372314     -0.00391846     -0.00378418     
-0.00389404     -0.00404053     -0.00411377     -0.00411377     
-0.0041626     -0.00429688     -0.00450439     -0.0043457     
-0.00447998     -0.00446777     -0.00450439     -0.00458984     
-0.00449219     -0.00449219     -0.0046875     -0.00455322     
-0.0045166     -0.00456543     -0.00460205     -0.00446777     
-0.00430908     -0.00432129     -0.00427246     -0.00407715     
-0.00391846     -0.00395508     -0.0038208     -0.00379639     
-0.00369873     -0.00374756     -0.00383301     -0.00378418     
-0.00383301     -0.00389404     -0.00396729     -0.00397949     
-0.00395508     -0.00402832     -0.00413818     -0.00406494     
-0.00412598     -0.00411377     -0.00418701     -0.00413818     
-0.00415039     -0.00424805     -0.00426025     -0.00412598     
-0.00418701     -0.00415039     -0.00412598     -0.00396729     
-0.00394287     -0.00390625     -0.00395508     -0.00372314     
-0.00383301     -0.00375977     -0.00380859     -0.00371094     
-0.00371094     -0.00388184     -0.00390625     -0.00369873     
-0.00372314     -0.00371094     -0.00360107     -0.00355225     
-0.00327148     -0.00325928     -0.00313721     -0.00301514     
-0.00279541     -0.00283203     -0.00274658     -0.0027832     
-0.00263672     -0.00281982     -0.00288086     -0.00283203     
-0.00288086     -0.00305176     -0.003125     -0.00305176     
-0.00308838     -0.0032959     -0.00339355     -0.00335693     
-0.00330811     -0.00338135     -0.00343018     -0.00336914     
-0.00328369     -0.00330811     -0.00349121     -0.00325928     
-0.00332031     -0.00334473     -0.003479     -0.00336914     
-0.00335693     -0.00351563     -0.0036377     -0.0036377     
-0.00354004     -0.00362549     -0.00377197     -0.00361328     
-0.0036377     -0.00379639     -0.00377197     -0.0038208     
-0.00380859     -0.00377197     -0.00391846     -0.0038208     
-0.00379639     -0.00389404     -0.00386963     -0.00380859     
-0.00367432     -0.00372314     -0.00360107     -0.00338135     
-0.00338135     -0.00344238     -0.00330811     -0.00322266     
-0.003125     -0.00314941     -0.003125     -0.00316162     
-0.00313721     -0.00327148     -0.00339355     -0.00341797     
-0.003479     -0.00351563     -0.0036377     -0.00362549     
-0.00368652     -0.00372314     -0.00366211     -0.00371094     
-0.00369873     -0.00356445     -0.0036377     -0.00345459     
-0.00354004     -0.00350342     -0.00357666     -0.00349121     
-0.00351563     -0.00367432     -0.0036377     -0.00350342     
-0.00371094     -0.00369873     -0.0038208     -0.00378418     
-0.0036499     -0.00383301     -0.00374756     -0.003479     
-0.00361328     -0.00349121     -0.00350342     -0.003479     
-0.00336914     -0.0034668     -0.00341797     -0.00344238     
-0.00340576     -0.00344238     -0.00349121     -0.0032959     
-0.00318604     -0.00332031     -0.00327148     -0.00318604     
-0.00303955     -0.00307617     -0.00311279     -0.00292969     
-0.00300293     -0.00300293     -0.00314941     -0.00296631     
-0.00306396     -0.003125     -0.00324707     -0.00318604     
-0.00321045     -0.00324707     -0.00324707     -0.00311279     
-0.00306396     -0.00302734     -0.00307617     -0.00289307     
-0.00280762     -0.00289307     -0.00283203     -0.00264893     
-0.0026001     -0.00264893     -0.00280762     -0.002771     
-0.00283203     -0.00299072     -0.003125     -0.00325928     
-0.0032959     -0.003479     -0.00380859     -0.00369873     
-0.00374756     -0.00393066     -0.00390625     -0.00384521     
-0.00377197     -0.00384521     -0.00373535     -0.00354004     
-0.003479     -0.0034668     -0.00328369     -0.00334473     
-0.00318604     -0.00322266     -0.00325928     -0.00319824     
-0.00323486     -0.00319824     -0.00328369     -0.00319824     
-0.00324707     -0.00328369     -0.00340576     -0.00325928     
-0.00322266     -0.00344238     -0.00334473     -0.00323486     
-0.00324707     -0.00335693     -0.00345459     -0.00335693     
-0.00335693     -0.00341797     -0.00350342     -0.00336914     
-0.00344238     -0.0036499     -0.00362549     -0.00355225     
-0.00371094     -0.00375977     -0.00385742     -0.00374756     
-0.00379639     -0.00388184     -0.00386963     -0.00372314     
-0.00378418     -0.00368652     -0.00361328     -0.00354004     
-0.00338135     -0.0034668     -0.00338135     -0.00339355     
-0.00323486     -0.00336914     -0.0032959     -0.00333252     
-0.00318604     -0.00334473     -0.00335693     -0.00335693     
-0.00332031     -0.00340576     -0.00344238     -0.00322266     
-0.00319824     -0.00332031     -0.00335693     -0.00334473     
-0.0032959     -0.00341797     -0.003479     -0.0034668     
-0.00343018     -0.0036377     -0.00384521     -0.00374756     
-0.00385742     -0.00383301     -0.00410156     -0.00402832     
-0.0039917     -0.00405273     -0.00413818     -0.00397949     
-0.00378418     -0.00386963     -0.00388184     -0.00360107     
-0.00354004     -0.00357666     -0.00350342     -0.00351563     
-0.00336914     -0.00336914     -0.00341797     -0.0032959     
-0.00332031     -0.00338135     -0.00336914     -0.00338135     
-0.00338135     -0.00349121     -0.00344238     -0.003479     
-0.00345459     -0.00350342     -0.00358887     -0.00355225     
-0.00351563     -0.00360107     -0.00351563     -0.00343018     
-0.00336914     -0.00336914     -0.00339355     -0.00327148     
-0.00321045     -0.00321045     -0.0032959     -0.00324707     
-0.00328369     -0.00349121     -0.00360107     -0.00361328     
-0.00367432     -0.00374756     -0.00385742     -0.00378418     
-0.00378418     -0.00371094     -0.00371094     -0.003479     
-0.0034668     -0.00343018     -0.00325928     -0.00305176     
-0.00301514     -0.00296631     -0.00289307     -0.00272217     
-0.0026123     -0.00268555     -0.00267334     -0.00244141     
-0.00257568     -0.00250244     -0.00263672     -0.00255127     
-0.00253906     -0.00269775     -0.00273438     -0.00269775     
-0.00280762     -0.00294189     -0.00306396     -0.00301514     
-0.00313721     -0.00339355     -0.00339355     -0.00345459     
-0.00336914     -0.00345459     -0.00358887     -0.0034668     
-0.00339355     -0.00357666     -0.00355225     -0.00339355     
-0.00350342     -0.00356445     -0.00371094     -0.00380859     
-0.00367432     -0.00375977     -0.00401611     -0.00385742     
-0.00391846     -0.00395508     -0.00411377     -0.00395508     
-0.00384521     -0.00393066     -0.00390625     -0.00373535     
-0.00356445     -0.00349121     -0.00362549     -0.00332031     
-0.00330811     -0.00333252     -0.00323486     -0.00318604     
-0.00311279     -0.00302734     -0.00308838     -0.00292969     
-0.00291748     -0.00289307     -0.00291748     -0.00289307     
-0.00281982     -0.00297852     -0.00302734     -0.00301514     
-0.00299072     -0.00311279     -0.00308838     -0.00313721     
-0.00307617     -0.00325928     -0.00328369     -0.00330811     
-0.00324707     -0.00333252     -0.00362549     -0.00358887     
-0.00360107     -0.00375977     -0.00393066     -0.0038208     
-0.00389404     -0.00410156     -0.00406494     -0.00402832     
-0.00404053     -0.00402832     -0.00413818     -0.00396729     
-0.00395508     -0.00391846     -0.00388184     -0.00388184     
-0.00385742     -0.0039917     -0.00394287     -0.00386963     
-0.00386963     -0.0038208     -0.00378418     -0.0036499     
-0.00361328     -0.00371094     -0.00366211     -0.0034668     
-0.00355225     -0.0036377     -0.00375977     -0.00360107     
-0.00362549     -0.00379639     -0.00389404     -0.00378418     
-0.00380859     -0.00393066     -0.00388184     -0.00390625     
-0.00374756     -0.00386963     -0.00380859     -0.00375977     
-0.00361328     -0.00375977     -0.00379639     -0.0036499     
-0.0036499     -0.0036499     -0.00375977     -0.00362549     
-0.00362549     -0.00367432     -0.00361328     -0.00351563     
-0.00349121     -0.00345459     -0.00357666     -0.00334473     
-0.00333252     -0.00340576     -0.00350342     -0.00328369     
-0.00325928     -0.00340576     -0.003479     -0.00334473     
-0.00332031     -0.00336914     -0.00344238     -0.00327148     
-0.00327148     -0.00341797     -0.00328369     -0.00330811     
-0.00328369     -0.0032959     -0.00341797     -0.00332031     
-0.00338135     -0.00343018     -0.00345459     -0.00345459     
-0.00345459     -0.00345459     -0.00343018     -0.00341797     
-0.00341797     -0.00345459     -0.00351563     -0.00355225     
-0.003479     -0.00371094     -0.00374756     -0.00375977     
-0.00371094     -0.00375977     -0.00380859     -0.00373535     
-0.00361328     -0.00366211     -0.00357666     -0.003479     
-0.003479     -0.00344238     -0.00350342     -0.00341797     
-0.00330811     -0.00327148     -0.00339355     -0.00318604     
-0.00324707     -0.00324707     -0.00327148     -0.00322266     
-0.00328369     -0.00334473     -0.00322266     -0.00319824     
-0.00335693     -0.00332031     -0.00361328     -0.00361328     
-0.00357666     -0.00377197     -0.00386963     -0.00378418     
-0.00379639     -0.00380859     -0.00391846     -0.00375977     
-0.0036377     -0.00358887     -0.00339355     -0.00335693     
-0.00314941     -0.00322266     -0.003125     -0.00299072     
-0.00297852     -0.00302734     -0.00300293     -0.00299072     
-0.0029541     -0.00310059     -0.00321045     -0.00325928     
-0.00324707     -0.0032959     -0.00344238     -0.00345459     
-0.00344238     -0.003479     -0.00358887     -0.00350342     
-0.00339355     -0.003479     -0.003479     -0.00323486     
-0.00317383     -0.0032959     -0.00336914     -0.00313721     
-0.00311279     -0.00316162     -0.00314941     -0.00314941     
-0.00311279     -0.00311279     -0.00325928     -0.00316162     
-0.00322266     -0.00324707     -0.00327148     -0.00333252     
-0.00318604     -0.00322266     -0.00332031     -0.00318604     
-0.00303955     -0.00305176     -0.00291748     -0.002771     
-0.002771     -0.00279541     -0.00274658     -0.00274658     
-0.00274658     -0.00273438     -0.002771     -0.00296631     
-0.00294189     -0.00310059     -0.00314941     -0.00318604     
-0.00325928     -0.00332031     -0.00336914     -0.0032959     
-0.00318604     -0.00324707     -0.0032959     -0.00323486     
-0.00324707     -0.00325928     -0.00327148     -0.00319824     
-0.0032959     -0.00332031     -0.00339355     -0.00321045     
-0.00334473     -0.0032959     -0.00333252     -0.00321045     
-0.00319824     -0.00322266     -0.00322266     -0.00314941     
-0.00328369     -0.00325928     -0.00345459     -0.00336914     
-0.00339355     -0.00361328     -0.00377197     -0.00361328     
-0.0038208     -0.00386963     -0.00394287     -0.00378418     
-0.00378418     -0.00388184     -0.00378418     -0.00366211     
-0.00350342     -0.00352783     -0.00340576     -0.00340576     
-0.00324707     -0.0032959     -0.00325928     -0.00319824     
-0.00316162     -0.00318604     -0.00319824     -0.00311279     
-0.00307617     -0.00311279     -0.00324707     -0.00306396     
-0.00294189     -0.00311279     -0.00321045     -0.00308838     
-0.00306396     -0.00325928     -0.00339355     -0.0032959     
-0.00334473     -0.00352783     -0.00366211     -0.00367432     
-0.00374756     -0.00375977     -0.00388184     -0.00389404     
-0.00377197     -0.00374756     -0.00389404     -0.00362549     
-0.00361328     -0.00360107     -0.00349121     -0.00339355     
-0.00328369     -0.00313721     -0.00323486     -0.00302734     
-0.00285645     -0.00297852     -0.00302734     -0.00292969     
-0.00285645     -0.00310059     -0.00306396     -0.003125     
-0.00307617     -0.00327148     -0.00333252     -0.00340576     
-0.0032959     -0.00343018     -0.00338135     -0.00336914     
-0.00343018     -0.00344238     -0.00350342     -0.00354004     
-0.0034668     -0.0036499     -0.00367432     -0.00360107     
-0.00354004     -0.00380859     -0.00383301     -0.00377197     
-0.0038208     -0.00380859     -0.00383301     -0.0038208     
-0.00385742     -0.00372314     -0.00388184     -0.00385742     
-0.00378418     -0.00390625     -0.00395508     -0.00375977     
-0.00390625     -0.00389404     -0.00390625     -0.00384521     
-0.00368652     -0.00384521     -0.00378418     -0.00358887     
-0.00366211     -0.00366211     -0.00369873     -0.00354004     
-0.00355225     -0.00357666     -0.00343018     -0.00343018     
-0.00340576     -0.003479     -0.00340576     -0.00335693     
-0.00335693     -0.00344238     -0.00344238     -0.00338135     
-0.00344238     -0.00349121     -0.00357666     -0.00350342     
-0.0034668     -0.00361328     -0.00374756     -0.00360107     
-0.00358887     -0.00366211     -0.00366211     -0.00356445     
-0.00343018     -0.00354004     -0.00349121     -0.00318604     
-0.00325928     -0.00317383     -0.00325928     -0.00314941     
-0.00301514     -0.00314941     -0.00313721     -0.00323486     
-0.00311279     -0.00328369     -0.00349121     -0.00336914     
-0.00356445     -0.0036377     -0.00379639     -0.00383301     
-0.00385742     -0.00388184     -0.00407715     -0.00396729     
-0.00390625     -0.0039917     -0.00391846     -0.00389404     
-0.00380859     -0.00384521     -0.0038208     -0.00368652     
-0.00367432     -0.00360107     -0.00350342     -0.00354004     
-0.00344238     -0.00356445     -0.00350342     -0.00349121     
-0.0034668     -0.00358887     -0.00355225     -0.00357666     
-0.00355225     -0.00358887     -0.00368652     -0.00354004     
-0.00354004     -0.00371094     -0.00360107     -0.00355225     
-0.00344238     -0.00343018     -0.00349121     -0.00339355     
-0.00335693     -0.0032959     -0.00328369     -0.00322266     
-0.00319824     -0.00335693     -0.0034668     -0.00335693     
-0.003479     -0.00352783     -0.00369873     -0.00366211     
-0.00355225     -0.00372314     -0.00383301     -0.00361328     
-0.00371094     -0.00367432     -0.0036377     -0.00340576     
-0.00332031     -0.00344238     -0.00333252     -0.00321045     
-0.00310059     -0.00310059     -0.00308838     -0.00292969     
-0.00286865     -0.00291748     -0.0029541     -0.00280762     
-0.00283203     -0.00290527     -0.00294189     -0.00292969     
-0.00290527     -0.00307617     -0.00322266     -0.00311279     
-0.00319824     -0.00324707     -0.00340576     -0.00335693     
-0.00333252     -0.00339355     -0.003479     -0.00328369     
-0.00338135     -0.00335693     -0.00339355     -0.00323486     
-0.00328369     -0.0032959     -0.00313721     -0.00314941     
-0.00317383     -0.00307617     -0.00323486     -0.00311279     
-0.00310059     -0.00319824     -0.00334473     -0.0032959     
-0.00333252     -0.00335693     -0.00358887     -0.00351563     
-0.00352783     -0.00360107     -0.00367432     -0.00356445     
-0.003479     -0.00354004     -0.00358887     -0.00357666     
-0.003479     -0.00354004     -0.00355225     -0.00344238     
-0.00339355     -0.00336914     -0.00338135     -0.00330811     
-0.00323486     -0.00328369     -0.00334473     -0.00317383     
-0.00314941     -0.00306396     -0.00311279     -0.00302734     
-0.00297852     -0.00300293     -0.00300293     -0.00300293     
-0.00286865     -0.00285645     -0.00290527     -0.00283203     
-0.00290527     -0.00274658     -0.00297852     -0.00290527     
-0.00292969     -0.00306396     -0.00308838     -0.00305176     
-0.00318604     -0.00327148     -0.00344238     -0.00335693     
-0.00323486     -0.00345459     -0.00341797     -0.00327148     
-0.00332031     -0.00327148     -0.00330811     -0.00333252     
-0.00318604     -0.00330811     -0.00334473     -0.00338135     
-0.00328369     -0.00344238     -0.00352783     -0.00350342     
-0.00335693     -0.00358887     -0.00350342     -0.00330811     
-0.00333252     -0.00343018     -0.00338135     -0.00323486     
-0.00325928     -0.00327148     -0.00324707     -0.00328369     
-0.00321045     -0.00324707     -0.00327148     -0.00323486     
-0.00318604     -0.00327148     -0.00332031     -0.00328369     
-0.00317383     -0.00319824     -0.00340576     -0.00324707     
-0.0032959     -0.00327148     -0.00336914     -0.00330811     
-0.00318604     -0.00319824     -0.00336914     -0.00324707     
-0.00313721     -0.00317383     -0.00327148     -0.00324707     
-0.00311279     -0.00318604     -0.00330811     -0.00333252     
-0.00327148     -0.00334473     -0.00336914     -0.00332031     
-0.00325928     -0.00336914     -0.00327148     -0.00317383     
-0.00317383     -0.00325928     -0.00314941     -0.00323486     
-0.00323486     -0.0032959     -0.003479     -0.00345459     
-0.003479     -0.00357666     -0.00358887     -0.00356445     
-0.00345459     -0.0034668     -0.00351563     -0.00343018     
-0.00336914     -0.00343018     -0.00339355     -0.00344238     
-0.00333252     -0.00330811     -0.00349121     -0.0032959     
-0.00338135     -0.00344238     -0.00338135     -0.00328369     
-0.00333252     -0.00339355     -0.00323486     -0.00313721     
-0.00313721     -0.00297852     -0.00307617     -0.00301514     
-0.00285645     -0.00294189     -0.00314941     -0.00306396     
-0.00305176     -0.00319824     -0.00336914     -0.00338135     
-0.0034668     -0.00349121     -0.00351563     -0.00355225     
-0.00351563     -0.00352783     -0.00345459     -0.00340576     
-0.00321045     -0.00334473     -0.00330811     -0.00317383     
-0.00308838     -0.00314941     -0.00323486     -0.003125     
-0.00317383     -0.00334473     -0.00332031     -0.00324707     
-0.00327148     -0.00333252     -0.00332031     -0.00332031     
-0.00314941     -0.00317383     -0.00324707     -0.00303955     
-0.00299072     -0.00289307     -0.00288086     -0.0027832     
-0.00270996     -0.00269775     -0.00267334     -0.0026123     
-0.00252686     -0.00249023     -0.00262451     -0.00235596     
-0.00230713     -0.00234375     -0.00236816     -0.0022583     
-0.00218506     -0.00216064     -0.00234375     -0.00222168     
-0.0022583     -0.00231934     -0.00241699     -0.00245361     
-0.00247803     -0.00268555     -0.002771     -0.00269775     
-0.00272217     -0.00290527     -0.00283203     -0.0029541     
-0.00280762     -0.00292969     -0.00284424     -0.00286865     
-0.00280762     -0.00280762     -0.00291748     -0.00283203     
-0.00273438     -0.0027832     -0.0027832     -0.00270996     
-0.00266113     -0.00272217     -0.00279541     -0.00281982     
-0.00284424     -0.00290527     -0.00302734     -0.00302734     
-0.00314941     -0.00321045     -0.00345459     -0.00350342     
-0.00361328     -0.00372314     -0.00380859     -0.00369873     
-0.00385742     -0.00380859     -0.00390625     -0.00378418     
-0.00378418     -0.00377197     -0.00375977     -0.00350342     
-0.00354004     -0.00355225     -0.00356445     -0.00338135     
-0.00334473     -0.00335693     -0.0032959     -0.00318604     
-0.00303955     -0.00319824     -0.00324707     -0.00321045     
-0.00324707     -0.00345459     -0.00339355     -0.00339355     
-0.00344238     -0.00361328     -0.00378418     -0.0036499     
-0.0036377     -0.00369873     -0.00372314     -0.00356445     
-0.00351563     -0.00355225     -0.00354004     -0.00336914     
-0.00325928     -0.00345459     -0.00345459     -0.00328369     
-0.00338135     -0.00344238     -0.0036499     -0.00350342     
-0.00355225     -0.00362549     -0.00375977     -0.00371094     
-0.00361328     -0.0036499     -0.00384521     -0.00366211     
-0.00362549     -0.00367432     -0.00358887     -0.00361328     
-0.00355225     -0.00345459     -0.00350342     -0.00338135     
-0.00327148     -0.00323486     -0.00327148     -0.00310059     
-0.00301514     -0.00307617     -0.00310059     -0.00305176     
-0.00308838     -0.00310059     -0.00325928     -0.00328369     
-0.00327148     -0.00343018     -0.00352783     -0.00351563     
-0.00358887     -0.00369873     -0.00378418     -0.00371094     
-0.00366211     -0.00368652     -0.00379639     -0.00372314     
-0.00351563     -0.00362549     -0.00360107     -0.00349121     
-0.00357666     -0.003479     -0.003479     -0.00334473     
-0.00351563     -0.003479     -0.00352783     -0.00351563     
-0.00352783     -0.0036377     -0.00373535     -0.00361328     
-0.00372314     -0.00366211     -0.00380859     -0.00360107     
-0.00357666     -0.00367432     -0.00374756     -0.00355225     
-0.00357666     -0.00372314     -0.00374756     -0.00373535     
-0.00367432     -0.00395508     -0.00394287     -0.00395508     
-0.00386963     -0.0039917     -0.00394287     -0.00388184     
-0.0036499     -0.00373535     -0.00357666     -0.00344238     
-0.00341797     -0.00339355     -0.00339355     -0.00319824     
-0.00324707     -0.00335693     -0.00333252     -0.00313721     
-0.00327148     -0.00333252     -0.0032959     -0.00316162     
-0.00323486     -0.00334473     -0.00330811     -0.00325928     
-0.00332031     -0.00332031     -0.00340576     -0.0032959     
-0.00322266     -0.00338135     -0.00357666     -0.00354004     
-0.00351563     -0.00366211     -0.00379639     -0.00372314     
-0.00384521     -0.00395508     -0.00397949     -0.00391846     
-0.00395508     -0.00393066     -0.00402832     -0.00388184     
-0.00374756     -0.00383301     -0.00380859     -0.00372314     
-0.0036499     -0.00368652     -0.00371094     -0.00358887     
-0.00352783     -0.00367432     -0.00372314     -0.00362549     
-0.00356445     -0.00369873     -0.00368652     -0.00366211     
-0.00360107     -0.0036499     -0.00373535     -0.00375977     
-0.0036377     -0.00373535     -0.00374756     -0.00357666     
-0.00358887     -0.00367432     -0.00357666     -0.00345459     
-0.00350342     -0.00352783     -0.00357666     -0.00344238     
-0.00358887     -0.00356445     -0.00360107     -0.00351563     
-0.00358887     -0.00362549     -0.00358887     -0.00345459     
-0.0034668     -0.00343018     -0.00352783     -0.00332031     
-0.00322266     -0.00338135     -0.00327148     -0.00306396     
-0.00308838     -0.00313721     -0.00317383     -0.00308838     
-0.00311279     -0.00319824     -0.00318604     -0.00322266     
-0.00323486     -0.00334473     -0.00334473     -0.00339355     
-0.00339355     -0.00350342     -0.00343018     -0.00351563     
-0.00334473     -0.00341797     -0.00336914     -0.00322266     
-0.00325928     -0.00322266     -0.00322266     -0.00301514     
-0.00301514     -0.00308838     -0.00303955     -0.00302734     
-0.00281982     -0.00303955     -0.00302734     -0.00284424     
-0.00291748     -0.00300293     -0.00316162     -0.00308838     
-0.00307617     -0.00324707     -0.00332031     -0.00335693     
-0.00339355     -0.00343018     -0.00368652     -0.0034668     
-0.003479     -0.00355225     -0.00349121     -0.00351563     
-0.00345459     -0.00339355     -0.00351563     -0.00339355     
-0.00336914     -0.0032959     -0.00327148     -0.00322266     
-0.00307617     -0.00314941     -0.00305176     -0.00299072     
-0.00285645     -0.00290527     -0.00279541     -0.00274658     
-0.00266113     -0.00280762     -0.00274658     -0.00258789     
-0.00269775     -0.002771     -0.00280762     -0.00283203     
-0.00288086     -0.00299072     -0.00311279     -0.00306396     
-0.003125     -0.00332031     -0.00325928     -0.00328369     
-0.00334473     -0.00335693     -0.00354004     -0.00350342     
-0.00358887     -0.00361328     -0.00372314     -0.00369873     
-0.00377197     -0.00375977     -0.0038208     -0.00384521     
-0.00388184     -0.00379639     -0.00375977     -0.0036377     
-0.00345459     -0.0034668     -0.00354004     -0.00334473     
-0.0032959     -0.00325928     -0.00321045     -0.00319824     
-0.00311279     -0.00306396     -0.00301514     -0.00303955     
-0.00299072     -0.00302734     -0.00303955     -0.00299072     
-0.00288086     -0.00308838     -0.00310059     -0.00316162     
-0.00322266     -0.00333252     -0.00333252     -0.00338135     
-0.00352783     -0.00357666     -0.00367432     -0.00351563     
-0.00356445     -0.00361328     -0.00350342     -0.00335693     
-0.00324707     -0.00328369     -0.00333252     -0.00310059     
-0.00318604     -0.00322266     -0.00335693     -0.00328369     
-0.00330811     -0.00335693     -0.00344238     -0.00345459     
-0.00336914     -0.00338135     -0.00358887     -0.00330811     
-0.00334473     -0.00340576     -0.00339355     -0.0032959     
-0.00321045     -0.00308838     -0.00328369     -0.00297852     
-0.00297852     -0.00301514     -0.00311279     -0.00300293     
-0.00291748     -0.00305176     -0.00297852     -0.00291748     
-0.00289307     -0.00292969     -0.00300293     -0.00292969     
-0.00299072     -0.00313721     -0.00310059     -0.00317383     
-0.00324707     -0.00324707     -0.00328369     -0.00310059     
-0.00319824     -0.00325928     -0.00303955     -0.00300293     
-0.00306396     -0.00296631     -0.00291748     -0.00291748     
-0.00284424     -0.00286865     -0.00294189     -0.00280762     
-0.00291748     -0.00294189     -0.00300293     -0.00285645     
-0.00281982     -0.00285645     -0.00268555     -0.00251465     
-0.00246582     -0.00230713     -0.00245361     -0.0022583     
-0.00222168     -0.00234375     -0.00229492     -0.0022583     
-0.00233154     -0.00251465     -0.00270996     -0.00266113     
-0.00279541     -0.00292969     -0.00297852     -0.00296631     
-0.00296631     -0.00300293     -0.00306396     -0.00301514     
-0.00306396     -0.00311279     -0.00306396     -0.00307617     
-0.00299072     -0.00307617     -0.00314941     -0.00306396     
-0.00305176     -0.00322266     -0.00330811     -0.00314941     
-0.00316162     -0.00323486     -0.00324707     -0.00323486     
-0.003125     -0.00321045     -0.00322266     -0.00299072     
-0.00307617     -0.00303955     -0.00310059     -0.00308838     
-0.00292969     -0.00296631     -0.00303955     -0.00294189     
-0.00279541     -0.00281982     -0.00297852     -0.00274658     
-0.00264893     -0.0027832     -0.00269775     -0.00264893     
-0.00263672     -0.00250244     -0.0026123     -0.00246582     
-0.00236816     -0.00245361     -0.00249023     -0.00235596     
-0.00240479     -0.00251465     -0.00257568     -0.00257568     
-0.0026123     -0.00283203     -0.00289307     -0.00294189     
-0.00305176     -0.00317383     -0.00319824     -0.00319824     
-0.00322266     -0.00322266     -0.00327148     -0.00322266     
-0.00308838     -0.00317383     -0.00313721     -0.00307617     
-0.00306396     -0.00307617     -0.00306396     -0.00301514     
-0.00292969     -0.00294189     -0.00305176     -0.0029541     
-0.00301514     -0.00306396     -0.00307617     -0.003125     
-0.00322266     -0.00330811     -0.003479     -0.00352783     
-0.00358887     -0.00371094     -0.00383301     -0.00377197     
-0.00373535     -0.00394287     -0.00401611     -0.0038208     
-0.00384521     -0.00384521     -0.00369873     -0.0036377     
-0.00355225     -0.0036499     -0.00350342     -0.00336914     
-0.00340576     -0.0034668     -0.00341797     -0.00349121     
-0.00336914     -0.00345459     -0.00355225     -0.00352783     
-0.00344238     -0.00350342     -0.00361328     -0.00352783     
-0.00330811     -0.00354004     -0.0036377     -0.0034668     
-0.00344238     -0.00350342     -0.00336914     -0.00321045     
-0.00318604     -0.003125     -0.00314941     -0.0029541     
-0.00285645     -0.00281982     -0.00290527     -0.00285645     
-0.00284424     -0.00291748     -0.00311279     -0.00308838     
-0.00306396     -0.00316162     -0.00335693     -0.00323486     
-0.00336914     -0.003479     -0.003479     -0.00345459     
-0.00349121     -0.00330811     -0.00340576     -0.00324707     
-0.00321045     -0.00313721     -0.00310059     -0.00303955     
-0.00292969     -0.00301514     -0.00296631     -0.00290527     
-0.0027832     -0.00289307     -0.00294189     -0.0029541     
-0.00286865     -0.00301514     -0.00290527     -0.0029541     
-0.00289307     -0.00299072     -0.00289307     -0.00288086     
-0.00297852     -0.00294189     -0.00288086     -0.00286865     
-0.00286865     -0.00288086     -0.00284424     -0.00285645     
-0.00279541     -0.002771     -0.00284424     -0.002771     
-0.00281982     -0.00285645     -0.00289307     -0.00279541     
-0.00288086     -0.00294189     -0.00292969     -0.00285645     
-0.00303955     -0.00294189     -0.00307617     -0.00303955     
-0.00296631     -0.00321045     -0.00323486     -0.00319824     
-0.00325928     -0.00333252     -0.00344238     -0.00343018     
-0.00340576     -0.003479     -0.00344238     -0.00338135     
-0.00330811     -0.00340576     -0.00336914     -0.00322266     
-0.00310059     -0.00324707     -0.00318604     -0.00306396     
-0.00299072     -0.00299072     -0.00301514     -0.00281982     
-0.00279541     -0.00275879     -0.0027832     -0.00262451     
-0.00262451     -0.00267334     -0.00272217     -0.00279541     
-0.00279541     -0.0029541     -0.00310059     -0.00300293     
-0.00313721     -0.00323486     -0.00345459     -0.00339355     
-0.0034668     -0.00351563     -0.00352783     -0.00349121     
-0.00343018     -0.00354004     -0.00374756     -0.00360107     
-0.0036377     -0.00373535     -0.00377197     -0.00378418     
-0.00373535     -0.00375977     -0.00396729     -0.00384521     
-0.00385742     -0.00388184     -0.00390625     -0.00378418     
-0.00360107     -0.00379639     -0.00377197     -0.00360107     
-0.00362549     -0.00355225     -0.00355225     -0.00356445     
-0.00333252     -0.00341797     -0.00350342     -0.00344238     
-0.00343018     -0.00349121     -0.00352783     -0.00341797     
-0.00343018     -0.00340576     -0.0034668     -0.00322266     
-0.00316162     -0.00313721     -0.00302734     -0.00290527     
-0.00275879     -0.00267334     -0.00279541     -0.0026001     
-0.00267334     -0.00272217     -0.0027832     -0.00279541     
-0.00290527     -0.00307617     -0.00314941     -0.00311279     
-0.00323486     -0.00338135     -0.00343018     -0.00328369     
-0.00336914     -0.00349121     -0.00350342     -0.00333252     
-0.003479     -0.003479     -0.0034668     -0.00344238     
-0.003479     -0.00354004     -0.00358887     -0.00360107     
-0.00352783     -0.0036377     -0.00361328     -0.0034668     
-0.00341797     -0.00349121     -0.00349121     -0.00332031     
-0.00323486     -0.00325928     -0.00318604     -0.00296631     
-0.0029541     -0.00303955     -0.00308838     -0.00279541     
-0.00285645     -0.00292969     -0.00289307     -0.00273438     
-0.00275879     -0.00286865     -0.00291748     -0.00268555     
-0.00279541     -0.00280762     -0.00281982     -0.00268555     
-0.00263672     -0.00268555     -0.00289307     -0.00275879     
-0.00266113     -0.00272217     -0.00296631     -0.00272217     
-0.00283203     -0.0029541     -0.00308838     -0.00316162     
-0.00328369     -0.00332031     -0.00357666     -0.00350342     
-0.00357666     -0.00375977     -0.0038208     -0.00378418     
-0.00377197     -0.00394287     -0.00379639     -0.00372314     
-0.00360107     -0.0036499     -0.00356445     -0.00345459     
-0.00330811     -0.00324707     -0.00322266     -0.00296631     
-0.00290527     -0.00289307     -0.00289307     -0.00273438     
-0.00253906     -0.00258789     -0.00253906     -0.00235596     
-0.00238037     -0.00246582     -0.00240479     -0.00244141     
-0.00245361     -0.00247803     -0.00268555     -0.00263672     
-0.002771     -0.00294189     -0.00310059     -0.003125     
-0.00318604     -0.00332031     -0.00340576     -0.00333252     
-0.00341797     -0.00344238     -0.00355225     -0.003479     
-0.00333252     -0.0036499     -0.00369873     -0.00355225     
-0.00357666     -0.00366211     -0.00375977     -0.00357666     
-0.00358887     -0.0036499     -0.00369873     -0.00368652     
-0.00354004     -0.00371094     -0.00380859     -0.00377197     
-0.00369873     -0.00384521     -0.00383301     -0.00373535     

