Source : transient; Time : Wed Jun 14 03:43:17 2017
B0 = 3024.000000 Gauss, mw = 9.686278 GHz
 NDI-T2 sa261 20/2 42/25 523nm/1mJ
1 5000 -1.001e-06 8.997e-06 0 0
s                        V                                                 
0.000195313     0.000280762     0.000195313     0.000427246     
0.000317383     0.000390625     0.000390625     0.000463867     
0.000402832     0.00045166     0.000463867     0.000500488     
0.00032959     0.000292969     0.000378418     0.000305176     
0.000256348     0.000256348     0.000280762     0.000341797     
0.000219727     0.000195313     0.000292969     0.000280762     
0.000244141     0.000354004     0.000305176     0.000354004     
0.000183105     0.000231934     0.000268555     0.00012207     
-1.2207e-05     0.000158691     -4.88281e-05     -0.000109863     
-0.000170898     -0.00020752     -0.000109863     -0.000256348     
-0.000219727     -0.000109863     -8.54492e-05     -1.2207e-05     
-7.32422e-05     9.76563e-05     0.000256348     0.000341797     
0.000317383     0.000354004     0.000402832     0.000463867     
0.00032959     0.000402832     0.000378418     0.000427246     
0.000268555     0.000256348     0.000183105     4.88281e-05     
-8.54492e-05     -0.000109863     -0.00012207     -6.10352e-05     
-0.000183105     -0.000280762     -0.000244141     -0.000231934     
-0.000402832     -0.000378418     -0.000415039     -0.00045166     
-0.000549316     -0.000610352     -0.000610352     -0.000683594     
-0.000817871     -0.000708008     -0.00078125     -0.000769043     
-0.000878906     -0.000817871     -0.000952148     -0.000854492     
-0.000976563     -0.000976563     -0.000854492     -0.000817871     
-0.00098877     -0.00098877     -0.000952148     -0.000866699     
-0.000915527     -0.000891113     -0.00078125     -0.000683594     
-0.000720215     -0.000537109     -0.000537109     -0.000427246     
-0.000378418     -0.000268555     -0.000244141     -0.000109863     
-0.000256348     -0.000146484     -0.00012207     -0.000134277     
-0.000268555     -0.000244141     -0.000158691     -0.000158691     
-0.000354004     -0.00032959     -0.000219727     -0.000183105     
-0.000170898     -0.00012207     3.66211e-05     0.000134277     
0.000292969     0.000354004     0.000512695     0.000585938     
0.000598145     0.000744629     0.000732422     0.000854492     
0.000732422     0.000793457     0.000671387     0.000720215     
0.000427246     0.000488281     0.00045166     0.000390625     
0.000244141     0.000219727     0.000231934     0.000292969     
0.000170898     0.000219727     0.000231934     0.000256348     
0.000170898     0.000280762     0.000292969     0.000439453     
0.000415039     0.000439453     0.00045166     0.000549316     
0.000378418     0.000341797     0.000268555     0.000219727     
2.44141e-05     -0.00012207     -0.000170898     -0.00012207     
-0.000402832     -0.000341797     -0.000500488     -0.000439453     
-0.000549316     -0.00045166     -0.00032959     -0.00032959     
-0.000231934     -0.000134277     -9.76563e-05     -3.66211e-05     
0.000109863     0.000134277     0.000219727     0.000366211     
0.000354004     0.000439453     0.000354004     0.000549316     
0.000366211     0.000415039     0.000390625     0.000585938     
0.000402832     0.000402832     0.000463867     0.000476074     
0.000390625     0.000390625     0.00045166     0.000439453     
0.000268555     0.000305176     0.000158691     0.000195313     
4.88281e-05     -1.2207e-05     -7.32422e-05     -0.000158691     
-0.00020752     -0.000219727     -0.000268555     -0.00032959     
-0.000402832     -0.000366211     -0.000341797     -0.000158691     
-0.000366211     -0.000146484     -0.000183105     -0.000195313     
-0.000183105     -6.10352e-05     3.66211e-05     2.44141e-05     
-2.44141e-05     9.76563e-05     0.000134277     0.000195313     
0.000219727     0.000244141     0.000378418     0.000488281     
0.000341797     0.000463867     0.00057373     0.000585938     
0.000341797     0.000488281     0.000439453     0.000341797     
0.000280762     0.00032959     0.000231934     0.000268555     
0.000158691     0.000280762     0.00032959     0.000463867     
0.000415039     0.000415039     0.00032959     0.000500488     
0.000402832     0.000341797     0.000341797     0.000439453     
0.000280762     0.000317383     0.000317383     0.000354004     
0.000158691     0.000317383     0.000341797     0.000305176     
0.000378418     0.000366211     0.000280762     0.00032959     
0.000231934     0.000244141     0.000231934     0.000170898     
9.76563e-05     6.10352e-05     0.00012207     0     
-0.000109863     -0.000109863     -0.00012207     -0.000195313     
-0.000317383     -0.000366211     -0.000549316     -0.000512695     
-0.000646973     -0.000671387     -0.000756836     -0.000646973     
-0.000830078     -0.000720215     -0.000744629     -0.000585938     
-0.000708008     -0.000598145     -0.000427246     -0.000439453     
-0.000415039     -0.000341797     -0.00032959     -0.00020752     
-0.000219727     -0.000170898     -0.000158691     -0.00012207     
-0.000195313     -0.00020752     -0.00020752     -0.000134277     
-0.000219727     -0.00012207     -4.88281e-05     2.44141e-05     
0     0.00012207     0.000292969     0.00045166     
0.000415039     0.000598145     0.000720215     0.000683594     
0.000769043     0.000891113     0.000891113     0.000915527     
0.00090332     0.000878906     0.000854492     0.000830078     
0.000634766     0.000561523     0.000390625     0.000305176     
8.54492e-05     0     -6.10352e-05     -3.66211e-05     
-0.00020752     -8.54492e-05     -3.66211e-05     1.2207e-05     
8.54492e-05     0.000183105     0.000378418     0.000463867     
0.000488281     0.000561523     0.000524902     0.000537109     
0.000512695     0.000402832     0.000390625     0.000317383     
0.000219727     0.00020752     7.32422e-05     6.10352e-05     
-8.54492e-05     -6.10352e-05     -3.66211e-05     -7.32422e-05     
-0.000231934     -7.32422e-05     -6.10352e-05     -3.66211e-05     
-8.54492e-05     -7.32422e-05     -0.00012207     -6.10352e-05     
-0.000146484     -0.000170898     -4.88281e-05     -9.76563e-05     
-0.000146484     1.2207e-05     0.000109863     0.000219727     
0.000219727     0.000219727     0.000317383     0.000366211     
0.00020752     0.000183105     0.000195313     0.000317383     
0.000170898     0.000170898     6.10352e-05     9.76563e-05     
-7.32422e-05     -1.2207e-05     -6.10352e-05     -4.88281e-05     
-0.000183105     -0.000134277     -0.00012207     -7.32422e-05     
-4.88281e-05     8.54492e-05     0.00012207     0.000268555     
0.000280762     0.000305176     0.000390625     0.000488281     
0.000354004     0.000341797     0.000439453     0.000488281     
0.00045166     0.000341797     0.000317383     0.000402832     
0.000280762     0.00020752     0.00032959     0.000378418     
0.000280762     0.000378418     0.000415039     0.000415039     
0.000390625     0.000488281     0.00057373     0.000537109     
0.000500488     0.000524902     0.000476074     0.000427246     
0.000341797     0.000280762     0.00020752     0.00020752     
0     0     -1.2207e-05     -4.88281e-05     
-0.000280762     -0.000109863     -0.000146484     -0.000183105     
-0.000268555     -0.000109863     -0.000170898     -4.88281e-05     
-9.76563e-05     -1.2207e-05     6.10352e-05     7.32422e-05     
7.32422e-05     9.76563e-05     0.000146484     0.000195313     
2.44141e-05     0.000219727     0.000219727     0.000231934     
0.000305176     0.000427246     0.000280762     0.000317383     
0.000292969     0.000415039     0.00032959     0.00045166     
0.000427246     0.000378418     0.000366211     0.000439453     
0.000305176     0.000341797     0.000305176     0.000305176     
0.00020752     0.000183105     0.000134277     0.000134277     
-2.44141e-05     -0.00012207     -9.76563e-05     -0.000231934     
-0.00032959     -0.000378418     -0.000390625     -0.000402832     
-0.000537109     -0.000427246     -0.000512695     -0.000439453     
-0.00057373     -0.000512695     -0.000561523     -0.000415039     
-0.000585938     -0.000476074     -0.000415039     -0.00045166     
-0.000305176     -0.000219727     -0.00012207     -0.000146484     
-0.00020752     3.66211e-05     4.88281e-05     0.000219727     
9.76563e-05     0.000195313     0.000195313     0.000219727     
8.54492e-05     6.10352e-05     0.000158691     0.000341797     
0.00012207     0.000158691     0.000268555     0.000256348     
0.000195313     0.000280762     0.00032959     0.000402832     
0.000231934     0.000268555     0.000231934     0.000268555     
0.000231934     0.000158691     9.76563e-05     0     
-7.32422e-05     -7.32422e-05     -4.88281e-05     -8.54492e-05     
-0.000244141     -0.000280762     -0.000170898     -0.000195313     
-0.000561523     -0.000427246     -0.000402832     -0.000476074     
-0.000708008     -0.000610352     -0.000549316     -0.000488281     
-0.000512695     -0.000476074     -0.000500488     -0.00045166     
-0.000415039     -0.000402832     -0.000354004     -0.000219727     
-0.000427246     -0.000256348     -0.000305176     -0.000219727     
-0.00020752     -0.000341797     -0.000109863     -8.54492e-05     
-0.000170898     -1.2207e-05     -3.66211e-05     0     
-9.76563e-05     -7.32422e-05     -2.44141e-05     -1.2207e-05     
-0.000146484     -9.76563e-05     -0.000292969     -0.000244141     
-0.000463867     -0.000598145     -0.000598145     -0.000793457     
-0.00107422     -0.00115967     -0.00135498     -0.0015625     
-0.00183105     -0.0019043     -0.00209961     -0.00218506     
-0.00236816     -0.00252686     -0.00280762     -0.002771     
-0.00307617     -0.00321045     -0.00341797     -0.00341797     
-0.00368652     -0.00383301     -0.00390625     -0.00397949     
-0.0041626     -0.00418701     -0.00423584     -0.00419922     
-0.00435791     -0.00423584     -0.00439453     -0.00429688     
-0.00452881     -0.00454102     -0.00461426     -0.00467529     
-0.00488281     -0.00494385     -0.00507813     -0.00517578     
-0.00550537     -0.0055542     -0.00571289     -0.00585938     
-0.00610352     -0.00615234     -0.00627441     -0.00631104     
-0.00661621     -0.00670166     -0.00666504     -0.00675049     
-0.0069458     -0.00703125     -0.00708008     -0.00718994     
-0.00732422     -0.0074585     -0.00744629     -0.00755615     
-0.00771484     -0.00791016     -0.00805664     -0.00812988     
-0.00847168     -0.0085083     -0.00871582     -0.00882568     
-0.00905762     -0.009021     -0.00930176     -0.00926514     
-0.00935059     -0.00928955     -0.00927734     -0.0092041     
-0.00914307     -0.00913086     -0.00922852     -0.00910645     
-0.00930176     -0.00915527     -0.00925293     -0.00924072     
-0.00939941     -0.00943604     -0.00953369     -0.009729     
-0.0098999     -0.00996094     -0.0100464     -0.0101929     
-0.0103394     -0.0103271     -0.0104736     -0.0104614     
-0.0104736     -0.0105591     -0.0105713     -0.0105103     
-0.0105225     -0.0106567     -0.0105713     -0.0105835     
-0.0106812     -0.0105469     -0.0105835     -0.0106079     
-0.0105347     -0.0106812     -0.0108032     -0.0106689     
-0.01073     -0.0106323     -0.0107666     -0.0106079     
-0.0107422     -0.0108276     -0.0108521     -0.0108154     
-0.0109863     -0.0109375     -0.0109375     -0.0110474     
-0.0111816     -0.011145     -0.0113037     -0.0113281     
-0.011499     -0.0114258     -0.0115112     -0.0113525     
-0.011438     -0.0114136     -0.0113525     -0.0112183     
-0.0112183     -0.0110962     -0.0109863     -0.0108032     
-0.0109619     -0.0108398     -0.0109619     -0.0109497     
-0.011145     -0.0111572     -0.0112671     -0.0114014     
-0.0115723     -0.0115723     -0.0116577     -0.0117065     
-0.0118286     -0.011853     -0.0118164     -0.011731     
-0.0118408     -0.011731     -0.0116943     -0.0115479     
-0.0114868     -0.0114014     -0.0112427     -0.0110474     
-0.0109863     -0.0108032     -0.0107788     -0.0106567     
-0.0106689     -0.0105469     -0.0105835     -0.010498     
-0.0105713     -0.0105469     -0.0105957     -0.0105347     
-0.0105591     -0.0106323     -0.0106812     -0.0106079     
-0.0106934     -0.0106934     -0.0107544     -0.0106934     
-0.0108887     -0.0108765     -0.01073     -0.0108398     
-0.0108276     -0.0108154     -0.0108887     -0.0107544     
-0.0108521     -0.010791     -0.0108154     -0.0106567     
-0.010791     -0.01073     -0.0106201     -0.0106079     
-0.0106445     -0.0106812     -0.0104614     -0.0105225     
-0.0105347     -0.0103394     -0.0104248     -0.0103271     
-0.0104614     -0.0103271     -0.0102905     -0.0102661     
-0.0103027     -0.0103027     -0.010437     -0.0102783     
-0.0104614     -0.010437     -0.0103882     -0.0103516     
-0.0104736     -0.0103149     -0.0103882     -0.0102539     
-0.0101685     -0.010083     -0.00985107     -0.00966797     
-0.00969238     -0.00942383     -0.00938721     -0.00909424     
-0.00917969     -0.00900879     -0.0088501     -0.00870361     
-0.00870361     -0.00869141     -0.00878906     -0.00866699     
-0.00882568     -0.00881348     -0.00880127     -0.00876465     
-0.00894775     -0.00888672     -0.00894775     -0.00882568     
-0.00888672     -0.00882568     -0.00858154     -0.00849609     
-0.00845947     -0.00836182     -0.00819092     -0.00802002     
-0.00800781     -0.00788574     -0.00771484     -0.00767822     
-0.00773926     -0.00769043     -0.00775146     -0.00753174     
-0.00783691     -0.00770264     -0.0076416     -0.00784912     
-0.00793457     -0.00783691     -0.00799561     -0.00794678     
-0.00799561     -0.00810547     -0.00802002     -0.00794678     
-0.00809326     -0.00804443     -0.00800781     -0.00802002     
-0.00812988     -0.00792236     -0.00787354     -0.0078125     
-0.00789795     -0.00772705     -0.00771484     -0.0076416     
-0.00761719     -0.00749512     -0.00756836     -0.00725098     
-0.0072876     -0.00720215     -0.00732422     -0.00705566     
-0.00698242     -0.00704346     -0.00700684     -0.00686035     
-0.00687256     -0.00681152     -0.00686035     -0.00666504     
-0.0067627     -0.00675049     -0.00649414     -0.00655518     
-0.00653076     -0.00638428     -0.00643311     -0.00625     
-0.00626221     -0.00611572     -0.00609131     -0.0059082     
-0.00600586     -0.00605469     -0.0060791     -0.00592041     
-0.00614014     -0.00615234     -0.00610352     -0.00606689     
-0.00614014     -0.00611572     -0.00606689     -0.00595703     
-0.00594482     -0.00593262     -0.00577393     -0.00566406     
-0.00576172     -0.00556641     -0.00561523     -0.00550537     
-0.00543213     -0.0053833     -0.00529785     -0.00524902     
-0.00528564     -0.00524902     -0.0052002     -0.00517578     
-0.00537109     -0.00524902     -0.00526123     -0.00528564     
-0.00539551     -0.00540771     -0.0053833     -0.00537109     
-0.00549316     -0.00559082     -0.00549316     -0.00543213     
-0.0055542     -0.00550537     -0.00545654     -0.00540771     
-0.00549316     -0.00539551     -0.00524902     -0.00506592     
-0.0052124     -0.00496826     -0.00494385     -0.00483398     
-0.00487061     -0.00474854     -0.00478516     -0.00467529     
-0.00469971     -0.00465088     -0.00473633     -0.00474854     
-0.00488281     -0.00490723     -0.00493164     -0.00496826     
-0.00510254     -0.00506592     -0.00517578     -0.00512695     
-0.00529785     -0.00529785     -0.00517578     -0.0052002     
-0.00523682     -0.0050415     -0.00507813     -0.0050415     
-0.00495605     -0.00498047     -0.00488281     -0.00479736     
-0.00478516     -0.00476074     -0.00482178     -0.00462646     
-0.00465088     -0.00473633     -0.00471191     -0.00461426     
-0.00483398     -0.00476074     -0.00477295     -0.00490723     
-0.00491943     -0.00494385     -0.0050415     -0.00498047     
-0.00499268     -0.00494385     -0.00506592     -0.00494385     
-0.00505371     -0.00496826     -0.00487061     -0.0046875     
-0.00474854     -0.00454102     -0.00447998     -0.0043457     
-0.00440674     -0.00423584     -0.00405273     -0.00410156     
-0.00415039     -0.00402832     -0.00400391     -0.00402832     
-0.00413818     -0.00406494     -0.00406494     -0.00405273     
-0.0041626     -0.00413818     -0.00426025     -0.00415039     
-0.00419922     -0.00415039     -0.00411377     -0.0041748     
-0.00422363     -0.00421143     -0.00421143     -0.00411377     
-0.0041748     -0.00408936     -0.00401611     -0.00400391     
-0.00400391     -0.00397949     -0.00397949     -0.00401611     
-0.00402832     -0.00407715     -0.0039917     -0.00405273     
-0.00411377     -0.0041626     -0.0041626     -0.00410156     
-0.00430908     -0.00422363     -0.00422363     -0.00419922     
-0.00421143     -0.00411377     -0.00413818     -0.00411377     
-0.0041748     -0.00410156     -0.00406494     -0.00406494     
-0.00410156     -0.00415039     -0.00421143     -0.00410156     
-0.00426025     -0.00423584     -0.00426025     -0.00418701     
-0.0043335     -0.00428467     -0.00429688     -0.00419922     
-0.00429688     -0.00418701     -0.0041748     -0.00408936     
-0.00405273     -0.00411377     -0.00406494     -0.00386963     
-0.00404053     -0.00397949     -0.00390625     -0.00389404     
-0.00384521     -0.00391846     -0.00393066     -0.00400391     
-0.00410156     -0.00407715     -0.00404053     -0.00408936     
-0.0041748     -0.0041626     -0.00408936     -0.00406494     
-0.0041626     -0.00400391     -0.00395508     -0.00390625     
-0.00384521     -0.00385742     -0.00389404     -0.00378418     
-0.00385742     -0.00380859     -0.00378418     -0.00374756     
-0.00380859     -0.00369873     -0.00368652     -0.00368652     
-0.00375977     -0.00373535     -0.00375977     -0.00358887     
-0.00386963     -0.00375977     -0.00385742     -0.00383301     
-0.00389404     -0.00390625     -0.00384521     -0.0038208     
-0.00396729     -0.00396729     -0.00401611     -0.00384521     
-0.00406494     -0.00396729     -0.00396729     -0.00393066     
-0.00406494     -0.00397949     -0.00401611     -0.0039917     
-0.00407715     -0.00405273     -0.00395508     -0.00386963     
-0.00400391     -0.00405273     -0.00396729     -0.00386963     
-0.00412598     -0.00406494     -0.0039917     -0.00395508     
-0.00415039     -0.00397949     -0.00394287     -0.00394287     
-0.00391846     -0.00375977     -0.00369873     -0.00362549     
-0.0036499     -0.00360107     -0.00372314     -0.00371094     
-0.00375977     -0.00384521     -0.00383301     -0.00379639     
-0.00402832     -0.00405273     -0.00400391     -0.00396729     
-0.00401611     -0.00396729     -0.00380859     -0.00377197     
-0.00377197     -0.00362549     -0.0036499     -0.0034668     
-0.00356445     -0.00350342     -0.00343018     -0.00341797     
-0.00352783     -0.0034668     -0.00351563     -0.00352783     
-0.00362549     -0.00356445     -0.00350342     -0.00341797     
-0.00354004     -0.00350342     -0.00338135     -0.00333252     
-0.00345459     -0.00327148     -0.00317383     -0.003125     
-0.00316162     -0.00308838     -0.00319824     -0.00296631     
-0.00314941     -0.00316162     -0.00321045     -0.00313721     
-0.00325928     -0.00330811     -0.0034668     -0.00341797     
-0.00361328     -0.00356445     -0.00360107     -0.0036377     
-0.00377197     -0.00367432     -0.00378418     -0.00374756     
-0.00384521     -0.00385742     -0.00377197     -0.00367432     
-0.00384521     -0.00385742     -0.00388184     -0.00377197     
-0.0039917     -0.00388184     -0.00384521     -0.00385742     
-0.00390625     -0.00385742     -0.00386963     -0.00378418     
-0.00388184     -0.00372314     -0.00360107     -0.0036499     
-0.00352783     -0.00344238     -0.003479     -0.00338135     
-0.00343018     -0.00332031     -0.00330811     -0.00321045     
-0.00328369     -0.00322266     -0.00322266     -0.00314941     
-0.00328369     -0.00318604     -0.003125     -0.00311279     
-0.00332031     -0.00314941     -0.00327148     -0.00321045     
-0.0032959     -0.00334473     -0.00338135     -0.00335693     
-0.003479     -0.00351563     -0.0036499     -0.00367432     
-0.00389404     -0.00380859     -0.00389404     -0.00389404     
-0.00408936     -0.00401611     -0.00389404     -0.00386963     
-0.00396729     -0.00375977     -0.00367432     -0.00357666     
-0.00345459     -0.00328369     -0.00321045     -0.00305176     
-0.00302734     -0.00292969     -0.00285645     -0.00273438     
-0.00281982     -0.00283203     -0.00274658     -0.00273438     
-0.00284424     -0.002771     -0.00272217     -0.00272217     
-0.00274658     -0.00275879     -0.00275879     -0.00266113     
-0.00279541     -0.00272217     -0.00270996     -0.0026123     
-0.00266113     -0.00251465     -0.0026001     -0.00244141     
-0.00245361     -0.00241699     -0.00230713     -0.00217285     
-0.00220947     -0.0022583     -0.00217285     -0.00222168     
-0.00222168     -0.00218506     -0.00223389     -0.00209961     
-0.00236816     -0.00229492     -0.00217285     -0.00220947     
-0.00224609     -0.00212402     -0.00203857     -0.00181885     
-0.00189209     -0.00178223     -0.00164795     -0.00161133     
-0.00169678     -0.00164795     -0.00166016     -0.00157471     
-0.00178223     -0.00169678     -0.00174561     -0.00180664     
-0.00202637     -0.00198975     -0.00195313     -0.00196533     
-0.00197754     -0.00195313     -0.00187988     -0.00179443     
-0.00187988     -0.0017334     -0.00147705     -0.00144043     
-0.00162354     -0.00150146     -0.00141602     -0.00136719     
-0.00155029     -0.00147705     -0.00147705     -0.00146484     
-0.00155029     -0.00153809     -0.00153809     -0.00151367     
-0.00161133     -0.00150146     -0.0015625     -0.00144043     
-0.00152588     -0.00146484     -0.00155029     -0.0015625     
-0.00162354     -0.00168457     -0.00169678     -0.00177002     
-0.0019043     -0.00187988     -0.00203857     -0.00201416     
-0.00223389     -0.0022583     -0.00224609     -0.00220947     
-0.00235596     -0.00223389     -0.00218506     -0.00213623     
-0.00219727     -0.00212402     -0.00200195     -0.0019043     
-0.0019165     -0.00177002     -0.00168457     -0.00167236     
-0.00167236     -0.00157471     -0.0015625     -0.00141602     
-0.00151367     -0.00146484     -0.00158691     -0.00140381     
-0.00161133     -0.00158691     -0.00158691     -0.0015625     
-0.00168457     -0.00168457     -0.00172119     -0.00177002     
-0.00187988     -0.00181885     -0.0019043     -0.00196533     
-0.00206299     -0.00201416     -0.00198975     -0.00189209     
-0.00195313     -0.00195313     -0.00177002     -0.0017334     
-0.00170898     -0.00166016     -0.00161133     -0.00141602     
-0.00157471     -0.00142822     -0.00136719     -0.00131836     
-0.00137939     -0.00129395     -0.00133057     -0.00129395     
-0.0013916     -0.00130615     -0.00126953     -0.00131836     
-0.00135498     -0.00135498     -0.00129395     -0.00128174     
-0.00131836     -0.00126953     -0.00118408     -0.00114746     
-0.00123291     -0.00108643     -0.00108643     -0.00100098     
-0.00111084     -0.000976563     -0.000891113     -0.000866699     
-0.0010376     -0.000939941     -0.0010498     -0.0010498     
-0.00112305     -0.00118408     -0.00111084     -0.00107422     
-0.00113525     -0.00113525     -0.00118408     -0.00106201     
-0.00119629     -0.00106201     -0.00113525     -0.00112305     
-0.00119629     -0.00115967     -0.00133057     -0.00142822     
-0.00163574     -0.00157471     -0.00177002     -0.00175781     
-0.00194092     -0.0020752     -0.00209961     -0.00202637     
-0.00220947     -0.00218506     -0.00209961     -0.00203857     
-0.00198975     -0.00198975     -0.00179443     -0.00186768     
-0.00185547     -0.00175781     -0.0015625     -0.00159912     
-0.00155029     -0.00148926     -0.0015625     -0.00145264     
-0.00153809     -0.00137939     -0.00141602     -0.00126953     
-0.00130615     -0.00119629     -0.0012085     -0.0010376     
-0.00118408     -0.00109863     -0.00111084     -0.00100098     
-0.00118408     -0.00107422     -0.00102539     -0.00102539     
-0.00117188     -0.0010376     -0.00100098     -0.00098877     
-0.00106201     -0.00106201     -0.00102539     -0.000976563     
-0.00102539     -0.00107422     -0.00100098     -0.000915527     
-0.0010376     -0.00102539     -0.00098877     -0.00101318     
-0.00109863     -0.000964355     -0.00101318     -0.00102539     
-0.00112305     -0.00102539     -0.00108643     -0.0010498     
-0.0012207     -0.00113525     -0.00123291     -0.00118408     
-0.00136719     -0.00137939     -0.00137939     -0.00128174     
-0.00148926     -0.00147705     -0.00124512     -0.00118408     
-0.00145264     -0.00128174     -0.00124512     -0.0012207     
-0.00131836     -0.00128174     -0.00123291     -0.00113525     
-0.00128174     -0.0012207     -0.00129395     -0.00117188     
-0.00125732     -0.00128174     -0.00135498     -0.00129395     
-0.00148926     -0.00148926     -0.0015625     -0.00161133     
-0.00178223     -0.00175781     -0.00178223     -0.00187988     
-0.00197754     -0.00195313     -0.0020874     -0.00192871     
-0.00202637     -0.00195313     -0.00183105     -0.00172119     
-0.00178223     -0.00164795     -0.00155029     -0.00144043     
-0.0013916     -0.00137939     -0.00119629     -0.00112305     
-0.00115967     -0.00111084     -0.00100098     -0.00101318     
-0.00106201     -0.000939941     -0.00090332     -0.000952148     
-0.00102539     -0.000891113     -0.000927734     -0.000793457     
-0.000939941     -0.000927734     -0.00090332     -0.000817871     
-0.00109863     -0.00113525     -0.00109863     -0.00113525     
-0.00140381     -0.00135498     -0.00137939     -0.00151367     
-0.00151367     -0.00140381     -0.00144043     -0.00129395     
-0.00141602     -0.00124512     -0.0010498     -0.000927734     
-0.000842285     -0.000708008     -0.000708008     -0.000549316     
-0.000622559     -0.000537109     -0.000549316     -0.000561523     
-0.000756836     -0.000695801     -0.000756836     -0.000939941     
-0.00107422     -0.00108643     -0.00113525     -0.00126953     
-0.00141602     -0.00144043     -0.00159912     -0.00164795     
-0.00177002     -0.0019043     -0.0019165     -0.00192871     
-0.00217285     -0.00216064     -0.00222168     -0.00203857     
-0.00230713     -0.00212402     -0.00205078     -0.00202637     
-0.00198975     -0.00187988     -0.00196533     -0.00172119     
-0.00179443     -0.00181885     -0.00169678     -0.00162354     
-0.00163574     -0.00158691     -0.00159912     -0.00148926     
-0.00153809     -0.00141602     -0.00129395     -0.00118408     
-0.00118408     -0.00109863     -0.00109863     -0.00106201     
-0.00119629     -0.00109863     -0.00125732     -0.00126953     
-0.00144043     -0.00147705     -0.00162354     -0.00180664     
-0.00192871     -0.00201416     -0.00206299     -0.00197754     
-0.00213623     -0.00220947     -0.00212402     -0.00201416     
-0.00211182     -0.00211182     -0.00192871     -0.00195313     
-0.00194092     -0.00178223     -0.00181885     -0.00170898     
-0.00169678     -0.00151367     -0.00146484     -0.00119629     
-0.00135498     -0.0012207     -0.00108643     -0.000976563     
-0.00107422     -0.00102539     -0.000915527     -0.000842285     
-0.0010498     -0.00100098     -0.00109863     -0.00117188     
-0.00126953     -0.00123291     -0.00136719     -0.00134277     
-0.00150146     -0.00150146     -0.00152588     -0.00146484     
-0.00159912     -0.00151367     -0.00141602     -0.0013916     
-0.00140381     -0.00131836     -0.0012085     -0.00115967     
-0.00129395     -0.00114746     -0.00112305     -0.00113525     
-0.00117188     -0.00109863     -0.0010376     -0.000976563     
-0.0010498     -0.00102539     -0.000964355     -0.000927734     
-0.000976563     -0.000915527     -0.00090332     -0.000842285     
-0.000952148     -0.0010498     -0.00101318     -0.00098877     
-0.00115967     -0.00100098     -0.00115967     -0.00113525     
-0.0012085     -0.00113525     -0.00113525     -0.00106201     
-0.00101318     -0.000964355     -0.000891113     -0.000891113     
-0.000939941     -0.000891113     -0.000915527     -0.000842285     
-0.000964355     -0.000878906     -0.000952148     -0.000952148     
-0.00102539     -0.00098877     -0.000939941     -0.000964355     
-0.00101318     -0.00090332     -0.000964355     -0.000793457     
-0.000744629     -0.000683594     -0.000646973     -0.000512695     
-0.000585938     -0.000512695     -0.00057373     -0.000634766     
-0.000683594     -0.000805664     -0.000720215     -0.000720215     
-0.000830078     -0.000927734     -0.00090332     -0.00102539     
-0.00114746     -0.00117188     -0.00119629     -0.0012207     
-0.00134277     -0.00131836     -0.00147705     -0.00125732     
-0.00140381     -0.00133057     -0.00128174     -0.00117188     
-0.00124512     -0.00117188     -0.00106201     -0.00102539     
-0.0010376     -0.00098877     -0.000878906     -0.000878906     
-0.00098877     -0.000939941     -0.0010498     -0.00102539     
-0.00119629     -0.00113525     -0.00118408     -0.00119629     
-0.00124512     -0.00117188     -0.00112305     -0.00101318     
-0.00118408     -0.00106201     -0.000891113     -0.000915527     
-0.00100098     -0.000952148     -0.000964355     -0.000939941     
-0.000952148     -0.00107422     -0.000976563     -0.000952148     
-0.00102539     -0.000952148     -0.000952148     -0.000878906     
-0.000866699     -0.000878906     -0.000695801     -0.000634766     
-0.000708008     -0.000744629     -0.000708008     -0.000646973     
-0.00090332     -0.000683594     -0.000732422     -0.000891113     
-0.0010498     -0.000952148     -0.00100098     -0.0010376     
-0.00119629     -0.00111084     -0.00107422     -0.00109863     
-0.0012207     -0.00118408     -0.00118408     -0.00102539     
-0.00119629     -0.00106201     -0.00101318     -0.000891113     
-0.00090332     -0.000939941     -0.000805664     -0.000769043     
-0.000830078     -0.000756836     -0.000720215     -0.000598145     
-0.000817871     -0.000744629     -0.00078125     -0.000708008     
-0.000793457     -0.000805664     -0.000756836     -0.000805664     
-0.000793457     -0.000732422     -0.000744629     -0.000793457     
-0.000756836     -0.000830078     -0.00078125     -0.000805664     
-0.000866699     -0.000891113     -0.000878906     -0.000720215     
-0.000854492     -0.000805664     -0.000830078     -0.000585938     
-0.000708008     -0.000683594     -0.000646973     -0.000415039     
-0.000512695     -0.000463867     -0.000463867     -0.00032959     
-0.000354004     -0.000305176     -0.00020752     -0.00020752     
-0.00032959     -0.000256348     -0.000244141     -0.000195313     
-0.000305176     -0.000317383     -0.000463867     -0.000415039     
-0.000500488     -0.000488281     -0.000488281     -0.000524902     
-0.000708008     -0.000585938     -0.000500488     -0.000500488     
-0.000537109     -0.000476074     -0.000268555     -0.000305176     
-0.000292969     -0.000183105     -6.10352e-05     -7.32422e-05     
-1.2207e-05     -3.66211e-05     2.44141e-05     0.000109863     
2.44141e-05     3.66211e-05     -2.44141e-05     -7.32422e-05     
-0.000158691     -0.000109863     -0.000219727     -0.000244141     
-0.000317383     -0.000280762     -0.00032959     -0.00032959     
-0.00045166     -0.000366211     -0.000402832     -0.000378418     
-0.000439453     -0.000402832     -0.000354004     -0.000341797     
-0.000378418     -0.000354004     -0.00032959     -0.000244141     
-0.000463867     -0.000402832     -0.000524902     -0.000427246     
-0.000634766     -0.000720215     -0.000598145     -0.000695801     
-0.000830078     -0.000769043     -0.000830078     -0.000671387     
-0.00065918     -0.000646973     -0.000622559     -0.000415039     
-0.000378418     -0.000402832     -0.000390625     -0.000268555     
-0.000402832     -0.00032959     -0.000292969     -0.000390625     
-0.000427246     -0.00045166     -0.000549316     -0.000524902     
-0.000549316     -0.000622559     -0.000622559     -0.000476074     
-0.000549316     -0.00045166     -0.00045166     -0.00020752     
-0.000231934     -0.000219727     -6.10352e-05     0.000134277     
0     0.000158691     0.000183105     0.000231934     
0.00020752     0.000219727     0.000305176     0.000195313     
2.44141e-05     9.76563e-05     -8.54492e-05     -7.32422e-05     
-0.000341797     -0.000415039     -0.000390625     -0.00045166     
-0.000512695     -0.000537109     -0.000500488     -0.000317383     
-0.000305176     -0.00020752     0     0.000170898     
0.000305176     0.000463867     0.000549316     0.000720215     
0.000634766     0.000793457     0.000830078     0.000756836     
0.000708008     0.000695801     0.000610352     0.000512695     
0.000378418     0.000354004     0.000305176     0.000256348     
0.00020752     0.000170898     9.76563e-05     0.000256348     
0     0.00012207     0.000170898     0.000146484     
2.44141e-05     0.00012207     7.32422e-05     0     
-4.88281e-05     -6.10352e-05     -2.44141e-05     -1.2207e-05     
-0.000109863     -0.000170898     -0.000146484     -4.88281e-05     
-0.000305176     -0.000183105     -0.000305176     -0.000195313     
-0.000378418     -0.000256348     -0.000341797     -0.00045166     
-0.000549316     -0.000524902     -0.000671387     -0.000610352     
-0.000683594     -0.000732422     -0.000708008     -0.000744629     
-0.000805664     -0.000793457     -0.000720215     -0.000671387     
-0.00078125     -0.000842285     -0.000744629     -0.000732422     
-0.000793457     -0.000744629     -0.00065918     -0.000622559     
-0.000646973     -0.000744629     -0.000744629     -0.000561523     
-0.000756836     -0.000756836     -0.000744629     -0.000622559     
-0.000720215     -0.000769043     -0.00078125     -0.000622559     
-0.000732422     -0.00065918     -0.000585938     -0.000537109     
-0.000549316     -0.000427246     -0.000549316     -0.000549316     
-0.000695801     -0.000646973     -0.000683594     -0.000634766     
-0.000927734     -0.000866699     -0.000878906     -0.00090332     
-0.0010376     -0.00098877     -0.000952148     -0.00090332     
-0.000964355     -0.00078125     -0.000720215     -0.000646973     
-0.000610352     -0.00045166     -0.000415039     -0.000280762     
-0.000341797     -0.000317383     -0.000244141     -0.00032959     
-0.000341797     -0.000317383     -0.000354004     -0.000415039     
-0.000390625     -0.000366211     -0.000354004     -0.000305176     
-0.000402832     -0.000244141     -0.000170898     -7.32422e-05     
-0.000244141     -0.000146484     -0.000195313     -0.000195313     
-0.000268555     -0.000231934     -0.000268555     -0.000268555     
-0.00032959     -0.000402832     -0.000402832     -0.000439453     
-0.000463867     -0.000634766     -0.000549316     -0.000500488     
-0.000695801     -0.000585938     -0.000524902     -0.000610352     
-0.000561523     -0.000463867     -0.000378418     -0.000354004     
-0.000280762     -0.000146484     -0.000134277     3.66211e-05     
0     7.32422e-05     0.000195313     0.000280762     
0.000183105     0.000146484     0.000183105     0.000256348     
0.000256348     0.000134277     0.00012207     0.000292969     
0.000195313     0.000170898     0.000195313     0.000390625     
0.000317383     0.00032959     0.00032959     0.000598145     
0.00057373     0.000732422     0.00065918     0.000805664     
0.000817871     0.000744629     0.000671387     0.000830078     
0.00065918     0.000646973     0.000537109     0.000524902     
0.000390625     0.000366211     0.000402832     0.000366211     
0.000231934     0.000292969     0.000170898     0.000231934     
-6.10352e-05     9.76563e-05     4.88281e-05     -2.44141e-05     
-0.000158691     -0.000158691     -0.000195313     -9.76563e-05     
-0.00032959     -0.00020752     -0.000134277     -0.000146484     
-0.000256348     -0.000256348     -0.000244141     -0.000256348     
-0.000488281     -0.000390625     -0.00045166     -0.000524902     
-0.000598145     -0.000537109     -0.000524902     -0.000415039     
-0.00045166     -0.000341797     -0.000183105     0     
6.10352e-05     0.00012207     0.000183105     0.000378418     
9.76563e-05     0.000317383     0.000354004     0.000268555     
0.000183105     0.000170898     3.66211e-05     0.000109863     
-1.2207e-05     -6.10352e-05     -6.10352e-05     -6.10352e-05     
-0.000109863     -0.000158691     -0.000256348     -0.000183105     
-0.000415039     -0.000244141     -0.000341797     -0.00032959     
-0.000390625     -0.000231934     -0.000183105     -0.00020752     
-0.000280762     -7.32422e-05     -7.32422e-05     2.44141e-05     
-1.2207e-05     -7.32422e-05     -7.32422e-05     2.44141e-05     
-0.000170898     -0.000146484     -9.76563e-05     -6.10352e-05     
-0.000280762     -0.000219727     -0.000158691     -0.00020752     
-0.00032959     -0.000268555     -0.000183105     -0.000244141     
-0.000268555     -0.000292969     -0.000427246     -0.000292969     
-0.000378418     -0.000305176     -0.000366211     -0.000158691     
-0.00020752     -0.000170898     -0.000109863     6.10352e-05     
9.76563e-05     0.000244141     0.000378418     0.000427246     
0.000439453     0.000598145     0.000561523     0.000732422     
0.000585938     0.000646973     0.00057373     0.00065918     
0.000354004     0.000268555     0.000109863     7.32422e-05     
-0.000134277     -0.000256348     -0.000354004     -0.000268555     
-0.00045166     -0.000415039     -0.000439453     -0.000390625     
-0.000341797     -0.000231934     -0.00012207     -4.88281e-05     
0     4.88281e-05     0.000158691     0.000183105     
0.000158691     6.10352e-05     9.76563e-05     9.76563e-05     
-0.000170898     -0.000231934     -0.000341797     -0.000378418     
-0.000671387     -0.000720215     -0.000695801     -0.00065918     
-0.000952148     -0.000927734     -0.00107422     -0.000927734     
-0.00100098     -0.00090332     -0.000939941     -0.000708008     
-0.00078125     -0.000561523     -0.000488281     -0.000305176     
-0.000268555     -0.000183105     -0.000134277     2.44141e-05     
-9.76563e-05     0.000134277     0.000134277     0.000134277     
2.44141e-05     8.54492e-05     0.000170898     6.10352e-05     
0     7.32422e-05     1.2207e-05     -3.66211e-05     
-7.32422e-05     -7.32422e-05     -0.00012207     -2.44141e-05     
-0.00012207     -9.76563e-05     -0.000195313     -7.32422e-05     
-8.54492e-05     -7.32422e-05     7.32422e-05     0.000109863     
2.44141e-05     0.000134277     0.000109863     0.000195313     
0.000134277     0.000268555     0.00020752     0.000268555     
0.000244141     0.000366211     0.000231934     0.000195313     
0.000109863     0.000146484     0     1.2207e-05     
-0.000183105     -0.000170898     -0.000244141     -0.000231934     
-0.000317383     -0.000366211     -0.000183105     -0.000231934     
-0.000195313     -9.76563e-05     -8.54492e-05     6.10352e-05     
0     2.44141e-05     0.000170898     0.000231934     
0.00032959     0.000292969     0.000268555     0.000415039     
0.000341797     0.000402832     0.000476074     0.00045166     
0.000354004     0.000427246     0.00032959     0.000292969     
0.000231934     0.000256348     0.000170898     0.00012207     
1.2207e-05     -3.66211e-05     -4.88281e-05     -7.32422e-05     
-0.00012207     -0.000134277     -0.000109863     -0.00012207     
-0.000292969     -0.000244141     -0.000231934     -0.000134277     
-0.000341797     -0.000134277     -0.000134277     9.76563e-05     
4.88281e-05     0.000231934     0.000146484     0.000366211     
0.000366211     0.000439453     0.000512695     0.000561523     
0.000537109     0.000439453     0.000512695     0.000561523     
0.000268555     0.000305176     0.000268555     0.00020752     
-2.44141e-05     -4.88281e-05     -0.000158691     -0.00020752     
-0.000402832     -0.000488281     -0.000500488     -0.000476074     
-0.000561523     -0.00057373     -0.000561523     -0.000439453     
-0.000366211     -0.000366211     -0.000219727     -7.32422e-05     
-0.00012207     -4.88281e-05     -2.44141e-05     -1.2207e-05     
-7.32422e-05     -0.000158691     -0.000170898     -0.000183105     
-0.000378418     -0.000476074     -0.000634766     -0.000549316     
-0.000671387     -0.000671387     -0.000769043     -0.000720215     
-0.000817871     -0.000793457     -0.000805664     -0.00065918     
-0.000793457     -0.000744629     -0.000585938     -0.000646973     
-0.000732422     -0.000683594     -0.000585938     -0.000646973     
-0.000720215     -0.000695801     -0.000769043     -0.000634766     
-0.00065918     -0.00065918     -0.000732422     -0.000598145     
-0.00065918     -0.000598145     -0.000585938     -0.00045166     
-0.00057373     -0.000537109     -0.000415039     -0.000402832     
-0.000488281     -0.00032959     -0.000280762     -0.000256348     
-0.000244141     -0.000158691     -0.000219727     -8.54492e-05     
-0.000109863     -0.000170898     -9.76563e-05     -0.000146484     
-0.000280762     -0.000292969     -0.000378418     -0.000280762     
-0.00032959     -0.000244141     -0.000195313     1.2207e-05     
-0.000170898     7.32422e-05     7.32422e-05     0.000219727     
0.00012207     0.000231934     0.000354004     0.000463867     
0.000366211     0.000378418     0.000366211     0.000366211     
0.000292969     0.00020752     0.000268555     0.000231934     
7.32422e-05     0.000146484     4.88281e-05     3.66211e-05     
-0.00012207     -2.44141e-05     7.32422e-05     -1.2207e-05     
1.2207e-05     8.54492e-05     7.32422e-05     0.000146484     
9.76563e-05     0.000134277     0.000195313     0.000292969     
0.000134277     0.000305176     0.000231934     0.000183105     
7.32422e-05     7.32422e-05     9.76563e-05     0.000109863     
0     0     -4.88281e-05     -3.66211e-05     
-9.76563e-05     -6.10352e-05     -4.88281e-05     1.2207e-05     
-3.66211e-05     8.54492e-05     -6.10352e-05     0.000134277     
8.54492e-05     0.000146484     0.000134277     0.000195313     
8.54492e-05     0.00012207     0.00012207     2.44141e-05     
-6.10352e-05     -0.000231934     -0.000280762     -0.000317383     
-0.000463867     -0.000488281     -0.000610352     -0.000463867     
-0.000683594     -0.000646973     -0.000585938     -0.00057373     
-0.000524902     -0.000439453     -0.000476074     -0.000366211     
-0.000500488     -0.000341797     -0.000280762     -0.000170898     
-0.000305176     -7.32422e-05     -7.32422e-05     -3.66211e-05     
-0.000170898     0     -1.2207e-05     0     
8.54492e-05     4.88281e-05     4.88281e-05     0.000170898     
9.76563e-05     9.76563e-05     0.000170898     0.000170898     
0.000170898     0.000244141     0.000256348     0.000317383     
0.000231934     0.000354004     0.000390625     0.000561523     
0.000378418     0.000646973     0.000561523     0.000671387     
0.000610352     0.000732422     0.000695801     0.000695801     
0.000634766     0.00057373     0.000439453     0.000524902     
0.000305176     0.000146484     0.000195313     0.00012207     
-0.000158691     -0.000170898     -8.54492e-05     -0.000183105     
-0.000305176     -0.000134277     -8.54492e-05     1.2207e-05     
1.2207e-05     8.54492e-05     0.000158691     0.000231934     
0.000256348     0.000305176     0.000256348     0.000305176     
0.000219727     0.000244141     0.000183105     4.88281e-05     
-3.66211e-05     0     3.66211e-05     0     
-3.66211e-05     0     6.10352e-05     3.66211e-05     
1.2207e-05     0.000219727     0.000292969     0.000488281     
0.00045166     0.000476074     0.000561523     0.000683594     
0.000549316     0.000695801     0.000793457     0.00078125     
0.000585938     0.000708008     0.000671387     0.000695801     
0.000598145     0.000598145     0.000610352     0.00057373     
0.000402832     0.000439453     0.000366211     0.000341797     
8.54492e-05     8.54492e-05     9.76563e-05     0.000158691     
4.88281e-05     -7.32422e-05     -0.000109863     -0.000109863     
-0.00020752     -0.000195313     -0.000256348     -0.00020752     
-0.000402832     -0.000427246     -0.000512695     -0.000500488     
-0.000622559     -0.000622559     -0.000622559     -0.00057373     
-0.000598145     -0.000549316     -0.000488281     -0.000366211     
-0.000463867     -0.000268555     -0.000146484     2.44141e-05     
-4.88281e-05     0.000109863     9.76563e-05     0.000195313     
0.000158691     0.000354004     0.000439453     0.000500488     
0.000537109     0.000622559     0.000634766     0.000769043     
0.000756836     0.000744629     0.000854492     0.00090332     
0.000769043     0.000842285     0.00078125     0.000842285     
0.000720215     0.000720215     0.00078125     0.000866699     
0.000830078     0.00102539     0.000952148     0.0010376     
0.00111084     0.00117188     0.0012085     0.00131836     
0.00125732     0.00128174     0.00124512     0.00123291     
0.00111084     0.00098877     0.00106201     0.000866699     
0.00078125     0.00078125     0.000634766     0.000622559     
0.000524902     0.000585938     0.000561523     0.000634766     
0.00057373     0.000634766     0.000549316     0.000695801     
0.00057373     0.000512695     0.000671387     0.000708008     
0.000488281     0.000524902     0.000488281     0.000463867     
0.000219727     0.000280762     0.000354004     0.000244141     
0.000134277     0.000268555     0.000231934     0.000366211     
0.000292969     0.000244141     0.000439453     0.00057373     
0.000524902     0.000549316     0.000695801     0.000842285     
0.000793457     0.000866699     0.000891113     0.000939941     
0.000756836     0.000866699     0.00078125     0.000720215     
0.000524902     0.000585938     0.000610352     0.000549316     
0.000415039     0.000463867     0.000439453     0.00045166     
0.000488281     0.000463867     0.000524902     0.00057373     
0.000463867     0.000488281     0.000500488     0.000512695     
0.000280762     0.000439453     0.00045166     0.000463867     
0.00020752     0.000305176     0.000256348     0.000402832     
0.000231934     0.000219727     0.00032959     0.000305176     
0.000231934     9.76563e-05     0.000183105     0.000195313     
-6.10352e-05     -2.44141e-05     -2.44141e-05     -4.88281e-05     
-2.44141e-05     -0.000109863     -0.00012207     -6.10352e-05     
-9.76563e-05     -8.54492e-05     -7.32422e-05     2.44141e-05     
-0.000109863     -0.000134277     -0.000219727     -0.000146484     
-0.000244141     -0.000219727     -0.000195313     -0.00020752     
-0.000231934     -0.000158691     1.2207e-05     9.76563e-05     
9.76563e-05     0.000305176     0.000488281     0.000610352     
0.000708008     0.000756836     0.000878906     0.000964355     
0.000964355     0.00101318     0.0010376     0.00108643     
0.00098877     0.000952148     0.000878906     0.000854492     
0.000683594     0.00065918     0.000537109     0.000598145     
0.000378418     0.000305176     0.000268555     0.000170898     
0.000109863     0.00020752     0.000183105     0.000158691     
0     7.32422e-05     2.44141e-05     6.10352e-05     
-3.66211e-05     -8.54492e-05     -0.000219727     -6.10352e-05     
-0.000146484     -9.76563e-05     -0.000244141     -0.000231934     
-0.000317383     -0.000219727     -0.000231934     -0.000170898     
-0.000280762     -0.000219727     -0.00020752     -0.000256348     
-0.000268555     -0.000244141     -0.000170898     -9.76563e-05     
-0.000231934     -8.54492e-05     3.66211e-05     9.76563e-05     
6.10352e-05     0.000256348     0.000402832     0.000476074     
0.000317383     0.000463867     0.000402832     0.000402832     
0.000256348     0.000292969     0.000134277     0.000170898     
3.66211e-05     -6.10352e-05     -0.00012207     -3.66211e-05     
-0.000109863     -0.000183105     -9.76563e-05     4.88281e-05     
-0.000158691     -3.66211e-05     -2.44141e-05     0     
-7.32422e-05     -2.44141e-05     6.10352e-05     6.10352e-05     
1.2207e-05     0     -4.88281e-05     -2.44141e-05     
0     -0.00012207     2.44141e-05     0.000158691     
2.44141e-05     0.000170898     0.000170898     0.000256348     
0.000256348     0.000305176     0.000415039     0.000366211     
0.000305176     0.000366211     0.000402832     0.000354004     
0.00020752     0.000183105     7.32422e-05     -1.2207e-05     
-9.76563e-05     -0.000109863     -0.000354004     -0.000341797     
-0.000378418     -0.000427246     -0.000476074     -0.000341797     
-0.000415039     -0.000439453     -0.000366211     -0.000244141     
-0.000268555     -0.000146484     3.66211e-05     0.000109863     
0.00012207     0.000219727     0.000134277     0.00032959     
0.00020752     0.000219727     0.000305176     0.000439453     
0.000231934     0.000195313     0.000219727     0.000268555     
6.10352e-05     0.000183105     0.000158691     9.76563e-05     
0     0.000146484     0     2.44141e-05     
-9.76563e-05     8.54492e-05     9.76563e-05     8.54492e-05     
0.000146484     0.000195313     0.000170898     0.000231934     
0.000134277     0.000146484     0.000402832     0.000390625     
0.000183105     0.000256348     0.00032959     0.000280762     
0.000158691     0.000317383     0.000439453     0.00045166     
0.000439453     0.000561523     0.00045166     0.000622559     
0.000488281     0.000524902     0.000671387     0.000610352     
0.00057373     0.000598145     0.000537109     0.000646973     
0.000476074     0.000561523     0.00065918     0.000634766     
0.000610352     0.000671387     0.000622559     0.00065918     
0.000488281     0.000512695     0.000415039     0.000427246     
0.000268555     0.000268555     0.00020752     0.000280762     
0.000146484     4.88281e-05     0.000219727     0.000341797     
0.000219727     0.000292969     0.000378418     0.000439453     
0.000415039     0.000476074     0.00057373     0.000720215     
0.000598145     0.000732422     0.000695801     0.000952148     
0.000866699     0.00098877     0.0010376     0.00119629     
0.00117188     0.00115967     0.00109863     0.0012085     
0.00112305     0.00107422     0.0010376     0.00100098     
0.000854492     0.00078125     0.000695801     0.00078125     
0.000524902     0.000537109     0.000561523     0.000549316     
0.000488281     0.000390625     0.000439453     0.000512695     
0.000463867     0.000537109     0.000524902     0.000634766     
0.000476074     0.000646973     0.000500488     0.00045166     
0.000390625     0.000439453     0.000366211     0.000354004     
0.000231934     0.000231934     0.000134277     2.44141e-05     
2.44141e-05     -1.2207e-05     7.32422e-05     1.2207e-05     
-6.10352e-05     4.88281e-05     8.54492e-05     0.000195313     
0.000158691     0.000378418     0.000512695     0.00065918     
0.000561523     0.000817871     0.000939941     0.0010498     
0.0010498     0.0012085     0.00115967     0.00128174     
0.00117188     0.00117188     0.00108643     0.00109863     
0.00090332     0.000842285     0.000708008     0.000695801     
0.000512695     0.000537109     0.000476074     0.000390625     
0.000244141     0.000402832     0.00045166     0.000402832     
0.000317383     0.000439453     0.000427246     0.000598145     
0.000512695     0.000561523     0.000610352     0.00078125     
0.00065918     0.000720215     0.000744629     0.000720215     
0.000708008     0.000708008     0.000756836     0.000695801     
0.000634766     0.00065918     0.000598145     0.000549316     
0.000427246     0.000415039     0.000488281     0.000500488     
0.000415039     0.000500488     0.000244141     0.000524902     
0.000366211     0.000244141     0.000317383     0.000402832     
0.000280762     0.000390625     0.000305176     0.000402832     
0.000268555     0.000231934     0.00032959     0.000378418     
0.000231934     0.000305176     0.000390625     0.000476074     
0.000439453     0.000549316     0.000708008     0.000793457     
0.00078125     0.000854492     0.000915527     0.00100098     
0.000695801     0.000793457     0.000720215     0.000634766     
0.000476074     0.000402832     0.000317383     0.000146484     
3.66211e-05     8.54492e-05     4.88281e-05     3.66211e-05     
6.10352e-05     0.00012207     0.000183105     0.000219727     
0.00020752     0.000292969     0.000439453     0.000476074     
0.000427246     0.000366211     0.000402832     0.000463867     
0.000244141     0.000268555     0.000280762     0.00020752     
7.32422e-05     0.00012207     -2.44141e-05     1.2207e-05     
1.2207e-05     -2.44141e-05     -2.44141e-05     1.2207e-05     
4.88281e-05     9.76563e-05     7.32422e-05     0.000256348     
8.54492e-05     0.000231934     0.000305176     0.000305176     
0.000195313     0.000305176     0.000244141     0.000268555     
0.000280762     0.000402832     0.000354004     0.000402832     
0.000427246     0.000500488     0.000512695     0.00065918     
0.00057373     0.000634766     0.000683594     0.00078125     
0.000610352     0.000585938     0.000524902     0.000500488     
0.000439453     0.000439453     0.000439453     0.000268555     
0.000244141     0.000158691     0     -1.2207e-05     
-0.000268555     -0.000292969     -0.000354004     -0.000390625     
-0.000500488     -0.000476074     -0.000537109     -0.00045166     
-0.000634766     -0.000488281     -0.000366211     -0.000158691     
-0.000146484     -6.10352e-05     0.00012207     0.000219727     
0.00020752     0.000268555     0.000354004     0.000415039     
0.00032959     0.000366211     0.000463867     0.00045166     
0.000341797     0.000402832     0.00045166     0.00045166     
0.000415039     0.000524902     0.000585938     0.000622559     
0.000537109     0.000646973     0.000756836     0.000756836     
0.000671387     0.000634766     0.000598145     0.000549316     
0.000476074     0.000463867     0.00045166     0.000427246     
0.000317383     0.000439453     0.000439453     0.000390625     
0.000402832     0.000549316     0.000598145     0.000744629     
0.000622559     0.000830078     0.000769043     0.000708008     
0.000549316     0.000732422     0.000708008     0.000634766     
0.000500488     0.000524902     0.000378418     0.000415039     
0.000415039     0.000366211     0.000524902     0.000622559     
0.000549316     0.000671387     0.000622559     0.000830078     
0.000756836     0.000830078     0.000939941     0.000915527     
0.00078125     0.000866699     0.000744629     0.000683594     
0.000488281     0.000415039     0.000305176     0.000244141     
0.00020752     0.000109863     -7.32422e-05     1.2207e-05     
-0.000134277     -2.44141e-05     -7.32422e-05     0     
-1.2207e-05     -3.66211e-05     3.66211e-05     0.000134277     
-1.2207e-05     3.66211e-05     0.000268555     0.000341797     
0.000231934     0.000463867     0.000476074     0.000720215     
0.000683594     0.000830078     0.000976563     0.00115967     
0.0010376     0.00114746     0.00115967     0.00119629     
0.00102539     0.00106201     0.00098877     0.000805664     
0.00065918     0.000683594     0.000524902     0.000585938     
0.000439453     0.000524902     0.000561523     0.00065918     
0.000683594     0.000744629     0.000793457     0.000854492     
0.000744629     0.000939941     0.000915527     0.000866699     
0.000732422     0.000805664     0.000610352     0.000537109     
0.000402832     0.000402832     0.000378418     0.000402832     
0.000341797     0.00032959     0.000305176     0.000390625     
0.000378418     0.000415039     0.000463867     0.00057373     
0.000524902     0.000622559     0.000683594     0.000756836     
0.000561523     0.00065918     0.000756836     0.00065918     
0.00065918     0.000817871     0.000683594     0.000805664     
0.000622559     0.000646973     0.000671387     0.000708008     
0.000695801     0.000561523     0.000537109     0.000512695     
0.000317383     0.00032959     0.000292969     0.000244141     
0.000183105     0.000219727     0.000195313     0.000146484     
0.000146484     0.000244141     0.000244141     0.000366211     
0.000256348     0.000341797     0.000378418     0.000476074     
0.000366211     0.000427246     0.000463867     0.000476074     
0.000378418     0.000244141     0.000305176     0.000146484     
0     4.88281e-05     4.88281e-05     -8.54492e-05     
-0.000170898     -4.88281e-05     -0.000158691     2.44141e-05     
0     8.54492e-05     8.54492e-05     0.000341797     
0.000476074     0.000512695     0.000537109     0.000708008     
0.000671387     0.000756836     0.000744629     0.000805664     
0.000769043     0.000756836     0.000720215     0.000671387     
0.000463867     0.000500488     0.000463867     0.000415039     
0.000219727     0.000268555     0.000134277     0.000146484     
8.54492e-05     4.88281e-05     8.54492e-05     0.000146484     
6.10352e-05     9.76563e-05     0.000134277     0.000170898     
6.10352e-05     0.000146484     0.000146484     0.00020752     
0.000109863     0.000109863     0.000158691     7.32422e-05     
1.2207e-05     -1.2207e-05     2.44141e-05     6.10352e-05     
3.66211e-05     0.000158691     0.000219727     0.000256348     
0.000183105     0.000402832     0.000512695     0.000537109     
0.000500488     0.000622559     0.000695801     0.000622559     
0.000463867     0.000512695     0.000610352     0.000646973     
0.000427246     0.000415039     0.000427246     0.000354004     
0.000292969     0.000256348     0.000170898     0.000244141     
7.32422e-05     0.000158691     0.000158691     0.000219727     
0.000109863     0.000170898     0.000280762     0.000292969     
0.000256348     0.00032959     0.000292969     0.000366211     
0.000354004     0.000402832     0.000415039     0.00045166     
0.000415039     0.000439453     0.000378418     0.000366211     
0.000341797     0.000341797     0.000341797     0.000256348     
0.00012207     8.54492e-05     6.10352e-05     3.66211e-05     
-7.32422e-05     -8.54492e-05     -6.10352e-05     -2.44141e-05     
-9.76563e-05     0     -2.44141e-05     0.000146484     
0.000109863     0.000134277     0.000341797     0.000354004     
0.000317383     0.000317383     0.000427246     0.000500488     
0.000402832     0.000500488     0.000549316     0.000524902     
0.000427246     0.000646973     0.000500488     0.000683594     
0.000646973     0.000695801     0.000817871     0.000854492     
0.000878906     0.00090332     0.00090332     0.000952148     
0.000854492     0.00078125     0.00078125     0.000793457     
0.000549316     0.000512695     0.000366211     0.000280762     
0.000170898     0.000158691     0.000183105     0.00012207     
8.54492e-05     0.000195313     0.000109863     0.000158691     
0.000158691     0.00012207     0.000219727     0.00020752     
7.32422e-05     0.000146484     0.00012207     0.000134277     
2.44141e-05     0.00012207     0.000170898     0.000195313     
0.000134277     0.000158691     0.000158691     0.000146484     
0.000109863     6.10352e-05     0.000158691     0.000183105     
7.32422e-05     0.000170898     9.76563e-05     0.000170898     
0.000134277     0.000244141     0.00020752     0.000305176     
0.00020752     0.00020752     0.000219727     6.10352e-05     
-7.32422e-05     -7.32422e-05     -0.000158691     -0.000219727     
-0.000268555     -0.000280762     -0.000366211     -0.00020752     
-0.00032959     -0.00020752     -0.000134277     -8.54492e-05     
4.88281e-05     0.000170898     0.000244141     0.000463867     
0.000500488     0.000524902     0.000683594     0.000769043     
0.000842285     0.000927734     0.000976563     0.00115967     
0.000964355     0.00108643     0.000976563     0.00109863     
0.000964355     0.000927734     0.000830078     0.000793457     
0.00057373     0.000512695     0.000549316     0.000366211     
0.000305176     0.000256348     0.000317383     0.000195313     
7.32422e-05     0.00012207     0.000146484     0.000292969     
0.00020752     9.76563e-05     0.000146484     0.000317383     
0.000195313     0.000219727     0.000256348     0.000427246     
0.000183105     0.000280762     0.000231934     0.000268555     
0.000170898     0.000146484     7.32422e-05     0.000146484     
9.76563e-05     0.00012207     0.000134277     0.000134277     
0.000109863     0.000146484     0.00020752     0.000280762     
0.000305176     0.000378418     0.000500488     0.000512695     
0.000500488     0.000598145     0.000585938     0.000683594     
0.000549316     0.000549316     0.000476074     0.000549316     
0.000378418     0.000378418     0.000378418     0.000439453     
0.000219727     0.000341797     0.00032959     0.00045166     
0.000476074     0.000610352     0.000622559     0.000793457     
0.000732422     0.000891113     0.000830078     0.000915527     
0.000866699     0.00098877     0.000915527     0.000854492     
0.000830078     0.000854492     0.000805664     0.000769043     
0.00065918     0.000646973     0.000744629     0.000744629     
0.000622559     0.000537109     0.000463867     0.000634766     
0.000402832     0.000268555     0.000402832     0.00045166     
0.00032959     0.000305176     0.000341797     0.000354004     
0.000231934     0.000402832     0.000463867     0.000598145     
0.000537109     0.000610352     0.000524902     0.000610352     
0.000402832     0.000305176     0.000268555     0.000354004     
7.32422e-05     -2.44141e-05     -8.54492e-05     -0.000219727     
-0.000317383     -0.00032959     -0.000256348     -0.000219727     
-0.000219727     -0.000158691     -0.000244141     -7.32422e-05     
-0.00012207     -2.44141e-05     -3.66211e-05     0.00012207     
0.000109863     8.54492e-05     0.00012207     0.000317383     
0.00012207     0.000317383     0.00032959     0.000378418     
0.000341797     0.000415039     0.000415039     0.000476074     
0.000354004     0.00045166     0.00045166     0.000500488     
0.000476074     0.000415039     0.000427246     0.00045166     
0.000378418     0.000280762     0.000280762     0.000219727     
0.000134277     0.00012207     -1.2207e-05     0     
-0.000305176     -9.76563e-05     -1.2207e-05     -6.10352e-05     
-0.000170898     1.2207e-05     -2.44141e-05     3.66211e-05     
4.88281e-05     9.76563e-05     0.000244141     0.000231934     
0.00032959     0.000244141     0.000231934     0.000256348     
0.000183105     0.000366211     0.000292969     0.00032959     
0.000292969     0.000341797     0.00045166     0.000402832     
0.000341797     0.000439453     0.000488281     0.000537109     
0.000463867     0.000476074     0.000512695     0.000561523     
0.000488281     0.000415039     0.00045166     0.000549316     
0.000415039     0.00045166     0.000488281     0.000476074     
0.000402832     0.000378418     0.000500488     0.00045166     
0.000402832     0.00045166     0.000292969     0.000402832     
0.000378418     0.00045166     0.00032959     0.000463867     
0.000415039     0.000390625     0.000415039     0.000488281     
0.000292969     0.000390625     0.000439453     0.000427246     
0.000366211     0.000500488     0.000402832     0.000415039     
0.000354004     0.000415039     0.000415039     0.000476074     
0.000317383     0.000415039     0.00032959     0.00032959     
0.000292969     0.000341797     0.000415039     0.000488281     
0.000402832     0.000561523     0.000561523     0.000671387     
0.000549316     0.000842285     0.000842285     0.000939941     
0.00101318     0.00101318     0.00111084     0.00113525     
0.0010376     0.00102539     0.00111084     0.0010498     
0.00100098     0.00090332     0.000891113     0.00090332     
0.000683594     0.000634766     0.000683594     0.000793457     
0.000427246     0.000427246     0.000415039     0.000500488     
0.000341797     0.000524902     0.000488281     0.000610352     
0.000671387     0.000634766     0.000708008     0.000817871     
0.000793457     0.000817871     0.000805664     0.000756836     
0.000610352     0.000756836     0.000634766     0.000610352     
0.000488281     0.000524902     0.000512695     0.000585938     
0.000439453     0.00057373     0.000524902     0.000683594     
0.000561523     0.000500488     0.000634766     0.000671387     
0.000512695     0.000610352     0.000561523     0.000585938     
0.000537109     0.000500488     0.000622559     0.000671387     
0.000695801     0.000671387     0.000732422     0.000769043     
0.000769043     0.000854492     0.000842285     0.000939941     
0.00090332     0.00102539     0.000878906     0.00101318     
0.000878906     0.00098877     0.000952148     0.00115967     
0.000964355     0.00100098     0.00102539     0.0010498     
0.000939941     0.00100098     0.0010376     0.00115967     
0.000927734     0.00100098     0.000915527     0.000964355     
0.000720215     0.00065918     0.000585938     0.000488281     
0.000463867     0.000354004     0.000183105     0.000268555     
4.88281e-05     0.000183105     0.000231934     0.000231934     
0.000170898     0.000268555     0.000292969     0.000402832     
0.00032959     0.00045166     0.000439453     0.000354004     
0.000427246     0.000402832     0.000354004     0.000305176     
0.000219727     0.000183105     0.000244141     0.000305176     
0.000158691     0.000195313     0.000158691     0.000244141     
-2.44141e-05     0.000109863     0.000146484     0.000183105     
8.54492e-05     3.66211e-05     1.2207e-05     1.2207e-05     
-7.32422e-05     -9.76563e-05     -0.000109863     1.2207e-05     
0     -8.54492e-05     -1.2207e-05     9.76563e-05     
-7.32422e-05     0.00012207     0.000146484     0.00020752     
0.000158691     0.00032959     0.00032959     0.000402832     
0.000354004     0.000354004     0.00045166     0.000476074     
0.000378418     0.000378418     0.000341797     0.000390625     
0.00032959     0.000317383     0.000317383     0.000402832     
0.000378418     0.000427246     0.000488281     0.00057373     
0.000561523     0.000622559     0.000695801     0.000830078     
0.000769043     0.000805664     0.00078125     0.00078125     
0.000598145     0.000610352     0.000500488     0.000390625     
0.000195313     0.00012207     2.44141e-05     3.66211e-05     
-0.000231934     -0.000109863     -6.10352e-05     0     
-4.88281e-05     -3.66211e-05     3.66211e-05     9.76563e-05     
2.44141e-05     0.000158691     0.000195313     0.00032959     
0.000219727     0.000317383     0.000231934     0.000427246     
0.000305176     0.000268555     0.000402832     0.000463867     
0.000341797     0.000402832     0.00045166     0.000415039     
0.000280762     0.00045166     0.000476074     0.000378418     
0.000378418     0.000354004     0.000256348     0.000341797     
0.00020752     0.000134277     0.000231934     0.000244141     
0.000134277     0.00012207     6.10352e-05     0.000109863     
9.76563e-05     0.000134277     9.76563e-05     0.000280762     
0.00012207     0.000231934     0.000268555     0.000244141     
0.000219727     0.000390625     0.00032959     0.000427246     
0.000537109     0.000488281     0.000524902     0.000671387     
0.000683594     0.000732422     0.000805664     0.000927734     
0.00078125     0.000866699     0.000744629     0.000744629     
0.00057373     0.000585938     0.000646973     0.00057373     
0.000390625     0.000488281     0.00045166     0.000500488     
0.000341797     0.000268555     0.000195313     0.000256348     
0.000158691     0.00012207     0     9.76563e-05     
-1.2207e-05     0     7.32422e-05     9.76563e-05     
7.32422e-05     0.000244141     0.000219727     0.000268555     
0.000354004     0.000415039     0.000561523     0.000585938     
0.000561523     0.000756836     0.000634766     0.000805664     
0.000720215     0.000720215     0.000720215     0.000842285     
0.00065918     0.000708008     0.000720215     0.000769043     
0.000671387     0.00065918     0.000695801     0.000720215     
0.000524902     0.000549316     0.000341797     0.000378418     
0.000146484     0.00012207     -3.66211e-05     -3.66211e-05     
-0.00012207     -0.000244141     -0.000268555     -0.00012207     
-0.000219727     -0.000109863     0.000183105     0.000256348     
0.000341797     0.000463867     0.000512695     0.000634766     
0.00057373     0.000634766     0.000646973     0.000512695     
0.000524902     0.000427246     0.000354004     0.000341797     
0.000280762     0.000280762     0.000341797     0.000415039     
0.000280762     0.000439453     0.000463867     0.000537109     
0.000415039     0.000646973     0.000585938     0.000561523     
0.000476074     0.000683594     0.000500488     0.000524902     
0.00045166     0.000415039     0.000354004     0.000500488     
0.000341797     0.000354004     0.000219727     0.00045166     
0.00032959     0.000427246     0.00045166     0.000634766     
0.000585938     0.000671387     0.000769043     0.00090332     
0.000866699     0.00109863     0.00112305     0.0012085     
0.00115967     0.00117188     0.00119629     0.0012207     
0.00108643     0.00107422     0.00101318     0.00098877     
0.000866699     0.000720215     0.000695801     0.000598145     
0.00032959     0.000305176     0.000268555     0.000280762     
0.000170898     9.76563e-05     0.000109863     0.00020752     
8.54492e-05     0.000231934     0.000244141     0.000439453     
0.000402832     0.000488281     0.000634766     0.000817871     
0.000708008     0.000805664     0.000866699     0.000915527     
0.000830078     0.000817871     0.000793457     0.000769043     
0.000537109     0.000585938     0.000524902     0.000500488     
0.000354004     0.000415039     0.000305176     0.000268555     
0.000231934     0.000183105     0.00020752     0.000402832     
0.000231934     0.000427246     0.000439453     0.000549316     
0.000476074     0.00057373     0.000695801     0.000720215     
0.000622559     0.000683594     0.00057373     0.000708008     
0.000622559     0.000500488     0.000427246     0.000524902     
0.000463867     0.000280762     0.000231934     0.000354004     
0.000134277     0.000146484     3.66211e-05     3.66211e-05     
-8.54492e-05     -7.32422e-05     -8.54492e-05     -0.000158691     
-0.000195313     -4.88281e-05     -1.2207e-05     0.000109863     
1.2207e-05     0.000170898     0.00032959     0.000415039     
0.00045166     0.000537109     0.000634766     0.000805664     
0.000683594     0.000842285     0.00078125     0.000769043     
0.000756836     0.000744629     0.000732422     0.000646973     
0.00057373     0.000646973     0.000537109     0.000610352     
0.000488281     0.000463867     0.000476074     0.00045166     
0.000378418     0.000354004     0.00032959     0.000317383     
0.000219727     0.000219727     0.000366211     0.000354004     
0.00032959     0.000354004     0.000378418     0.000488281     
0.00045166     0.000402832     0.000512695     0.000708008     
0.000634766     0.000671387     0.000646973     0.000805664     
0.000634766     0.000646973     0.000732422     0.000805664     
0.000683594     0.00065918     0.000598145     0.000695801     
0.000512695     0.000488281     0.000622559     0.000500488     
0.000439453     0.000549316     0.000524902     0.000683594     
0.000488281     0.000708008     0.000671387     0.000793457     
0.000793457     0.000769043     0.000732422     0.000964355     
0.000720215     0.000830078     0.000964355     0.00102539     
0.000817871     0.00100098     0.000964355     0.00100098     
0.000915527     0.000866699     0.000927734     0.00090332     
0.000939941     0.000891113     0.000756836     0.000830078     
0.000708008     0.00078125     0.000744629     0.000695801     
0.00065918     0.000622559     0.000646973     0.000671387     
0.000439453     0.000622559     0.000683594     0.000769043     
0.00065918     0.000793457     0.000756836     0.000830078     
0.000732422     0.000744629     0.000769043     0.000878906     
0.000793457     0.000634766     0.000683594     0.000805664     
0.000671387     0.00065918     0.000720215     0.000854492     
0.000793457     0.000793457     0.000817871     0.000939941     
0.000866699     0.00090332     0.00090332     0.000939941     
0.000878906     0.000817871     0.000732422     0.000744629     
0.000646973     0.000683594     0.000646973     0.000695801     
0.000683594     0.00065918     0.000622559     0.000646973     
0.000634766     0.000671387     0.000708008     0.000622559     
0.000732422     0.000866699     0.000720215     0.000866699     
0.000891113     0.000952148     0.00102539     0.00113525     
0.00114746     0.00111084     0.00118408     0.0013916     
0.00129395     0.00131836     0.0013916     0.0013916     
0.00137939     0.00137939     0.00136719     0.00142822     
0.00126953     0.00129395     0.00124512     0.0012085     
0.00101318     0.00100098     0.000891113     0.000891113     
0.000720215     0.000683594     0.000708008     0.000805664     
0.000646973     0.000708008     0.000756836     0.000744629     
0.000634766     0.000732422     0.000805664     0.000793457     
0.000720215     0.000793457     0.000805664     0.000793457     
0.000683594     0.000744629     0.000793457     0.00078125     
0.000695801     0.00057373     0.000561523     0.00045166     
0.000256348     0.000195313     0.000109863     7.32422e-05     
-0.000158691     -7.32422e-05     -1.2207e-05     -2.44141e-05     
-4.88281e-05     0.000183105     0.000195313     0.000341797     
0.000305176     0.000280762     0.000317383     0.000378418     
0.000268555     0.000305176     0.000280762     0.000219727     
0.00020752     0.000134277     3.66211e-05     0.000109863     
-1.2207e-05     0     0     -3.66211e-05     
-1.2207e-05     0.000195313     8.54492e-05     0.000219727     
0.000219727     0.000280762     0.000463867     0.000524902     
0.000366211     0.000524902     0.000512695     0.000585938     
0.00045166     0.000415039     0.000622559     0.000598145     
0.000622559     0.000671387     0.000708008     0.000695801     
0.000720215     0.000744629     0.000756836     0.00078125     
0.000683594     0.00078125     0.000622559     0.000598145     
0.000439453     0.000415039     0.000341797     0.000439453     
0.000292969     0.000280762     0.000268555     0.000354004     
0.00020752     0.000341797     0.000439453     0.000439453     
0.000427246     0.000634766     0.000537109     0.000622559     
0.000598145     0.000744629     0.000769043     0.000830078     
0.000842285     0.000854492     0.000866699     0.000976563     
0.000793457     0.000891113     0.000964355     0.00102539     
0.000927734     0.000952148     0.000952148     0.00101318     
0.00090332     0.000976563     0.00098877     0.00090332     
0.000878906     0.000915527     0.000817871     0.000732422     
0.000671387     0.000561523     0.000695801     0.000708008     
0.000524902     0.000598145     0.00057373     0.000634766     
0.000488281     0.000598145     0.000671387     0.000646973     
0.000537109     0.000671387     0.000537109     0.000585938     
0.000390625     0.000390625     0.000366211     0.000402832     
0.000268555     0.000244141     0.000305176     0.000317383     
0.000170898     0.000256348     0.000341797     0.000415039     
0.000366211     0.00032959     0.000354004     0.000463867     
0.000463867     0.000512695     0.000488281     0.000610352     
0.000439453     0.00045166     0.000366211     0.000476074     
0.000219727     0.000268555     0.000341797     0.00032959     
0.000305176     0.000231934     0.000341797     0.000415039     
0.000402832     0.000512695     0.000634766     0.000720215     
0.000756836     0.00090332     0.000927734     0.00098877     
0.000976563     0.00109863     0.0010376     0.0010376     
0.000964355     0.000854492     0.000708008     0.000720215     
0.000476074     0.000500488     0.000476074     0.000537109     
0.00032959     0.000390625     0.000415039     0.00045166     
0.000390625     0.000512695     0.000476074     0.000720215     
0.000549316     0.000537109     0.000610352     0.000549316     
0.000488281     0.000476074     0.000439453     0.000512695     
0.000341797     0.000415039     0.000341797     0.000402832     
0.000219727     0.000280762     0.000390625     0.000402832     
0.000244141     0.000378418     0.000244141     0.000341797     
0.000341797     0.000305176     0.000378418     0.00045166     
0.000402832     0.000305176     0.000427246     0.000476074     
0.000268555     0.000402832     0.000402832     0.000427246     
0.000268555     0.000292969     0.000305176     0.000341797     
0.00020752     0.000231934     0.000170898     0.000195313     
0.000146484     0.00012207     0.00012207     0.000134277     
4.88281e-05     0.000109863     0.000158691     0.00032959     
0.000170898     0.000378418     0.000415039     0.000488281     
0.000439453     0.000500488     0.000646973     0.000622559     
0.000524902     0.000524902     0.000476074     0.000524902     
0.000415039     0.000317383     0.000268555     0.000268555     
0.000134277     7.32422e-05     1.2207e-05     4.88281e-05     
-4.88281e-05     -0.000109863     9.76563e-05     0.000219727     
0.000195313     0.000195313     0.000280762     0.00045166     
0.000500488     0.000537109     0.000646973     0.000695801     
0.00065918     0.000793457     0.000720215     0.00078125     
0.00065918     0.000769043     0.00065918     0.000585938     
0.000415039     0.000402832     0.000476074     0.000390625     
0.000244141     0.000305176     0.00045166     0.000415039     
0.000402832     0.000646973     0.000683594     0.000830078     
0.000842285     0.000939941     0.00112305     0.00119629     
0.0012085     0.00115967     0.00112305     0.00134277     
0.00106201     0.0010376     0.00106201     0.000964355     
0.000793457     0.00090332     0.000805664     0.000634766     
0.000524902     0.00065918     0.000598145     0.000537109     
0.000427246     0.00045166     0.000439453     0.000463867     
0.000402832     0.000317383     0.000488281     0.000500488     
0.000402832     0.000427246     0.000415039     0.000561523     
0.000402832     0.000561523     0.00057373     0.000683594     
0.000500488     0.00065918     0.000610352     0.000683594     
0.00057373     0.000634766     0.000598145     0.000610352     
0.00057373     0.000537109     0.000537109     0.000598145     
0.000415039     0.000561523     0.000610352     0.000537109     
0.00045166     0.000512695     0.000537109     0.000500488     
0.000366211     0.00045166     0.000366211     0.000415039     
0.000256348     0.000305176     0.000305176     0.000305176     
0.000231934     0.000280762     0.000305176     0.000366211     
0.000317383     0.000378418     0.000390625     0.000476074     
0.000390625     0.000402832     0.000415039     0.000463867     
0.000500488     0.000488281     0.000427246     0.000524902     
0.000415039     0.000561523     0.000634766     0.000683594     
0.000671387     0.000634766     0.00065918     0.000964355     
0.000805664     0.000793457     0.000927734     0.000939941     
0.000830078     0.000878906     0.00090332     0.000952148     
0.000817871     0.000878906     0.00090332     0.000964355     
0.000842285     0.00098877     0.000878906     0.000964355     
0.000927734     0.000952148     0.000915527     0.000964355     
0.000842285     0.000927734     0.000891113     0.000927734     
0.000854492     0.000939941     0.0010498     0.00109863     
0.00100098     0.00107422     0.00112305     0.00111084     
0.00109863     0.00112305     0.00111084     0.00107422     
0.000976563     0.000939941     0.000952148     0.000878906     
0.000744629     0.000744629     0.000646973     0.000695801     
0.000549316     0.000524902     0.000524902     0.000439453     
0.00032959     0.000439453     0.000463867     0.000512695     
0.000415039     0.000488281     0.000439453     0.000561523     
0.000524902     0.000598145     0.000646973     0.000671387     
0.000585938     0.000817871     0.000671387     0.000817871     
0.000708008     0.000744629     0.000720215     0.000817871     
0.000769043     0.000793457     0.000732422     0.000891113     
0.000683594     0.000708008     0.000927734     0.000939941     
0.000964355     0.00098877     0.0010376     0.00112305     
0.00106201     0.00115967     0.00123291     0.00117188     
0.00117188     0.00115967     0.00112305     0.00109863     
0.000952148     0.00090332     0.000854492     0.000769043     
0.00065918     0.000695801     0.000549316     0.00057373     
0.000354004     0.000402832     0.000366211     0.000463867     
0.000292969     0.000268555     0.00032959     0.000354004     
0.000292969     0.000231934     0.000317383     0.000415039     
0.000256348     0.000390625     0.000195313     0.000341797     
0.000183105     0.000244141     0.000195313     0.000195313     

