Source : transient; Time : Wed Jun 14 04:39:05 2017
B0 = 3080.000000 Gauss, mw = 9.686280 GHz
 NDI-T2 sa261 20/2 42/25 523nm/1mJ
1 5000 -1.001e-06 8.997e-06 0 0
s                        V                                                 
-6.10352e-05     6.10352e-05     0     3.66211e-05     
2.44141e-05     7.32422e-05     0.000183105     0.000219727     
0.000280762     0.000341797     0.000390625     0.000427246     
0.000390625     0.000439453     0.000366211     0.000317383     
0.000256348     0.000170898     0.00020752     0.000158691     
3.66211e-05     4.88281e-05     0     8.54492e-05     
1.2207e-05     0.000134277     0.000219727     0.000183105     
0.000244141     0.000292969     0.000292969     0.000268555     
0.000244141     0.000170898     0.000244141     9.76563e-05     
8.54492e-05     6.10352e-05     -0.000109863     -0.000109863     
-0.000158691     -0.000158691     -0.00020752     -0.000183105     
-0.000134277     -0.000146484     -4.88281e-05     -7.32422e-05     
3.66211e-05     0.000134277     0.000256348     0.000524902     
0.000524902     0.000622559     0.000732422     0.000830078     
0.000769043     0.00078125     0.000866699     0.000683594     
0.000561523     0.000390625     0.000183105     7.32422e-05     
-8.54492e-05     -0.000305176     -0.000549316     -0.000561523     
-0.000769043     -0.000878906     -0.000952148     -0.000830078     
-0.000854492     -0.00078125     -0.000708008     -0.000549316     
-0.000524902     -0.000378418     -0.000378418     -0.000280762     
-0.000231934     -0.000219727     -0.000109863     -7.32422e-05     
0     -8.54492e-05     -0.000146484     -2.44141e-05     
-7.32422e-05     -7.32422e-05     -8.54492e-05     -8.54492e-05     
-9.76563e-05     -8.54492e-05     -0.000134277     -6.10352e-05     
-2.44141e-05     -0.000109863     -0.000158691     -4.88281e-05     
-0.000146484     -6.10352e-05     -0.000219727     -7.32422e-05     
0     -7.32422e-05     0     2.44141e-05     
4.88281e-05     0.000109863     0.000219727     0.000170898     
0.00020752     0.000231934     0.000109863     0.000219727     
0.000134277     0.000134277     9.76563e-05     6.10352e-05     
4.88281e-05     0.000109863     8.54492e-05     0.000219727     
0.000158691     0.00032959     0.000354004     0.000476074     
0.000585938     0.00057373     0.000646973     0.000695801     
0.000646973     0.000537109     0.000585938     0.00045166     
0.000378418     0.000402832     0.000195313     0.00012207     
2.44141e-05     -1.2207e-05     -0.000170898     -0.000146484     
-0.00020752     -0.000183105     -0.00020752     -0.000158691     
-0.000244141     -0.000134277     -0.000109863     -2.44141e-05     
-8.54492e-05     -1.2207e-05     1.2207e-05     9.76563e-05     
2.44141e-05     6.10352e-05     8.54492e-05     4.88281e-05     
0.000146484     3.66211e-05     4.88281e-05     6.10352e-05     
-4.88281e-05     6.10352e-05     -7.32422e-05     1.2207e-05     
3.66211e-05     3.66211e-05     9.76563e-05     0.00012207     
0     6.10352e-05     1.2207e-05     0     
-7.32422e-05     -0.000146484     -0.000231934     -0.000268555     
-0.00032959     -0.000512695     -0.000512695     -0.000549316     
-0.000610352     -0.000671387     -0.000646973     -0.000561523     
-0.000708008     -0.00065918     -0.000671387     -0.00057373     
-0.00057373     -0.000500488     -0.00045166     -0.000341797     
-0.000195313     -0.00012207     -0.000134277     9.76563e-05     
0.000219727     0.000317383     0.000256348     0.000415039     
0.000378418     0.000476074     0.000378418     0.000341797     
0.000268555     0.000183105     0.000244141     0.000134277     
0.000158691     2.44141e-05     -7.32422e-05     1.2207e-05     
-7.32422e-05     -4.88281e-05     -0.000146484     -0.00020752     
-0.000256348     -0.000317383     -0.000402832     -0.000463867     
-0.000512695     -0.000524902     -0.000708008     -0.000708008     
-0.000769043     -0.000744629     -0.000842285     -0.000756836     
-0.000732422     -0.000732422     -0.000622559     -0.00045166     
-0.00045166     -0.000317383     -0.000195313     -0.000158691     
-1.2207e-05     0.000134277     0.000195313     0.000170898     
0.000170898     0.000268555     0.000292969     0.000292969     
0.000244141     0.000280762     0.00012207     0.000280762     
0.000134277     0.000158691     2.44141e-05     8.54492e-05     
0.000109863     4.88281e-05     0.00012207     0.000195313     
0.000280762     0.000256348     0.000378418     0.000390625     
0.000512695     0.000671387     0.000610352     0.000744629     
0.000720215     0.00065918     0.000744629     0.000756836     
0.000708008     0.000720215     0.000695801     0.000695801     
0.000610352     0.000524902     0.000427246     0.000390625     
0.000292969     0.000195313     0.00012207     6.10352e-05     
0.000170898     7.32422e-05     -7.32422e-05     0.000134277     
0.00020752     0.000170898     0.000244141     0.000366211     
0.00045166     0.000415039     0.000561523     0.000708008     
0.000634766     0.000793457     0.000720215     0.000793457     
0.000756836     0.000708008     0.00065918     0.000769043     
0.000671387     0.000744629     0.000720215     0.000756836     
0.00078125     0.000756836     0.00090332     0.000927734     
0.000830078     0.000878906     0.00078125     0.000756836     
0.000585938     0.000524902     0.000402832     0.000219727     
4.88281e-05     1.2207e-05     -7.32422e-05     -0.000134277     
-0.000219727     -0.00020752     -0.000195313     -9.76563e-05     
-6.10352e-05     7.32422e-05     0.000134277     0.000244141     
0.000390625     0.000476074     0.000622559     0.00065918     
0.000732422     0.000817871     0.000854492     0.000866699     
0.000720215     0.000769043     0.000744629     0.000769043     
0.000732422     0.000830078     0.000854492     0.00090332     
0.000817871     0.000878906     0.00065918     0.000720215     
0.000671387     0.000585938     0.000476074     0.000390625     
0.00032959     0.000244141     0.00012207     -3.66211e-05     
0     -0.00012207     -8.54492e-05     -6.10352e-05     
-0.000219727     -0.000170898     -0.000219727     -0.000146484     
-0.000305176     -0.00032959     -0.000244141     -0.000134277     
-0.000366211     -0.00032959     -0.000244141     -0.000415039     
-0.000354004     -0.000354004     -0.000390625     -0.000244141     
-0.00020752     -0.000170898     -0.000183105     -0.000183105     
-0.000109863     -0.000134277     -0.000183105     -1.2207e-05     
-0.000195313     -0.000158691     -0.000183105     -7.32422e-05     
-2.44141e-05     0     3.66211e-05     0.000195313     
0.000256348     0.000244141     0.000231934     0.000366211     
0.000256348     0.000256348     0.00020752     0.000219727     
0.000158691     7.32422e-05     -1.2207e-05     0     
-3.66211e-05     -0.00012207     -0.000183105     -0.000158691     
-0.000170898     -0.000183105     -0.000305176     -0.000195313     
-0.000305176     -0.000268555     -0.000146484     -0.000244141     
-0.000195313     -0.000134277     -0.000195313     -9.76563e-05     
-4.88281e-05     -1.2207e-05     1.2207e-05     0.000134277     
0.000109863     4.88281e-05     3.66211e-05     0.000146484     
0.000109863     0.00012207     0.000183105     0.00012207     
6.10352e-05     0.000158691     9.76563e-05     0.000134277     
7.32422e-05     0.000146484     0.000219727     0.000170898     
0.000195313     0.000292969     0.000268555     0.000183105     
0.000219727     0.000366211     0.000292969     0.000317383     
0.000231934     0.000231934     0.000280762     0.000354004     
0.000256348     0.000195313     0.00032959     0.000341797     
0.000268555     0.000268555     0.000183105     0.000244141     
0.000109863     0.000195313     7.32422e-05     0.00012207     
0.000134277     0.000146484     0.00012207     0.000280762     
0.000183105     0.000378418     0.000402832     0.000463867     
0.000427246     0.000427246     0.00032959     0.000463867     
0.000415039     0.000317383     0.000231934     0.000231934     
0.000244141     0.000109863     2.44141e-05     8.54492e-05     
-2.44141e-05     -6.10352e-05     -3.66211e-05     -6.10352e-05     
-7.32422e-05     -9.76563e-05     -0.000109863     -6.10352e-05     
-0.000134277     -0.000146484     -0.000195313     -4.88281e-05     
-0.000183105     -0.00012207     -0.000305176     -0.000341797     
-0.000390625     -0.000390625     -0.000524902     -0.000610352     
-0.000683594     -0.000732422     -0.000805664     -0.000927734     
-0.000817871     -0.000842285     -0.000939941     -0.000854492     
-0.000891113     -0.000891113     -0.000915527     -0.000952148     
-0.000915527     -0.000842285     -0.000805664     -0.000671387     
-0.000805664     -0.000671387     -0.000561523     -0.000427246     
-0.00032959     -0.000292969     -0.000134277     2.44141e-05     
7.32422e-05     0.000109863     0.000219727     0.000195313     
8.54492e-05     0.000231934     6.10352e-05     9.76563e-05     
0     -6.10352e-05     -0.000170898     -0.000183105     
-0.000268555     -0.000231934     -0.000341797     -0.000341797     
-0.000463867     -0.000366211     -0.000500488     -0.000366211     
-0.000500488     -0.000415039     -0.000537109     -0.00057373     
-0.000634766     -0.000769043     -0.000793457     -0.000976563     
-0.00107422     -0.00130615     -0.00152588     -0.00174561     
-0.00200195     -0.00220947     -0.00256348     -0.00281982     
-0.00319824     -0.00361328     -0.00393066     -0.00426025     
-0.00463867     -0.00500488     -0.00548096     -0.0057251     
-0.00609131     -0.00640869     -0.00687256     -0.00705566     
-0.00739746     -0.00769043     -0.00802002     -0.00831299     
-0.00842285     -0.00880127     -0.009021     -0.0092041     
-0.00950928     -0.00985107     -0.010144     -0.0102905     
-0.0106201     -0.0108398     -0.0112183     -0.0113525     
-0.0116333     -0.0119995     -0.0123169     -0.0124634     
-0.0127808     -0.0128906     -0.0131592     -0.0133301     
-0.0136108     -0.0137329     -0.0140015     -0.0141357     
-0.0142944     -0.0145386     -0.0146973     -0.0149536     
-0.0152466     -0.0155273     -0.0158325     -0.0159424     
-0.0161987     -0.0164429     -0.0167236     -0.0168213     
-0.0171387     -0.0173828     -0.0175903     -0.0177612     
-0.0179932     -0.0182251     -0.0184937     -0.0186523     
-0.019043     -0.0192261     -0.0194946     -0.0197144     
-0.0199585     -0.0202148     -0.0202393     -0.0205078     
-0.0207275     -0.020813     -0.0210815     -0.0212158     
-0.0213745     -0.0215454     -0.0217041     -0.0218262     
-0.0220825     -0.0222412     -0.0224243     -0.022644     
-0.0228271     -0.0229614     -0.0231323     -0.0231201     
-0.0233643     -0.0233765     -0.0235962     -0.0236084     
-0.0237183     -0.0238403     -0.0238892     -0.0240356     
-0.0240723     -0.0243286     -0.0244507     -0.0244995     
-0.0247192     -0.0248413     -0.0249878     -0.0250977     
-0.0252441     -0.0253418     -0.0255005     -0.0254395     
-0.0255981     -0.025708     -0.0257813     -0.0258057     
-0.026001     -0.0259521     -0.0261353     -0.0260864     
-0.0262329     -0.0262451     -0.0262939     -0.0264404     
-0.0263916     -0.0264893     -0.0266357     -0.0265503     
-0.0265747     -0.0266846     -0.0267456     -0.0266602     
-0.0268066     -0.0268677     -0.0268921     -0.0268921     
-0.0269897     -0.0270386     -0.0271851     -0.0270874     
-0.0272583     -0.0271973     -0.0273682     -0.0273926     
-0.0275024     -0.0274902     -0.0275269     -0.0275269     
-0.0275513     -0.0275269     -0.0274536     -0.027478     
-0.027417     -0.0273193     -0.027356     -0.0272339     
-0.0272827     -0.0272217     -0.0273193     -0.0272705     
-0.027356     -0.0273804     -0.0273926     -0.0272705     
-0.0273682     -0.027417     -0.0273926     -0.0273438     
-0.0274536     -0.0273193     -0.0274048     -0.0273315     
-0.0273071     -0.0273438     -0.0272461     -0.0272705     
-0.027417     -0.0273071     -0.0273804     -0.0273193     
-0.0273193     -0.0273193     -0.027417     -0.0273315     
-0.0272339     -0.0271973     -0.0271606     -0.0270752     
-0.0270874     -0.0269531     -0.0270264     -0.0268066     
-0.0268677     -0.0267456     -0.026709     -0.0265747     
-0.0264893     -0.0264404     -0.0263794     -0.0262939     
-0.0260864     -0.026062     -0.0260254     -0.0258667     
-0.0259644     -0.0258179     -0.0258667     -0.0257446     
-0.0257324     -0.0257568     -0.025769     -0.025647     
-0.0256958     -0.0255859     -0.0255127     -0.0253784     
-0.0253296     -0.0252808     -0.0251587     -0.0249756     
-0.025061     -0.0248779     -0.0246948     -0.024707     
-0.0244873     -0.0244385     -0.0243042     -0.0241943     
-0.0242065     -0.0240967     -0.0240479     -0.0241089     
-0.023999     -0.0239502     -0.0240601     -0.0239258     
-0.0239136     -0.0239136     -0.0239624     -0.0237183     
-0.0236206     -0.0234741     -0.0234009     -0.0231201     
-0.0230591     -0.0227905     -0.0227173     -0.0225708     
-0.0223511     -0.0223999     -0.0223633     -0.0222656     
-0.0222412     -0.0222656     -0.0222656     -0.0222656     
-0.02229     -0.0223145     -0.0222412     -0.0222534     
-0.0221802     -0.0220825     -0.0220215     -0.0218384     
-0.0217407     -0.0215454     -0.0214722     -0.0213013     
-0.0210693     -0.0208496     -0.0207886     -0.0205811     
-0.0203735     -0.0202515     -0.0200684     -0.0199829     
-0.0199829     -0.0197876     -0.0198364     -0.0196167     
-0.0195557     -0.0195068     -0.019458     -0.0193604     
-0.0192993     -0.0193604     -0.0192261     -0.0191406     
-0.019043     -0.0189941     -0.0189453     -0.0187134     
-0.0187378     -0.0186157     -0.0184937     -0.0182739     
-0.0182007     -0.0181519     -0.017981     -0.0178833     
-0.0177856     -0.0177368     -0.017688     -0.0175415     
-0.0175293     -0.0175049     -0.0175415     -0.0174805     
-0.017395     -0.0173584     -0.0174683     -0.0172729     
-0.0172119     -0.0171021     -0.0171265     -0.01698     
-0.0168335     -0.016748     -0.0167114     -0.0165527     
-0.0164673     -0.0164429     -0.0163574     -0.0163086     
-0.0161987     -0.0162354     -0.0162109     -0.0160889     
-0.0160522     -0.0160156     -0.0158813     -0.0157715     
-0.0157349     -0.015564     -0.0155762     -0.0154663     
-0.015271     -0.0151001     -0.0150146     -0.0148071     
-0.0148071     -0.0145996     -0.0146484     -0.0144653     
-0.0144165     -0.0143066     -0.0142578     -0.0141724     
-0.0141479     -0.0142822     -0.0142212     -0.0141968     
-0.014209     -0.0142334     -0.0143188     -0.0143188     
-0.0143066     -0.0142944     -0.0143433     -0.0143066     
-0.0142578     -0.0142334     -0.0142334     -0.0140869     
-0.0139893     -0.0139526     -0.0139526     -0.0139771     
-0.0139282     -0.0138062     -0.0139282     -0.0138794     
-0.013855     -0.0139038     -0.0138916     -0.0138184     
-0.0138794     -0.0136841     -0.0136353     -0.0135864     
-0.0134644     -0.0133423     -0.0132324     -0.0130737     
-0.012915     -0.0126709     -0.0125244     -0.0125     
-0.012439     -0.0123169     -0.0123779     -0.0123169     
-0.0124878     -0.0123657     -0.0125122     -0.0124756     
-0.0125122     -0.0125366     -0.0124634     -0.0125977     
-0.0123901     -0.012439     -0.0124146     -0.0121948     
-0.0121704     -0.0120728     -0.012085     -0.0119995     
-0.0118896     -0.0119751     -0.0119385     -0.0119385     
-0.0120483     -0.0120117     -0.0120239     -0.0120117     
-0.0120728     -0.0120361     -0.0120605     -0.0119507     
-0.0119507     -0.0118896     -0.0118164     -0.011792     
-0.0115601     -0.0116089     -0.0115234     -0.0113159     
-0.011377     -0.011438     -0.0113892     -0.0113525     
-0.0113892     -0.0114014     -0.0115234     -0.0114746     
-0.0114746     -0.0116577     -0.011792     -0.011731     
-0.011792     -0.0117554     -0.0119751     -0.0119385     
-0.0118652     -0.0119507     -0.0119995     -0.0119019     
-0.0119141     -0.0118896     -0.0117065     -0.0117798     
-0.0115723     -0.0115356     -0.0116089     -0.0115356     
-0.0115234     -0.0114746     -0.0113647     -0.0113525     
-0.0114014     -0.0113647     -0.0114624     -0.0114624     
-0.0115112     -0.0114502     -0.0114014     -0.0114624     
-0.0114868     -0.011438     -0.0114502     -0.0113892     
-0.011377     -0.0114746     -0.0113892     -0.0113647     
-0.0114014     -0.0114136     -0.0114868     -0.0115356     
-0.0115356     -0.011499     -0.0114746     -0.011499     
-0.0115723     -0.0114868     -0.0114868     -0.0115845     
-0.0115112     -0.0114624     -0.0115356     -0.0114746     
-0.0115723     -0.011499     -0.0115723     -0.0115356     
-0.0115479     -0.0115112     -0.0115356     -0.0115356     
-0.0114502     -0.0115356     -0.0115967     -0.0115112     
-0.0115723     -0.0115723     -0.0115479     -0.0114258     
-0.0114868     -0.0114868     -0.0114868     -0.0114746     
-0.011499     -0.0114014     -0.0115356     -0.011377     
-0.011377     -0.0113892     -0.011438     -0.0113281     
-0.0114014     -0.0113647     -0.0114014     -0.0113159     
-0.0113647     -0.0113281     -0.011377     -0.011377     
-0.0113892     -0.011438     -0.0114868     -0.0114014     
-0.0113525     -0.0114258     -0.0114258     -0.0113647     
-0.0113281     -0.0112305     -0.0112549     -0.0111572     
-0.0112061     -0.0111694     -0.0113525     -0.0112549     
-0.0113892     -0.0114258     -0.011377     -0.0115601     
-0.0115234     -0.0116211     -0.0115967     -0.0116943     
-0.0117554     -0.0116821     -0.0117676     -0.011792     
-0.0119385     -0.0119629     -0.0120239     -0.0120117     
-0.0119263     -0.0119019     -0.0119385     -0.0118408     
-0.011792     -0.0117432     -0.0118042     -0.0117798     
-0.0116943     -0.0117065     -0.0118408     -0.0117188     
-0.0117432     -0.0118408     -0.0118164     -0.0118774     
-0.0119629     -0.011853     -0.0119629     -0.0119385     
-0.0119385     -0.0119141     -0.0119629     -0.0119263     
-0.0119019     -0.0119141     -0.0118896     -0.0119263     
-0.0119995     -0.0118652     -0.0119263     -0.0117676     
-0.0118164     -0.0117432     -0.0117188     -0.0115845     
-0.0116577     -0.0116333     -0.0115845     -0.0116089     
-0.0114746     -0.0115601     -0.0114746     -0.0114868     
-0.0116089     -0.0114624     -0.0115845     -0.0114746     
-0.0114746     -0.011499     -0.0114502     -0.011377     
-0.0114136     -0.0113403     -0.0113403     -0.0114014     
-0.0112793     -0.011377     -0.0113892     -0.0114624     
-0.0115601     -0.0115967     -0.0116577     -0.0117676     
-0.0116455     -0.0116699     -0.0118286     -0.0115601     
-0.0114624     -0.0114502     -0.011377     -0.0111328     
-0.0110107     -0.0109253     -0.0109375     -0.0106934     
-0.0105957     -0.0106445     -0.01073     -0.0105591     
-0.0106689     -0.0107056     -0.0107666     -0.0106934     
-0.0108154     -0.0107666     -0.0108276     -0.0109009     
-0.0107788     -0.0108276     -0.0107422     -0.0106689     
-0.0107056     -0.0105713     -0.0105835     -0.0104248     
-0.0104004     -0.010376     -0.0102783     -0.0102417     
-0.0102051     -0.0100952     -0.0102295     -0.0101074     
-0.0100464     -0.0100098     -0.0101196     -0.00992432     
-0.0100708     -0.010144     -0.0102539     -0.0101196     
-0.0101318     -0.0102783     -0.0101807     -0.0102173     
-0.0102417     -0.0101318     -0.0102295     -0.0101196     
-0.0100952     -0.0100708     -0.0101196     -0.0101074     
-0.0100464     -0.0101318     -0.010144     -0.0101685     
-0.0102173     -0.0102539     -0.0102539     -0.0101318     
-0.0102539     -0.0101074     -0.0100586     -0.00983887     
-0.00974121     -0.00970459     -0.00952148     -0.00943604     
-0.0092041     -0.00913086     -0.00908203     -0.00893555     
-0.00894775     -0.00880127     -0.00878906     -0.00858154     
-0.00864258     -0.0086792     -0.00865479     -0.00858154     
-0.0086792     -0.00856934     -0.0086792     -0.00863037     
-0.00869141     -0.00875244     -0.00881348     -0.00881348     
-0.00883789     -0.00888672     -0.00880127     -0.00882568     
-0.00865479     -0.00866699     -0.00863037     -0.0083374     
-0.0083374     -0.00831299     -0.00809326     -0.00804443     
-0.00805664     -0.0079834     -0.00788574     -0.00786133     
-0.00792236     -0.00792236     -0.00789795     -0.00783691     
-0.00795898     -0.00792236     -0.00803223     -0.00804443     
-0.00793457     -0.00793457     -0.00795898     -0.00791016     
-0.00778809     -0.00789795     -0.00792236     -0.00792236     
-0.00783691     -0.00782471     -0.00794678     -0.00784912     
-0.00793457     -0.00787354     -0.00788574     -0.00799561     
-0.00793457     -0.00784912     -0.00794678     -0.00782471     
-0.00786133     -0.00780029     -0.00777588     -0.00772705     
-0.00777588     -0.0076416     -0.00765381     -0.00750732     
-0.00750732     -0.00748291     -0.00732422     -0.00726318     
-0.00737305     -0.00714111     -0.00721436     -0.00709229     
-0.00701904     -0.00689697     -0.00692139     -0.00686035     
-0.00688477     -0.0067627     -0.00665283     -0.00665283     
-0.00665283     -0.00654297     -0.00656738     -0.00650635     
-0.00654297     -0.00653076     -0.00656738     -0.00646973     
-0.00650635     -0.00651855     -0.00646973     -0.00651855     
-0.00646973     -0.006604     -0.00649414     -0.00649414     
-0.00657959     -0.00654297     -0.00655518     -0.00637207     
-0.00637207     -0.00648193     -0.00643311     -0.00629883     
-0.00631104     -0.00626221     -0.00623779     -0.00625     
-0.00615234     -0.00618896     -0.00626221     -0.00617676     
-0.00623779     -0.00623779     -0.00622559     -0.00634766     
-0.00625     -0.00620117     -0.00626221     -0.00621338     
-0.00618896     -0.00626221     -0.00623779     -0.0060791     
-0.00612793     -0.00610352     -0.00610352     -0.0059082     
-0.00588379     -0.00579834     -0.00588379     -0.00583496     
-0.00583496     -0.00570068     -0.00584717     -0.00577393     
-0.00576172     -0.0057373     -0.0057251     -0.00571289     
-0.00561523     -0.00557861     -0.00550537     -0.00545654     
-0.0053833     -0.00529785     -0.00524902     -0.00507813     
-0.00516357     -0.00511475     -0.00507813     -0.00509033     
-0.00517578     -0.00507813     -0.00516357     -0.00516357     
-0.00516357     -0.00517578     -0.00516357     -0.00517578     
-0.00522461     -0.00527344     -0.00534668     -0.00528564     
-0.00524902     -0.00545654     -0.00523682     -0.00529785     
-0.00537109     -0.00528564     -0.0053833     -0.00526123     
-0.00526123     -0.00523682     -0.00517578     -0.00517578     
-0.00522461     -0.00509033     -0.00506592     -0.0050415     
-0.00494385     -0.00480957     -0.00474854     -0.00457764     
-0.00461426     -0.00446777     -0.00447998     -0.0043457     
-0.00440674     -0.00444336     -0.00445557     -0.00455322     
-0.00446777     -0.00466309     -0.00469971     -0.00466309     
-0.00473633     -0.00478516     -0.00483398     -0.00483398     
-0.00491943     -0.00500488     -0.00498047     -0.00501709     
-0.00507813     -0.0050415     -0.0050415     -0.0050293     
-0.00509033     -0.0050293     -0.00509033     -0.00499268     
-0.00505371     -0.00501709     -0.0050415     -0.0048584     
-0.00487061     -0.00490723     -0.00487061     -0.00473633     
-0.00476074     -0.00490723     -0.00479736     -0.00476074     
-0.00488281     -0.00491943     -0.00493164     -0.00489502     
-0.00501709     -0.00498047     -0.0050293     -0.0050293     
-0.00507813     -0.00488281     -0.0050415     -0.0050293     
-0.00491943     -0.00483398     -0.00480957     -0.00478516     
-0.00466309     -0.00473633     -0.00471191     -0.00463867     
-0.00462646     -0.00460205     -0.00466309     -0.00446777     
-0.00446777     -0.00454102     -0.00454102     -0.00457764     
-0.00450439     -0.00438232     -0.00461426     -0.00449219     
-0.00458984     -0.00467529     -0.0046875     -0.00469971     
-0.00472412     -0.00471191     -0.00477295     -0.00474854     
-0.00484619     -0.00487061     -0.00479736     -0.00479736     
-0.00488281     -0.00477295     -0.00482178     -0.00484619     
-0.00493164     -0.00488281     -0.00495605     -0.00496826     
-0.0050415     -0.00499268     -0.00515137     -0.00507813     
-0.00517578     -0.00512695     -0.00515137     -0.0050415     
-0.00506592     -0.00509033     -0.00500488     -0.00490723     
-0.00493164     -0.00489502     -0.00484619     -0.00495605     
-0.00491943     -0.00501709     -0.00509033     -0.00496826     
-0.00510254     -0.00511475     -0.00515137     -0.00513916     
-0.00510254     -0.00510254     -0.00512695     -0.0050293     
-0.00498047     -0.00488281     -0.00496826     -0.0048584     
-0.00491943     -0.00484619     -0.00496826     -0.0048584     
-0.00493164     -0.00496826     -0.00499268     -0.00506592     
-0.00494385     -0.00509033     -0.00506592     -0.00494385     
-0.00501709     -0.00507813     -0.00493164     -0.00491943     
-0.00501709     -0.00493164     -0.00494385     -0.00479736     
-0.00484619     -0.00489502     -0.00488281     -0.00493164     
-0.00490723     -0.00478516     -0.0048584     -0.00479736     
-0.00484619     -0.00479736     -0.00480957     -0.0046875     
-0.00473633     -0.00479736     -0.00467529     -0.00466309     
-0.00473633     -0.00476074     -0.00476074     -0.00458984     
-0.00474854     -0.00473633     -0.00469971     -0.00465088     
-0.00473633     -0.00484619     -0.00490723     -0.00488281     
-0.00500488     -0.00505371     -0.00524902     -0.00533447     
-0.00539551     -0.00550537     -0.00565186     -0.00556641     
-0.00559082     -0.00571289     -0.00557861     -0.00561523     
-0.00551758     -0.00541992     -0.00546875     -0.0053833     
-0.00529785     -0.00524902     -0.00531006     -0.00522461     
-0.00527344     -0.00524902     -0.00527344     -0.00528564     
-0.0053833     -0.00541992     -0.00539551     -0.00540771     
-0.00551758     -0.00546875     -0.00552979     -0.00552979     
-0.00567627     -0.00557861     -0.00552979     -0.00544434     
-0.00545654     -0.00544434     -0.00532227     -0.00526123     
-0.00529785     -0.00506592     -0.00513916     -0.00501709     
-0.0050293     -0.00501709     -0.00509033     -0.00495605     
-0.00505371     -0.00510254     -0.00507813     -0.00506592     
-0.00515137     -0.00524902     -0.00524902     -0.00515137     
-0.00518799     -0.00516357     -0.00506592     -0.00509033     
-0.00495605     -0.00499268     -0.00506592     -0.00496826     
-0.00501709     -0.0050415     -0.00512695     -0.00500488     
-0.00510254     -0.00516357     -0.00523682     -0.0052124     
-0.00512695     -0.0052124     -0.00523682     -0.00506592     
-0.0050293     -0.00498047     -0.00498047     -0.00479736     
-0.00471191     -0.0046875     -0.00471191     -0.00472412     
-0.00477295     -0.00493164     -0.00498047     -0.00510254     
-0.00515137     -0.00517578     -0.00531006     -0.00531006     
-0.00543213     -0.00522461     -0.00516357     -0.00513916     
-0.00510254     -0.0048584     -0.00482178     -0.00467529     
-0.00466309     -0.00446777     -0.00444336     -0.00443115     
-0.00449219     -0.0043457     -0.00438232     -0.00437012     
-0.00437012     -0.00444336     -0.00440674     -0.00437012     
-0.0043457     -0.00432129     -0.00429688     -0.00421143     
-0.00418701     -0.00410156     -0.00401611     -0.00388184     
-0.0039917     -0.00389404     -0.00379639     -0.00378418     
-0.00383301     -0.0038208     -0.00390625     -0.00377197     
-0.00388184     -0.00386963     -0.00385742     -0.00361328     
-0.00372314     -0.00377197     -0.00358887     -0.00355225     
-0.00349121     -0.00345459     -0.00341797     -0.00334473     
-0.00338135     -0.00330811     -0.003479     -0.00338135     
-0.0034668     -0.00357666     -0.0036499     -0.00355225     
-0.00369873     -0.00372314     -0.00375977     -0.00372314     
-0.00372314     -0.0036499     -0.00368652     -0.00367432     
-0.00371094     -0.00360107     -0.00355225     -0.00360107     
-0.0034668     -0.0034668     -0.003479     -0.00335693     
-0.00349121     -0.00345459     -0.00351563     -0.00354004     
-0.00351563     -0.00351563     -0.00352783     -0.00351563     
-0.00351563     -0.00349121     -0.00361328     -0.00341797     
-0.00345459     -0.00339355     -0.0032959     -0.00317383     
-0.00311279     -0.00305176     -0.00294189     -0.00294189     
-0.00284424     -0.00281982     -0.00270996     -0.00273438     
-0.00262451     -0.0026001     -0.00253906     -0.0026123     
-0.0026123     -0.00258789     -0.00255127     -0.00272217     
-0.00274658     -0.00266113     -0.00283203     -0.00280762     
-0.00270996     -0.00273438     -0.00266113     -0.00275879     
-0.00262451     -0.00249023     -0.00258789     -0.00240479     
-0.00227051     -0.00241699     -0.00229492     -0.00224609     
-0.00238037     -0.00236816     -0.00252686     -0.00251465     
-0.0026001     -0.00263672     -0.002771     -0.002771     
-0.00283203     -0.00288086     -0.00284424     -0.00280762     
-0.00291748     -0.00290527     -0.00284424     -0.00268555     
-0.0027832     -0.00270996     -0.00270996     -0.0026001     
-0.00263672     -0.00258789     -0.00253906     -0.00255127     
-0.00245361     -0.00255127     -0.00253906     -0.00247803     
-0.00255127     -0.00249023     -0.0026123     -0.00255127     
-0.00267334     -0.00275879     -0.00289307     -0.00284424     
-0.00296631     -0.00292969     -0.00302734     -0.0029541     
-0.00296631     -0.00300293     -0.00301514     -0.00280762     
-0.00294189     -0.00290527     -0.00288086     -0.00290527     
-0.00283203     -0.00286865     -0.00301514     -0.00286865     
-0.00288086     -0.00289307     -0.00285645     -0.00279541     
-0.00273438     -0.0026001     -0.00270996     -0.00256348     
-0.0024292     -0.00235596     -0.00233154     -0.00218506     
-0.00216064     -0.00205078     -0.00206299     -0.00197754     
-0.0019165     -0.0017334     -0.00168457     -0.0017334     
-0.00168457     -0.0017334     -0.00175781     -0.00192871     
-0.0019165     -0.00189209     -0.0020874     -0.00216064     
-0.00228271     -0.00228271     -0.00239258     -0.00238037     
-0.00235596     -0.00223389     -0.00228271     -0.0020874     
-0.00200195     -0.00196533     -0.00192871     -0.00187988     
-0.00183105     -0.00184326     -0.00184326     -0.00189209     
-0.00192871     -0.00211182     -0.00216064     -0.00228271     
-0.00240479     -0.00247803     -0.00252686     -0.00262451     
-0.00268555     -0.00272217     -0.00274658     -0.00269775     
-0.00274658     -0.00270996     -0.00272217     -0.00256348     
-0.00263672     -0.00258789     -0.00250244     -0.00236816     
-0.00246582     -0.00233154     -0.00228271     -0.00216064     
-0.00217285     -0.00220947     -0.00216064     -0.00214844     
-0.00216064     -0.00228271     -0.00230713     -0.00231934     
-0.00239258     -0.00250244     -0.00252686     -0.00252686     
-0.00258789     -0.00263672     -0.00266113     -0.00257568     
-0.0026001     -0.00255127     -0.00246582     -0.00238037     
-0.00241699     -0.00234375     -0.00235596     -0.00227051     
-0.0022583     -0.00224609     -0.00234375     -0.00240479     
-0.00229492     -0.00245361     -0.00255127     -0.00247803     
-0.0026123     -0.00272217     -0.00268555     -0.0026123     
-0.00267334     -0.00269775     -0.00267334     -0.00256348     
-0.00252686     -0.0026123     -0.00266113     -0.00258789     
-0.00269775     -0.00273438     -0.00281982     -0.00279541     
-0.00296631     -0.00301514     -0.00313721     -0.00307617     
-0.00308838     -0.00319824     -0.00303955     -0.00302734     
-0.00292969     -0.00285645     -0.0029541     -0.00270996     
-0.002771     -0.0026001     -0.00264893     -0.0026123     
-0.00257568     -0.00257568     -0.00267334     -0.00257568     
-0.0026123     -0.00266113     -0.0026001     -0.0026001     
-0.00270996     -0.00263672     -0.00264893     -0.00263672     
-0.002771     -0.00274658     -0.00274658     -0.00285645     
-0.00291748     -0.00294189     -0.00305176     -0.00311279     
-0.00316162     -0.00313721     -0.00321045     -0.00327148     
-0.00338135     -0.0032959     -0.00336914     -0.0032959     
-0.00336914     -0.00339355     -0.00340576     -0.00317383     
-0.00340576     -0.00330811     -0.00328369     -0.00313721     
-0.00302734     -0.0029541     -0.00279541     -0.00269775     
-0.00256348     -0.00249023     -0.00240479     -0.00235596     
-0.00236816     -0.00233154     -0.00239258     -0.00234375     
-0.00250244     -0.00256348     -0.00272217     -0.00267334     
-0.00284424     -0.00280762     -0.00296631     -0.00292969     
-0.00297852     -0.00291748     -0.00303955     -0.00297852     
-0.0029541     -0.00302734     -0.00300293     -0.00297852     
-0.00288086     -0.00299072     -0.00310059     -0.00297852     
-0.00308838     -0.00311279     -0.00316162     -0.00310059     
-0.003125     -0.00323486     -0.00327148     -0.00328369     
-0.00314941     -0.00323486     -0.00332031     -0.00318604     
-0.00328369     -0.003125     -0.00325928     -0.00317383     
-0.00314941     -0.003125     -0.00322266     -0.00317383     
-0.00310059     -0.00316162     -0.00308838     -0.00314941     
-0.00301514     -0.00292969     -0.00291748     -0.00269775     
-0.00273438     -0.0026123     -0.0026001     -0.00255127     
-0.00256348     -0.00251465     -0.00249023     -0.00241699     
-0.00246582     -0.00250244     -0.00251465     -0.00250244     
-0.00245361     -0.00247803     -0.0026001     -0.00253906     
-0.00258789     -0.00274658     -0.00263672     -0.00273438     
-0.00273438     -0.00269775     -0.00279541     -0.00284424     
-0.00285645     -0.00284424     -0.00297852     -0.00291748     
-0.00294189     -0.00285645     -0.00285645     -0.00290527     
-0.00284424     -0.00281982     -0.00292969     -0.00267334     
-0.00269775     -0.0026123     -0.00249023     -0.00250244     
-0.00249023     -0.0026001     -0.00253906     -0.00252686     
-0.00255127     -0.0026001     -0.00257568     -0.00251465     
-0.00264893     -0.00252686     -0.00262451     -0.00253906     
-0.00255127     -0.00262451     -0.00258789     -0.00266113     
-0.00273438     -0.00270996     -0.00284424     -0.00279541     
-0.00279541     -0.00288086     -0.00290527     -0.00288086     
-0.00292969     -0.00290527     -0.00275879     -0.002771     
-0.00255127     -0.00249023     -0.0026001     -0.00241699     
-0.00233154     -0.00234375     -0.00228271     -0.00217285     
-0.00220947     -0.00224609     -0.00228271     -0.00218506     
-0.00217285     -0.0022583     -0.00231934     -0.00230713     
-0.00235596     -0.00235596     -0.00244141     -0.00241699     
-0.00255127     -0.00251465     -0.00256348     -0.00258789     
-0.00256348     -0.00257568     -0.00249023     -0.00250244     
-0.00241699     -0.00235596     -0.00245361     -0.00239258     
-0.00231934     -0.00228271     -0.00228271     -0.00231934     
-0.00224609     -0.00218506     -0.00227051     -0.00219727     
-0.00217285     -0.00217285     -0.00206299     -0.00198975     
-0.00206299     -0.00187988     -0.00187988     -0.00194092     
-0.00175781     -0.00163574     -0.00167236     -0.00166016     
-0.0015625     -0.00151367     -0.00168457     -0.00152588     
-0.00158691     -0.00161133     -0.00172119     -0.0017334     
-0.00186768     -0.00184326     -0.00194092     -0.00197754     
-0.0020874     -0.00201416     -0.00197754     -0.00187988     
-0.00203857     -0.00202637     -0.00195313     -0.0019165     
-0.00200195     -0.00200195     -0.00186768     -0.00198975     
-0.00195313     -0.0020752     -0.00211182     -0.00203857     
-0.00213623     -0.00202637     -0.00205078     -0.0019165     
-0.00179443     -0.00180664     -0.00185547     -0.00162354     
-0.00166016     -0.00148926     -0.0015625     -0.0013916     
-0.00135498     -0.00137939     -0.00135498     -0.00136719     
-0.00133057     -0.00134277     -0.00142822     -0.00145264     
-0.00141602     -0.00155029     -0.00157471     -0.00147705     
-0.00168457     -0.00164795     -0.00168457     -0.00158691     
-0.00161133     -0.00172119     -0.00175781     -0.00175781     
-0.00161133     -0.00164795     -0.00157471     -0.00153809     
-0.00148926     -0.00134277     -0.00140381     -0.00126953     
-0.00108643     -0.00106201     -0.00098877     -0.000964355     
-0.000915527     -0.000964355     -0.000939941     -0.0010376     
-0.00102539     -0.00117188     -0.00131836     -0.00130615     
-0.00152588     -0.00162354     -0.00164795     -0.00183105     
-0.00187988     -0.00187988     -0.00201416     -0.00203857     
-0.00205078     -0.00214844     -0.00211182     -0.00216064     
-0.00213623     -0.00200195     -0.00203857     -0.00200195     
-0.00198975     -0.00192871     -0.00180664     -0.00183105     
-0.0017334     -0.00155029     -0.00153809     -0.00150146     
-0.00140381     -0.00140381     -0.0013916     -0.00133057     
-0.00133057     -0.00125732     -0.00123291     -0.00117188     
-0.00123291     -0.00124512     -0.00118408     -0.00108643     
-0.00108643     -0.00115967     -0.00112305     -0.00102539     
-0.00123291     -0.00124512     -0.00124512     -0.0013916     
-0.00135498     -0.00151367     -0.00158691     -0.00146484     
-0.00158691     -0.00167236     -0.00166016     -0.00164795     
-0.00164795     -0.00175781     -0.00175781     -0.00157471     
-0.00172119     -0.00174561     -0.00172119     -0.00169678     
-0.00166016     -0.00166016     -0.00157471     -0.00145264     
-0.0015625     -0.00152588     -0.00159912     -0.00159912     
-0.00152588     -0.00155029     -0.00175781     -0.00163574     
-0.00168457     -0.00178223     -0.00180664     -0.00184326     
-0.0019043     -0.00185547     -0.00189209     -0.00177002     
-0.00169678     -0.00162354     -0.0015625     -0.00146484     
-0.00129395     -0.0012207     -0.00117188     -0.00113525     
-0.00112305     -0.00119629     -0.00119629     -0.00129395     
-0.00136719     -0.00141602     -0.00152588     -0.00170898     
-0.0017334     -0.00178223     -0.0019043     -0.00184326     
-0.00198975     -0.00189209     -0.00194092     -0.00195313     
-0.00187988     -0.00184326     -0.0019165     -0.00175781     
-0.00170898     -0.00172119     -0.00161133     -0.00161133     
-0.00170898     -0.00168457     -0.00180664     -0.00179443     
-0.00179443     -0.00186768     -0.00195313     -0.00201416     
-0.00212402     -0.00200195     -0.00219727     -0.00216064     
-0.00214844     -0.0020874     -0.00202637     -0.00203857     
-0.00192871     -0.0019165     -0.00187988     -0.00186768     
-0.00187988     -0.00183105     -0.00180664     -0.00167236     
-0.00187988     -0.00180664     -0.00178223     -0.00175781     
-0.00179443     -0.00185547     -0.00175781     -0.0017334     
-0.00167236     -0.00164795     -0.00168457     -0.0015625     
-0.00169678     -0.00158691     -0.00150146     -0.00159912     
-0.00158691     -0.00161133     -0.0017334     -0.00169678     
-0.00174561     -0.00180664     -0.00186768     -0.0019165     
-0.00206299     -0.0020752     -0.00216064     -0.00216064     
-0.00220947     -0.00214844     -0.00216064     -0.00216064     
-0.00203857     -0.00203857     -0.00203857     -0.00185547     
-0.00187988     -0.00184326     -0.00179443     -0.00170898     
-0.00177002     -0.00169678     -0.00172119     -0.00166016     
-0.00167236     -0.00167236     -0.0017334     -0.00169678     
-0.00177002     -0.00164795     -0.00172119     -0.00170898     
-0.00164795     -0.00167236     -0.00175781     -0.00166016     
-0.00167236     -0.00169678     -0.00161133     -0.00162354     
-0.00157471     -0.0015625     -0.00162354     -0.00158691     
-0.00170898     -0.00174561     -0.00180664     -0.0019043     
-0.00192871     -0.0019043     -0.00211182     -0.0020752     
-0.00224609     -0.00231934     -0.00234375     -0.00240479     
-0.00247803     -0.00238037     -0.00244141     -0.00244141     
-0.00244141     -0.00249023     -0.00241699     -0.00240479     
-0.00240479     -0.00236816     -0.00229492     -0.00227051     
-0.00218506     -0.00212402     -0.00219727     -0.00205078     
-0.00198975     -0.00192871     -0.0019165     -0.00189209     
-0.00189209     -0.00186768     -0.00198975     -0.00198975     
-0.00205078     -0.00196533     -0.00189209     -0.00187988     
-0.00186768     -0.00184326     -0.00172119     -0.00183105     
-0.00161133     -0.00161133     -0.00166016     -0.00153809     
-0.00169678     -0.00170898     -0.00174561     -0.0017334     
-0.0017334     -0.00187988     -0.00187988     -0.00172119     
-0.00183105     -0.00181885     -0.00184326     -0.00180664     
-0.00177002     -0.00186768     -0.00180664     -0.00166016     
-0.00174561     -0.00170898     -0.0017334     -0.00167236     
-0.00158691     -0.00144043     -0.00145264     -0.00129395     
-0.00125732     -0.0012207     -0.00108643     -0.0010498     
-0.00098877     -0.000952148     -0.00101318     -0.000964355     
-0.000964355     -0.00106201     -0.00114746     -0.00114746     
-0.0012207     -0.00125732     -0.00134277     -0.00124512     
-0.00133057     -0.00134277     -0.00148926     -0.00135498     
-0.00131836     -0.00135498     -0.00133057     -0.00130615     
-0.00129395     -0.00144043     -0.0013916     -0.00126953     
-0.00140381     -0.00126953     -0.00126953     -0.00126953     
-0.00125732     -0.0012085     -0.00129395     -0.00123291     
-0.0012207     -0.00123291     -0.00135498     -0.00141602     
-0.00155029     -0.00155029     -0.00177002     -0.00180664     
-0.00181885     -0.00189209     -0.0019043     -0.00189209     
-0.00211182     -0.00194092     -0.00203857     -0.0020752     
-0.00214844     -0.00211182     -0.00202637     -0.00214844     
-0.00220947     -0.00211182     -0.00214844     -0.00213623     
-0.00213623     -0.00213623     -0.00209961     -0.00189209     
-0.00198975     -0.00194092     -0.00196533     -0.00179443     
-0.00181885     -0.00185547     -0.0017334     -0.00167236     
-0.00155029     -0.00161133     -0.00153809     -0.00146484     
-0.00140381     -0.0012085     -0.00130615     -0.00125732     
-0.0012085     -0.00123291     -0.00131836     -0.00128174     
-0.00128174     -0.00129395     -0.00142822     -0.00140381     
-0.00144043     -0.00146484     -0.00133057     -0.00140381     
-0.00135498     -0.00128174     -0.00125732     -0.0012207     
-0.00114746     -0.00126953     -0.00125732     -0.00115967     
-0.00130615     -0.00134277     -0.00141602     -0.00147705     
-0.00157471     -0.00169678     -0.0019043     -0.00185547     
-0.00187988     -0.00194092     -0.00203857     -0.00201416     
-0.0020874     -0.00201416     -0.00212402     -0.00205078     
-0.00203857     -0.0019165     -0.0019043     -0.00179443     
-0.00163574     -0.00169678     -0.00158691     -0.00148926     
-0.00141602     -0.00135498     -0.0013916     -0.00118408     
-0.00129395     -0.00125732     -0.00123291     -0.00141602     
-0.00131836     -0.00135498     -0.00136719     -0.00134277     
-0.00142822     -0.00142822     -0.00152588     -0.0015625     
-0.00158691     -0.00159912     -0.00174561     -0.00167236     
-0.00170898     -0.00177002     -0.00172119     -0.00163574     
-0.00162354     -0.00147705     -0.00162354     -0.00153809     
-0.00151367     -0.00128174     -0.00131836     -0.00125732     
-0.00126953     -0.00123291     -0.00124512     -0.0012207     
-0.00133057     -0.0012085     -0.00134277     -0.00131836     
-0.00136719     -0.00129395     -0.00135498     -0.00126953     
-0.00123291     -0.00126953     -0.00114746     -0.00108643     
-0.000927734     -0.00098877     -0.000891113     -0.000817871     
-0.000769043     -0.000634766     -0.00065918     -0.000671387     
-0.000622559     -0.000683594     -0.000732422     -0.000610352     
-0.000683594     -0.000854492     -0.000976563     -0.000952148     
-0.00106201     -0.00117188     -0.00133057     -0.00131836     
-0.0013916     -0.00140381     -0.00146484     -0.00152588     
-0.00147705     -0.00140381     -0.00144043     -0.00128174     
-0.00131836     -0.00131836     -0.00124512     -0.00115967     
-0.0010498     -0.00106201     -0.00100098     -0.000915527     
-0.00078125     -0.000756836     -0.00078125     -0.000646973     
-0.000561523     -0.00032959     -0.000500488     -0.000390625     
-0.000366211     -0.000366211     -0.000390625     -0.000366211     
-0.000488281     -0.000646973     -0.000622559     -0.000708008     
-0.000793457     -0.000866699     -0.00098877     -0.00101318     
-0.00115967     -0.00119629     -0.00119629     -0.00118408     
-0.00126953     -0.00119629     -0.00125732     -0.00118408     
-0.00119629     -0.0012085     -0.0012085     -0.00113525     
-0.00109863     -0.00117188     -0.0012085     -0.00123291     
-0.00126953     -0.00131836     -0.00126953     -0.00134277     
-0.00147705     -0.00144043     -0.00151367     -0.00145264     
-0.00145264     -0.00142822     -0.00145264     -0.00133057     
-0.00134277     -0.00128174     -0.00114746     -0.0012207     
-0.00125732     -0.00112305     -0.00124512     -0.00114746     
-0.0012207     -0.0012085     -0.00124512     -0.00135498     
-0.00131836     -0.00130615     -0.00133057     -0.00144043     
-0.00141602     -0.00152588     -0.00150146     -0.00134277     
-0.00158691     -0.00148926     -0.00146484     -0.00141602     
-0.00146484     -0.00152588     -0.00144043     -0.00140381     
-0.00142822     -0.00134277     -0.00136719     -0.00130615     
-0.00128174     -0.00123291     -0.00128174     -0.00124512     
-0.00124512     -0.00118408     -0.00124512     -0.00126953     
-0.00101318     -0.00113525     -0.00112305     -0.000830078     
-0.000830078     -0.000891113     -0.000842285     -0.000708008     
-0.000646973     -0.000585938     -0.00065918     -0.000610352     
-0.000646973     -0.000769043     -0.000842285     -0.000878906     
-0.000976563     -0.0010376     -0.0012207     -0.0012207     
-0.00125732     -0.00128174     -0.00131836     -0.00136719     
-0.00129395     -0.00134277     -0.00130615     -0.00124512     
-0.00115967     -0.00106201     -0.00106201     -0.000964355     
-0.000878906     -0.000830078     -0.000915527     -0.00090332     
-0.000891113     -0.000939941     -0.00106201     -0.00106201     
-0.0010376     -0.00111084     -0.0012085     -0.00115967     
-0.00113525     -0.00113525     -0.00112305     -0.00108643     
-0.00101318     -0.00114746     -0.000915527     -0.00100098     
-0.000976563     -0.000805664     -0.000866699     -0.000878906     
-0.000866699     -0.000915527     -0.000952148     -0.0010376     
-0.00106201     -0.0010376     -0.00108643     -0.00113525     
-0.0012085     -0.00129395     -0.00128174     -0.00125732     
-0.00118408     -0.0012085     -0.0010376     -0.00102539     
-0.00098877     -0.00101318     -0.000939941     -0.00098877     
-0.000891113     -0.000854492     -0.000854492     -0.000878906     
-0.000854492     -0.000830078     -0.000939941     -0.00090332     
-0.000878906     -0.000952148     -0.000976563     -0.000891113     
-0.0010498     -0.00102539     -0.00114746     -0.00113525     
-0.00107422     -0.00109863     -0.0012085     -0.00108643     
-0.0010376     -0.000976563     -0.00090332     -0.00090332     
-0.000756836     -0.000646973     -0.000708008     -0.000610352     
-0.000683594     -0.00078125     -0.000842285     -0.000805664     
-0.000842285     -0.000952148     -0.000964355     -0.000830078     
-0.00090332     -0.000915527     -0.000927734     -0.000793457     
-0.000769043     -0.000646973     -0.000585938     -0.000463867     
-0.000415039     -0.000354004     -0.000366211     -0.000244141     
-0.00020752     -0.000231934     -0.000244141     -0.000280762     
-0.000317383     -0.000317383     -0.000415039     -0.000463867     
-0.000500488     -0.000683594     -0.000744629     -0.000817871     
-0.000964355     -0.00100098     -0.00112305     -0.00111084     
-0.00114746     -0.00126953     -0.00135498     -0.00140381     
-0.00141602     -0.00152588     -0.00161133     -0.00153809     
-0.00162354     -0.00163574     -0.0015625     -0.00167236     
-0.00168457     -0.00157471     -0.00161133     -0.00163574     
-0.00162354     -0.00150146     -0.00155029     -0.00140381     
-0.00137939     -0.00125732     -0.0012085     -0.00117188     
-0.00106201     -0.000939941     -0.000952148     -0.000817871     
-0.000744629     -0.000671387     -0.000805664     -0.000585938     
-0.000695801     -0.000708008     -0.000744629     -0.000769043     
-0.000805664     -0.000915527     -0.00098877     -0.00114746     
-0.00131836     -0.00140381     -0.00151367     -0.00168457     
-0.00187988     -0.00202637     -0.00213623     -0.00209961     
-0.00219727     -0.00216064     -0.00212402     -0.0020874     
-0.00205078     -0.00196533     -0.00198975     -0.00186768     
-0.00175781     -0.00174561     -0.00170898     -0.00169678     
-0.00158691     -0.00161133     -0.00166016     -0.00147705     
-0.00162354     -0.0015625     -0.00157471     -0.00145264     
-0.00142822     -0.00146484     -0.00150146     -0.00146484     
-0.00146484     -0.00142822     -0.00142822     -0.00140381     
-0.00136719     -0.00124512     -0.00140381     -0.00123291     
-0.00107422     -0.00109863     -0.00112305     -0.0010376     
-0.00100098     -0.00098877     -0.000976563     -0.00100098     
-0.00106201     -0.0010498     -0.00118408     -0.00119629     
-0.00123291     -0.00128174     -0.00136719     -0.00136719     
-0.00145264     -0.00137939     -0.00141602     -0.00136719     
-0.00135498     -0.00134277     -0.00123291     -0.0012085     
-0.00123291     -0.00118408     -0.00106201     -0.000976563     
-0.000915527     -0.00090332     -0.00078125     -0.000646973     
-0.000793457     -0.000549316     -0.000500488     -0.000549316     
-0.000524902     -0.000512695     -0.000585938     -0.000549316     
-0.000683594     -0.000646973     -0.000683594     -0.000830078     
-0.000817871     -0.000817871     -0.000952148     -0.000878906     
-0.00101318     -0.000976563     -0.00101318     -0.000964355     
-0.00098877     -0.000927734     -0.000878906     -0.000939941     
-0.000842285     -0.000878906     -0.00078125     -0.000610352     
-0.000708008     -0.000646973     -0.000695801     -0.000561523     
-0.000561523     -0.000549316     -0.000598145     -0.000598145     
-0.000646973     -0.000561523     -0.000720215     -0.000683594     
-0.000744629     -0.000927734     -0.000915527     -0.000964355     
-0.00112305     -0.00119629     -0.0012207     -0.0012085     
-0.00123291     -0.00119629     -0.00125732     -0.0010376     
-0.00106201     -0.0010376     -0.000976563     -0.000891113     
-0.000976563     -0.00090332     -0.00100098     -0.00100098     
-0.000952148     -0.00102539     -0.00112305     -0.00107422     
-0.00115967     -0.00111084     -0.00113525     -0.00102539     
-0.0010376     -0.00098877     -0.000952148     -0.00090332     
-0.000769043     -0.000830078     -0.000756836     -0.00078125     
-0.000683594     -0.000744629     -0.000708008     -0.000622559     
-0.000634766     -0.000622559     -0.000598145     -0.000549316     
-0.000598145     -0.000561523     -0.000732422     -0.000695801     
-0.000732422     -0.00078125     -0.000964355     -0.000927734     
-0.0010376     -0.00108643     -0.00114746     -0.00123291     
-0.00123291     -0.00123291     -0.00118408     -0.00126953     
-0.0012207     -0.0010498     -0.00101318     -0.0010498     
-0.00090332     -0.000805664     -0.000708008     -0.000622559     
-0.000634766     -0.000598145     -0.000561523     -0.000561523     
-0.00057373     -0.000598145     -0.000708008     -0.000708008     
-0.000793457     -0.000939941     -0.000842285     -0.000830078     
-0.000854492     -0.000915527     -0.000866699     -0.00098877     
-0.000976563     -0.00098877     -0.000915527     -0.000939941     
-0.000964355     -0.000830078     -0.000891113     -0.000769043     
-0.000793457     -0.000744629     -0.000720215     -0.000646973     
-0.000671387     -0.000646973     -0.000683594     -0.000720215     
-0.00065918     -0.000683594     -0.000720215     -0.000744629     
-0.00078125     -0.000915527     -0.000952148     -0.000927734     
-0.000915527     -0.00106201     -0.00107422     -0.0010498     
-0.00113525     -0.00117188     -0.00124512     -0.00109863     
-0.00115967     -0.00108643     -0.00108643     -0.000964355     
-0.000866699     -0.000927734     -0.00090332     -0.000769043     
-0.000732422     -0.000622559     -0.000756836     -0.000549316     
-0.000549316     -0.00045166     -0.000439453     -0.000512695     
-0.000390625     -0.000463867     -0.000512695     -0.000500488     
-0.00057373     -0.000646973     -0.000622559     -0.000610352     
-0.000842285     -0.000769043     -0.000756836     -0.000769043     
-0.000830078     -0.000744629     -0.00090332     -0.000683594     
-0.000708008     -0.00078125     -0.000866699     -0.000878906     
-0.000805664     -0.000866699     -0.0010376     -0.00101318     
-0.00098877     -0.00113525     -0.00106201     -0.0010498     
-0.00119629     -0.00101318     -0.00102539     -0.00098877     
-0.00098877     -0.00107422     -0.00098877     -0.000915527     
-0.000952148     -0.000964355     -0.000927734     -0.00098877     
-0.00090332     -0.000939941     -0.000939941     -0.000683594     
-0.000854492     -0.000842285     -0.000744629     -0.000610352     
-0.000683594     -0.000756836     -0.000695801     -0.000769043     
-0.000671387     -0.000915527     -0.000854492     -0.000878906     
-0.0010376     -0.0010376     -0.00117188     -0.00123291     
-0.00111084     -0.00126953     -0.00123291     -0.00118408     
-0.00123291     -0.00128174     -0.00128174     -0.00125732     
-0.00117188     -0.00107422     -0.0010376     -0.00100098     
-0.000927734     -0.000952148     -0.000842285     -0.000866699     
-0.000756836     -0.000708008     -0.000646973     -0.000524902     
-0.000683594     -0.000585938     -0.000622559     -0.000708008     
-0.00065918     -0.000646973     -0.000769043     -0.000744629     
-0.000769043     -0.000927734     -0.000964355     -0.000964355     
-0.000952148     -0.000964355     -0.00106201     -0.000976563     
-0.00107422     -0.00107422     -0.00107422     -0.00106201     
-0.00109863     -0.0010376     -0.000915527     -0.000976563     
-0.000891113     -0.000854492     -0.000793457     -0.000720215     
-0.000683594     -0.000585938     -0.000585938     -0.000671387     
-0.000634766     -0.000585938     -0.000805664     -0.000830078     
-0.000952148     -0.000915527     -0.00106201     -0.0010498     
-0.00114746     -0.00115967     -0.00126953     -0.00123291     
-0.00123291     -0.00119629     -0.0010498     -0.0010376     
-0.000964355     -0.000805664     -0.000854492     -0.000805664     
-0.000720215     -0.000683594     -0.000622559     -0.000512695     
-0.000561523     -0.000683594     -0.00057373     -0.000610352     
-0.000646973     -0.000634766     -0.000744629     -0.000646973     
-0.000891113     -0.000866699     -0.000939941     -0.00098877     
-0.000976563     -0.00098877     -0.00102539     -0.00113525     
-0.0010498     -0.00106201     -0.00108643     -0.000939941     
-0.000964355     -0.000939941     -0.0010376     -0.000964355     
-0.000854492     -0.000927734     -0.0010376     -0.000891113     
-0.00098877     -0.000891113     -0.000915527     -0.000805664     
-0.00078125     -0.000732422     -0.000720215     -0.000634766     
-0.00057373     -0.00057373     -0.000561523     -0.000537109     
-0.000415039     -0.000524902     -0.000585938     -0.000488281     
-0.000561523     -0.00065918     -0.000646973     -0.000622559     
-0.000695801     -0.000720215     -0.000732422     -0.000683594     
-0.000622559     -0.000683594     -0.00065918     -0.000524902     
-0.000634766     -0.000439453     -0.000646973     -0.000488281     
-0.000439453     -0.000463867     -0.000390625     -0.000415039     
-0.000378418     -0.00045166     -0.000354004     -0.000463867     
-0.000402832     -0.00032959     -0.000427246     -0.000354004     
-0.000500488     -0.000476074     -0.000402832     -0.000488281     
-0.000488281     -0.000415039     -0.000439453     -0.000341797     
-0.000354004     -0.000158691     -0.000219727     -0.000134277     
-8.54492e-05     -4.88281e-05     -7.32422e-05     -2.44141e-05     
-6.10352e-05     -0.000219727     -0.000219727     -0.000268555     
-0.000476074     -0.000512695     -0.000585938     -0.000622559     
-0.000842285     -0.00090332     -0.00101318     -0.00109863     
-0.0012085     -0.00123291     -0.00123291     -0.00124512     
-0.00137939     -0.00131836     -0.00125732     -0.00124512     
-0.00125732     -0.00101318     -0.000927734     -0.000866699     
-0.000817871     -0.000769043     -0.000695801     -0.000732422     
-0.000549316     -0.000561523     -0.000598145     -0.000500488     
-0.000598145     -0.00057373     -0.000708008     -0.00065918     
-0.000634766     -0.000622559     -0.000732422     -0.00065918     
-0.00065918     -0.000610352     -0.000610352     -0.000598145     
-0.000549316     -0.000524902     -0.000512695     -0.000415039     
-0.000439453     -0.000427246     -0.000427246     -0.000488281     
-0.00032959     -0.000427246     -0.000500488     -0.000378418     
-0.000402832     -0.000488281     -0.000585938     -0.000646973     
-0.000646973     -0.000683594     -0.000769043     -0.000671387     
-0.000683594     -0.000756836     -0.000891113     -0.00078125     
-0.000952148     -0.000817871     -0.000952148     -0.000866699     
-0.000842285     -0.00078125     -0.000915527     -0.000891113     
-0.000793457     -0.000952148     -0.000915527     -0.000952148     
-0.000939941     -0.000939941     -0.000964355     -0.00098877     
-0.00106201     -0.000952148     -0.0010498     -0.00108643     
-0.00107422     -0.000952148     -0.00115967     -0.00108643     
-0.00107422     -0.0010376     -0.0010376     -0.000939941     
-0.000976563     -0.000939941     -0.000939941     -0.000866699     
-0.000805664     -0.000878906     -0.00078125     -0.00078125     
-0.000830078     -0.000769043     -0.000756836     -0.000756836     
-0.000732422     -0.000708008     -0.000683594     -0.000683594     
-0.000708008     -0.000500488     -0.000512695     -0.000549316     
-0.000500488     -0.000402832     -0.000463867     -0.000402832     
-0.00045166     -0.000427246     -0.000500488     -0.000427246     
-0.000524902     -0.000561523     -0.000537109     -0.000488281     
-0.000512695     -0.000622559     -0.000646973     -0.000463867     
-0.000549316     -0.000646973     -0.000634766     -0.000427246     
-0.000390625     -0.000476074     -0.000390625     -0.000366211     
-0.000341797     -0.000280762     -0.000268555     -0.00020752     
-0.000231934     -0.000317383     -0.000427246     -0.000524902     
-0.000646973     -0.000695801     -0.000817871     -0.00098877     
-0.000964355     -0.00102539     -0.00114746     -0.00106201     
-0.00109863     -0.0010498     -0.00101318     -0.000878906     
-0.000878906     -0.000793457     -0.000732422     -0.000683594     
-0.000585938     -0.000439453     -0.000488281     -0.000341797     
-0.000305176     -8.54492e-05     -0.000183105     -6.10352e-05     
-4.88281e-05     -3.66211e-05     -6.10352e-05     -1.2207e-05     
-0.00012207     -0.000195313     -0.000195313     -0.000292969     
-0.000292969     -0.000390625     -0.000415039     -0.000378418     
-0.000354004     -0.000366211     -0.00032959     -0.000195313     
-0.000134277     -0.000219727     -8.54492e-05     4.88281e-05     
2.44141e-05     6.10352e-05     6.10352e-05     0.000146484     
9.76563e-05     0.000268555     0.00020752     0.000183105     
0.000231934     0.00012207     7.32422e-05     0.000134277     
2.44141e-05     2.44141e-05     -4.88281e-05     -0.000109863     
-9.76563e-05     -0.000158691     -0.000183105     -0.000195313     
-0.000280762     -0.000231934     -0.000280762     -0.000317383     
-0.000341797     -0.000280762     -0.000476074     -0.000402832     
-0.000439453     -0.000476074     -0.000488281     -0.000427246     
-0.000463867     -0.000500488     -0.000476074     -0.000427246     
-0.000402832     -0.000463867     -0.000341797     -0.000280762     
-0.000354004     -0.000280762     -0.000390625     -0.000305176     
-0.000305176     -0.000341797     -0.000268555     -0.000183105     
-0.000292969     -0.000280762     -0.000219727     -0.000268555     
-0.000268555     -0.000256348     -0.000280762     -0.000292969     
-0.000402832     -0.000415039     -0.000415039     -0.000463867     
-0.000402832     -0.000549316     -0.000537109     -0.000488281     
-0.000622559     -0.000561523     -0.000524902     -0.000476074     
-0.000500488     -0.000476074     -0.000512695     -0.000488281     
-0.000427246     -0.000512695     -0.000561523     -0.000610352     
-0.000695801     -0.000622559     -0.000769043     -0.000756836     
-0.000769043     -0.000842285     -0.000915527     -0.000891113     
-0.000866699     -0.000866699     -0.00078125     -0.000793457     
-0.000769043     -0.000634766     -0.000732422     -0.000683594     
-0.000598145     -0.000610352     -0.000561523     -0.000622559     
-0.000561523     -0.000439453     -0.000488281     -0.000402832     
-0.000415039     -0.00032959     -0.000280762     -0.000268555     
-0.000195313     -0.000170898     -0.000317383     -0.000146484     
-0.00012207     -0.000231934     -9.76563e-05     -0.000170898     
-0.00020752     -0.00020752     -0.000231934     -0.000280762     
-0.000219727     -0.000317383     -0.000244141     -0.00020752     
-0.00032959     -0.000244141     -0.000109863     -0.000170898     
-0.00012207     -8.54492e-05     -9.76563e-05     0     
-0.000134277     -8.54492e-05     -0.000109863     -0.000195313     
-0.000268555     -0.000354004     -0.000390625     -0.000610352     
-0.000500488     -0.000756836     -0.000769043     -0.000793457     
-0.00090332     -0.00078125     -0.000939941     -0.000891113     
-0.000793457     -0.00078125     -0.000793457     -0.000585938     
-0.000671387     -0.000537109     -0.000537109     -0.000366211     
-0.000415039     -0.00032959     -0.000390625     -0.000317383     
-0.000366211     -0.000390625     -0.000390625     -0.000402832     
-0.000354004     -0.000488281     -0.000549316     -0.00045166     
-0.000646973     -0.000646973     -0.000646973     -0.000708008     
-0.000708008     -0.000683594     -0.000683594     -0.000695801     
-0.000756836     -0.00057373     -0.000610352     -0.000500488     
-0.000537109     -0.000415039     -0.000500488     -0.000463867     
-0.000476074     -0.000427246     -0.00045166     -0.000524902     
-0.000476074     -0.000524902     -0.000598145     -0.000524902     
-0.000524902     -0.000537109     -0.000549316     -0.000500488     
-0.000537109     -0.000512695     -0.000476074     -0.000537109     
-0.000439453     -0.000463867     -0.000646973     -0.000488281     
-0.000488281     -0.000537109     -0.000683594     -0.000622559     
-0.000720215     -0.000769043     -0.000805664     -0.000854492     
-0.000915527     -0.00102539     -0.000964355     -0.00102539     
-0.00098877     -0.000939941     -0.000952148     -0.000769043     
-0.000732422     -0.000683594     -0.000561523     -0.00045166     
-0.000415039     -0.000305176     -0.000231934     -0.000170898     
-0.000158691     -0.000134277     -0.000134277     7.32422e-05     
-1.2207e-05     4.88281e-05     3.66211e-05     0.000170898     
0.000146484     0.000146484     0.000305176     0.000170898     
0.000268555     0.000256348     0.000317383     0.000292969     
0.000195313     0.000244141     9.76563e-05     3.66211e-05     
4.88281e-05     -0.000134277     -0.00020752     -0.000231934     
-0.000366211     -0.000341797     -0.000378418     -0.000366211     
-0.000292969     -0.000280762     -0.000134277     -2.44141e-05     
2.44141e-05     7.32422e-05     0.00020752     0.000354004     
0.000500488     0.000512695     0.000488281     0.000646973     
0.000622559     0.000549316     0.000463867     0.00057373     
0.000439453     0.000427246     0.000378418     0.000244141     
0.000292969     0.000170898     4.88281e-05     8.54492e-05     
2.44141e-05     2.44141e-05     -0.000146484     -7.32422e-05     
-4.88281e-05     -0.000146484     -0.000244141     -0.000195313     
-0.000134277     -0.000280762     -0.000268555     -0.000292969     
-0.000231934     -0.000305176     -0.000415039     -0.000268555     
-0.000268555     -0.000195313     -9.76563e-05     1.2207e-05     
6.10352e-05     0.000183105     0.000219727     0.000317383     
0.000317383     0.000354004     0.000415039     0.000378418     
0.000244141     0.000305176     0.000134277     3.66211e-05     
-6.10352e-05     -0.000231934     -0.00020752     -0.000439453     
-0.000549316     -0.000561523     -0.00078125     -0.000793457     
-0.000817871     -0.000952148     -0.00101318     -0.000939941     
-0.000964355     -0.000939941     -0.000952148     -0.000866699     
-0.000854492     -0.000756836     -0.000646973     -0.000476074     
-0.000402832     -0.000268555     -0.000195313     -0.000109863     
-0.000109863     -1.2207e-05     -9.76563e-05     -7.32422e-05     
-6.10352e-05     -0.000244141     -0.000244141     -0.000305176     
-0.000341797     -0.000390625     -0.000476074     -0.000280762     
-0.000268555     -0.000341797     -0.000231934     -0.000146484     
-0.000170898     -8.54492e-05     -0.000158691     -9.76563e-05     
-0.000280762     -0.000292969     -0.000305176     -0.000415039     
-0.000463867     -0.000476074     -0.000463867     -0.00057373     
-0.000524902     -0.000524902     -0.000561523     -0.000378418     
-0.000378418     -0.000354004     -0.000219727     -0.000134277     
-9.76563e-05     -7.32422e-05     -3.66211e-05     -1.2207e-05     
8.54492e-05     4.88281e-05     9.76563e-05     0.000134277     
4.88281e-05     0.00020752     0.00012207     0.000134277     
0.00020752     0.00020752     0.000158691     0.000244141     
0.000280762     0.000170898     9.76563e-05     7.32422e-05     
3.66211e-05     -6.10352e-05     -0.000244141     -0.000231934     
-0.000292969     -0.000378418     -0.000427246     -0.000524902     
-0.000537109     -0.000500488     -0.000671387     -0.000524902     
-0.000512695     -0.000427246     -0.000537109     -0.000500488     
-0.000427246     -0.000402832     -0.00045166     -0.000292969     
-0.000317383     -0.000305176     -0.000146484     -0.000268555     
-0.000317383     -0.000146484     -0.000219727     -0.000195313     
-0.000256348     -0.000280762     -0.000292969     -0.000317383     
-0.000390625     -0.000354004     -0.000366211     -0.000366211     
-0.000439453     -0.000476074     -0.000671387     -0.000598145     
-0.000793457     -0.000878906     -0.00090332     -0.00100098     
-0.00109863     -0.00119629     -0.00114746     -0.00118408     
-0.0012085     -0.00123291     -0.00112305     -0.000915527     
-0.00108643     -0.000952148     -0.000976563     -0.000891113     
-0.000854492     -0.000891113     -0.000854492     -0.000695801     
-0.000732422     -0.000695801     -0.000683594     -0.000610352     
-0.000537109     -0.00065918     -0.000598145     -0.000415039     
-0.000427246     -0.00045166     -0.000439453     -0.000354004     
-0.000317383     -0.000268555     -0.000256348     -7.32422e-05     
-0.000244141     -0.000134277     -0.000134277     -6.10352e-05     
-4.88281e-05     -7.32422e-05     -4.88281e-05     3.66211e-05     
9.76563e-05     8.54492e-05     -1.2207e-05     0     
-7.32422e-05     2.44141e-05     -0.000146484     -0.000109863     
-0.000134277     -0.000183105     -0.000231934     -0.000268555     
-9.76563e-05     -0.000219727     -0.000158691     -0.00012207     
-0.000183105     -4.88281e-05     -0.000109863     -7.32422e-05     
4.88281e-05     0.000158691     8.54492e-05     0.00012207     
0.000134277     0.000219727     0.000183105     0.000280762     
0.000219727     0.00032959     0.000317383     0.000280762     
0.000256348     0.000305176     0.000170898     9.76563e-05     
0.000146484     -2.44141e-05     2.44141e-05     -3.66211e-05     
-0.000280762     -0.00012207     -0.000354004     -0.000427246     
-0.000402832     -0.000402832     -0.000354004     -0.000378418     
-0.000305176     -0.000292969     -0.000341797     -0.000170898     
-0.000268555     -0.00020752     -0.000146484     -0.000146484     
-0.000317383     -0.000256348     -0.000378418     -0.000341797     
-0.000415039     -0.00045166     -0.000524902     -0.000622559     
-0.00045166     -0.000537109     -0.000549316     -0.000341797     
-0.000366211     -0.000268555     -0.000317383     -0.000219727     
-8.54492e-05     -0.000134277     -8.54492e-05     -7.32422e-05     
-0.000134277     -0.000170898     -0.000109863     -0.000244141     
-0.000244141     -0.000219727     -0.00032959     -0.000292969     
-0.000280762     -0.000256348     -0.000183105     -0.000134277     
-6.10352e-05     -0.000146484     -7.32422e-05     -1.2207e-05     
-7.32422e-05     -3.66211e-05     -2.44141e-05     -2.44141e-05     
-8.54492e-05     -0.000109863     -0.000256348     -0.000341797     
-0.000366211     -0.000463867     -0.000427246     -0.000402832     
-0.000512695     -0.000463867     -0.000537109     -0.000415039     
-0.000463867     -0.000427246     -0.000390625     -0.000317383     
-0.000219727     -0.000280762     -0.000195313     -0.000256348     
-0.000146484     -0.000146484     -0.000268555     -0.000231934     
-0.000256348     -0.000415039     -0.000439453     -0.000500488     
-0.000622559     -0.000695801     -0.000793457     -0.000842285     
-0.000939941     -0.00100098     -0.00098877     -0.00100098     
-0.00098877     -0.000976563     -0.00101318     -0.00090332     
-0.000927734     -0.000927734     -0.000854492     -0.00090332     
-0.000866699     -0.000830078     -0.000964355     -0.000964355     
-0.000952148     -0.00100098     -0.000964355     -0.000939941     
-0.000976563     -0.000866699     -0.000769043     -0.000732422     
-0.000683594     -0.000500488     -0.000524902     -0.000476074     
-0.000415039     -0.000439453     -0.000390625     -0.000354004     
-0.000415039     -0.000488281     -0.000427246     -0.00057373     
-0.000439453     -0.000488281     -0.000366211     -0.00045166     
-0.000500488     -0.000231934     -0.000268555     -0.000268555     
-0.000170898     -0.000158691     -0.00012207     -4.88281e-05     
-0.000146484     -0.00012207     -0.000109863     -0.000158691     
-0.000170898     -0.000109863     -0.000280762     -0.000170898     
-0.000244141     -0.000305176     -0.000195313     -0.000268555     
-0.00012207     -0.000146484     -0.000244141     -0.00012207     
-0.000170898     -0.000170898     -0.000146484     -0.00012207     
-0.00012207     -4.88281e-05     -0.000219727     -0.000170898     
-0.000195313     -0.000305176     -0.000463867     -0.000476074     
-0.000524902     -0.000683594     -0.000744629     -0.000708008     
-0.000769043     -0.000671387     -0.000793457     -0.000756836     
-0.000756836     -0.000671387     -0.00057373     -0.000561523     
-0.000610352     -0.000524902     -0.000561523     -0.000549316     
-0.000585938     -0.000549316     -0.000622559     -0.000683594     
-0.000695801     -0.000695801     -0.000708008     -0.000622559     
-0.000646973     -0.000610352     -0.000585938     -0.000476074     
-0.000512695     -0.000268555     -0.000268555     -0.000195313     
-0.000109863     -0.000109863     0.00012207     0.000109863     
1.2207e-05     0.000146484     7.32422e-05     9.76563e-05     
-2.44141e-05     6.10352e-05     -7.32422e-05     -0.000134277     
-0.000158691     -0.000256348     -0.000231934     -0.000305176     
-0.000292969     -0.000341797     -0.000390625     -0.000268555     
-0.000256348     -0.000305176     -0.000268555     -0.000134277     
-0.000134277     -0.000134277     -0.000109863     -8.54492e-05     
0     -0.000109863     -4.88281e-05     -4.88281e-05     
-0.000158691     -9.76563e-05     -0.000219727     -0.000231934     
-0.000305176     -0.000354004     -0.000402832     -0.000366211     
-0.00045166     -0.000366211     -0.000341797     -0.000256348     
-0.000280762     -0.000195313     -0.00012207     3.66211e-05     
0     0.00020752     0.000109863     0.000158691     
0.000305176     0.000256348     0.000195313     0.000183105     
0.00012207     7.32422e-05     4.88281e-05     3.66211e-05     
-6.10352e-05     -4.88281e-05     -0.000158691     -0.000231934     
-0.000244141     -0.000378418     -0.00045166     -0.000280762     
-0.000463867     -0.000354004     -0.000500488     -0.000354004     
-0.000378418     -0.000390625     -0.000354004     -0.000390625     
-0.000268555     -0.000341797     -0.000244141     -0.000292969     
-0.000231934     -0.00012207     -9.76563e-05     -3.66211e-05     
-0.000109863     2.44141e-05     0.000109863     1.2207e-05     
3.66211e-05     3.66211e-05     0     8.54492e-05     
0     -4.88281e-05     -0.000134277     -0.000183105     
-0.000292969     -0.000317383     -0.000366211     -0.000402832     
-0.000549316     -0.000561523     -0.000622559     -0.000585938     
-0.000708008     -0.000598145     -0.000585938     -0.000585938     
-0.000512695     -0.000415039     -0.000439453     -0.000378418     
-0.000488281     -0.000390625     -0.000366211     -0.000354004     
-0.000427246     -0.000537109     -0.00065918     -0.000476074     
-0.000683594     -0.000708008     -0.00078125     -0.000793457     
-0.000891113     -0.000939941     -0.000915527     -0.00098877     
-0.000878906     -0.000964355     -0.00106201     -0.000915527     
-0.00090332     -0.00106201     -0.00100098     -0.0010376     
-0.000964355     -0.00101318     -0.000976563     -0.000830078     
-0.000817871     -0.000793457     -0.000732422     -0.000720215     
-0.000683594     -0.000671387     -0.000695801     -0.000622559     
-0.000585938     -0.000561523     -0.000585938     -0.000512695     
-0.000305176     -0.000292969     -0.000280762     -3.66211e-05     
-4.88281e-05     -2.44141e-05     -1.2207e-05     6.10352e-05     
0     -2.44141e-05     -9.76563e-05     -0.000170898     
-0.000134277     -0.000292969     -0.000439453     -0.000378418     
-0.000524902     -0.000390625     -0.000524902     -0.00045166     
-0.000402832     -0.000390625     -0.000292969     -0.000280762     
-0.000183105     -0.000219727     -0.000146484     -0.000244141     
-0.000219727     -0.000195313     -0.00020752     -0.000292969     
-0.000341797     -0.000354004     -0.000305176     -0.000354004     
-0.000354004     -0.000390625     -0.000427246     -0.000280762     
-0.000280762     -0.00032959     -0.000195313     -0.000195313     
-0.000231934     -0.000183105     -0.000195313     -0.000256348     
-0.000244141     -0.000195313     -7.32422e-05     -6.10352e-05     
-0.000134277     -4.88281e-05     -6.10352e-05     0     
8.54492e-05     0.000231934     0.000256348     0.000292969     
0.000256348     0.000354004     0.000341797     0.000378418     
0.00032959     0.000341797     0.000244141     0.000378418     
0.000146484     0.000158691     3.66211e-05     0     
-8.54492e-05     -8.54492e-05     -0.000158691     -0.000183105     
-0.000146484     -0.000256348     -0.000231934     -0.000317383     
-0.000292969     -0.000341797     -0.000305176     -0.000195313     
-0.000341797     -0.000280762     -0.000268555     -0.000341797     
-0.000317383     -0.000268555     -0.000305176     -0.000268555     
-0.000317383     -0.000378418     -0.000439453     -0.000366211     
-0.000439453     -0.000402832     -0.00045166     -0.000366211     
-0.000231934     -0.000305176     -0.000317383     -9.76563e-05     
-0.000244141     -0.000158691     -8.54492e-05     1.2207e-05     
3.66211e-05     0     1.2207e-05     1.2207e-05     
6.10352e-05     0     -1.2207e-05     0.00012207     
6.10352e-05     0.000109863     -4.88281e-05     0     
-6.10352e-05     4.88281e-05     -6.10352e-05     -0.000134277     
-0.000170898     -0.000280762     -0.000280762     -0.000415039     
-0.000317383     -0.000378418     -0.000439453     -0.000378418     
-0.000354004     -0.000305176     -0.000292969     -0.000292969     
-0.000256348     -0.000231934     -0.000195313     -0.000195313     
-0.000280762     -0.000183105     -0.000158691     -0.000231934     
-0.000256348     -0.000146484     -0.000256348     -0.000244141     
-0.000268555     -0.000378418     -0.00032959     -0.000402832     
-0.000366211     -0.000354004     -0.000366211     -0.000390625     
-0.00045166     -0.000463867     -0.000476074     -0.000512695     
-0.00057373     -0.00057373     -0.000646973     -0.000732422     
-0.000842285     -0.00090332     -0.00102539     -0.000976563     
-0.00108643     -0.00109863     -0.0010376     -0.000927734     
-0.00100098     -0.000976563     -0.000830078     -0.000842285     
-0.000646973     -0.000732422     -0.000622559     -0.000500488     
-0.000524902     -0.000415039     -0.000500488     -0.000378418     
-0.000280762     -0.000170898     -0.000183105     -0.000109863     
3.66211e-05     0.000158691     0.000195313     0.00032959     
0.000390625     0.00045166     0.000427246     0.000585938     
0.000439453     0.000366211     0.000378418     0.000305176     
0.000280762     0.000146484     2.44141e-05     0.000109863     
-8.54492e-05     -0.000170898     -0.000183105     -0.000244141     
-0.000305176     -0.000268555     -0.000317383     -0.000256348     
-0.000305176     -0.000378418     -0.000354004     -0.000341797     
-0.000415039     -0.000268555     -0.000415039     -0.000341797     
-0.000292969     -0.000268555     -0.000244141     -0.00020752     
-9.76563e-05     -1.2207e-05     6.10352e-05     9.76563e-05     
0.000305176     0.00032959     0.000341797     0.000341797     
0.000354004     0.000415039     0.00032959     0.000390625     
0.000341797     0.000305176     0.00020752     0.000158691     
-1.2207e-05     -2.44141e-05     -0.000134277     -0.000195313     
-0.000402832     -0.00032959     -0.000500488     -0.000683594     
-0.000634766     -0.000805664     -0.000732422     -0.000842285     
-0.00090332     -0.000769043     -0.000952148     -0.000952148     
-0.000769043     -0.00078125     -0.000830078     -0.000695801     
-0.00065918     -0.000695801     -0.000549316     -0.000524902     
-0.000537109     -0.000463867     -0.000488281     -0.000390625     
-0.000476074     -0.000354004     -0.000354004     -0.000366211     
-0.000354004     -0.000305176     -0.000341797     -0.000402832     
-0.000354004     -0.000415039     -0.000488281     -0.000463867     
-0.00057373     -0.00057373     -0.000610352     -0.000561523     
-0.000537109     -0.000671387     -0.000439453     -0.000500488     
-0.000512695     -0.000439453     -0.000439453     -0.000378418     
-0.000415039     -0.000366211     -0.000317383     -0.000268555     
-0.000317383     -0.000317383     -0.000280762     -0.000366211     
-0.000219727     -0.000378418     -0.000512695     -0.000427246     
-0.00045166     -0.000549316     -0.000646973     -0.000610352     
-0.000671387     -0.000878906     -0.000805664     -0.000805664     
-0.00078125     -0.000720215     -0.000805664     -0.000732422     
-0.000720215     -0.00057373     -0.000585938     -0.000512695     
-0.000439453     -0.000354004     -0.000317383     -0.000219727     
-0.00012207     -0.000195313     -6.10352e-05     -2.44141e-05     
0     6.10352e-05     0.000134277     0.000231934     
0.000158691     0.000317383     0.000366211     0.000268555     
0.000341797     0.000488281     0.000488281     0.000402832     
0.000402832     0.000378418     0.000415039     0.000244141     
0.000256348     0.000244141     0.00020752     0.000158691     
0.000183105     0.000146484     0.000183105     0.000158691     
0.000256348     0.00020752     0.000158691     0.000244141     
0.00020752     0.000170898     0.000170898     0.000158691     
7.32422e-05     0.000183105     0.000183105     0.000170898     
0.000183105     0.00020752     0.000183105     0.000317383     
0.000256348     0.000231934     0.000256348     0.00020752     
0.000158691     0.000170898     0.000231934     0.000134277     
0.000280762     0.000170898     0.000183105     0.000183105     
0.000109863     0.000134277     0     -7.32422e-05     
2.44141e-05     -8.54492e-05     -0.000134277     -8.54492e-05     
-3.66211e-05     -4.88281e-05     -7.32422e-05     -6.10352e-05     
3.66211e-05     4.88281e-05     0     9.76563e-05     
0.000134277     0.000146484     0.000195313     0.00012207     
0.000219727     0.000268555     0.000256348     0.000292969     
0.000268555     0.000219727     0.000268555     0.00032959     
0.000268555     0.000183105     0.000158691     0.000219727     
9.76563e-05     8.54492e-05     -3.66211e-05     -9.76563e-05     

