Source : transient; Time : Wed Jun 14 05:46:09 2017
B0 = 3148.000000 Gauss, mw = 9.686280 GHz
 NDI-T2 sa261 20/2 42/25 523nm/1mJ
1 5000 -1.001e-06 8.997e-06 0 0
s                        V                                                 
3.66211e-05     -6.10352e-05     -1.2207e-05     -3.66211e-05     
3.66211e-05     -8.54492e-05     -2.44141e-05     2.44141e-05     
0.000170898     0.00012207     0.000378418     0.000280762     
0.000366211     0.000402832     0.000354004     0.00032959     
0.000292969     0.000268555     0.000219727     0.000134277     
-3.66211e-05     -8.54492e-05     -0.000219727     -0.000280762     
-0.00032959     -0.000390625     -0.00032959     -0.00020752     
-0.000280762     -0.000183105     -0.00012207     -6.10352e-05     
-0.000109863     -4.88281e-05     0.000146484     8.54492e-05     
0.000109863     1.2207e-05     2.44141e-05     7.32422e-05     
-9.76563e-05     -2.44141e-05     3.66211e-05     -2.44141e-05     
-2.44141e-05     -6.10352e-05     -8.54492e-05     -0.000134277     
-1.2207e-05     -0.000170898     -0.00020752     -0.00012207     
-0.000170898     -0.000366211     -0.00032959     -0.000476074     
-0.000415039     -0.000646973     -0.000524902     -0.00057373     
-0.000598145     -0.000622559     -0.000476074     -0.000476074     
-0.000378418     -0.000390625     -0.000195313     -0.000109863     
-1.2207e-05     4.88281e-05     4.88281e-05     0.000170898     
0.000134277     4.88281e-05     -2.44141e-05     -0.000146484     
-0.000158691     -0.00020752     -0.000415039     -0.000488281     
-0.00057373     -0.000549316     -0.000561523     -0.00045166     
-0.00045166     -0.000512695     -0.000341797     -0.000305176     
-0.000292969     -7.32422e-05     -6.10352e-05     1.2207e-05     
0.000158691     0.000146484     0.000170898     0.000195313     
0.000244141     0.000231934     0.000256348     0.000158691     
0.000109863     0.000195313     0.000134277     3.66211e-05     
8.54492e-05     -1.2207e-05     7.32422e-05     -6.10352e-05     
2.44141e-05     -7.32422e-05     -3.66211e-05     -0.000146484     
-0.000183105     -1.2207e-05     -0.000158691     -0.000158691     
-0.000146484     -9.76563e-05     -6.10352e-05     -8.54492e-05     
-6.10352e-05     -0.000109863     -7.32422e-05     0     
-0.000146484     -0.000244141     -0.000134277     -0.00020752     
-0.000280762     -0.000268555     -0.000292969     -0.000256348     
-0.000244141     -0.00020752     -0.000231934     -0.000268555     
-3.66211e-05     -0.000170898     -8.54492e-05     -4.88281e-05     
-9.76563e-05     -0.000134277     -0.000170898     -9.76563e-05     
-0.000231934     -0.000268555     -0.000268555     -0.000195313     
-0.00020752     -0.000268555     -0.00020752     -0.000158691     
-0.000146484     -8.54492e-05     7.32422e-05     -0.00012207     
3.66211e-05     2.44141e-05     4.88281e-05     0     
7.32422e-05     -3.66211e-05     0.000134277     0.000170898     
8.54492e-05     0.000134277     0.000219727     0.000195313     
0.000256348     0.000292969     0.000268555     0.000231934     
0.000146484     0.00012207     0     1.2207e-05     
-0.000109863     -3.66211e-05     -0.000158691     -3.66211e-05     
-9.76563e-05     -2.44141e-05     0     0     
2.44141e-05     8.54492e-05     0.000268555     0.000231934     
0.000170898     0.000378418     0.000244141     0.00020752     
0.000354004     0.000402832     0.000366211     0.000341797     
0.000354004     0.00032959     0.000341797     0.000244141     
0.000231934     0.000292969     0.000256348     0.000183105     
0.000378418     0.000256348     0.000439453     0.00020752     
0.000488281     0.000366211     0.000537109     0.00045166     
0.000549316     0.000634766     0.000500488     0.00045166     
0.000537109     0.000402832     0.000488281     0.000366211     
0.000268555     0.000280762     0.000244141     0.000231934     
0.000158691     0.000268555     0.000305176     0.000402832     
0.000183105     0.000317383     0.000366211     0.000378418     
0.000244141     0.00020752     0.000195313     3.66211e-05     
2.44141e-05     -0.00012207     -0.000292969     -0.000292969     
-0.000402832     -0.000512695     -0.000524902     -0.000512695     
-0.00057373     -0.000500488     -0.000524902     -0.000561523     
-0.000463867     -0.000427246     -0.000390625     -0.000292969     
-0.000170898     -0.000280762     -6.10352e-05     -0.000146484     
-7.32422e-05     -0.00020752     -7.32422e-05     -0.000268555     
-0.000219727     -0.000354004     -0.000366211     -0.000268555     
-0.000402832     -0.000415039     -0.000354004     -0.000292969     
-0.000219727     -0.000183105     -0.000109863     -1.2207e-05     
-2.44141e-05     9.76563e-05     9.76563e-05     0.000158691     
0.000231934     0.000256348     0.000146484     0.000219727     
0.000244141     0.00020752     0.000231934     0.00032959     
0.000354004     0.000292969     0.000488281     0.000390625     
0.000390625     0.000463867     0.000488281     0.000488281     
0.000500488     0.000439453     0.000280762     0.000292969     
0.000158691     2.44141e-05     -2.44141e-05     -0.000109863     
-0.000195313     -0.000256348     -0.000219727     -0.000549316     
-0.000415039     -0.00045166     -0.000415039     -0.000512695     
-0.000378418     -0.000366211     -0.000341797     -0.000439453     
-0.000292969     -0.000244141     -0.000280762     -0.000280762     
-0.000292969     -0.000390625     -0.000390625     -0.00045166     
-0.000524902     -0.000598145     -0.000720215     -0.000683594     
-0.000744629     -0.000756836     -0.000817871     -0.000695801     
-0.000842285     -0.000756836     -0.000610352     -0.000598145     
-0.000646973     -0.000585938     -0.000634766     -0.000598145     
-0.000488281     -0.000524902     -0.000488281     -0.000476074     
-0.000561523     -0.000500488     -0.000537109     -0.000512695     
-0.000585938     -0.000549316     -0.000549316     -0.000610352     
-0.000610352     -0.000708008     -0.000634766     -0.000708008     
-0.000756836     -0.000769043     -0.000537109     -0.000622559     
-0.000476074     -0.000524902     -0.000354004     -0.000256348     
-0.000134277     -7.32422e-05     -8.54492e-05     3.66211e-05     
4.88281e-05     -1.2207e-05     -3.66211e-05     -6.10352e-05     
-0.000170898     -0.000183105     -0.000158691     -0.000244141     
-0.000231934     -0.000305176     -0.000305176     -0.00032959     
-0.000439453     -0.00045166     -0.00045166     -0.000512695     
-0.000561523     -0.000537109     -0.000598145     -0.000732422     
-0.000830078     -0.00090332     -0.000732422     -0.000915527     
-0.00102539     -0.000878906     -0.00100098     -0.000964355     
-0.00090332     -0.000830078     -0.000769043     -0.000610352     
-0.000524902     -0.00045166     -0.000378418     -0.000231934     
-7.32422e-05     -2.44141e-05     0     -3.66211e-05     
0.000195313     8.54492e-05     0.00012207     3.66211e-05     
0.000158691     0.000146484     0.000231934     9.76563e-05     
0.000109863     0.000231934     0.000256348     0.000158691     
7.32422e-05     0.00012207     0.00012207     0.000109863     
2.44141e-05     4.88281e-05     -4.88281e-05     -8.54492e-05     
-0.000183105     -0.000158691     -0.000183105     -4.88281e-05     
-0.000170898     -9.76563e-05     -0.000146484     -0.000158691     
-0.00020752     -0.000195313     -0.000146484     -0.000183105     
-7.32422e-05     -0.00020752     -0.000305176     -0.000268555     
-0.000280762     -0.000231934     -0.000231934     -0.000268555     
-0.000244141     -0.000158691     -6.10352e-05     -9.76563e-05     
-3.66211e-05     -2.44141e-05     0.000134277     0.000146484     
0.000183105     0.000158691     0.000268555     0.000170898     
0.000268555     0.000231934     0.000366211     0.000268555     
0.000366211     0.000354004     0.000317383     0.000354004     
0.00045166     0.000378418     0.00045166     0.000512695     
0.000415039     0.000476074     0.000549316     0.00057373     
0.000488281     0.000524902     0.000622559     0.000671387     
0.000610352     0.000695801     0.00057373     0.000463867     
0.000402832     0.000402832     0.000402832     0.000256348     
0     -8.54492e-05     -1.2207e-05     -0.000305176     
-0.000402832     -0.000378418     -0.000610352     -0.000646973     
-0.000683594     -0.000732422     -0.000842285     -0.000646973     
-0.000695801     -0.00078125     -0.00057373     -0.00057373     
-0.000524902     -0.000439453     -0.000402832     -0.000512695     
-0.000292969     -0.000415039     -0.000183105     -0.000305176     
-0.000146484     -0.000183105     -0.000146484     -0.000170898     
-1.2207e-05     2.44141e-05     0.000134277     0.000146484     
0.000195313     0.000146484     0.000183105     0.000231934     
0.000158691     0.000109863     0.00012207     0.000134277     
0     4.88281e-05     6.10352e-05     9.76563e-05     
0     0.000170898     0.000109863     0.00020752     
0.000183105     0.000183105     0.000170898     8.54492e-05     
0.000170898     -2.44141e-05     7.32422e-05     -1.2207e-05     
-0.00012207     -0.000109863     -0.000158691     -0.000183105     
-0.000317383     -0.000195313     -0.000170898     -0.000183105     
-0.000219727     -0.000183105     -0.000195313     -0.00012207     
-0.000158691     -0.000305176     -7.32422e-05     -0.000427246     
-0.00045166     -0.000769043     -0.00090332     -0.00133057     
-0.00162354     -0.00211182     -0.00247803     -0.00297852     
-0.00350342     -0.00411377     -0.00465088     -0.00516357     
-0.00570068     -0.00620117     -0.00668945     -0.00718994     
-0.00767822     -0.00809326     -0.00869141     -0.00909424     
-0.00964355     -0.0100464     -0.0106567     -0.0110596     
-0.0116577     -0.0120972     -0.0126953     -0.0131104     
-0.0137451     -0.0142212     -0.0146729     -0.0152222     
-0.0155884     -0.0160645     -0.0165649     -0.0170166     
-0.0174316     -0.0179932     -0.018335     -0.0187134     
-0.0191772     -0.0196655     -0.0201416     -0.0205444     
-0.0209717     -0.0213379     -0.0217163     -0.0221802     
-0.0224487     -0.0229492     -0.0232178     -0.0238281     
-0.0240723     -0.0244507     -0.0247559     -0.0251831     
-0.0255737     -0.0259277     -0.0262939     -0.0267334     
-0.0271118     -0.0275391     -0.027832     -0.0282593     
-0.0286621     -0.0289795     -0.0293213     -0.0296875     
-0.0301636     -0.0304199     -0.0307495     -0.0310913     
-0.0314819     -0.0316284     -0.0319702     -0.0322021     
-0.0325928     -0.0328003     -0.0329834     -0.033374     
-0.0334473     -0.0339233     -0.0342529     -0.0344971     
-0.0349365     -0.0351929     -0.0354736     -0.0358154     
-0.0361816     -0.0364258     -0.036731     -0.0369507     
-0.0372437     -0.0375732     -0.0377075     -0.0378662     
-0.0381104     -0.0383667     -0.0384644     -0.0386841     
-0.0388794     -0.0391968     -0.0392456     -0.0395874     
-0.0396851     -0.0399902     -0.0403198     -0.0405396     
-0.0407837     -0.0410278     -0.0411987     -0.0415283     
-0.0417603     -0.0420166     -0.0421631     -0.0424316     
-0.0426025     -0.0427124     -0.0428711     -0.0429443     
-0.0431885     -0.0431763     -0.043396     -0.0433838     
-0.0435059     -0.0436401     -0.0437378     -0.0438599     
-0.0439819     -0.0441162     -0.0440918     -0.0442871     
-0.0443726     -0.0443237     -0.0444824     -0.044458     
-0.0444214     -0.0445801     -0.0446289     -0.0447632     
-0.0448242     -0.0448608     -0.0448975     -0.0450562     
-0.0450928     -0.045166     -0.0452881     -0.0453735     
-0.0452881     -0.0455566     -0.0454224     -0.0455566     
-0.0455688     -0.0456665     -0.0456665     -0.0457153     
-0.045813     -0.0458618     -0.0459351     -0.0459961     
-0.0461548     -0.0462158     -0.0462891     -0.0463379     
-0.0463989     -0.0463379     -0.0463257     -0.0462402     
-0.046228     -0.0461426     -0.0460938     -0.0459717     
-0.0458496     -0.0457642     -0.0455933     -0.0455078     
-0.04552     -0.0453979     -0.0453735     -0.0454102     
-0.0453125     -0.0452881     -0.0452271     -0.0451416     
-0.0452148     -0.0450195     -0.0449829     -0.0449097     
-0.0449097     -0.0446411     -0.044458     -0.0443359     
-0.0441162     -0.0440918     -0.0440552     -0.0439331     
-0.0439819     -0.0439331     -0.04375     -0.0439453     
-0.0437744     -0.0438477     -0.0437256     -0.043811     
-0.0436768     -0.0436523     -0.0434204     -0.0432495     
-0.0432129     -0.0430664     -0.043042     -0.0429199     
-0.0429077     -0.0428711     -0.0428711     -0.0427368     
-0.042749     -0.0427734     -0.0427734     -0.0426636     
-0.042688     -0.0424561     -0.0425537     -0.0423584     
-0.0422241     -0.0420654     -0.0420166     -0.0418457     
-0.0416626     -0.0416016     -0.0412231     -0.0412109     
-0.0410278     -0.0407104     -0.0405884     -0.0404297     
-0.0402954     -0.0400879     -0.0399414     -0.0398315     
-0.0395996     -0.0394165     -0.03927     -0.0390869     
-0.0390625     -0.0388306     -0.0385376     -0.0385742     
-0.038208     -0.0382813     -0.0379639     -0.037854     
-0.0376587     -0.0374634     -0.0372437     -0.0372192     
-0.0369629     -0.0369873     -0.0368408     -0.0366455     
-0.0365845     -0.0364624     -0.0363159     -0.0361206     
-0.0359741     -0.0357544     -0.0355957     -0.0354126     
-0.0352783     -0.0350342     -0.034729     -0.0345215     
-0.034436     -0.0342529     -0.0341431     -0.0340454     
-0.0338867     -0.0338257     -0.0336792     -0.0336182     
-0.0334229     -0.0334351     -0.0333618     -0.0331665     
-0.0330933     -0.0329346     -0.0327026     -0.0325317     
-0.0323242     -0.0321289     -0.0319824     -0.0317627     
-0.0315796     -0.0314697     -0.03125     -0.0310669     
-0.0309814     -0.030896     -0.0307251     -0.0307251     
-0.0304565     -0.0305176     -0.0302734     -0.0302002     
-0.0301025     -0.0299805     -0.0299805     -0.0297119     
-0.0296509     -0.0295532     -0.0293701     -0.0292358     
-0.0292236     -0.029126     -0.0290161     -0.0288818     
-0.0288208     -0.0286987     -0.0285889     -0.0283936     
-0.0283569     -0.0281494     -0.0281128     -0.0279175     
-0.0277832     -0.0276001     -0.0275879     -0.0273438     
-0.0272339     -0.0272095     -0.0268799     -0.0270264     
-0.0268677     -0.02677     -0.0266602     -0.0265869     
-0.0265259     -0.0263672     -0.0263672     -0.0262451     
-0.0261719     -0.0259888     -0.0258667     -0.0256958     
-0.0255493     -0.0254395     -0.025354     -0.025293     
-0.0251099     -0.0251221     -0.0248657     -0.0248901     
-0.0247803     -0.0248169     -0.0246338     -0.0246582     
-0.0246216     -0.0244141     -0.024353     -0.024231     
-0.0241333     -0.0239868     -0.023877     -0.0237183     
-0.0236572     -0.0235229     -0.0234009     -0.0232788     
-0.0233398     -0.0232056     -0.0231567     -0.0230591     
-0.0231689     -0.022937     -0.0228271     -0.0227905     
-0.0228027     -0.022583     -0.0225098     -0.0225708     
-0.0223022     -0.0224121     -0.0223633     -0.0221924     
-0.022229     -0.0221802     -0.0222046     -0.0222534     
-0.0222778     -0.022229     -0.0223022     -0.0223389     
-0.0222168     -0.02229     -0.0223755     -0.022229     
-0.0223022     -0.0222778     -0.0220825     -0.0221313     
-0.0219238     -0.0219971     -0.0218506     -0.0217773     
-0.0216553     -0.0216919     -0.0216064     -0.0214966     
-0.0214966     -0.0214111     -0.0214722     -0.0213867     
-0.0213989     -0.0213745     -0.0214111     -0.02146     
-0.0215454     -0.02146     -0.0217285     -0.0218018     
-0.0218262     -0.0217896     -0.0220215     -0.0219116     
-0.0219116     -0.0219238     -0.0219727     -0.0219116     
-0.0218994     -0.0219116     -0.0217407     -0.0217773     
-0.0217285     -0.0215698     -0.0215454     -0.021521     
-0.0213623     -0.0213501     -0.0212158     -0.021106     
-0.0212769     -0.0211548     -0.0210938     -0.0211182     
-0.0211182     -0.0209717     -0.0209595     -0.0210938     
-0.020874     -0.0210327     -0.0208008     -0.0208374     
-0.0208374     -0.0207642     -0.0206177     -0.0206055     
-0.0205566     -0.0204102     -0.0203735     -0.0204224     
-0.0204346     -0.0204224     -0.0203125     -0.0203979     
-0.020459     -0.02052     -0.0206299     -0.0207642     
-0.0209839     -0.0210083     -0.0210083     -0.0210571     
-0.0213501     -0.0213135     -0.0212646     -0.0213623     
-0.0213257     -0.0213989     -0.0213257     -0.0213257     
-0.0210815     -0.0212891     -0.0211548     -0.0210938     
-0.0211548     -0.0211426     -0.021106     -0.0209961     
-0.0211548     -0.0211914     -0.0212402     -0.0213379     
-0.0214233     -0.0214844     -0.0214722     -0.021521     
-0.0215576     -0.0216064     -0.0215576     -0.0217651     
-0.0216675     -0.0217896     -0.0216797     -0.0217407     
-0.0216431     -0.0217651     -0.0218018     -0.0216064     
-0.0218384     -0.0218384     -0.0217285     -0.0218506     
-0.0218872     -0.0218872     -0.0218262     -0.0218994     
-0.0219604     -0.0219238     -0.021936     -0.021936     
-0.0219971     -0.0218628     -0.0220459     -0.0219971     
-0.0218994     -0.0220337     -0.0220581     -0.0221069     
-0.0221313     -0.0222168     -0.0220947     -0.0223145     
-0.02229     -0.0222168     -0.0222656     -0.0222168     
-0.0221802     -0.0222046     -0.0221558     -0.0221069     
-0.0220825     -0.0220703     -0.0218994     -0.021936     
-0.0219116     -0.0218506     -0.0218262     -0.0219849     
-0.0218262     -0.0219604     -0.021814     -0.0218628     
-0.0217896     -0.0218506     -0.0218872     -0.0219238     
-0.0219971     -0.0220825     -0.0220459     -0.022168     
-0.0222534     -0.0222046     -0.02229     -0.0223633     
-0.0223145     -0.0222412     -0.0222534     -0.0221924     
-0.0221924     -0.0220459     -0.0220337     -0.0219604     
-0.0220581     -0.0219727     -0.0219238     -0.0219849     
-0.0219604     -0.0219238     -0.021936     -0.0219971     
-0.0218994     -0.0220825     -0.0220459     -0.021936     
-0.0221069     -0.0220947     -0.0222412     -0.0222168     
-0.0223022     -0.0223389     -0.0223145     -0.02229     
-0.0223877     -0.0223755     -0.0222534     -0.022229     
-0.0222412     -0.0222168     -0.0219482     -0.0220703     
-0.021875     -0.0219604     -0.0218262     -0.0218018     
-0.0217529     -0.0217285     -0.0217041     -0.0215576     
-0.0216431     -0.0216187     -0.0215942     -0.0216309     
-0.0215332     -0.0215332     -0.021582     -0.0214844     
-0.0215088     -0.0214722     -0.0215332     -0.021582     
-0.0215454     -0.0214844     -0.0215454     -0.0214844     
-0.02146     -0.0213867     -0.02146     -0.0214478     
-0.0213135     -0.0213257     -0.021106     -0.0210938     
-0.0210938     -0.0208862     -0.0209595     -0.0208984     
-0.0207886     -0.0208008     -0.0207031     -0.0207397     
-0.0207153     -0.0206787     -0.0205933     -0.0206299     
-0.0205566     -0.020459     -0.0203247     -0.0203003     
-0.0200562     -0.0201294     -0.0199585     -0.0199707     
-0.0200073     -0.0199097     -0.0198364     -0.0198975     
-0.0198853     -0.019812     -0.0199341     -0.0199951     
-0.0199829     -0.0200195     -0.0199829     -0.0200073     
-0.0199463     -0.0199097     -0.0199463     -0.0199219     
-0.0198975     -0.0198364     -0.0197144     -0.0196289     
-0.019751     -0.0197144     -0.0196045     -0.0195801     
-0.0195313     -0.019519     -0.0194214     -0.0193359     
-0.019165     -0.019165     -0.019043     -0.0188354     
-0.0188477     -0.0187622     -0.0185181     -0.0185669     
-0.0184937     -0.0184082     -0.0183594     -0.0184814     
-0.0183716     -0.018335     -0.0182617     -0.0181519     
-0.0182739     -0.0181519     -0.0180542     -0.0181763     
-0.018042     -0.0181641     -0.0179565     -0.0180542     
-0.0180664     -0.0179321     -0.0179688     -0.0179077     
-0.0178467     -0.0178589     -0.0177734     -0.0177124     
-0.0176514     -0.0176392     -0.0175049     -0.0174316     
-0.0174805     -0.0173706     -0.0172607     -0.0172485     
-0.0171753     -0.0170166     -0.0170654     -0.0170288     
-0.0168945     -0.0168213     -0.016687     -0.0166016     
-0.0166138     -0.0164673     -0.0163452     -0.0164429     
-0.0162964     -0.0162476     -0.0161987     -0.0161621     
-0.0161377     -0.0160889     -0.0160767     -0.0160156     
-0.0159668     -0.0158691     -0.015918     -0.0158447     
-0.0157959     -0.0157593     -0.0157837     -0.0158813     
-0.0157593     -0.0157959     -0.0155518     -0.0155884     
-0.0155884     -0.0155273     -0.0153931     -0.0153564     
-0.0152954     -0.0151245     -0.0151367     -0.0150879     
-0.014978     -0.014917     -0.0148438     -0.0147827     
-0.0147339     -0.0146729     -0.0145508     -0.0145508     
-0.014563     -0.0144165     -0.0144775     -0.0143433     
-0.0142944     -0.0141602     -0.0140381     -0.013916     
-0.0139038     -0.0137695     -0.0137085     -0.0137939     
-0.0135864     -0.013623     -0.0136353     -0.0135376     
-0.0136108     -0.0136841     -0.0136963     -0.0137451     
-0.0137817     -0.0138428     -0.0138916     -0.0138672     
-0.013855     -0.0139404     -0.0139648     -0.0138062     
-0.0136963     -0.0137573     -0.0134277     -0.0133789     
-0.0131348     -0.0131836     -0.0129517     -0.0128784     
-0.0127197     -0.0126831     -0.012561     -0.0124146     
-0.0124756     -0.0124756     -0.0124634     -0.0124878     
-0.0124756     -0.0125     -0.0125366     -0.0125122     
-0.0125244     -0.0125732     -0.0125366     -0.0124268     
-0.0125488     -0.0123779     -0.0123291     -0.0122925     
-0.0122681     -0.0120972     -0.012085     -0.0119629     
-0.0119019     -0.0118408     -0.0116699     -0.0117676     
-0.011731     -0.0115967     -0.0117188     -0.0116943     
-0.0116577     -0.011731     -0.0117065     -0.0117188     
-0.0118042     -0.011792     -0.0118408     -0.0119629     
-0.0120605     -0.0119629     -0.0119751     -0.0120361     
-0.0118896     -0.0120361     -0.0118408     -0.0118652     
-0.0117432     -0.0117432     -0.0114868     -0.0115112     
-0.0115112     -0.0113281     -0.011438     -0.011438     
-0.0114136     -0.0113525     -0.0113647     -0.0114136     
-0.0112549     -0.0112183     -0.0111084     -0.0110352     
-0.0109497     -0.0108398     -0.0108032     -0.0106567     
-0.01073     -0.010498     -0.0105713     -0.0104614     
-0.0106323     -0.0106445     -0.0105957     -0.0108032     
-0.0107788     -0.010791     -0.0109253     -0.0109497     
-0.0111328     -0.011145     -0.0111938     -0.0113159     
-0.0114624     -0.0114502     -0.0116455     -0.0116943     
-0.0118164     -0.0119263     -0.0119751     -0.0119873     
-0.0120972     -0.0121582     -0.0120728     -0.012146     
-0.0120483     -0.0120483     -0.0119385     -0.0119019     
-0.0117554     -0.0116943     -0.0116699     -0.0115601     
-0.011438     -0.0114258     -0.0113892     -0.0112549     
-0.0111694     -0.0110474     -0.0110718     -0.0110352     
-0.0110474     -0.0109985     -0.0109985     -0.0109253     
-0.0109741     -0.0109131     -0.0110718     -0.0110229     
-0.0109863     -0.0110107     -0.0110474     -0.0110229     
-0.0110107     -0.0111816     -0.0109863     -0.0112305     
-0.0111938     -0.011145     -0.0112183     -0.0112915     
-0.0112427     -0.0111816     -0.0112671     -0.0111938     
-0.0112427     -0.0112183     -0.0111572     -0.011084     
-0.0111328     -0.0110229     -0.0109985     -0.011084     
-0.0109863     -0.0110962     -0.010791     -0.0109131     
-0.0109009     -0.0109619     -0.0109131     -0.0110474     
-0.011084     -0.011084     -0.011084     -0.0111206     
-0.0111328     -0.0110229     -0.0109741     -0.0109619     
-0.0108887     -0.0108154     -0.010791     -0.0107788     
-0.0108276     -0.0108276     -0.0109375     -0.0110229     
-0.0112793     -0.0112915     -0.0113403     -0.0115845     
-0.011731     -0.0118164     -0.0119751     -0.0120972     
-0.0121094     -0.0122803     -0.0121948     -0.0120972     
-0.0121948     -0.0121582     -0.0120728     -0.0120483     
-0.0119873     -0.011853     -0.0117554     -0.0117065     
-0.0115479     -0.0115601     -0.0115601     -0.0115234     
-0.0114502     -0.0116333     -0.011438     -0.0116577     
-0.0116211     -0.0117554     -0.0118042     -0.0119385     
-0.0119263     -0.0120239     -0.0120361     -0.0120483     
-0.0121704     -0.0121338     -0.0122192     -0.0122681     
-0.0122437     -0.0122314     -0.0121704     -0.0121094     
-0.012207     -0.012085     -0.0120972     -0.0119995     
-0.0120239     -0.0119019     -0.0119263     -0.0118164     
-0.0118164     -0.0118408     -0.0118164     -0.0118652     
-0.0118164     -0.0118896     -0.0117554     -0.0118164     
-0.0117554     -0.0116577     -0.0116577     -0.0115723     
-0.0114868     -0.0114136     -0.0112915     -0.0113647     
-0.0112183     -0.0112061     -0.0112915     -0.0113037     
-0.0113403     -0.0113525     -0.0113403     -0.0114624     
-0.0113892     -0.0114868     -0.011499     -0.0114868     
-0.0115356     -0.0117065     -0.0116089     -0.0116211     
-0.0116821     -0.0116699     -0.0117554     -0.011792     
-0.0117798     -0.0117188     -0.0116821     -0.0116577     
-0.0116333     -0.0115112     -0.0116089     -0.0115723     
-0.0114624     -0.0114136     -0.0114258     -0.0113159     
-0.0114746     -0.0114136     -0.0113159     -0.0114502     
-0.0115845     -0.0115723     -0.0114136     -0.0115967     
-0.0116577     -0.0116699     -0.0115967     -0.0116211     
-0.0116943     -0.0117065     -0.0115967     -0.0116089     
-0.0115234     -0.0114258     -0.0114624     -0.011438     
-0.0114746     -0.0114868     -0.011438     -0.0114136     
-0.0113403     -0.0114136     -0.0112915     -0.0114624     
-0.0112671     -0.0112671     -0.0111206     -0.0111206     
-0.0109131     -0.0109131     -0.0109253     -0.0107422     
-0.0107422     -0.0107178     -0.0105225     -0.0105591     
-0.0104614     -0.0104614     -0.0103638     -0.0102661     
-0.0101929     -0.0102417     -0.0102051     -0.010083     
-0.010022     -0.00991211     -0.0100708     -0.00998535     
-0.0100464     -0.0101196     -0.010083     -0.0102173     
-0.0102905     -0.0104126     -0.0104004     -0.0106079     
-0.0106812     -0.0106079     -0.0107544     -0.0107422     
-0.0107056     -0.0106812     -0.0105957     -0.0106812     
-0.0104858     -0.0104248     -0.0103271     -0.0103027     
-0.0101929     -0.0102173     -0.0101929     -0.0102173     
-0.0100464     -0.0101563     -0.010022     -0.0101196     
-0.0100586     -0.0101318     -0.0101196     -0.0102783     
-0.0102539     -0.0102661     -0.0102783     -0.0104248     
-0.0103638     -0.0103394     -0.0104004     -0.010376     
-0.0102783     -0.0102051     -0.0100098     -0.0100098     
-0.00999756     -0.00993652     -0.00993652     -0.00987549     
-0.00994873     -0.00992432     -0.00979004     -0.00980225     
-0.009729     -0.0097168     -0.00965576     -0.00970459     
-0.00949707     -0.00953369     -0.00943604     -0.00930176     
-0.00932617     -0.00931396     -0.00924072     -0.00932617     
-0.00932617     -0.00930176     -0.00938721     -0.00933838     
-0.00936279     -0.00938721     -0.00953369     -0.00950928     
-0.00952148     -0.00961914     -0.00935059     -0.00947266     
-0.00935059     -0.00931396     -0.00916748     -0.00931396     
-0.00915527     -0.0090332     -0.00892334     -0.00883789     
-0.00882568     -0.00872803     -0.00865479     -0.00856934     
-0.00864258     -0.00855713     -0.00859375     -0.0086792     
-0.00859375     -0.00865479     -0.00864258     -0.00878906     
-0.00874023     -0.00870361     -0.00887451     -0.00882568     
-0.00881348     -0.00872803     -0.0088501     -0.00881348     
-0.00881348     -0.00882568     -0.00866699     -0.00871582     
-0.00870361     -0.00859375     -0.00863037     -0.00863037     
-0.00854492     -0.00854492     -0.00855713     -0.00853271     
-0.00866699     -0.00870361     -0.00866699     -0.0086792     
-0.00877686     -0.00875244     -0.00871582     -0.00881348     
-0.00852051     -0.00869141     -0.00847168     -0.00848389     
-0.00830078     -0.00837402     -0.0081543     -0.0081665     
-0.00817871     -0.00794678     -0.00811768     -0.00811768     
-0.00812988     -0.00812988     -0.00804443     -0.00814209     
-0.0081665     -0.00814209     -0.00814209     -0.00820313     
-0.00817871     -0.0081543     -0.00810547     -0.00794678     
-0.00808105     -0.00797119     -0.00782471     -0.00783691     
-0.00787354     -0.00771484     -0.00761719     -0.00767822     
-0.00743408     -0.00753174     -0.00748291     -0.0074585     
-0.0074585     -0.00739746     -0.00725098     -0.00722656     
-0.00734863     -0.00717773     -0.00716553     -0.00715332     
-0.00721436     -0.00715332     -0.00718994     -0.00717773     
-0.00725098     -0.00733643     -0.00726318     -0.0074707     
-0.00732422     -0.00754395     -0.00748291     -0.00754395     
-0.0074707     -0.00750732     -0.00749512     -0.0074707     
-0.00743408     -0.00739746     -0.00734863     -0.00720215     
-0.00718994     -0.00714111     -0.00712891     -0.00709229     
-0.00709229     -0.00705566     -0.00709229     -0.00709229     
-0.00701904     -0.00705566     -0.00721436     -0.00717773     
-0.00717773     -0.00720215     -0.00716553     -0.00712891     
-0.00706787     -0.00716553     -0.00698242     -0.00706787     
-0.00712891     -0.00699463     -0.00701904     -0.00695801     
-0.00699463     -0.00704346     -0.00706787     -0.00716553     
-0.00726318     -0.0072998     -0.00722656     -0.0074585     
-0.00742188     -0.00742188     -0.00740967     -0.00760498     
-0.00750732     -0.0076416     -0.00742188     -0.00760498     
-0.00748291     -0.00748291     -0.00740967     -0.0074707     
-0.00732422     -0.00733643     -0.00726318     -0.0072998     
-0.00720215     -0.00718994     -0.00716553     -0.00714111     
-0.00712891     -0.00709229     -0.00708008     -0.00705566     
-0.00725098     -0.00716553     -0.00720215     -0.0071167     
-0.00732422     -0.00721436     -0.00717773     -0.00714111     
-0.0071167     -0.00705566     -0.00706787     -0.00701904     
-0.00689697     -0.00704346     -0.00703125     -0.0069458     
-0.00710449     -0.00704346     -0.00706787     -0.00722656     
-0.00718994     -0.00723877     -0.00727539     -0.00736084     
-0.00736084     -0.00733643     -0.00736084     -0.00733643     
-0.00742188     -0.0074707     -0.00721436     -0.00740967     
-0.00743408     -0.0074585     -0.00738525     -0.0074707     
-0.00737305     -0.00751953     -0.00753174     -0.00739746     
-0.00753174     -0.00762939     -0.00765381     -0.00773926     
-0.00778809     -0.00793457     -0.00792236     -0.00791016     
-0.00797119     -0.00804443     -0.00802002     -0.0079834     
-0.0079834     -0.00780029     -0.00775146     -0.00766602     
-0.00743408     -0.0072998     -0.00733643     -0.00726318     
-0.00718994     -0.00717773     -0.00706787     -0.00715332     
-0.00725098     -0.00721436     -0.00732422     -0.00734863     
-0.00737305     -0.0074707     -0.0074585     -0.00750732     
-0.00753174     -0.00754395     -0.00755615     -0.00758057     
-0.00750732     -0.00748291     -0.00755615     -0.00760498     
-0.00740967     -0.00755615     -0.00744629     -0.0074585     
-0.00736084     -0.0074585     -0.00726318     -0.0072876     
-0.00731201     -0.00723877     -0.00726318     -0.00738525     
-0.00740967     -0.00739746     -0.0074585     -0.0074707     
-0.00751953     -0.00740967     -0.0074585     -0.00753174     
-0.00749512     -0.00738525     -0.00732422     -0.00727539     
-0.00736084     -0.00717773     -0.00721436     -0.00731201     
-0.0072876     -0.00736084     -0.00742188     -0.0074585     
-0.00756836     -0.00775146     -0.00780029     -0.00791016     
-0.00800781     -0.00804443     -0.00791016     -0.00795898     
-0.00803223     -0.00789795     -0.00777588     -0.00766602     
-0.00760498     -0.00754395     -0.00743408     -0.0072876     
-0.0072876     -0.00732422     -0.00714111     -0.00726318     
-0.00726318     -0.00739746     -0.00727539     -0.00739746     
-0.00734863     -0.0074585     -0.00744629     -0.00742188     
-0.0074585     -0.00751953     -0.00737305     -0.00737305     
-0.00722656     -0.00726318     -0.00722656     -0.00718994     
-0.00722656     -0.00725098     -0.00727539     -0.0072876     
-0.00734863     -0.00717773     -0.00738525     -0.00737305     
-0.00748291     -0.00761719     -0.00744629     -0.00756836     
-0.00758057     -0.00769043     -0.00765381     -0.00770264     
-0.00771484     -0.00771484     -0.00770264     -0.00769043     
-0.00755615     -0.00754395     -0.00759277     -0.00755615     
-0.00756836     -0.00756836     -0.00744629     -0.00759277     
-0.00751953     -0.0074585     -0.00754395     -0.00769043     
-0.00744629     -0.00762939     -0.00754395     -0.00762939     
-0.00756836     -0.00759277     -0.0076416     -0.00762939     
-0.0076416     -0.00765381     -0.00762939     -0.00759277     
-0.00766602     -0.00760498     -0.0076416     -0.00770264     
-0.00772705     -0.00770264     -0.00765381     -0.00772705     
-0.00778809     -0.0078125     -0.00783691     -0.00777588     
-0.00789795     -0.00782471     -0.00783691     -0.00772705     
-0.00780029     -0.00772705     -0.00767822     -0.0076416     
-0.00748291     -0.00744629     -0.00718994     -0.00695801     
-0.00700684     -0.00688477     -0.0067749     -0.00675049     
-0.00665283     -0.00666504     -0.00657959     -0.00657959     
-0.00667725     -0.00675049     -0.00683594     -0.00681152     
-0.00695801     -0.00706787     -0.0069458     -0.0071167     
-0.00700684     -0.00726318     -0.00709229     -0.00717773     
-0.00698242     -0.00714111     -0.00709229     -0.00695801     
-0.00705566     -0.0069458     -0.00697021     -0.00701904     
-0.00693359     -0.00700684     -0.00704346     -0.00695801     
-0.00701904     -0.00697021     -0.00692139     -0.0069458     
-0.0069458     -0.0067627     -0.00682373     -0.00671387     
-0.00662842     -0.006604     -0.00656738     -0.00651855     
-0.00651855     -0.00662842     -0.00643311     -0.00662842     
-0.00655518     -0.00654297     -0.00657959     -0.006604     
-0.00651855     -0.00655518     -0.00654297     -0.00654297     
-0.00643311     -0.00643311     -0.00627441     -0.00637207     
-0.00635986     -0.00626221     -0.00622559     -0.00623779     
-0.00605469     -0.00621338     -0.00600586     -0.00623779     
-0.00610352     -0.00611572     -0.00609131     -0.00618896     
-0.00616455     -0.00615234     -0.00628662     -0.00615234     
-0.00617676     -0.00625     -0.00611572     -0.0060791     
-0.00603027     -0.00598145     -0.00593262     -0.00574951     
-0.00587158     -0.00578613     -0.00571289     -0.0055542     
-0.0057373     -0.00567627     -0.00561523     -0.0057373     
-0.00583496     -0.00581055     -0.00578613     -0.00584717     
-0.00579834     -0.00593262     -0.00584717     -0.00585938     
-0.00592041     -0.00598145     -0.00583496     -0.00583496     
-0.00587158     -0.00584717     -0.00595703     -0.00587158     
-0.00593262     -0.00610352     -0.00595703     -0.00604248     
-0.00605469     -0.00625     -0.00601807     -0.00626221     
-0.00618896     -0.00633545     -0.00616455     -0.00614014     
-0.00600586     -0.00605469     -0.00596924     -0.00581055     
-0.00578613     -0.00577393     -0.00557861     -0.00545654     
-0.00549316     -0.00554199     -0.00545654     -0.00557861     
-0.00568848     -0.0057373     -0.0057373     -0.00581055     
-0.00595703     -0.00594482     -0.00604248     -0.00604248     
-0.00596924     -0.00593262     -0.00582275     -0.00582275     
-0.0057373     -0.00545654     -0.00532227     -0.00548096     
-0.00533447     -0.0052002     -0.00516357     -0.00522461     
-0.00522461     -0.0052124     -0.00531006     -0.00529785     
-0.00550537     -0.00551758     -0.00559082     -0.00568848     
-0.00576172     -0.00567627     -0.00562744     -0.00578613     
-0.00557861     -0.00566406     -0.00546875     -0.00545654     
-0.00546875     -0.00546875     -0.00537109     -0.00543213     
-0.00545654     -0.00544434     -0.00556641     -0.00559082     
-0.00570068     -0.00579834     -0.00584717     -0.00577393     
-0.00594482     -0.00593262     -0.00585938     -0.00583496     
-0.00584717     -0.00567627     -0.00571289     -0.00563965     
-0.00563965     -0.00550537     -0.00534668     -0.00540771     
-0.00531006     -0.0052124     -0.00511475     -0.00523682     
-0.00513916     -0.0052124     -0.0052002     -0.0050415     
-0.00524902     -0.0052124     -0.00524902     -0.00527344     
-0.00535889     -0.00531006     -0.00537109     -0.00537109     
-0.00537109     -0.00537109     -0.00545654     -0.0053833     
-0.00541992     -0.00544434     -0.00527344     -0.00550537     
-0.00539551     -0.00544434     -0.00539551     -0.00552979     
-0.00544434     -0.00551758     -0.00549316     -0.00537109     
-0.00539551     -0.00537109     -0.00531006     -0.00534668     
-0.00533447     -0.00532227     -0.00527344     -0.0052002     
-0.00528564     -0.00523682     -0.00535889     -0.0053833     
-0.00535889     -0.00531006     -0.00545654     -0.00535889     
-0.00531006     -0.00534668     -0.00537109     -0.0053833     
-0.00535889     -0.00540771     -0.00531006     -0.00534668     
-0.00531006     -0.00515137     -0.00517578     -0.00518799     
-0.00510254     -0.00509033     -0.00501709     -0.00499268     
-0.0050415     -0.00495605     -0.0050293     -0.00510254     
-0.00515137     -0.0050293     -0.00501709     -0.00510254     
-0.00498047     -0.00500488     -0.00488281     -0.00498047     
-0.00488281     -0.00487061     -0.0046875     -0.00469971     
-0.0046875     -0.00454102     -0.00462646     -0.00466309     
-0.00469971     -0.00471191     -0.00478516     -0.0048584     
-0.00490723     -0.00495605     -0.00507813     -0.00505371     
-0.00515137     -0.00515137     -0.00515137     -0.00507813     
-0.00524902     -0.00513916     -0.00513916     -0.00516357     
-0.00523682     -0.0052124     -0.00510254     -0.00532227     
-0.00515137     -0.00526123     -0.00524902     -0.00516357     
-0.00526123     -0.0052124     -0.00507813     -0.00499268     
-0.0050415     -0.00490723     -0.0048584     -0.00482178     
-0.00477295     -0.00473633     -0.00461426     -0.00461426     
-0.00463867     -0.00467529     -0.00466309     -0.00472412     
-0.00473633     -0.00487061     -0.00476074     -0.00483398     
-0.00495605     -0.00509033     -0.00510254     -0.00517578     
-0.0052124     -0.00532227     -0.0052124     -0.00532227     
-0.0053833     -0.00532227     -0.00532227     -0.00535889     
-0.00533447     -0.00537109     -0.00535889     -0.00528564     
-0.00531006     -0.00535889     -0.00541992     -0.00544434     
-0.00551758     -0.00563965     -0.00559082     -0.00561523     
-0.00574951     -0.0059082     -0.00582275     -0.00605469     
-0.00612793     -0.00609131     -0.00612793     -0.00621338     
-0.00620117     -0.00618896     -0.00610352     -0.00623779     
-0.00623779     -0.00612793     -0.00606689     -0.00610352     
-0.00600586     -0.00595703     -0.00592041     -0.00596924     
-0.00579834     -0.00584717     -0.00567627     -0.00576172     
-0.00565186     -0.0057373     -0.00563965     -0.00563965     
-0.00563965     -0.00563965     -0.00552979     -0.00561523     
-0.00546875     -0.00545654     -0.00537109     -0.00523682     
-0.00524902     -0.00510254     -0.00506592     -0.00501709     
-0.00501709     -0.0048584     -0.00487061     -0.00479736     
-0.00493164     -0.00487061     -0.00477295     -0.00487061     
-0.0050415     -0.00509033     -0.00506592     -0.00532227     
-0.00528564     -0.00539551     -0.00545654     -0.00548096     
-0.00567627     -0.00562744     -0.00565186     -0.00570068     
-0.00570068     -0.00565186     -0.00552979     -0.00551758     
-0.0053833     -0.00546875     -0.00537109     -0.00522461     
-0.0052002     -0.00527344     -0.00506592     -0.0052124     
-0.00512695     -0.0052002     -0.00512695     -0.00523682     
-0.00526123     -0.00531006     -0.00534668     -0.00528564     
-0.00540771     -0.0055542     -0.00556641     -0.00556641     
-0.00567627     -0.00577393     -0.00581055     -0.00583496     
-0.00584717     -0.00585938     -0.00593262     -0.00598145     
-0.00593262     -0.00584717     -0.00584717     -0.00581055     
-0.00577393     -0.00579834     -0.00579834     -0.00581055     
-0.00581055     -0.00593262     -0.00582275     -0.00593262     
-0.00596924     -0.00587158     -0.00598145     -0.00606689     
-0.00599365     -0.00596924     -0.00599365     -0.00603027     
-0.00582275     -0.0057251     -0.00565186     -0.00560303     
-0.00549316     -0.00540771     -0.00517578     -0.00522461     
-0.0050415     -0.00516357     -0.0050415     -0.00512695     
-0.00511475     -0.0052002     -0.00510254     -0.0052124     
-0.0052002     -0.00509033     -0.00518799     -0.00515137     
-0.00500488     -0.00491943     -0.00484619     -0.00476074     
-0.00469971     -0.00465088     -0.0046875     -0.00457764     
-0.00471191     -0.00474854     -0.00473633     -0.00473633     
-0.00506592     -0.00517578     -0.00518799     -0.00533447     
-0.00549316     -0.00551758     -0.00539551     -0.00560303     
-0.00541992     -0.00546875     -0.00533447     -0.0052124     
-0.00526123     -0.00523682     -0.00505371     -0.00506592     
-0.00501709     -0.00498047     -0.00509033     -0.00505371     
-0.00506592     -0.0052124     -0.00512695     -0.00524902     
-0.00534668     -0.00545654     -0.0053833     -0.00548096     
-0.00539551     -0.00548096     -0.00532227     -0.00532227     
-0.00512695     -0.0052002     -0.00513916     -0.00499268     
-0.00501709     -0.00498047     -0.00488281     -0.00493164     
-0.00480957     -0.00482178     -0.00490723     -0.00483398     
-0.00488281     -0.00487061     -0.00476074     -0.00476074     
-0.00479736     -0.00471191     -0.00474854     -0.00466309     
-0.00462646     -0.00462646     -0.00460205     -0.00450439     
-0.00458984     -0.0046875     -0.00454102     -0.00476074     
-0.00471191     -0.00472412     -0.00473633     -0.00479736     
-0.00476074     -0.00482178     -0.00483398     -0.00469971     
-0.0046875     -0.00469971     -0.0045166     -0.00455322     
-0.00438232     -0.00437012     -0.0043457     -0.00450439     
-0.00427246     -0.00447998     -0.00432129     -0.0045166     
-0.00446777     -0.0045166     -0.00446777     -0.00456543     
-0.00465088     -0.00447998     -0.00456543     -0.00460205     
-0.00467529     -0.00461426     -0.00460205     -0.00477295     
-0.00478516     -0.00489502     -0.00490723     -0.00495605     
-0.00505371     -0.00505371     -0.00511475     -0.00499268     
-0.00513916     -0.00505371     -0.00483398     -0.0048584     
-0.00488281     -0.00476074     -0.00476074     -0.00471191     
-0.0045166     -0.00465088     -0.00449219     -0.0043457     
-0.00441895     -0.00439453     -0.00429688     -0.0041748     
-0.00412598     -0.00395508     -0.00394287     -0.00385742     
-0.00385742     -0.00377197     -0.00368652     -0.00377197     
-0.00377197     -0.00390625     -0.00380859     -0.00400391     
-0.00400391     -0.0041748     -0.0041748     -0.00430908     
-0.00430908     -0.00444336     -0.00428467     -0.00424805     
-0.00423584     -0.00427246     -0.00421143     -0.0041748     
-0.00412598     -0.00408936     -0.00400391     -0.00408936     
-0.00407715     -0.00401611     -0.00410156     -0.00411377     
-0.00412598     -0.00401611     -0.00413818     -0.00405273     
-0.00394287     -0.00394287     -0.00393066     -0.00394287     
-0.00377197     -0.00390625     -0.00367432     -0.0038208     
-0.00393066     -0.00384521     -0.00397949     -0.00415039     
-0.00427246     -0.00437012     -0.00449219     -0.00455322     
-0.00460205     -0.00474854     -0.00479736     -0.00487061     
-0.00490723     -0.00491943     -0.00477295     -0.00488281     
-0.00465088     -0.00471191     -0.00462646     -0.00463867     
-0.00458984     -0.00450439     -0.00445557     -0.00447998     
-0.00440674     -0.00432129     -0.00435791     -0.0043457     
-0.00435791     -0.0043335     -0.0043335     -0.00440674     
-0.00439453     -0.00441895     -0.00445557     -0.00458984     
-0.00466309     -0.00471191     -0.00478516     -0.00478516     
-0.00493164     -0.00490723     -0.00491943     -0.00479736     
-0.00482178     -0.00477295     -0.00460205     -0.00455322     
-0.00437012     -0.00430908     -0.00419922     -0.00410156     
-0.00418701     -0.00402832     -0.00389404     -0.00394287     
-0.00396729     -0.00390625     -0.00390625     -0.00395508     
-0.00397949     -0.00406494     -0.00405273     -0.00400391     
-0.00410156     -0.00412598     -0.00404053     -0.00413818     
-0.00395508     -0.00404053     -0.00393066     -0.00402832     
-0.00394287     -0.00404053     -0.00407715     -0.00401611     
-0.00415039     -0.00427246     -0.00419922     -0.00424805     
-0.00438232     -0.00437012     -0.00428467     -0.0043457     
-0.00430908     -0.00422363     -0.00415039     -0.00411377     
-0.00404053     -0.00391846     -0.00390625     -0.00391846     
-0.0038208     -0.0038208     -0.00374756     -0.00380859     
-0.00375977     -0.0038208     -0.0038208     -0.00389404     
-0.00396729     -0.00391846     -0.00401611     -0.00407715     
-0.00401611     -0.00410156     -0.00406494     -0.0041626     
-0.00402832     -0.00400391     -0.00388184     -0.00389404     
-0.0036499     -0.00360107     -0.00354004     -0.00350342     
-0.00332031     -0.00340576     -0.00325928     -0.00330811     
-0.00323486     -0.00328369     -0.00338135     -0.0034668     
-0.00360107     -0.00372314     -0.00374756     -0.0038208     
-0.0039917     -0.0039917     -0.00402832     -0.0041748     
-0.00413818     -0.00419922     -0.00406494     -0.00413818     
-0.0041626     -0.00410156     -0.0041748     -0.00407715     
-0.00427246     -0.00419922     -0.00421143     -0.00423584     
-0.00427246     -0.00419922     -0.00421143     -0.00418701     
-0.00408936     -0.00415039     -0.00402832     -0.00386963     
-0.00397949     -0.00383301     -0.00386963     -0.00397949     
-0.00401611     -0.00401611     -0.00401611     -0.0041626     
-0.00432129     -0.00440674     -0.00452881     -0.00456543     
-0.0046875     -0.00479736     -0.00477295     -0.00493164     
-0.0048584     -0.00494385     -0.00491943     -0.00498047     
-0.00493164     -0.00500488     -0.00496826     -0.00480957     
-0.0048584     -0.00487061     -0.00469971     -0.00476074     
-0.0046875     -0.00455322     -0.00449219     -0.00437012     
-0.00427246     -0.0041626     -0.0041626     -0.00394287     
-0.00391846     -0.00383301     -0.00380859     -0.00372314     
-0.0038208     -0.00378418     -0.0039917     -0.00400391     
-0.0041626     -0.00439453     -0.00432129     -0.00452881     
-0.00458984     -0.0046875     -0.00487061     -0.00495605     
-0.00484619     -0.00483398     -0.00487061     -0.00479736     
-0.00478516     -0.00474854     -0.00467529     -0.00465088     
-0.00457764     -0.00452881     -0.00435791     -0.00445557     
-0.00428467     -0.0043457     -0.00423584     -0.00429688     
-0.00419922     -0.00419922     -0.00412598     -0.00415039     
-0.00407715     -0.00402832     -0.00405273     -0.00395508     
-0.00400391     -0.00391846     -0.00385742     -0.00380859     
-0.00374756     -0.00373535     -0.0036499     -0.00360107     
-0.00372314     -0.00356445     -0.00350342     -0.003479     
-0.00373535     -0.0036377     -0.0036377     -0.00371094     
-0.00378418     -0.0038208     -0.00373535     -0.00394287     
-0.00390625     -0.0039917     -0.00402832     -0.00405273     
-0.00422363     -0.00427246     -0.00419922     -0.00429688     
-0.00441895     -0.00440674     -0.00446777     -0.00455322     
-0.00460205     -0.00465088     -0.00463867     -0.00463867     
-0.00472412     -0.00482178     -0.00479736     -0.00498047     
-0.00494385     -0.00515137     -0.0050293     -0.0052002     
-0.00522461     -0.00529785     -0.00524902     -0.00518799     
-0.00517578     -0.00518799     -0.00500488     -0.00489502     
-0.00474854     -0.00465088     -0.00458984     -0.00452881     
-0.00445557     -0.00435791     -0.00430908     -0.00423584     
-0.00423584     -0.0041748     -0.00430908     -0.00424805     
-0.00424805     -0.00421143     -0.0041748     -0.0041748     
-0.00411377     -0.00419922     -0.00404053     -0.00405273     
-0.00407715     -0.00391846     -0.00396729     -0.00385742     
-0.00375977     -0.00380859     -0.00379639     -0.00371094     
-0.00388184     -0.00379639     -0.00377197     -0.00386963     
-0.00388184     -0.00383301     -0.00388184     -0.00406494     
-0.00388184     -0.00397949     -0.00385742     -0.0039917     
-0.00394287     -0.00384521     -0.00379639     -0.00375977     
-0.0038208     -0.00371094     -0.00357666     -0.00368652     
-0.00356445     -0.00361328     -0.00355225     -0.00351563     
-0.0036499     -0.0036377     -0.00354004     -0.00366211     
-0.00371094     -0.00377197     -0.00384521     -0.00380859     
-0.00391846     -0.00391846     -0.00390625     -0.00386963     
-0.0039917     -0.00391846     -0.00395508     -0.00393066     
-0.00393066     -0.0039917     -0.00401611     -0.00394287     
-0.00400391     -0.00411377     -0.00413818     -0.00413818     
-0.00421143     -0.00426025     -0.00423584     -0.00426025     
-0.00424805     -0.00424805     -0.00438232     -0.00429688     
-0.00419922     -0.00443115     -0.00408936     -0.00418701     
-0.00412598     -0.0041626     -0.00407715     -0.0041626     
-0.0039917     -0.00415039     -0.00406494     -0.00391846     
-0.00410156     -0.00402832     -0.00401611     -0.00408936     
-0.00395508     -0.00394287     -0.00390625     -0.00379639     
-0.00389404     -0.00385742     -0.00379639     -0.00379639     
-0.00391846     -0.00384521     -0.00396729     -0.00396729     
-0.00401611     -0.00400391     -0.00401611     -0.00404053     
-0.0039917     -0.00407715     -0.00405273     -0.00405273     
-0.00405273     -0.00393066     -0.00404053     -0.00402832     
-0.0039917     -0.00397949     -0.00386963     -0.00396729     
-0.00393066     -0.00380859     -0.00369873     -0.00378418     
-0.00369873     -0.003479     -0.00340576     -0.0034668     
-0.00311279     -0.0032959     -0.00307617     -0.00313721     
-0.00296631     -0.00301514     -0.00301514     -0.00305176     
-0.00313721     -0.00314941     -0.00327148     -0.00334473     
-0.00360107     -0.00361328     -0.00362549     -0.00375977     
-0.00384521     -0.00385742     -0.00394287     -0.00412598     
-0.00406494     -0.00402832     -0.00404053     -0.00401611     
-0.00410156     -0.00389404     -0.00388184     -0.00385742     
-0.00386963     -0.00378418     -0.00357666     -0.00357666     
-0.00334473     -0.00336914     -0.00328369     -0.00313721     
-0.00330811     -0.00316162     -0.00297852     -0.003125     
-0.00316162     -0.00316162     -0.00327148     -0.0032959     
-0.00333252     -0.00345459     -0.00339355     -0.0034668     
-0.00351563     -0.00360107     -0.00358887     -0.00374756     
-0.0036499     -0.00384521     -0.00369873     -0.00380859     
-0.00374756     -0.00368652     -0.00361328     -0.0034668     
-0.00343018     -0.00334473     -0.00313721     -0.003125     
-0.00305176     -0.00297852     -0.00305176     -0.00296631     
-0.00301514     -0.00306396     -0.00314941     -0.00316162     
-0.00323486     -0.00322266     -0.00345459     -0.00351563     
-0.00343018     -0.00354004     -0.00368652     -0.0036499     
-0.0036377     -0.00377197     -0.0036377     -0.00377197     
-0.00373535     -0.00358887     -0.0036377     -0.00366211     
-0.00355225     -0.0034668     -0.00354004     -0.00352783     
-0.00341797     -0.00344238     -0.00339355     -0.00352783     
-0.003479     -0.00343018     -0.003479     -0.00360107     
-0.00349121     -0.0036377     -0.00345459     -0.00354004     
-0.003479     -0.003479     -0.00345459     -0.00349121     
-0.00345459     -0.00341797     -0.00333252     -0.00339355     
-0.00328369     -0.00332031     -0.00324707     -0.0032959     
-0.00319824     -0.00311279     -0.00300293     -0.00308838     
-0.00306396     -0.0029541     -0.00302734     -0.00290527     
-0.00305176     -0.00302734     -0.00292969     -0.00307617     
-0.00317383     -0.00306396     -0.00319824     -0.00333252     
-0.00324707     -0.00341797     -0.00341797     -0.00344238     
-0.00354004     -0.00354004     -0.00354004     -0.0036377     
-0.00377197     -0.00379639     -0.00377197     -0.00388184     
-0.00395508     -0.00411377     -0.00413818     -0.00426025     
-0.00426025     -0.00445557     -0.00423584     -0.00443115     
-0.00439453     -0.00443115     -0.00423584     -0.00437012     
-0.00427246     -0.00426025     -0.00405273     -0.0039917     
-0.00401611     -0.00391846     -0.00400391     -0.00390625     
-0.00383301     -0.0038208     -0.00373535     -0.00374756     
-0.00372314     -0.00379639     -0.00378418     -0.00367432     
-0.00383301     -0.00368652     -0.00369873     -0.00362549     
-0.00366211     -0.00360107     -0.00362549     -0.00371094     
-0.0036499     -0.00377197     -0.00358887     -0.00374756     
-0.00377197     -0.00378418     -0.0038208     -0.00383301     
-0.00378418     -0.00384521     -0.00380859     -0.00372314     
-0.00371094     -0.00371094     -0.00361328     -0.00362549     
-0.00357666     -0.00354004     -0.00344238     -0.00355225     
-0.00344238     -0.00355225     -0.00354004     -0.00352783     
-0.00351563     -0.0036499     -0.0034668     -0.003479     
-0.00361328     -0.00352783     -0.00356445     -0.00356445     
-0.00356445     -0.00351563     -0.00345459     -0.00351563     
-0.00352783     -0.00339355     -0.00350342     -0.003479     
-0.00358887     -0.00338135     -0.00344238     -0.00339355     
-0.0034668     -0.00339355     -0.00341797     -0.00336914     
-0.00335693     -0.00332031     -0.00322266     -0.00325928     
-0.00310059     -0.00311279     -0.00314941     -0.00305176     
-0.00310059     -0.00305176     -0.00294189     -0.00296631     
-0.00300293     -0.00292969     -0.00290527     -0.00291748     
-0.00300293     -0.00299072     -0.00300293     -0.00289307     
-0.00299072     -0.00308838     -0.00302734     -0.00323486     
-0.00311279     -0.00322266     -0.00308838     -0.00307617     
-0.00305176     -0.00310059     -0.00305176     -0.00289307     
-0.00299072     -0.00292969     -0.00285645     -0.00283203     
-0.00285645     -0.00286865     -0.00289307     -0.00290527     
-0.00301514     -0.00300293     -0.00300293     -0.00292969     
-0.00308838     -0.00303955     -0.00322266     -0.00322266     
-0.00321045     -0.00313721     -0.00314941     -0.00306396     
-0.00316162     -0.00311279     -0.00292969     -0.00306396     
-0.00308838     -0.00297852     -0.00300293     -0.00297852     
-0.00305176     -0.00316162     -0.00314941     -0.00306396     
-0.00330811     -0.00328369     -0.003125     -0.00322266     
-0.00314941     -0.00308838     -0.00313721     -0.0032959     
-0.00307617     -0.00311279     -0.00296631     -0.00306396     
-0.00300293     -0.00310059     -0.00301514     -0.003125     
-0.00314941     -0.00319824     -0.00319824     -0.00328369     
-0.00330811     -0.00335693     -0.00335693     -0.00338135     
-0.00341797     -0.00340576     -0.00338135     -0.00339355     
-0.00343018     -0.00345459     -0.00338135     -0.00328369     
-0.00345459     -0.00335693     -0.00316162     -0.00323486     
-0.00325928     -0.00322266     -0.00317383     -0.00323486     
-0.00316162     -0.00322266     -0.00318604     -0.00322266     
-0.00325928     -0.0032959     -0.00334473     -0.00344238     
-0.00360107     -0.00372314     -0.0036377     -0.00372314     
-0.00380859     -0.00389404     -0.00395508     -0.00386963     
-0.00393066     -0.00402832     -0.00377197     -0.00397949     
-0.00375977     -0.0038208     -0.0036499     -0.00373535     
-0.00357666     -0.00350342     -0.00338135     -0.00310059     
-0.00313721     -0.00296631     -0.00289307     -0.00280762     
-0.00274658     -0.00275879     -0.00263672     -0.00268555     
-0.0027832     -0.00279541     -0.00292969     -0.0029541     
-0.00311279     -0.00303955     -0.00314941     -0.00323486     
-0.00321045     -0.00319824     -0.00319824     -0.00328369     
-0.00323486     -0.00328369     -0.00299072     -0.00308838     
-0.00313721     -0.00305176     -0.003125     -0.00311279     
-0.00305176     -0.00311279     -0.00300293     -0.00297852     
-0.00296631     -0.00292969     -0.0029541     -0.00289307     
-0.00289307     -0.00284424     -0.00283203     -0.00291748     
-0.002771     -0.00300293     -0.00286865     -0.00296631     
-0.00306396     -0.00327148     -0.00318604     -0.00333252     
-0.0034668     -0.00343018     -0.0034668     -0.00367432     
-0.0036377     -0.00362549     -0.00356445     -0.00355225     
-0.00361328     -0.00344238     -0.00344238     -0.00335693     
-0.00334473     -0.00325928     -0.00310059     -0.00291748     
-0.00296631     -0.00281982     -0.00274658     -0.00266113     
-0.0026123     -0.00252686     -0.00236816     -0.00247803     
-0.00235596     -0.00244141     -0.00235596     -0.00233154     
-0.00244141     -0.00241699     -0.0024292     -0.00257568     
-0.00264893     -0.00266113     -0.00266113     -0.00279541     
-0.00284424     -0.00288086     -0.00284424     -0.0027832     
-0.00280762     -0.00290527     -0.00266113     -0.00269775     
-0.00268555     -0.002771     -0.0026001     -0.00280762     
-0.00269775     -0.00286865     -0.00281982     -0.00284424     
-0.00299072     -0.00307617     -0.00305176     -0.00303955     
-0.00313721     -0.00319824     -0.00323486     -0.00330811     
-0.00330811     -0.0032959     -0.00338135     -0.00335693     
-0.00341797     -0.00332031     -0.00351563     -0.003479     
-0.0034668     -0.00349121     -0.00352783     -0.00352783     
-0.00351563     -0.00352783     -0.00338135     -0.00338135     
-0.00340576     -0.00328369     -0.00314941     -0.003125     
-0.00300293     -0.00290527     -0.00299072     -0.00292969     
-0.00301514     -0.00299072     -0.00296631     -0.00308838     
-0.00307617     -0.00311279     -0.00327148     -0.00339355     
-0.00333252     -0.00341797     -0.00327148     -0.00341797     
-0.00339355     -0.00332031     -0.00327148     -0.00339355     
-0.00324707     -0.00313721     -0.00308838     -0.00302734     
-0.00299072     -0.00279541     -0.00280762     -0.00269775     
-0.0026123     -0.00251465     -0.00239258     -0.00249023     
-0.00244141     -0.00231934     -0.00227051     -0.00230713     
-0.00251465     -0.00244141     -0.00229492     -0.00249023     
-0.00256348     -0.00252686     -0.00255127     -0.00270996     
-0.00256348     -0.00263672     -0.0026001     -0.00257568     
-0.0026001     -0.00251465     -0.00249023     -0.00249023     
-0.0024292     -0.00244141     -0.00227051     -0.00220947     
-0.00224609     -0.0022583     -0.00229492     -0.00222168     
-0.00224609     -0.00240479     -0.00223389     -0.00241699     
-0.00240479     -0.00252686     -0.00253906     -0.0026123     
-0.00269775     -0.00275879     -0.0027832     -0.0029541     
-0.00300293     -0.00303955     -0.00310059     -0.00316162     
-0.00322266     -0.00323486     -0.00321045     -0.00321045     
-0.00327148     -0.0032959     -0.00340576     -0.00335693     
-0.00343018     -0.00332031     -0.00341797     -0.00333252     
-0.00330811     -0.00313721     -0.00310059     -0.00310059     
-0.0029541     -0.0029541     -0.00279541     -0.00283203     
-0.00275879     -0.00274658     -0.00272217     -0.00272217     
-0.002771     -0.00284424     -0.00284424     -0.00279541     
-0.0029541     -0.00297852     -0.00307617     -0.00311279     
-0.00314941     -0.00319824     -0.00314941     -0.00314941     
-0.00307617     -0.00324707     -0.00300293     -0.00324707     
-0.00313721     -0.00305176     -0.00296631     -0.00299072     
-0.00307617     -0.00300293     -0.00310059     -0.00311279     
-0.00321045     -0.00325928     -0.00314941     -0.00327148     
-0.00324707     -0.00319824     -0.00323486     -0.00316162     
-0.003125     -0.00300293     -0.00285645     -0.00273438     
-0.00275879     -0.0026001     -0.00250244     -0.00256348     
-0.00253906     -0.00238037     -0.00236816     -0.00239258     
-0.00230713     -0.00238037     -0.00244141     -0.00239258     
-0.00252686     -0.00263672     -0.00256348     -0.00255127     
-0.00270996     -0.00269775     -0.00275879     -0.002771     
-0.0027832     -0.00281982     -0.002771     -0.00280762     
-0.00273438     -0.00290527     -0.00270996     -0.00283203     
-0.00280762     -0.00291748     -0.00275879     -0.00280762     
-0.0027832     -0.00280762     -0.00267334     -0.00264893     
-0.00263672     -0.00257568     -0.00240479     -0.00230713     
-0.00236816     -0.00227051     -0.00217285     -0.00213623     
-0.00212402     -0.0020874     -0.00200195     -0.00195313     
-0.0020874     -0.00203857     -0.00217285     -0.0022583     
-0.00239258     -0.00247803     -0.00258789     -0.00268555     
-0.00291748     -0.00303955     -0.00305176     -0.00319824     
-0.0032959     -0.00333252     -0.00335693     -0.00325928     
-0.00328369     -0.00313721     -0.00301514     -0.00300293     
-0.00294189     -0.00275879     -0.00266113     -0.00272217     
-0.00266113     -0.00250244     -0.00253906     -0.00266113     
-0.00253906     -0.00272217     -0.00253906     -0.00263672     
-0.00266113     -0.00267334     -0.00262451     -0.0027832     
-0.002771     -0.00274658     -0.00279541     -0.00280762     
-0.00283203     -0.00294189     -0.00292969     -0.00288086     
-0.00291748     -0.00296631     -0.00284424     -0.00286865     
-0.00286865     -0.0027832     -0.00292969     -0.00267334     
-0.00274658     -0.00256348     -0.00244141     -0.00230713     
-0.00224609     -0.00216064     -0.00195313     -0.00197754     
-0.00186768     -0.00197754     -0.00183105     -0.00174561     
-0.0019043     -0.00185547     -0.00198975     -0.00212402     
-0.0022583     -0.00230713     -0.00240479     -0.00249023     
-0.00264893     -0.00267334     -0.00275879     -0.00283203     
-0.00283203     -0.00284424     -0.00274658     -0.00292969     
-0.00279541     -0.00299072     -0.00299072     -0.00308838     
-0.00296631     -0.00313721     -0.00314941     -0.00314941     
-0.00327148     -0.00324707     -0.0032959     -0.00333252     
-0.00332031     -0.00336914     -0.00324707     -0.00319824     
-0.00317383     -0.00316162     -0.00321045     -0.00316162     
-0.00311279     -0.00307617     -0.00313721     -0.00302734     
-0.00305176     -0.00305176     -0.00308838     -0.00306396     
-0.00303955     -0.00302734     -0.00289307     -0.00286865     
-0.00283203     -0.0026123     -0.00258789     -0.00250244     
-0.00239258     -0.00236816     -0.00236816     -0.00233154     
-0.00253906     -0.00253906     -0.00262451     -0.00284424     
-0.00299072     -0.00303955     -0.00313721     -0.00335693     
-0.0032959     -0.00349121     -0.00335693     -0.00351563     
-0.00352783     -0.00361328     -0.00340576     -0.00345459     
-0.0034668     -0.00335693     -0.00333252     -0.00325928     
-0.00316162     -0.00310059     -0.00292969     -0.00288086     
-0.0027832     -0.00267334     -0.0026001     -0.00253906     
-0.00252686     -0.00244141     -0.00235596     -0.00236816     
-0.00241699     -0.00234375     -0.00235596     -0.00234375     
-0.00238037     -0.0024292     -0.00235596     -0.0024292     
-0.00246582     -0.00250244     -0.00246582     -0.00239258     
-0.00253906     -0.00258789     -0.00257568     -0.00251465     
-0.00258789     -0.0026123     -0.00268555     -0.00266113     
-0.00267334     -0.00270996     -0.00273438     -0.00264893     
-0.00262451     -0.00268555     -0.00258789     -0.00270996     
-0.00251465     -0.00249023     -0.00239258     -0.00239258     
-0.00220947     -0.00220947     -0.00213623     -0.00219727     
-0.0022583     -0.00235596     -0.00217285     -0.00217285     
-0.0022583     -0.00220947     -0.00222168     -0.00224609     
-0.00228271     -0.00222168     -0.00223389     -0.00223389     
-0.00227051     -0.00211182     -0.00224609     -0.00214844     
-0.00218506     -0.00212402     -0.0020874     -0.00205078     
-0.00206299     -0.00206299     -0.00197754     -0.00198975     
-0.00198975     -0.00189209     -0.00179443     -0.00180664     
-0.00180664     -0.00178223     -0.0017334     -0.00180664     
-0.00179443     -0.00186768     -0.00166016     -0.00180664     
-0.00183105     -0.00180664     -0.00183105     -0.00202637     
-0.00192871     -0.0020752     -0.00201416     -0.00209961     
-0.0020874     -0.00219727     -0.0020752     -0.00216064     
-0.00222168     -0.00222168     -0.00214844     -0.00214844     
-0.00219727     -0.00220947     -0.00216064     -0.00233154     
-0.00235596     -0.00241699     -0.00239258     -0.00247803     
-0.00258789     -0.00252686     -0.00263672     -0.00262451     
-0.00279541     -0.00270996     -0.00267334     -0.00269775     
-0.00284424     -0.00279541     -0.00285645     -0.00292969     
-0.00289307     -0.00306396     -0.00302734     -0.00305176     
-0.00303955     -0.00311279     -0.00306396     -0.00305176     
-0.00306396     -0.00292969     -0.0029541     -0.00280762     
-0.00281982     -0.00283203     -0.00292969     -0.00288086     
-0.00290527     -0.00294189     -0.00281982     -0.00303955     
-0.00290527     -0.0029541     -0.00291748     -0.00311279     
-0.00294189     -0.00302734     -0.0029541     -0.00283203     
-0.00288086     -0.00284424     -0.00288086     -0.00274658     
-0.00270996     -0.00267334     -0.00253906     -0.00251465     
-0.00251465     -0.00253906     -0.00257568     -0.00245361     
-0.00252686     -0.00240479     -0.00245361     -0.0024292     
-0.00241699     -0.00238037     -0.00249023     -0.00249023     
-0.00246582     -0.00246582     -0.0022583     -0.00247803     
-0.00241699     -0.00220947     -0.00233154     -0.00231934     
-0.00223389     -0.00229492     -0.00227051     -0.00222168     
-0.00230713     -0.00231934     -0.0022583     -0.00229492     
-0.00230713     -0.00228271     -0.0022583     -0.00239258     
-0.00217285     -0.00233154     -0.00233154     -0.00244141     
-0.00234375     -0.00246582     -0.00245361     -0.00252686     
-0.00253906     -0.00252686     -0.00264893     -0.00273438     
-0.0026001     -0.0026001     -0.00256348     -0.00256348     
-0.00241699     -0.00234375     -0.00230713     -0.0022583     
-0.00233154     -0.00229492     -0.00230713     -0.00233154     
-0.00252686     -0.00252686     -0.00255127     -0.00267334     
-0.00275879     -0.00284424     -0.00294189     -0.00299072     
-0.00292969     -0.00318604     -0.00311279     -0.00301514     
-0.00322266     -0.00323486     -0.00308838     -0.00311279     
-0.00323486     -0.00313721     -0.00303955     -0.00303955     
-0.00299072     -0.00299072     -0.00283203     -0.0027832     
-0.00272217     -0.002771     -0.00249023     -0.00272217     
-0.00252686     -0.00253906     -0.00238037     -0.00250244     
-0.00246582     -0.00253906     -0.00263672     -0.00251465     
-0.00269775     -0.00286865     -0.00280762     -0.0027832     
-0.00284424     -0.00292969     -0.00296631     -0.00294189     
-0.0029541     -0.00291748     -0.00294189     -0.00289307     
-0.00284424     -0.00286865     -0.00280762     -0.00289307     
-0.00283203     -0.00274658     -0.0027832     -0.00275879     
-0.00275879     -0.00274658     -0.00262451     -0.00273438     
-0.00281982     -0.00272217     -0.00263672     -0.0026123     
-0.00253906     -0.00253906     -0.00256348     -0.00244141     
-0.00250244     -0.00246582     -0.00239258     -0.00240479     
-0.00230713     -0.00229492     -0.00220947     -0.00227051     
-0.00219727     -0.00231934     -0.00220947     -0.00228271     
-0.00238037     -0.00249023     -0.00239258     -0.00256348     
-0.00263672     -0.00258789     -0.00273438     -0.002771     
-0.00280762     -0.0027832     -0.00270996     -0.00274658     
-0.002771     -0.00253906     -0.0024292     -0.00244141     
-0.00239258     -0.00222168     -0.00216064     -0.00195313     
-0.00217285     -0.00201416     -0.00198975     -0.00205078     
-0.00213623     -0.00202637     -0.00213623     -0.00222168     
-0.00224609     -0.00233154     -0.00234375     -0.00218506     
-0.00235596     -0.00230713     -0.00224609     -0.00223389     
-0.00222168     -0.00212402     -0.00209961     -0.00211182     
-0.00209961     -0.00209961     -0.00217285     -0.00217285     
-0.00236816     -0.00239258     -0.00228271     -0.0026123     
-0.00257568     -0.00285645     -0.00286865     -0.0029541     
-0.00299072     -0.00307617     -0.00308838     -0.00307617     
-0.00305176     -0.00308838     -0.003125     -0.00300293     
-0.00292969     -0.00290527     -0.0027832     -0.00266113     
-0.0026001     -0.0026001     -0.00249023     -0.00249023     
-0.0026123     -0.00249023     -0.00264893     -0.0026001     
-0.00263672     -0.002771     -0.00283203     -0.00289307     
-0.00300293     -0.00314941     -0.00296631     -0.00311279     
-0.00319824     -0.00306396     -0.00321045     -0.00316162     
-0.003125     -0.00314941     -0.00305176     -0.00297852     
-0.00302734     -0.00299072     -0.00290527     -0.00294189     
-0.00300293     -0.0029541     -0.00292969     -0.00296631     
-0.00284424     -0.00292969     -0.00279541     -0.00288086     
-0.00269775     -0.00262451     -0.00247803     -0.00252686     
-0.00253906     -0.00238037     -0.00238037     -0.0024292     
-0.00240479     -0.00233154     -0.00229492     -0.00228271     
-0.00240479     -0.00240479     -0.00240479     -0.00238037     
-0.00238037     -0.00239258     -0.00241699     -0.00220947     
-0.00235596     -0.00230713     -0.00220947     -0.00224609     
-0.00227051     -0.00234375     -0.00235596     -0.00251465     
-0.00239258     -0.00255127     -0.0026123     -0.00256348     
-0.00272217     -0.00269775     -0.00263672     -0.00262451     
-0.00264893     -0.00262451     -0.00250244     -0.0024292     
-0.0024292     -0.00229492     -0.00214844     -0.0020752     
-0.00200195     -0.00200195     -0.00192871     -0.00205078     
-0.00187988     -0.00203857     -0.00194092     -0.00205078     
-0.0019165     -0.00216064     -0.00224609     -0.00220947     
-0.0024292     -0.00251465     -0.00252686     -0.00255127     
-0.00257568     -0.00263672     -0.00270996     -0.00264893     
-0.00273438     -0.00262451     -0.00264893     -0.00272217     
-0.0026123     -0.00250244     -0.00262451     -0.00258789     
-0.00251465     -0.00262451     -0.00264893     -0.0026123     
-0.00267334     -0.00281982     -0.00281982     -0.00289307     
-0.00302734     -0.00300293     -0.00300293     -0.00289307     
-0.0027832     -0.00269775     -0.00262451     -0.00251465     
-0.00244141     -0.00230713     -0.00217285     -0.00218506     
-0.00206299     -0.00205078     -0.00209961     -0.0022583     
-0.0020752     -0.00229492     -0.00220947     -0.00233154     
-0.00222168     -0.00230713     -0.00230713     -0.00250244     
-0.00247803     -0.00235596     -0.00245361     -0.00256348     
-0.00252686     -0.00266113     -0.00269775     -0.00264893     
-0.00269775     -0.00273438     -0.00269775     -0.00269775     
-0.00275879     -0.00272217     -0.00258789     -0.00255127     
-0.00267334     -0.00251465     -0.00246582     -0.00241699     
-0.00234375     -0.00229492     -0.00228271     -0.00230713     
-0.00216064     -0.00219727     -0.00209961     -0.00200195     
-0.00206299     -0.00219727     -0.00212402     -0.00218506     
-0.00231934     -0.00234375     -0.00229492     -0.00239258     
-0.00257568     -0.00262451     -0.00267334     -0.00270996     
-0.00273438     -0.00290527     -0.00270996     -0.00285645     
-0.00275879     -0.00290527     -0.00285645     -0.00283203     
-0.00273438     -0.00291748     -0.00283203     -0.00272217     
-0.00284424     -0.00290527     -0.00290527     -0.00283203     
-0.00286865     -0.00283203     -0.0027832     -0.00279541     
-0.00273438     -0.00272217     -0.00274658     -0.00268555     
-0.00269775     -0.0026123     -0.00258789     -0.0024292     
-0.00239258     -0.00227051     -0.00230713     -0.00219727     
-0.00213623     -0.00209961     -0.00203857     -0.0020752     
-0.00202637     -0.00186768     -0.00205078     -0.00203857     
-0.00213623     -0.00209961     -0.00214844     -0.00219727     
-0.00223389     -0.00219727     -0.00218506     -0.00220947     
-0.0022583     -0.00220947     -0.0020874     -0.00218506     
-0.00205078     -0.0020874     -0.00189209     -0.00211182     
-0.0019165     -0.00197754     -0.00186768     -0.00201416     
-0.00200195     -0.00180664     -0.0019165     -0.0019165     
-0.00177002     -0.00175781     -0.00164795     -0.00163574     
-0.00161133     -0.00153809     -0.00153809     -0.00150146     
-0.00158691     -0.0015625     -0.0015625     -0.00150146     
-0.00168457     -0.00169678     -0.00169678     -0.00181885     
-0.00201416     -0.00181885     -0.0019165     -0.00201416     
-0.00194092     -0.00211182     -0.0020874     -0.00213623     
-0.00218506     -0.00211182     -0.00201416     -0.00209961     
-0.0020752     -0.00205078     -0.00206299     -0.00213623     
-0.00211182     -0.00213623     -0.00206299     -0.00205078     
-0.00202637     -0.00217285     -0.0019165     -0.00211182     
-0.00201416     -0.0020874     -0.00195313     -0.00206299     
-0.00196533     -0.00202637     -0.00200195     -0.0019165     
-0.00202637     -0.00203857     -0.0019043     -0.00194092     
-0.00203857     -0.00202637     -0.00194092     -0.00195313     
-0.00200195     -0.00195313     -0.00183105     -0.0019043     
-0.00202637     -0.00184326     -0.00200195     -0.00192871     
-0.00201416     -0.0020874     -0.00205078     -0.00212402     
-0.00205078     -0.00216064     -0.00206299     -0.00212402     
-0.00224609     -0.00214844     -0.0020874     -0.00203857     
-0.00202637     -0.00211182     -0.00213623     -0.00201416     
-0.00203857     -0.00211182     -0.00198975     -0.00205078     
-0.00212402     -0.00196533     -0.0019043     -0.00211182     
-0.00192871     -0.00198975     -0.00187988     -0.0020752     
-0.00197754     -0.00202637     -0.00198975     -0.00214844     
-0.0022583     -0.00220947     -0.00229492     -0.00238037     
-0.00244141     -0.00252686     -0.0026001     -0.00253906     
-0.00263672     -0.00267334     -0.00258789     -0.0026001     
-0.00262451     -0.00250244     -0.00246582     -0.00229492     
-0.00241699     -0.0022583     -0.00212402     -0.0020752     
-0.00209961     -0.00202637     -0.00205078     -0.00200195     
-0.0019165     -0.00211182     -0.00198975     -0.00198975     
-0.00214844     -0.0020874     -0.00211182     -0.00209961     
-0.00218506     -0.00214844     -0.00214844     -0.0020752     
-0.00206299     -0.00211182     -0.0020752     -0.00205078     
-0.00216064     -0.00224609     -0.00206299     -0.0022583     
-0.00209961     -0.00233154     -0.00230713     -0.00234375     
-0.00229492     -0.00236816     -0.00233154     -0.00224609     
-0.00231934     -0.00222168     -0.00219727     -0.00213623     
-0.00228271     -0.00220947     -0.00219727     -0.00227051     
-0.00240479     -0.0024292     -0.00255127     -0.00270996     
-0.00273438     -0.0027832     -0.00291748     -0.00273438     
-0.00290527     -0.00285645     -0.00272217     -0.00269775     
-0.00268555     -0.0026001     -0.00238037     -0.00247803     
-0.00241699     -0.00220947     -0.00222168     -0.0022583     
-0.00220947     -0.00212402     -0.00211182     -0.00203857     
-0.00197754     -0.0019043     -0.00192871     -0.00189209     
-0.0019165     -0.00183105     -0.00170898     -0.00179443     
-0.00164795     -0.00167236     -0.00163574     -0.00167236     
-0.00163574     -0.00161133     -0.00148926     -0.00162354     
-0.00161133     -0.00155029     -0.00172119     -0.00167236     
-0.00175781     -0.00181885     -0.00181885     -0.00194092     
-0.00187988     -0.00194092     -0.00195313     -0.00198975     
-0.00217285     -0.0020752     -0.00213623     -0.0020874     
-0.00220947     -0.00209961     -0.00218506     -0.0022583     
-0.00230713     -0.00236816     -0.00228271     -0.00236816     
-0.00239258     -0.00249023     -0.00240479     -0.00228271     
-0.00236816     -0.00235596     -0.00217285     -0.00212402     
-0.0020874     -0.00192871     -0.00194092     -0.00197754     
-0.00186768     -0.00184326     -0.00177002     -0.00162354     
-0.00168457     -0.00175781     -0.00157471     -0.00174561     
-0.00168457     -0.00163574     -0.00150146     -0.00169678     
-0.00161133     -0.00164795     -0.00168457     -0.00151367     
-0.0015625     -0.0017334     -0.00161133     -0.0015625     
-0.00166016     -0.00163574     -0.00168457     -0.00169678     
-0.00180664     -0.00185547     -0.00194092     -0.00197754     
-0.00205078     -0.0020752     -0.00213623     -0.00216064     
-0.00220947     -0.00214844     -0.00219727     -0.00197754     
-0.00184326     -0.00185547     -0.00166016     -0.00161133     
-0.00161133     -0.00136719     -0.00135498     -0.00129395     
-0.00130615     -0.00140381     -0.00153809     -0.00153809     
-0.00179443     -0.00192871     -0.00195313     -0.00223389     
-0.0022583     -0.00236816     -0.00244141     -0.00268555     
-0.00263672     -0.00273438     -0.00258789     -0.00275879     
-0.00272217     -0.00283203     -0.00272217     -0.002771     
-0.00279541     -0.00263672     -0.0026001     -0.00264893     
-0.00255127     -0.00246582     -0.0024292     -0.00236816     
-0.00241699     -0.00222168     -0.00220947     -0.00220947     
-0.0022583     -0.00213623     -0.0020874     -0.00205078     
-0.00224609     -0.00214844     -0.00205078     -0.00202637     
-0.00212402     -0.00205078     -0.00206299     -0.00212402     
-0.00189209     -0.00217285     -0.00213623     -0.00203857     
-0.0020752     -0.00211182     -0.00211182     -0.00202637     
-0.00211182     -0.00209961     -0.00205078     -0.00205078     
-0.00200195     -0.0020874     -0.00203857     -0.00200195     
-0.00216064     -0.00238037     -0.00227051     -0.00235596     
-0.00235596     -0.00252686     -0.00249023     -0.0026001     
-0.00255127     -0.00255127     -0.00255127     -0.00238037     
-0.00244141     -0.00241699     -0.00231934     -0.00224609     
-0.00227051     -0.00217285     -0.0020752     -0.00203857     
-0.00184326     -0.00195313     -0.00196533     -0.0017334     
-0.00180664     -0.00174561     -0.00185547     -0.00180664     
-0.00175781     -0.00184326     -0.00189209     -0.00186768     
-0.00195313     -0.00209961     -0.00186768     -0.0020874     
-0.00213623     -0.00203857     -0.00217285     -0.00217285     
-0.00211182     -0.0020874     -0.00192871     -0.0019043     
-0.00175781     -0.00177002     -0.00164795     -0.00152588     

