Source : transient; Time : Wed Jun 14 07:08:21 2017
B0 = 3672.000000 Gauss, mw = 9.686281 GHz
 NDI-T2 sa261 20/2 42/25 523nm/1mJ
1 5000 -1.001e-06 8.997e-06 0 0
s                        V                                                 
0.000244141     0.000366211     0.000244141     8.54492e-05     
0.000109863     0.000244141     0.000231934     7.32422e-05     
0     0.000244141     9.76563e-05     -2.44141e-05     
2.44141e-05     0.000146484     1.2207e-05     -2.44141e-05     
-0.000158691     0     -8.54492e-05     -0.000354004     
-0.000305176     -0.000219727     -0.000378418     -0.000500488     
-0.00057373     -0.000476074     -0.000524902     -0.00065918     
-0.000598145     -0.000390625     -0.000476074     -0.000366211     
-0.000219727     -0.000146484     -4.88281e-05     -9.76563e-05     
3.66211e-05     0.000244141     6.10352e-05     0.000146484     
0.000134277     0.000219727     4.88281e-05     -0.00012207     
-0.000146484     -0.000109863     -0.000231934     -0.000341797     
-0.000366211     -0.000268555     -0.000378418     -0.00057373     
-0.000354004     -0.000305176     -0.000354004     -0.000439453     
-0.000305176     -0.000170898     -0.000219727     -0.000183105     
-0.00020752     2.44141e-05     -1.2207e-05     -9.76563e-05     
-0.000146484     1.2207e-05     -4.88281e-05     -0.000170898     
-0.000109863     -2.44141e-05     -6.10352e-05     -0.000219727     
-0.000170898     0     -3.66211e-05     -0.000219727     
-3.66211e-05     0     0     -0.00012207     
-0.00012207     -1.2207e-05     -1.2207e-05     -0.00012207     
-0.000170898     -0.000109863     -0.000219727     -0.000280762     
-0.000244141     -0.000158691     -0.000146484     -0.000305176     
-0.000244141     -0.00012207     -0.000183105     -0.000292969     
-0.000268555     -0.000195313     -0.000390625     -0.000476074     
-0.000488281     -0.000427246     -0.000488281     -0.000671387     
-0.000695801     -0.00045166     -0.00057373     -0.000708008     
-0.00065918     -0.000500488     -0.000500488     -0.000634766     
-0.000610352     -0.000463867     -0.000500488     -0.000671387     
-0.00065918     -0.000512695     -0.000671387     -0.000769043     
-0.000708008     -0.000708008     -0.000744629     -0.000793457     
-0.000671387     -0.000610352     -0.00057373     -0.000610352     
-0.000439453     -0.000366211     -0.000256348     -0.000219727     
-0.00020752     0.000109863     7.32422e-05     1.2207e-05     
2.44141e-05     0.000170898     8.54492e-05     -2.44141e-05     
-4.88281e-05     -2.44141e-05     -0.000146484     -0.000341797     
-0.000317383     -0.000354004     -0.000354004     -0.00045166     
-0.000488281     -0.000268555     -0.000292969     -0.000390625     
-0.000219727     -0.000170898     -0.000146484     -0.00032959     
-0.000280762     -0.00012207     -0.000268555     -0.000244141     
-0.000170898     -0.000170898     -0.000183105     -0.000305176     
-0.000280762     -0.000134277     -0.000158691     -0.000195313     
-0.000244141     -0.000158691     -0.000158691     -0.000256348     
-0.000231934     -0.000134277     -0.000244141     -0.00032959     
-0.00032959     -0.000292969     -0.00032959     -0.000317383     
-0.000366211     -0.000183105     -0.000244141     -0.000195313     
-0.00020752     0     1.2207e-05     6.10352e-05     
0.000183105     0.000390625     0.000354004     0.000402832     
0.000488281     0.000598145     0.00065918     0.000561523     
0.000695801     0.000805664     0.00065918     0.000646973     
0.000622559     0.000708008     0.000793457     0.000598145     
0.000683594     0.000854492     0.000793457     0.000671387     
0.000720215     0.00090332     0.000683594     0.000524902     
0.000512695     0.000646973     0.000415039     0.000292969     
0.00020752     0.000219727     0.000170898     -3.66211e-05     
0     7.32422e-05     -0.00012207     -0.000219727     
-0.000292969     -0.000268555     -0.000231934     -0.000549316     
-0.000378418     -0.000402832     -0.000439453     -0.000512695     
-0.000500488     -0.000390625     -0.000415039     -0.000524902     
-0.000524902     -0.000305176     -0.000354004     -0.000390625     
-0.000354004     -0.000219727     -0.000158691     -0.000195313     
-4.88281e-05     7.32422e-05     0.000146484     0.000183105     
7.32422e-05     0.000219727     0.000219727     0.000146484     
6.10352e-05     7.32422e-05     -4.88281e-05     -6.10352e-05     
-1.2207e-05     -0.000109863     -0.00012207     -0.00012207     
-9.76563e-05     0     -1.2207e-05     6.10352e-05     
8.54492e-05     0.000354004     0.000354004     0.000268555     
0.00045166     0.000634766     0.000610352     0.000549316     
0.000549316     0.000683594     0.000537109     0.000280762     
0.000378418     0.000317383     0.000109863     -1.2207e-05     
-0.000146484     -0.000183105     -0.00032959     -0.000500488     
-0.00057373     -0.000439453     -0.000463867     -0.000695801     
-0.00057373     -0.000390625     -0.000549316     -0.000427246     
-0.000341797     -0.00012207     -0.000109863     -0.000170898     
1.2207e-05     0.000244141     0.000280762     0.000378418     
0.000427246     0.000634766     0.000708008     0.000708008     
0.000695801     0.000842285     0.000805664     0.000732422     
0.00065918     0.000817871     0.000549316     0.00032959     
0.000354004     0.000378418     0.00012207     0     
-6.10352e-05     0     -0.000231934     -0.000183105     
-0.000219727     -0.000158691     -0.00012207     -0.000195313     
-0.000158691     -3.66211e-05     0.000158691     -3.66211e-05     
7.32422e-05     0.000292969     0.000402832     0.000354004     
0.000366211     0.000646973     0.00065918     0.000610352     
0.000732422     0.000817871     0.000878906     0.000866699     
0.000854492     0.0010376     0.000891113     0.000842285     
0.00090332     0.00090332     0.000793457     0.000695801     
0.000683594     0.000769043     0.00065918     0.000549316     
0.000585938     0.000549316     0.000549316     0.000341797     
0.000378418     0.00045166     0.000305176     0.00020752     
0.00012207     0.000195313     7.32422e-05     -0.000158691     
-4.88281e-05     6.10352e-05     -4.88281e-05     -9.76563e-05     
-8.54492e-05     -6.10352e-05     -2.44141e-05     -0.000109863     
-0.000109863     0.000134277     4.88281e-05     -1.2207e-05     
7.32422e-05     0.00012207     0.000134277     8.54492e-05     
0.000158691     0.000219727     7.32422e-05     0.00012207     
0.000158691     0.000231934     0.000158691     7.32422e-05     
0.00020752     0.00032959     0.00012207     6.10352e-05     
2.44141e-05     1.2207e-05     -9.76563e-05     -0.000268555     
-0.000341797     -0.000195313     -0.000366211     -0.000524902     
-0.00057373     -0.000512695     -0.000500488     -0.000744629     
-0.000561523     -0.000524902     -0.000646973     -0.000830078     
-0.000817871     -0.000671387     -0.000878906     -0.000915527     
-0.00090332     -0.000842285     -0.000891113     -0.000952148     
-0.00098877     -0.000732422     -0.000769043     -0.000793457     
-0.000671387     -0.000476074     -0.000463867     -0.000512695     
-0.000341797     -0.000183105     -0.000134277     -0.000146484     
-4.88281e-05     0.000158691     4.88281e-05     -2.44141e-05     
0     0.000170898     9.76563e-05     -6.10352e-05     
-2.44141e-05     0.000109863     2.44141e-05     -8.54492e-05     
-6.10352e-05     3.66211e-05     -8.54492e-05     -3.66211e-05     
-2.44141e-05     0     1.2207e-05     -0.000170898     
-0.000244141     -7.32422e-05     -0.000183105     -0.000366211     
-0.000280762     -0.000146484     -0.00012207     -0.000158691     
-0.000109863     6.10352e-05     7.32422e-05     9.76563e-05     
0.000170898     0.000402832     0.00045166     0.00032959     
0.000219727     0.000476074     0.000354004     0.000158691     
0.000195313     0.000305176     0.000158691     9.76563e-05     
3.66211e-05     0.00012207     2.44141e-05     -0.00012207     
0     -8.54492e-05     -0.000219727     -0.000280762     
-0.000305176     -0.000256348     -0.000195313     -0.000402832     
-0.000378418     -0.000158691     -0.000183105     -0.000305176     
-0.000268555     -0.000146484     -0.000244141     -0.000280762     
-0.000292969     -0.000219727     -0.000378418     -0.00045166     
-0.000585938     -0.000512695     -0.000537109     -0.000646973     
-0.000695801     -0.000524902     -0.000561523     -0.000683594     
-0.00057373     -0.000390625     -0.000317383     -0.000488281     
-0.000366211     -8.54492e-05     -0.000305176     -0.000280762     
-0.000219727     -0.00020752     -0.000292969     -0.000439453     
-0.000415039     -0.00032959     -0.000427246     -0.000512695     
-0.000524902     -0.000378418     -0.000390625     -0.000463867     
-0.000354004     -9.76563e-05     -0.000158691     -0.000244141     
-6.10352e-05     0.000195313     7.32422e-05     -7.32422e-05     
4.88281e-05     0.000305176     0.000170898     2.44141e-05     
9.76563e-05     0.000219727     0.00020752     4.88281e-05     
6.10352e-05     0.000219727     7.32422e-05     0     
0.000158691     9.76563e-05     6.10352e-05     0     
0.000195313     0.000268555     0.000280762     0.000341797     
0.000378418     0.000463867     0.00065918     0.00057373     
0.000842285     0.00102539     0.00111084     0.00134277     
0.00150146     0.0019165     0.00218506     0.00240479     
0.00285645     0.0034668     0.00375977     0.0041748     
0.00465088     0.00509033     0.00556641     0.00603027     
0.00653076     0.00699463     0.00744629     0.00778809     
0.0083374     0.00863037     0.00915527     0.00946045     
0.00991211     0.010437     0.0107788     0.0110352     
0.0115479     0.0119141     0.0122803     0.0125     
0.0129028     0.0133667     0.0135254     0.013916     
0.0142212     0.0145996     0.0150146     0.0151978     
0.0155396     0.0160278     0.0163086     0.0165405     
0.0168701     0.0172852     0.0175659     0.0177246     
0.0181274     0.0184692     0.01875     0.0190552     
0.0192261     0.0197144     0.0198608     0.0200928     
0.0204468     0.020813     0.0209595     0.021228     
0.0214966     0.0217896     0.0220947     0.0222168     
0.0226196     0.0230835     0.0233154     0.0236816     
0.0239258     0.0243896     0.0248169     0.0249878     
0.0254517     0.0259521     0.0261963     0.0265015     
0.0267212     0.0271484     0.0273438     0.0274658     
0.0277222     0.0281128     0.028186     0.0283447     
0.0284912     0.0287476     0.0288452     0.0289551     
0.0291382     0.0294189     0.0295166     0.0296631     
0.0298096     0.0300537     0.0300903     0.0301758     
0.0305908     0.0307983     0.0309204     0.0310425     
0.0312256     0.0314941     0.0317383     0.0317993     
0.0319946     0.0322998     0.0325073     0.0325195     
0.0326904     0.0329712     0.0330933     0.0331177     
0.0332886     0.0335327     0.0335327     0.0336182     
0.0337769     0.0338989     0.0338745     0.0338989     
0.0341675     0.0341431     0.0342163     0.0342651     
0.0343506     0.0345459     0.0344971     0.0344238     
0.0345703     0.0348267     0.0347778     0.0347534     
0.0349365     0.0350586     0.0349976     0.0350708     
0.035083     0.0353271     0.0353638     0.0352783     
0.0353516     0.0355103     0.0356689     0.0356323     
0.0357422     0.0359619     0.0359375     0.0359619     
0.0360718     0.0360962     0.0361572     0.0360107     
0.0360596     0.0362061     0.0360962     0.0360107     
0.0360352     0.036145     0.0360596     0.0359619     
0.0359131     0.0360596     0.0360229     0.0358887     
0.0359009     0.0359985     0.0359375     0.0358765     
0.0358032     0.0358398     0.0358032     0.0356812     
0.0356323     0.0356689     0.0356934     0.0354004     
0.0354004     0.0353882     0.0353271     0.0351807     
0.035144     0.0352173     0.0350342     0.0347778     
0.0347168     0.0348145     0.0346313     0.034436     
0.034375     0.0342041     0.034082     0.0338135     
0.0336304     0.0337524     0.0334839     0.0332642     
0.0331787     0.0331421     0.0329956     0.0328491     
0.0327759     0.0328125     0.0326904     0.0325562     
0.0324341     0.0325195     0.0324463     0.0322266     
0.0321289     0.0321411     0.0319092     0.0317383     
0.0316406     0.0315308     0.0314819     0.0311523     
0.0310913     0.031189     0.0310059     0.0309082     
0.030896     0.0308594     0.0308472     0.0305664     
0.030603     0.0306763     0.0304688     0.0303711     
0.0302612     0.0302856     0.0301636     0.0299683     
0.0299438     0.0299316     0.0297241     0.029541     
0.0294067     0.0294067     0.0291992     0.0290527     
0.0289063     0.0288574     0.0286133     0.0284058     
0.0283081     0.0282837     0.0281006     0.0277344     
0.0277954     0.0278442     0.0275513     0.0274414     
0.0273315     0.0273193     0.0270264     0.0267456     
0.0266113     0.0265381     0.0262451     0.0259521     
0.025708     0.0256592     0.0253906     0.0251221     
0.0250244     0.024939     0.0247437     0.0246582     
0.0246094     0.0246338     0.0246948     0.0244263     
0.0245239     0.0245972     0.0245117     0.0242554     
0.0242432     0.0242432     0.0240479     0.0238037     
0.0237549     0.0236938     0.0234009     0.0231201     
0.0230713     0.0229736     0.0227051     0.0224976     
0.0224243     0.02229     0.0220825     0.0219116     
0.0216553     0.0217163     0.02146     0.0212891     
0.0212646     0.0212402     0.0211548     0.0209839     
0.0209717     0.0209839     0.0208862     0.0208374     
0.0206909     0.0207886     0.0206299     0.020459     
0.0202759     0.0202637     0.0200317     0.0197266     
0.0196655     0.0195435     0.0192871     0.0191895     
0.0189575     0.0189453     0.0187988     0.0185303     
0.0186768     0.0186523     0.0185181     0.0182617     
0.0183228     0.0183105     0.0182251     0.0180908     
0.0179443     0.0180054     0.0177856     0.0176758     
0.0174805     0.0174683     0.0171631     0.0169678     
0.0168457     0.0168701     0.0166992     0.0164673     
0.0164795     0.0165283     0.0163086     0.0161133     
0.0161255     0.0162231     0.0160767     0.0158813     
0.0159546     0.0160156     0.0159058     0.0157227     
0.0157715     0.0159058     0.0156982     0.0156372     
0.0156006     0.0154785     0.0153931     0.0152588     
0.015271     0.0152954     0.0151489     0.0149048     
0.0148315     0.0148315     0.0147705     0.0145264     
0.014563     0.0145142     0.0143677     0.0141357     
0.0140869     0.0141724     0.0140381     0.0137817     
0.0138672     0.0140015     0.0138062     0.0137329     
0.0136963     0.0136475     0.0136597     0.0135132     
0.0133545     0.0135742     0.0133667     0.0131714     
0.0131226     0.0131958     0.0130615     0.0130127     
0.0130005     0.0131226     0.0130127     0.0129639     
0.0129517     0.0129395     0.0130371     0.012915     
0.0129883     0.0130371     0.0129272     0.0130249     
0.0128784     0.0130249     0.0130371     0.0129395     
0.0129883     0.0131592     0.012915     0.0128662     
0.012854     0.0128296     0.0126587     0.0124634     
0.0124023     0.0123901     0.0122314     0.0120972     
0.0121338     0.0120361     0.0119385     0.0119385     
0.0119995     0.012085     0.0120972     0.012146     
0.012207     0.0123779     0.0124634     0.0125732     
0.0126709     0.0129395     0.0128906     0.0129272     
0.0130127     0.0131714     0.0131348     0.0129517     
0.0130615     0.0131226     0.0129272     0.0127563     
0.0126343     0.0126587     0.0126221     0.0123291     
0.0123291     0.0124634     0.0123901     0.0123657     
0.0123413     0.0125732     0.0125732     0.0125244     
0.0126587     0.012854     0.0128052     0.0128296     
0.0128296     0.0129883     0.0130371     0.0130127     
0.0130981     0.0133179     0.0132446     0.0132446     
0.0133545     0.0134888     0.0134399     0.0133423     
0.0135376     0.013562     0.0135132     0.0133789     
0.0132813     0.0134644     0.0133057     0.0131348     
0.0131836     0.013269     0.0132202     0.013147     
0.0131714     0.0133301     0.0133179     0.0132813     
0.0133423     0.0134766     0.0134399     0.0134277     
0.0133911     0.0134766     0.013501     0.0132935     
0.0134644     0.013501     0.0134644     0.0133179     
0.0133911     0.0136841     0.0134888     0.0135376     
0.0136353     0.0138428     0.0136719     0.0137817     
0.0138306     0.0139526     0.0139771     0.0139771     
0.0142212     0.0142822     0.0143555     0.0143799     
0.0144409     0.0146606     0.0147217     0.0146851     
0.0148926     0.0150146     0.0150024     0.014978     
0.0150635     0.0151978     0.0151245     0.0151001     
0.0151855     0.0152344     0.0152832     0.01521     
0.0152466     0.0153687     0.0152832     0.0152466     
0.0152222     0.0154175     0.0153442     0.0152832     
0.0152344     0.015332     0.0153198     0.0151733     
0.0151367     0.0152344     0.0150757     0.0148315     
0.0148682     0.0148438     0.0147827     0.0145874     
0.0145386     0.0147461     0.0146484     0.0146484     
0.0146851     0.0149414     0.0149048     0.0150024     
0.0151245     0.0152832     0.0154419     0.0153198     
0.0154419     0.0156494     0.0156372     0.0155029     
0.0156738     0.0156738     0.0157227     0.015625     
0.0156616     0.0157349     0.0156982     0.0156738     
0.0157837     0.0158936     0.0158325     0.0157959     
0.0157471     0.015979     0.0159058     0.0159058     
0.0159424     0.0162109     0.0160034     0.015979     
0.015979     0.015979     0.0159668     0.0159058     
0.0158691     0.0159058     0.0157471     0.0156982     
0.0156372     0.0156006     0.0155151     0.0154297     
0.0154785     0.0156372     0.0154663     0.0154541     
0.0153809     0.0155029     0.015332     0.0151489     
0.0150513     0.0151611     0.014917     0.0147583     
0.0146118     0.0146484     0.0146362     0.0143799     
0.0143555     0.0144653     0.0143066     0.0142578     
0.0144409     0.0144165     0.0144287     0.0143555     
0.0143921     0.0145508     0.0144287     0.0143066     
0.0143555     0.0144165     0.014502     0.0143433     
0.0144775     0.014624     0.0145508     0.0145996     
0.0145508     0.0146973     0.0146362     0.0145386     
0.014502     0.0146851     0.0145508     0.014502     
0.0144287     0.0145264     0.0145142     0.0143066     
0.0144653     0.0145264     0.0143799     0.0144775     
0.0144043     0.0146118     0.0144897     0.0144043     
0.0143677     0.0144653     0.0141968     0.0141479     
0.0139771     0.0139038     0.0137817     0.0134644     
0.0134399     0.0134888     0.0131958     0.0129761     
0.0128418     0.0128784     0.0128784     0.0125244     
0.0125244     0.0125488     0.0125122     0.0123901     
0.0123169     0.0124756     0.0123413     0.0121948     
0.0121826     0.0123291     0.012146     0.0121582     
0.0119995     0.0121094     0.0120361     0.0119751     
0.0120239     0.0119751     0.0118774     0.0118042     
0.0115601     0.011792     0.0116333     0.0114136     
0.0115601     0.011499     0.0114624     0.0113281     
0.0112671     0.0113281     0.0112061     0.0111206     
0.0110718     0.0111694     0.0111328     0.0110352     
0.0109131     0.011084     0.0111084     0.0109131     
0.0109863     0.0112427     0.0111328     0.0111206     
0.0111816     0.0112915     0.0112305     0.0110596     
0.0111938     0.0110596     0.0108765     0.01073     
0.0106445     0.010498     0.0102661     0.0100098     
0.0098877     0.00992432     0.00977783     0.00949707     
0.00948486     0.00964355     0.00960693     0.00952148     
0.00953369     0.00980225     0.00974121     0.00959473     
0.00975342     0.00985107     0.00982666     0.00976563     
0.00974121     0.00981445     0.0097168     0.00952148     
0.00944824     0.00939941     0.00932617     0.00909424     
0.00899658     0.00917969     0.00881348     0.00865479     
0.00856934     0.00856934     0.00838623     0.00820313     
0.00811768     0.00817871     0.00799561     0.00780029     
0.00784912     0.00782471     0.00776367     0.00772705     
0.00776367     0.00789795     0.0079834     0.00788574     
0.00791016     0.00808105     0.00809326     0.00794678     
0.00804443     0.00814209     0.00804443     0.00800781     
0.00797119     0.00800781     0.00795898     0.00784912     
0.00776367     0.00791016     0.00783691     0.00773926     
0.00770264     0.00769043     0.00760498     0.00740967     
0.00733643     0.00738525     0.00722656     0.00710449     
0.00717773     0.00716553     0.00720215     0.00703125     
0.00720215     0.00732422     0.00722656     0.00733643     
0.00723877     0.0074585     0.00737305     0.00717773     
0.00726318     0.0074585     0.00731201     0.00726318     
0.00720215     0.00733643     0.00736084     0.00717773     
0.00726318     0.00736084     0.00727539     0.00706787     
0.00715332     0.00709229     0.0069458     0.0067627     
0.0067627     0.00684814     0.00662842     0.00661621     
0.00655518     0.00670166     0.00664063     0.00648193     
0.006604     0.00668945     0.00662842     0.00655518     
0.006604     0.0067749     0.00666504     0.00639648     
0.00635986     0.00664063     0.00634766     0.00627441     
0.00622559     0.00629883     0.00625     0.00606689     
0.00621338     0.00629883     0.00620117     0.00621338     
0.00623779     0.00644531     0.00640869     0.00635986     
0.00657959     0.00667725     0.00662842     0.00672607     
0.00670166     0.00678711     0.00678711     0.00657959     
0.00667725     0.00675049     0.00653076     0.00648193     
0.00637207     0.00638428     0.00640869     0.00606689     
0.00620117     0.00626221     0.00618896     0.00614014     
0.00614014     0.00632324     0.00628662     0.00616455     
0.00633545     0.00639648     0.00622559     0.00614014     
0.00610352     0.00621338     0.00614014     0.00600586     
0.00605469     0.00600586     0.00599365     0.00609131     
0.00606689     0.00617676     0.00615234     0.00615234     
0.00629883     0.00634766     0.00643311     0.00625     
0.00633545     0.00626221     0.00621338     0.00618896     
0.00603027     0.00609131     0.00604248     0.00585938     
0.00585938     0.005896     0.00579834     0.00576172     
0.00585938     0.00585938     0.00584717     0.00582275     
0.00592041     0.00596924     0.00598145     0.005896     
0.0060791     0.00617676     0.00633545     0.00621338     
0.00640869     0.00661621     0.00664063     0.00654297     
0.00666504     0.00690918     0.00679932     0.00672607     
0.00693359     0.00700684     0.00683594     0.00684814     
0.00681152     0.00695801     0.00686035     0.00665283     
0.00664063     0.00672607     0.00664063     0.00650635     
0.00655518     0.00662842     0.00665283     0.00656738     
0.0065918     0.00667725     0.0067749     0.00681152     
0.00686035     0.00703125     0.00698242     0.00699463     
0.00705566     0.0071167     0.00704346     0.0069458     
0.00704346     0.00709229     0.0071167     0.0069458     
0.0069458     0.00714111     0.0071167     0.00710449     
0.00716553     0.0072998     0.00726318     0.00716553     
0.00710449     0.00726318     0.00731201     0.00723877     
0.00732422     0.00732422     0.00723877     0.00714111     
0.00717773     0.00722656     0.00721436     0.00705566     
0.00708008     0.00718994     0.00700684     0.00699463     
0.0069458     0.00706787     0.00708008     0.00692139     
0.00693359     0.00721436     0.00701904     0.00697021     
0.00706787     0.00704346     0.00708008     0.0069458     
0.00693359     0.00699463     0.00693359     0.00699463     
0.00692139     0.00708008     0.00704346     0.0069458     
0.00705566     0.00727539     0.00710449     0.00712891     
0.00720215     0.00740967     0.00734863     0.00725098     
0.00738525     0.00760498     0.00750732     0.00748291     
0.00770264     0.00769043     0.00770264     0.00760498     
0.00761719     0.00780029     0.00767822     0.00755615     
0.00755615     0.00758057     0.00751953     0.00734863     
0.00742188     0.00740967     0.00726318     0.00723877     
0.00712891     0.00718994     0.00709229     0.00690918     
0.00699463     0.00709229     0.00688477     0.00673828     
0.00688477     0.00681152     0.00678711     0.006604     
0.00662842     0.00683594     0.0067627     0.006604     
0.00665283     0.00681152     0.0067749     0.00679932     
0.00688477     0.00718994     0.00708008     0.00725098     
0.0072876     0.00743408     0.0074585     0.00738525     
0.00742188     0.00751953     0.00744629     0.00733643     
0.00722656     0.00720215     0.0072876     0.00688477     
0.0069458     0.00697021     0.00686035     0.0067627     
0.0067749     0.00687256     0.00695801     0.00679932     
0.0069458     0.00704346     0.00690918     0.00690918     
0.00679932     0.00701904     0.00687256     0.00664063     
0.00672607     0.00661621     0.00654297     0.00649414     
0.00635986     0.00644531     0.0064209     0.00628662     
0.00645752     0.00664063     0.00654297     0.00664063     
0.00665283     0.00672607     0.00673828     0.00668945     
0.00661621     0.00684814     0.0067627     0.00657959     
0.00656738     0.00671387     0.006604     0.00643311     
0.00654297     0.00665283     0.00655518     0.0064209     
0.00645752     0.00654297     0.0064209     0.00631104     
0.00639648     0.00639648     0.00627441     0.00610352     
0.00605469     0.00605469     0.00593262     0.00587158     
0.00574951     0.00587158     0.00581055     0.0057373     
0.00566406     0.00594482     0.00588379     0.00579834     
0.00585938     0.00596924     0.00588379     0.0057251     
0.0057373     0.00571289     0.00562744     0.00552979     
0.00541992     0.00544434     0.00541992     0.00527344     
0.00518799     0.00534668     0.0052124     0.00512695     
0.00507813     0.00528564     0.00505371     0.0050293     
0.00491943     0.00496826     0.00495605     0.00480957     
0.00477295     0.00490723     0.00483398     0.00463867     
0.00460205     0.00483398     0.00458984     0.00450439     
0.00450439     0.00460205     0.00457764     0.00437012     
0.00437012     0.00452881     0.00454102     0.00440674     
0.00447998     0.00463867     0.00450439     0.00449219     
0.00458984     0.00467529     0.00472412     0.00457764     
0.00456543     0.00489502     0.00482178     0.00460205     
0.00466309     0.00480957     0.00478516     0.00467529     
0.00465088     0.00494385     0.00482178     0.00478516     
0.00484619     0.00495605     0.00500488     0.00480957     
0.00490723     0.00495605     0.00474854     0.00471191     
0.00445557     0.00455322     0.00441895     0.00412598     
0.00408936     0.00423584     0.00406494     0.00395508     
0.00385742     0.00390625     0.00400391     0.00390625     
0.00391846     0.0041748     0.00408936     0.00402832     
0.0041626     0.00421143     0.0041748     0.00407715     
0.00418701     0.00428467     0.00422363     0.00421143     
0.00427246     0.00437012     0.00440674     0.00432129     
0.00439453     0.00457764     0.00455322     0.00466309     
0.00471191     0.00487061     0.00491943     0.00472412     
0.00479736     0.00489502     0.0046875     0.00447998     
0.00446777     0.00438232     0.00424805     0.00393066     
0.00391846     0.00385742     0.0036377     0.00344238     
0.003479     0.00357666     0.00352783     0.00336914     
0.00350342     0.0036377     0.00358887     0.00361328     
0.00362549     0.00384521     0.00386963     0.00368652     
0.0038208     0.00401611     0.00391846     0.00385742     
0.00386963     0.00407715     0.00411377     0.00393066     
0.00402832     0.00407715     0.00400391     0.00397949     
0.0039917     0.00397949     0.00395508     0.0038208     
0.00375977     0.00383301     0.00377197     0.00368652     
0.00360107     0.00373535     0.00379639     0.00377197     
0.00377197     0.00390625     0.00385742     0.00385742     
0.00393066     0.00397949     0.0039917     0.00394287     
0.00405273     0.00402832     0.00406494     0.00390625     
0.00388184     0.00397949     0.00386963     0.00383301     
0.00375977     0.00388184     0.00378418     0.00366211     
0.00368652     0.00388184     0.00375977     0.00375977     
0.00377197     0.00391846     0.0038208     0.00366211     
0.00367432     0.00373535     0.00362549     0.00341797     
0.00350342     0.00338135     0.00328369     0.00330811     
0.00318604     0.0032959     0.00323486     0.00314941     
0.003125     0.0032959     0.00325928     0.00323486     
0.00321045     0.00327148     0.00325928     0.00318604     
0.00327148     0.00341797     0.00333252     0.00318604     
0.00324707     0.0032959     0.00319824     0.003125     
0.00311279     0.00321045     0.00314941     0.00301514     
0.00300293     0.00310059     0.00307617     0.00306396     
0.00291748     0.00328369     0.00302734     0.00305176     
0.00314941     0.00322266     0.00328369     0.00322266     
0.00328369     0.00341797     0.0034668     0.00339355     
0.00349121     0.00358887     0.003479     0.00343018     
0.00356445     0.00362549     0.00357666     0.00343018     
0.00340576     0.00345459     0.00338135     0.00325928     
0.00324707     0.00336914     0.00318604     0.00316162     
0.00311279     0.00319824     0.00327148     0.00318604     
0.00323486     0.00351563     0.00355225     0.00343018     
0.00360107     0.00380859     0.00383301     0.00383301     
0.00384521     0.00402832     0.00393066     0.00379639     
0.00383301     0.00388184     0.00374756     0.00362549     
0.00357666     0.00366211     0.00362549     0.00362549     
0.00345459     0.0036499     0.00360107     0.0034668     
0.00349121     0.00383301     0.00369873     0.00372314     
0.00378418     0.0038208     0.00379639     0.00358887     
0.00368652     0.00379639     0.0036377     0.00339355     
0.00357666     0.00350342     0.00352783     0.00338135     
0.00343018     0.00354004     0.00356445     0.00361328     
0.0036377     0.00390625     0.00388184     0.00393066     
0.00405273     0.00426025     0.00424805     0.00419922     
0.00423584     0.00429688     0.0043457     0.00418701     
0.00413818     0.00428467     0.00406494     0.00402832     
0.00391846     0.00389404     0.0039917     0.00378418     
0.00385742     0.00389404     0.00374756     0.00375977     
0.00368652     0.00384521     0.00377197     0.00374756     
0.00383301     0.00397949     0.0038208     0.00394287     
0.00402832     0.00413818     0.00418701     0.00397949     
0.00410156     0.00424805     0.00415039     0.00411377     
0.00402832     0.00419922     0.00422363     0.0039917     
0.00405273     0.00418701     0.00405273     0.00400391     
0.00397949     0.00412598     0.00402832     0.00378418     
0.00384521     0.00380859     0.00372314     0.00369873     
0.00352783     0.00374756     0.00369873     0.00360107     
0.00378418     0.00384521     0.00385742     0.00385742     
0.00390625     0.00418701     0.00412598     0.00390625     
0.00415039     0.00412598     0.00410156     0.0039917     
0.00393066     0.00408936     0.0039917     0.00383301     
0.00383301     0.00408936     0.00393066     0.00384521     
0.00386963     0.00404053     0.00393066     0.00386963     
0.00389404     0.00396729     0.00394287     0.0038208     
0.00374756     0.00375977     0.00371094     0.00343018     
0.00362549     0.0036499     0.00345459     0.00343018     
0.00349121     0.00354004     0.00349121     0.00352783     
0.00358887     0.00378418     0.00386963     0.00380859     
0.00388184     0.0039917     0.00406494     0.00396729     
0.00400391     0.0041626     0.00418701     0.00396729     
0.00397949     0.00415039     0.00411377     0.00400391     
0.00397949     0.00411377     0.00418701     0.00401611     
0.00408936     0.00421143     0.0041748     0.00404053     
0.00407715     0.00411377     0.00391846     0.00375977     
0.00385742     0.00393066     0.00379639     0.00368652     
0.0036499     0.00379639     0.00366211     0.00361328     
0.00371094     0.00373535     0.00367432     0.00355225     
0.00361328     0.00373535     0.00374756     0.0036499     
0.00362549     0.00374756     0.00378418     0.00362549     
0.00368652     0.00391846     0.00378418     0.00374756     
0.00378418     0.00384521     0.00383301     0.00373535     
0.00366211     0.00378418     0.00356445     0.00349121     
0.00355225     0.00356445     0.00349121     0.00343018     
0.00350342     0.00358887     0.00356445     0.0034668     
0.003479     0.00357666     0.00362549     0.00352783     
0.003479     0.00362549     0.00360107     0.00360107     
0.003479     0.00360107     0.00356445     0.00340576     
0.00345459     0.00362549     0.0034668     0.00339355     
0.00340576     0.003479     0.0034668     0.00328369     
0.00327148     0.00338135     0.00321045     0.00314941     
0.00321045     0.00321045     0.00311279     0.00303955     
0.00311279     0.00322266     0.00305176     0.00307617     
0.00303955     0.003125     0.00306396     0.00294189     
0.00294189     0.00306396     0.00288086     0.00283203     
0.0027832     0.00290527     0.00281982     0.00268555     
0.00270996     0.00288086     0.00273438     0.00263672     
0.00263672     0.00272217     0.00280762     0.0026123     
0.00267334     0.00272217     0.00267334     0.00266113     
0.00264893     0.0027832     0.00267334     0.00250244     
0.0026001     0.00269775     0.00255127     0.00240479     
0.00238037     0.00255127     0.00257568     0.0024292     
0.0026123     0.00280762     0.00272217     0.00268555     
0.00280762     0.00288086     0.00292969     0.00274658     
0.00274658     0.00286865     0.00268555     0.00256348     
0.00258789     0.00273438     0.00255127     0.00246582     
0.00249023     0.00255127     0.00255127     0.00245361     
0.00247803     0.00253906     0.00239258     0.00223389     
0.00227051     0.00228271     0.00212402     0.0020874     
0.00200195     0.00211182     0.0020874     0.0019165     
0.00206299     0.00216064     0.00219727     0.00218506     
0.00222168     0.00229492     0.00231934     0.00231934     
0.00230713     0.00250244     0.00250244     0.0024292     
0.00239258     0.0026001     0.00253906     0.00239258     
0.00252686     0.00257568     0.00251465     0.00245361     
0.00229492     0.00239258     0.00238037     0.00213623     
0.00217285     0.00214844     0.00202637     0.00184326     
0.00189209     0.0019043     0.00187988     0.00168457     
0.00172119     0.00186768     0.00169678     0.00155029     
0.00158691     0.00175781     0.00153809     0.00142822     
0.00148926     0.0015625     0.00157471     0.00145264     
0.00150146     0.00167236     0.00152588     0.00158691     
0.00169678     0.00186768     0.00186768     0.00179443     
0.00202637     0.00211182     0.00219727     0.00212402     
0.00216064     0.00250244     0.00236816     0.00236816     
0.00239258     0.00246582     0.00234375     0.00230713     
0.00241699     0.00246582     0.00234375     0.00223389     
0.00227051     0.00230713     0.00229492     0.00222168     
0.00231934     0.00236816     0.00231934     0.00219727     
0.00228271     0.00238037     0.00234375     0.00222168     
0.00229492     0.00253906     0.00240479     0.00240479     
0.00255127     0.00252686     0.00251465     0.00251465     
0.00252686     0.0026001     0.00252686     0.00240479     
0.00234375     0.00239258     0.00229492     0.00218506     
0.00220947     0.00230713     0.00220947     0.00203857     
0.00211182     0.00218506     0.00217285     0.0020752     
0.00217285     0.00228271     0.00220947     0.00224609     
0.00212402     0.00223389     0.00227051     0.00213623     
0.00209961     0.00227051     0.00205078     0.00201416     
0.00205078     0.0020874     0.00209961     0.00189209     
0.00202637     0.00224609     0.00219727     0.00205078     
0.00219727     0.00228271     0.00230713     0.00227051     
0.00233154     0.00252686     0.00249023     0.00250244     
0.0024292     0.0026123     0.00252686     0.00239258     
0.00236816     0.00256348     0.00239258     0.00231934     
0.00224609     0.0024292     0.00238037     0.00219727     
0.0022583     0.00241699     0.00228271     0.00233154     
0.00230713     0.00249023     0.00244141     0.00229492     
0.00244141     0.00244141     0.00238037     0.0024292     
0.00241699     0.00257568     0.00253906     0.00240479     
0.0024292     0.00273438     0.00256348     0.00253906     
0.00255127     0.00266113     0.00262451     0.00240479     
0.00255127     0.00256348     0.00238037     0.00236816     
0.00223389     0.00224609     0.0022583     0.00205078     
0.00213623     0.00218506     0.00212402     0.00212402     
0.00216064     0.00235596     0.00229492     0.00235596     
0.00245361     0.00262451     0.00252686     0.00256348     
0.0026123     0.0027832     0.00266113     0.00253906     
0.00269775     0.0027832     0.00263672     0.00270996     
0.00258789     0.002771     0.00270996     0.00258789     
0.00274658     0.00280762     0.00280762     0.00252686     
0.00253906     0.0026001     0.00246582     0.00227051     
0.00219727     0.00223389     0.0020874     0.00195313     
0.0019165     0.00203857     0.00194092     0.00189209     
0.00194092     0.0020874     0.00200195     0.00197754     
0.00195313     0.00216064     0.00214844     0.00203857     
0.00233154     0.00230713     0.00250244     0.00241699     
0.00262451     0.00275879     0.00301514     0.00305176     
0.00317383     0.00339355     0.00335693     0.00333252     
0.00335693     0.00330811     0.00322266     0.00303955     
0.00296631     0.00290527     0.002771     0.00250244     
0.00249023     0.00251465     0.00234375     0.00222168     
0.00222168     0.0024292     0.00230713     0.00216064     
0.00224609     0.00240479     0.00244141     0.00227051     
0.00230713     0.00262451     0.00257568     0.00250244     
0.00270996     0.00279541     0.00270996     0.00275879     
0.00280762     0.00301514     0.00294189     0.002771     
0.00284424     0.00289307     0.00285645     0.00267334     
0.00264893     0.00275879     0.00268555     0.0024292     
0.00246582     0.00252686     0.00244141     0.00222168     
0.00229492     0.00250244     0.00236816     0.00224609     
0.00223389     0.00240479     0.00229492     0.00229492     
0.00236816     0.0026001     0.00239258     0.00234375     
0.00236816     0.00256348     0.00247803     0.00250244     
0.00244141     0.0026123     0.00247803     0.0024292     
0.00253906     0.00252686     0.00244141     0.0022583     
0.00235596     0.00250244     0.00233154     0.0022583     
0.00219727     0.00233154     0.00228271     0.00212402     
0.00216064     0.00222168     0.00212402     0.00205078     
0.00203857     0.00218506     0.0020874     0.00187988     
0.0019165     0.00203857     0.00186768     0.00168457     
0.00172119     0.00172119     0.00164795     0.00151367     
0.00157471     0.00166016     0.00155029     0.00150146     
0.00137939     0.0015625     0.00155029     0.0013916     
0.00151367     0.00164795     0.00148926     0.00158691     
0.00161133     0.00177002     0.00163574     0.00162354     
0.00175781     0.00192871     0.00177002     0.00180664     
0.00175781     0.00187988     0.00184326     0.00166016     
0.0017334     0.00184326     0.0017334     0.00170898     
0.00164795     0.00175781     0.00169678     0.00155029     
0.00164795     0.00181885     0.00161133     0.00159912     
0.00172119     0.00185547     0.00180664     0.0017334     
0.00185547     0.00200195     0.00185547     0.00179443     
0.00187988     0.0019165     0.00194092     0.00175781     
0.00180664     0.00186768     0.00179443     0.00167236     
0.00163574     0.00186768     0.0017334     0.00159912     
0.00168457     0.00183105     0.00169678     0.00164795     
0.00178223     0.00189209     0.00181885     0.00178223     
0.00177002     0.00189209     0.00175781     0.00179443     
0.00161133     0.00181885     0.00167236     0.00162354     
0.00181885     0.00179443     0.00185547     0.00174561     
0.00179443     0.00195313     0.00183105     0.00174561     
0.0017334     0.00185547     0.00172119     0.00157471     
0.00147705     0.00157471     0.00151367     0.00134277     
0.00140381     0.00148926     0.00157471     0.00153809     
0.00152588     0.00175781     0.00177002     0.00162354     
0.00187988     0.00189209     0.00177002     0.00170898     
0.0017334     0.00180664     0.00178223     0.00163574     
0.00166016     0.00184326     0.00168457     0.00163574     
0.00162354     0.00161133     0.00144043     0.0013916     
0.00137939     0.00147705     0.00140381     0.00115967     
0.00119629     0.00124512     0.0012085     0.00112305     
0.00115967     0.00125732     0.00133057     0.00113525     
0.00124512     0.00126953     0.00123291     0.00126953     
0.00123291     0.00142822     0.00125732     0.0012207     
0.00125732     0.00130615     0.0012207     0.00111084     
0.00108643     0.00126953     0.0012085     0.00107422     
0.00109863     0.00125732     0.00111084     0.00108643     
0.00107422     0.00112305     0.00118408     0.000939941     
0.000964355     0.00108643     0.0010376     0.000939941     
0.000939941     0.0012207     0.00112305     0.00114746     
0.00109863     0.00134277     0.00131836     0.00129395     
0.00130615     0.00163574     0.00153809     0.00150146     
0.00169678     0.00169678     0.00174561     0.00168457     
0.00183105     0.00201416     0.00175781     0.00178223     
0.00194092     0.0019165     0.00201416     0.0019043     
0.00179443     0.00202637     0.00189209     0.00184326     
0.00178223     0.0019165     0.00183105     0.00158691     
0.00157471     0.00180664     0.00163574     0.0015625     
0.00157471     0.00158691     0.00157471     0.00150146     
0.00150146     0.00166016     0.00157471     0.00141602     
0.0015625     0.00162354     0.00158691     0.00153809     
0.00157471     0.00168457     0.00157471     0.00153809     
0.00144043     0.00153809     0.00152588     0.00125732     
0.00142822     0.00161133     0.00145264     0.00147705     
0.00147705     0.00162354     0.00169678     0.00153809     
0.00170898     0.00195313     0.00180664     0.00187988     
0.0019043     0.00198975     0.00198975     0.00183105     
0.00189209     0.00209961     0.00196533     0.00180664     
0.00181885     0.00198975     0.00184326     0.0017334     
0.00179443     0.00186768     0.00178223     0.00174561     
0.00172119     0.00184326     0.00180664     0.00164795     
0.00177002     0.00195313     0.00194092     0.0019165     
0.00189209     0.00192871     0.0020752     0.0019043     
0.00198975     0.00209961     0.00197754     0.00187988     
0.00181885     0.00184326     0.00179443     0.00164795     
0.00163574     0.00178223     0.00164795     0.00155029     
0.00155029     0.00172119     0.0017334     0.0017334     
0.00183105     0.00184326     0.0019043     0.00197754     
0.00196533     0.00202637     0.00194092     0.00186768     
0.00186768     0.0019165     0.00177002     0.00177002     
0.00163574     0.0017334     0.00163574     0.00164795     
0.00163574     0.00185547     0.00181885     0.00183105     
0.0019165     0.00203857     0.00203857     0.00200195     
0.00205078     0.00216064     0.00206299     0.00201416     
0.00205078     0.00213623     0.00197754     0.00180664     
0.0019043     0.00180664     0.00177002     0.00164795     
0.00162354     0.00168457     0.00157471     0.00145264     
0.00136719     0.00151367     0.00140381     0.00130615     
0.00125732     0.00141602     0.0013916     0.00126953     
0.00140381     0.00167236     0.00164795     0.00151367     
0.00164795     0.00187988     0.00183105     0.00172119     
0.00177002     0.00200195     0.0019043     0.00184326     
0.00189209     0.00189209     0.00197754     0.00175781     
0.00181885     0.00206299     0.0019043     0.00181885     
0.00183105     0.00194092     0.00201416     0.00175781     
0.00186768     0.00209961     0.00198975     0.00196533     
0.00213623     0.00227051     0.00219727     0.00214844     
0.00218506     0.00235596     0.00229492     0.0020874     
0.00211182     0.00216064     0.00211182     0.00200195     
0.00196533     0.00201416     0.00195313     0.00198975     
0.0019043     0.00196533     0.00198975     0.00198975     
0.00194092     0.00205078     0.0019043     0.0019165     
0.00186768     0.00181885     0.00177002     0.00168457     
0.00168457     0.00174561     0.00151367     0.00136719     
0.00137939     0.00136719     0.00133057     0.00118408     
0.00119629     0.00140381     0.00119629     0.00125732     
0.00124512     0.00142822     0.00146484     0.0013916     
0.00137939     0.00161133     0.00150146     0.00158691     
0.00162354     0.00162354     0.00166016     0.00157471     
0.00157471     0.00186768     0.00170898     0.00157471     
0.00172119     0.00172119     0.00163574     0.00142822     
0.00151367     0.0015625     0.00146484     0.00123291     
0.00124512     0.0012207     0.0010498     0.000891113     
0.000915527     0.00109863     0.000927734     0.000976563     
0.000891113     0.00117188     0.00123291     0.00109863     
0.00129395     0.00148926     0.00146484     0.00141602     
0.00150146     0.00167236     0.00161133     0.00151367     
0.00157471     0.00163574     0.0015625     0.00145264     
0.00136719     0.00155029     0.00147705     0.00141602     
0.00134277     0.00146484     0.00144043     0.00141602     
0.0013916     0.00150146     0.00155029     0.00145264     
0.00162354     0.00179443     0.00178223     0.00177002     
0.00180664     0.00186768     0.00200195     0.00178223     
0.00185547     0.00196533     0.00186768     0.00172119     
0.00172119     0.00175781     0.00164795     0.00148926     
0.0015625     0.00164795     0.00155029     0.00142822     
0.00146484     0.00166016     0.00146484     0.00137939     
0.00141602     0.00145264     0.00137939     0.00130615     
0.00128174     0.00151367     0.0013916     0.00117188     
0.00136719     0.00135498     0.00131836     0.00119629     
0.0012207     0.00125732     0.00111084     0.0010498     
0.00106201     0.00119629     0.00102539     0.000891113     
0.000976563     0.00101318     0.00100098     0.00098877     
0.00111084     0.00128174     0.00133057     0.00131836     
0.00133057     0.00152588     0.00155029     0.0013916     
0.00153809     0.0015625     0.00158691     0.00146484     
0.00146484     0.00161133     0.00158691     0.00142822     
0.00142822     0.00169678     0.00155029     0.00147705     
0.00153809     0.00155029     0.00148926     0.00130615     
0.00128174     0.00131836     0.00118408     0.000952148     
0.000805664     0.000891113     0.000695801     0.00057373     
0.000549316     0.000622559     0.000610352     0.000366211     
0.000610352     0.000817871     0.000683594     0.000695801     
0.000830078     0.00109863     0.000915527     0.00107422     
0.0012207     0.00124512     0.00126953     0.00124512     
0.00129395     0.00136719     0.00128174     0.00111084     
0.00112305     0.0012207     0.00107422     0.000927734     
0.0010376     0.00113525     0.00106201     0.000830078     
0.000891113     0.00101318     0.000939941     0.000866699     
0.000952148     0.00107422     0.000964355     0.000927734     
0.000866699     0.00098877     0.000878906     0.000708008     
0.000683594     0.000891113     0.000610352     0.000524902     
0.000402832     0.000549316     0.000463867     0.000390625     
0.000427246     0.000671387     0.000598145     0.000695801     
0.000793457     0.000915527     0.00102539     0.000915527     
0.00109863     0.00124512     0.00118408     0.00129395     
0.0012085     0.00145264     0.00137939     0.0013916     
0.00136719     0.00151367     0.00133057     0.00129395     
0.00130615     0.00134277     0.00146484     0.00118408     
0.0012207     0.00128174     0.00114746     0.00106201     
0.00111084     0.00112305     0.00115967     0.00109863     
0.00108643     0.00134277     0.00129395     0.00129395     
0.00129395     0.00146484     0.00148926     0.00147705     
0.00145264     0.00161133     0.00142822     0.00126953     
0.00131836     0.00126953     0.00115967     0.000878906     
0.000891113     0.000915527     0.000732422     0.000634766     
0.000537109     0.000610352     0.00057373     0.00032959     
0.000512695     0.000524902     0.00057373     0.000561523     
0.000427246     0.000646973     0.00057373     0.000537109     
0.000634766     0.000744629     0.000646973     0.000598145     
0.000561523     0.000671387     0.000671387     0.000488281     
0.000610352     0.000732422     0.000585938     0.000622559     
0.000585938     0.000744629     0.000793457     0.000708008     
0.000793457     0.000939941     0.00098877     0.000964355     
0.000976563     0.0012207     0.00114746     0.00114746     
0.0012207     0.00130615     0.00128174     0.0012207     
0.00107422     0.00125732     0.00114746     0.00108643     
0.00114746     0.00123291     0.0012207     0.00114746     
0.00113525     0.00146484     0.00141602     0.0012207     
0.0013916     0.00141602     0.00137939     0.00142822     
0.0013916     0.00145264     0.00140381     0.00144043     
0.00145264     0.00153809     0.00159912     0.00140381     
0.00157471     0.00174561     0.00153809     0.00136719     
0.00136719     0.00146484     0.00136719     0.00114746     
0.00102539     0.00112305     0.000915527     0.000695801     
0.000817871     0.000830078     0.000720215     0.000585938     
0.000537109     0.000634766     0.00065918     0.000378418     
0.000476074     0.00057373     0.000415039     0.000280762     
0.000244141     0.000463867     0.000415039     0.000305176     
0.000427246     0.00065918     0.000695801     0.000646973     
0.000793457     0.00106201     0.00108643     0.00107422     
0.00128174     0.00128174     0.00136719     0.00130615     
0.00125732     0.00133057     0.00125732     0.00101318     
0.00098877     0.0012085     0.00101318     0.000939941     
0.00098877     0.00106201     0.00101318     0.000976563     
0.00098877     0.00113525     0.00117188     0.00108643     
0.00115967     0.0012085     0.00118408     0.00108643     
0.00109863     0.00109863     0.00107422     0.000964355     
0.00100098     0.0010498     0.000952148     0.000952148     
0.000939941     0.00107422     0.00111084     0.0010376     
0.00106201     0.00119629     0.00119629     0.0010498     
0.00113525     0.00134277     0.00130615     0.00123291     
0.00117188     0.00125732     0.00125732     0.00111084     
0.00107422     0.00123291     0.00107422     0.000878906     
0.0010376     0.00111084     0.00109863     0.000939941     
0.00112305     0.0012207     0.00111084     0.00124512     
0.00137939     0.00137939     0.0013916     0.0013916     
0.00133057     0.00150146     0.00136719     0.00131836     
0.0012207     0.00118408     0.0012207     0.00109863     
0.00101318     0.00113525     0.00109863     0.000939941     
0.00100098     0.00107422     0.0010498     0.000915527     
0.00101318     0.00119629     0.00113525     0.00102539     
0.00106201     0.00107422     0.00113525     0.00107422     
0.00115967     0.00128174     0.00115967     0.00118408     
0.00119629     0.0013916     0.00134277     0.00114746     
0.00123291     0.00141602     0.00134277     0.00123291     
0.00117188     0.00136719     0.00137939     0.00112305     
0.00119629     0.0013916     0.00125732     0.00117188     
0.00115967     0.0013916     0.00114746     0.00112305     
0.00123291     0.00133057     0.00114746     0.0012085     
0.00123291     0.0012207     0.00123291     0.00109863     
0.00108643     0.0012207     0.00107422     0.00100098     
0.000964355     0.000964355     0.00098877     0.000720215     
0.000805664     0.000878906     0.000793457     0.000695801     
0.000769043     0.000927734     0.000769043     0.000817871     
0.000805664     0.00100098     0.000939941     0.000915527     
0.000915527     0.00102539     0.00109863     0.0010376     
0.00113525     0.00113525     0.00108643     0.0010376     
0.000915527     0.0010498     0.000939941     0.000805664     
0.000854492     0.000927734     0.000891113     0.000695801     
0.000720215     0.000891113     0.000793457     0.000744629     
0.00078125     0.000915527     0.000915527     0.000817871     
0.000878906     0.0010376     0.000927734     0.000964355     
0.00108643     0.0012085     0.00123291     0.00123291     
0.0013916     0.00152588     0.00145264     0.00141602     
0.00162354     0.00167236     0.00164795     0.00157471     
0.00155029     0.00167236     0.00157471     0.00144043     
0.00142822     0.00151367     0.00134277     0.0012085     
0.00125732     0.0012085     0.00109863     0.000939941     
0.000891113     0.00098877     0.000866699     0.000512695     
0.00057373     0.000622559     0.000537109     0.000402832     
0.000402832     0.000524902     0.000427246     0.000341797     
0.000415039     0.00057373     0.000585938     0.000427246     
0.000463867     0.000671387     0.000524902     0.000537109     
0.000476074     0.000585938     0.00057373     0.000561523     
0.000524902     0.000708008     0.000732422     0.000622559     
0.000744629     0.000854492     0.000793457     0.00065918     
0.000866699     0.000915527     0.000976563     0.000878906     
0.000976563     0.00113525     0.00107422     0.000866699     
0.000891113     0.00114746     0.000976563     0.000842285     
0.000878906     0.000939941     0.000891113     0.000769043     
0.000695801     0.000915527     0.000769043     0.000744629     
0.000769043     0.000756836     0.000854492     0.000683594     
0.000756836     0.000866699     0.000817871     0.000671387     
0.00078125     0.000854492     0.000866699     0.000708008     
0.000805664     0.000952148     0.000927734     0.000915527     
0.000915527     0.00112305     0.00115967     0.00101318     
0.00112305     0.00133057     0.0012207     0.00114746     
0.00114746     0.00128174     0.00115967     0.00107422     
0.00111084     0.0012085     0.0010498     0.000927734     
0.00106201     0.000927734     0.00106201     0.00090332     
0.000939941     0.00107422     0.00098877     0.00100098     
0.000891113     0.00114746     0.00111084     0.00100098     
0.00111084     0.00131836     0.00117188     0.00115967     
0.00126953     0.00129395     0.00125732     0.00111084     
0.00119629     0.00131836     0.00108643     0.00107422     
0.000927734     0.000964355     0.00101318     0.000720215     
0.000817871     0.000927734     0.000769043     0.000732422     
0.000732422     0.000939941     0.000866699     0.000830078     
0.000976563     0.00107422     0.00101318     0.00100098     
0.00100098     0.00113525     0.00114746     0.0010376     
0.00111084     0.0012085     0.00107422     0.00098877     
0.000939941     0.000952148     0.000878906     0.000537109     
0.000646973     0.000683594     0.000561523     0.000378418     
0.000402832     0.000488281     0.000439453     0.000415039     
0.000500488     0.000561523     0.000610352     0.000598145     
0.000500488     0.000708008     0.00065918     0.000646973     
0.000732422     0.000866699     0.000952148     0.000830078     
0.000964355     0.00111084     0.00106201     0.00112305     
0.0012207     0.00130615     0.00130615     0.00118408     
0.00133057     0.0013916     0.00126953     0.00117188     
0.0012085     0.00128174     0.00113525     0.00102539     
0.000927734     0.00117188     0.00101318     0.000793457     
0.000891113     0.000952148     0.000854492     0.000817871     
0.000732422     0.000830078     0.000793457     0.000622559     
0.000854492     0.000891113     0.000915527     0.000866699     
0.000915527     0.00108643     0.00102539     0.000976563     
0.00108643     0.00124512     0.00106201     0.00108643     
0.0010498     0.00114746     0.00109863     0.00100098     
0.000976563     0.00115967     0.00112305     0.000964355     
0.00106201     0.00117188     0.00113525     0.0010498     
0.00117188     0.00126953     0.00128174     0.00128174     
0.00134277     0.0015625     0.00151367     0.00148926     
0.00146484     0.00185547     0.00179443     0.00162354     
0.00167236     0.00186768     0.0017334     0.00162354     
0.00172119     0.00180664     0.00152588     0.00150146     
0.00150146     0.0015625     0.00137939     0.00123291     
0.00125732     0.00126953     0.00126953     0.00101318     
0.00102539     0.00114746     0.00106201     0.000976563     
0.000964355     0.00108643     0.00090332     0.000891113     
0.000878906     0.000866699     0.000842285     0.000708008     
0.000695801     0.00090332     0.000756836     0.000695801     
0.000769043     0.000805664     0.000744629     0.000756836     
0.000817871     0.000952148     0.000964355     0.000842285     
0.00106201     0.00112305     0.00111084     0.000976563     
0.000976563     0.00101318     0.000915527     0.000842285     
0.000744629     0.000732422     0.000720215     0.000561523     
0.000512695     0.000598145     0.000500488     0.00045166     
0.000439453     0.000622559     0.000549316     0.00045166     
0.00057373     0.000842285     0.000744629     0.000744629     
0.000915527     0.0010376     0.00111084     0.0010498     
0.0012207     0.00145264     0.00133057     0.00134277     
0.00129395     0.00135498     0.0012085     0.00098877     
0.000939941     0.0010498     0.000732422     0.00065918     
0.000610352     0.000732422     0.000708008     0.000634766     
0.000769043     0.000976563     0.000976563     0.00107422     
0.0010376     0.00115967     0.00125732     0.00101318     
0.0010376     0.00118408     0.00102539     0.000830078     
0.000744629     0.000878906     0.000634766     0.000488281     
0.000439453     0.000549316     0.000427246     0.00032959     
0.000280762     0.00032959     0.00020752     0.000158691     
0.000244141     0.00032959     0.000305176     0.000366211     
0.000427246     0.000537109     0.000695801     0.000561523     
0.000744629     0.000891113     0.000915527     0.000830078     
0.00100098     0.00119629     0.00114746     0.0010498     
0.00118408     0.00135498     0.00118408     0.00118408     
0.0012085     0.00140381     0.00128174     0.0012207     
0.00136719     0.00141602     0.00128174     0.0012207     
0.0012085     0.00125732     0.00119629     0.00102539     
0.00102539     0.00098877     0.000866699     0.000720215     
0.000708008     0.000708008     0.000622559     0.00057373     
0.000488281     0.000646973     0.000476074     0.00045166     
0.000378418     0.000537109     0.000610352     0.00045166     
0.00057373     0.000744629     0.00065918     0.000695801     
0.000683594     0.000842285     0.000732422     0.000500488     
0.000610352     0.000537109     0.000366211     0.000244141     
0.000158691     0.00032959     0.000158691     -1.2207e-05     
7.32422e-05     0.00020752     0.000109863     0.000109863     
0.000109863     0.000231934     0.000256348     0.000280762     
0.000402832     0.000476074     0.000366211     0.00032959     
0.000354004     0.000488281     0.000585938     0.000390625     
0.000378418     0.000488281     0.000500488     0.00032959     
0.000378418     0.000488281     0.000402832     0.000305176     
0.000354004     0.000585938     0.000439453     0.000341797     
0.000354004     0.000610352     0.000524902     0.00045166     
0.000610352     0.000756836     0.00078125     0.00065918     
0.000720215     0.000878906     0.000805664     0.000732422     
0.000683594     0.000683594     0.00057373     0.000524902     
0.000488281     0.000524902     0.000415039     0.000219727     
0.000390625     0.000512695     0.000341797     0.00032959     
0.000354004     0.000561523     0.000463867     0.000354004     
0.000476074     0.000634766     0.000524902     0.000402832     
0.000524902     0.000427246     0.000390625     0.000268555     
0.000219727     0.000256348     2.44141e-05     -8.54492e-05     
-8.54492e-05     -7.32422e-05     -9.76563e-05     -0.000280762     
-0.000280762     -0.00020752     -0.000305176     -0.000305176     
-0.000219727     -0.000158691     -8.54492e-05     -0.00012207     
1.2207e-05     0.000195313     0.000170898     0.000256348     
0.000366211     0.00057373     0.000671387     0.000585938     
0.000732422     0.000964355     0.000805664     0.00078125     
0.000964355     0.000927734     0.00090332     0.000793457     
0.000805664     0.000854492     0.000769043     0.00065918     
0.000646973     0.000671387     0.000646973     0.000524902     
0.000549316     0.00065918     0.000622559     0.000378418     
0.000439453     0.000500488     0.000524902     0.000292969     
0.000341797     0.000488281     0.000317383     0.000280762     
0.000317383     0.000402832     0.000317383     0.000292969     
0.000463867     0.000427246     0.000537109     0.000402832     
0.000415039     0.000585938     0.000439453     0.000268555     
0.000390625     0.000500488     0.00020752     0.000219727     
0.000183105     0.000231934     0.000134277     6.10352e-05     
0.000146484     0.000292969     0.000231934     0.000219727     
0.000256348     0.000231934     0.000305176     0.000183105     
0.000244141     0.000524902     0.000402832     0.000305176     
0.000305176     0.000390625     0.000378418     0.000109863     
0.00020752     0.000183105     0.000109863     6.10352e-05     
3.66211e-05     0.000219727     0.00020752     0.000183105     
0.000415039     0.00065918     0.000744629     0.000854492     
0.00098877     0.00126953     0.0013916     0.00129395     
0.00152588     0.00151367     0.0013916     0.00129395     
0.00123291     0.0012207     0.00107422     0.00101318     
0.000964355     0.00106201     0.000744629     0.000646973     
0.00057373     0.000732422     0.000537109     0.000390625     
0.000390625     0.000500488     0.00045166     0.000378418     
0.000341797     0.000476074     0.00045166     0.000415039     
0.000549316     0.000683594     0.000634766     0.000598145     
0.000622559     0.000708008     0.000720215     0.000549316     
0.000476074     0.000610352     0.000439453     0.000354004     
0.000366211     0.000500488     0.000354004     0.000341797     
0.000366211     0.000537109     0.000512695     0.000524902     
0.000561523     0.00078125     0.000683594     0.000634766     
0.00078125     0.000854492     0.00090332     0.00090332     
0.000891113     0.0010376     0.0010376     0.000854492     
0.000952148     0.00109863     0.000927734     0.00101318     
0.000952148     0.00111084     0.00111084     0.00100098     
0.00107422     0.0012207     0.00100098     0.000915527     
0.00098877     0.000976563     0.000817871     0.000732422     
0.000793457     0.000854492     0.000793457     0.00065918     
0.000817871     0.000976563     0.00098877     0.000817871     
0.0010498     0.00133057     0.00119629     0.00112305     
0.00118408     0.00126953     0.00118408     0.00111084     
0.00107422     0.00125732     0.00108643     0.00101318     
0.00100098     0.00108643     0.0010376     0.00090332     
0.000854492     0.0010498     0.000866699     0.00078125     
0.000793457     0.00078125     0.000756836     0.000561523     
0.000720215     0.000830078     0.000671387     0.000744629     
0.000622559     0.000878906     0.000866699     0.000793457     
0.00090332     0.00107422     0.000964355     0.00090332     
0.000964355     0.00100098     0.000952148     0.000805664     
0.00078125     0.000976563     0.000878906     0.000720215     
0.000830078     0.000878906     0.000915527     0.000769043     
0.00078125     0.000866699     0.000817871     0.000720215     
0.000622559     0.00078125     0.00065918     0.000512695     
0.000549316     0.000585938     0.000415039     0.000366211     
0.00032959     0.000366211     0.000354004     0.000158691     
0.000231934     0.000402832     0.000305176     0.000280762     
0.000219727     0.000341797     0.000354004     0.00012207     
0.000256348     0.000317383     0.000268555     0.000292969     
0.000195313     0.000427246     0.000354004     0.000378418     
0.000634766     0.000744629     0.000744629     0.000817871     
0.000744629     0.00101318     0.00108643     0.000927734     
0.00098877     0.00106201     0.000891113     0.000830078     
0.000744629     0.000708008     0.000732422     0.000415039     
0.000439453     0.000476074     0.00032959     0.000305176     
0.000219727     0.000317383     0.000256348     0.000146484     
0.000244141     0.000317383     0.000195313     6.10352e-05     
0     0.000158691     2.44141e-05     -1.2207e-05     
-2.44141e-05     4.88281e-05     2.44141e-05     1.2207e-05     
-3.66211e-05     0.00012207     1.2207e-05     -0.000109863     
9.76563e-05     2.44141e-05     0     -3.66211e-05     
-3.66211e-05     0     -6.10352e-05     -0.000231934     
-0.000268555     -4.88281e-05     -0.000195313     -0.00020752     
-0.00020752     -1.2207e-05     -0.000109863     -0.000195313     
-0.000109863     6.10352e-05     0.000134277     4.88281e-05     
8.54492e-05     0.000231934     0.000366211     0.000219727     
0.000439453     0.000488281     0.000500488     0.000500488     
0.000561523     0.000769043     0.000683594     0.000622559     
0.000708008     0.000842285     0.000769043     0.000622559     
0.000634766     0.000756836     0.000598145     0.000646973     
0.000610352     0.000756836     0.000646973     0.000549316     
0.000732422     0.000769043     0.000793457     0.000634766     
0.000732422     0.000939941     0.000817871     0.000634766     
0.000842285     0.00101318     0.000854492     0.000878906     
0.000878906     0.00109863     0.00098877     0.000939941     
0.000891113     0.00100098     0.000769043     0.000695801     
0.000720215     0.000646973     0.000524902     0.000317383     
0.000390625     0.00045166     0.000341797     0.000158691     
0.000256348     0.000390625     0.000415039     0.000268555     
0.00032959     0.000476074     0.000488281     0.000415039     
0.000512695     0.000671387     0.000610352     0.000537109     
0.000561523     0.000708008     0.000634766     0.000537109     
0.000512695     0.000683594     0.000598145     0.000500488     
0.000585938     0.00065918     0.000610352     0.000524902     
0.000561523     0.000708008     0.000512695     0.000500488     
0.000488281     0.000500488     0.00045166     0.000378418     
0.000402832     0.000512695     0.000317383     0.000390625     
0.000378418     0.000598145     0.00057373     0.000463867     
0.000488281     0.000720215     0.000708008     0.000598145     
0.000744629     0.000842285     0.000817871     0.000720215     
0.000756836     0.000830078     0.000793457     0.000634766     
0.000610352     0.000622559     0.000524902     0.00032959     
0.000341797     0.000390625     0.000231934     7.32422e-05     
0.000134277     0.000170898     0     -0.000183105     
-4.88281e-05     7.32422e-05     -2.44141e-05     -3.66211e-05     
4.88281e-05     0.000170898     0.00020752     6.10352e-05     
0.000158691     0.000427246     0.000183105     0.000231934     
0.000158691     0.000219727     0.000256348     0.000134277     
0.000109863     9.76563e-05     1.2207e-05     -9.76563e-05     
-2.44141e-05     0.000109863     -0.00012207     -7.32422e-05     
-7.32422e-05     2.44141e-05     -7.32422e-05     -1.2207e-05     
-2.44141e-05     0.000231934     0.000231934     0.000158691     
0.000378418     0.000622559     0.000463867     0.000415039     
0.000427246     0.000598145     0.000598145     0.000231934     
0.000268555     0.000366211     0.000158691     2.44141e-05     
-7.32422e-05     2.44141e-05     -0.00020752     -0.000183105     
-1.2207e-05     0.000109863     9.76563e-05     0.000244141     
0.000317383     0.000500488     0.000537109     0.000610352     
0.000695801     0.000842285     0.000842285     0.000769043     
0.000805664     0.000866699     0.000769043     0.000561523     
0.000671387     0.000671387     0.000634766     0.000476074     
0.000561523     0.000646973     0.000524902     0.000463867     
0.000463867     0.000646973     0.000610352     0.000500488     
0.000439453     0.000732422     0.000695801     0.000488281     
0.000549316     0.000756836     0.000634766     0.000549316     
0.000476074     0.00057373     0.000512695     0.000231934     
0.00032959     0.000390625     0.00020752     9.76563e-05     
0.000109863     0.000195313     4.88281e-05     3.66211e-05     
9.76563e-05     0.000317383     0.000195313     0.000109863     
0.000170898     0.000390625     0.000354004     0.000317383     
0.00032959     0.00045166     0.000390625     0.000268555     
0.000231934     0.000366211     0.000354004     0.000170898     
0.000280762     0.000439453     0.000390625     0.000354004     
0.000500488     0.000683594     0.000708008     0.000646973     
0.00065918     0.000952148     0.000830078     0.00065918     
0.00065918     0.000708008     0.000463867     0.000280762     
0.000292969     0.000317383     9.76563e-05     -2.44141e-05     
-3.66211e-05     1.2207e-05     -0.00012207     -0.000195313     
-0.00012207     -6.10352e-05     -0.000158691     -0.000195313     
-9.76563e-05     6.10352e-05     2.44141e-05     3.66211e-05     
0.000219727     0.000415039     0.00032959     0.000390625     
0.000415039     0.000512695     0.000585938     0.000537109     
0.000561523     0.000830078     0.00065918     0.000622559     
0.000708008     0.000744629     0.000769043     0.000598145     
0.000561523     0.000720215     0.000549316     0.000488281     
0.000512695     0.000415039     0.000366211     9.76563e-05     
0.000183105     0.000231934     8.54492e-05     7.32422e-05     
2.44141e-05     0.000170898     0.000158691     4.88281e-05     
0.000146484     0.000354004     0.000292969     0.000402832     
0.000354004     0.000524902     0.000549316     0.000476074     
0.000610352     0.000732422     0.000634766     0.000695801     
0.00078125     0.000842285     0.000854492     0.000842285     
0.000891113     0.0010498     0.000964355     0.000891113     
0.00098877     0.00109863     0.00101318     0.000793457     
0.000927734     0.000976563     0.000915527     0.000878906     
0.000744629     0.000976563     0.000915527     0.000805664     
0.000939941     0.00101318     0.00106201     0.00108643     
0.00115967     0.00115967     0.00130615     0.0012207     
0.00129395     0.00133057     0.00145264     0.00140381     
0.00131836     0.00148926     0.00130615     0.00119629     
0.00124512     0.00119629     0.0010498     0.00100098     
0.000878906     0.000915527     0.000866699     0.000646973     
0.00078125     0.00090332     0.000817871     0.000708008     
0.000683594     0.00090332     0.000927734     0.000671387     
0.000708008     0.000854492     0.000610352     0.000537109     
0.000500488     0.00057373     0.000439453     0.000415039     
0.000512695     0.000646973     0.000549316     0.000585938     
0.00065918     0.00090332     0.000793457     0.000756836     
0.000866699     0.000952148     0.000732422     0.00078125     
0.000695801     0.00078125     0.000512695     0.000292969     
0.000366211     0.000402832     0.000378418     0.000219727     
0.000219727     0.000390625     0.000366211     0.000378418     
0.000415039     0.000708008     0.000622559     0.00065918     
0.000683594     0.000915527     0.000891113     0.000830078     
0.000830078     0.00098877     0.000805664     0.00065918     
0.000634766     0.000732422     0.00065918     0.00032959     
0.000500488     0.000610352     0.000524902     0.000427246     
0.000427246     0.000732422     0.000646973     0.000561523     
0.000585938     0.000805664     0.00065918     0.000549316     
0.000500488     0.000720215     0.000524902     0.000354004     
0.000366211     0.00045166     0.00032959     0.000183105     
0.000146484     0.000341797     0.00020752     0.000109863     
0.000158691     0.000354004     0.000256348     0.000146484     
0.000305176     0.00045166     0.000378418     0.000280762     
0.000427246     0.000720215     0.000549316     0.000500488     
0.000598145     0.00065918     0.00065918     0.000622559     
0.000512695     0.000708008     0.000646973     0.000537109     
0.000524902     0.00065918     0.000549316     0.00045166     
0.000512695     0.000585938     0.000537109     0.000427246     
0.000402832     0.000610352     0.000476074     0.00045166     
0.000390625     0.000500488     0.000488281     0.000305176     
0.00032959     0.000439453     0.000439453     0.000317383     
0.000354004     0.000500488     0.000439453     0.000256348     
0.000378418     0.000488281     0.00045166     0.000402832     
0.000488281     0.00065918     0.000598145     0.000512695     
0.000598145     0.000756836     0.000708008     0.000561523     
0.000708008     0.000732422     0.000610352     0.000488281     
0.00045166     0.00057373     0.000500488     0.000488281     
0.000439453     0.000720215     0.000622559     0.000488281     
0.000622559     0.000756836     0.00078125     0.000646973     
0.000756836     0.000927734     0.000805664     0.000756836     
0.000891113     0.000830078     0.000793457     0.000708008     
0.000732422     0.000805664     0.00065918     0.00065918     
0.000634766     0.000671387     0.000634766     0.000512695     
0.000561523     0.000561523     0.000488281     0.000341797     
0.000292969     0.000415039     0.000378418     0.000158691     
0.000231934     0.00032959     0.00020752     0.00020752     
0.00020752     0.000341797     0.000390625     0.000195313     
0.000378418     0.000476074     0.000439453     0.000341797     
0.000390625     0.000622559     0.000463867     0.000354004     
0.000537109     0.000756836     0.000646973     0.000610352     
0.000622559     0.000744629     0.00078125     0.000622559     
0.000585938     0.000646973     0.000634766     0.000439453     
0.000292969     0.00032959     0.000292969     0.00012207     
6.10352e-05     0.000219727     0.000183105     0.000219727     
0.000158691     0.000390625     0.000292969     0.000244141     
0.000390625     0.000402832     0.00032959     0.000280762     
0.000244141     0.000390625     0.000292969     0.000219727     
0.00020752     0.000341797     0.000292969     0.000219727     
0.000317383     0.000427246     0.00045166     0.000292969     
0.000463867     0.000439453     0.000549316     0.000390625     
0.000341797     0.00045166     0.000366211     0.000292969     
0.000292969     0.000439453     0.000231934     8.54492e-05     
0.000170898     0.000170898     7.32422e-05     2.44141e-05     
0.000146484     8.54492e-05     3.66211e-05     1.2207e-05     
-1.2207e-05     0     3.66211e-05     -6.10352e-05     
-4.88281e-05     0     -6.10352e-05     -0.00012207     
-0.000158691     0     -4.88281e-05     -0.000195313     
-8.54492e-05     4.88281e-05     4.88281e-05     1.2207e-05     
0.000109863     0.000341797     0.000292969     0.000305176     
0.000292969     0.000537109     0.000463867     0.000280762     
0.000354004     0.000488281     0.000341797     0.000280762     
0.000231934     0.000256348     0.000231934     -2.44141e-05     
0.00012207     0.000109863     0.000146484     6.10352e-05     
6.10352e-05     0.000231934     0.000146484     9.76563e-05     
0.00012207     0.000244141     0.000256348     0.000244141     
0.000219727     0.000378418     0.000378418     0.000244141     
0.000244141     0.000463867     0.000463867     0.000427246     
0.00045166     0.000537109     0.00057373     0.000476074     
0.000512695     0.000610352     0.000622559     0.000463867     
0.000415039     0.000598145     0.000500488     0.000439453     
0.000354004     0.000366211     0.000378418     0.000292969     
0.000305176     0.00045166     0.000476074     0.000354004     
0.000378418     0.000500488     0.000427246     0.000366211     
0.000366211     0.000439453     0.000244141     0.000158691     
9.76563e-05     0.00012207     1.2207e-05     -0.000158691     
-3.66211e-05     -6.10352e-05     -0.000146484     -7.32422e-05     
-7.32422e-05     0.00012207     0.000109863     0     
0.000170898     0.000378418     0.000268555     0.000256348     
0.000341797     0.000354004     0.000512695     0.00032959     
0.000378418     0.000646973     0.00057373     0.000488281     
0.000695801     0.000622559     0.000646973     0.00065918     
0.000646973     0.000842285     0.000756836     0.000646973     
0.000683594     0.000769043     0.000695801     0.000537109     
0.000695801     0.000756836     0.000500488     0.000537109     
0.000439453     0.000610352     0.000415039     0.000146484     
0.000280762     0.000402832     0.000317383     0.000183105     

