Source : transient; Time : Wed Jun 14 07:45:02 2017
B0 = 3636.000000 Gauss, mw = 9.686281 GHz
 NDI-T2 sa261 20/2 42/25 523nm/1mJ
1 5000 -1.001e-06 8.997e-06 0 0
s                        V                                                 
-0.000439453     -0.000500488     -0.000378418     -0.000378418     
-0.000366211     -0.000366211     -0.000415039     -0.000402832     
-0.000439453     -0.000476074     -0.000585938     -0.00045166     
-0.000488281     -0.000427246     -0.000463867     -0.000402832     
-0.000427246     -0.000366211     -0.000354004     -0.000170898     
-0.000134277     -0.000195313     -0.000219727     -3.66211e-05     
-0.000170898     -0.000305176     -0.00032959     -0.000268555     
-0.000378418     -0.000439453     -0.000512695     -0.000524902     
-0.000585938     -0.00057373     -0.00057373     -0.000500488     
-0.000488281     -0.000561523     -0.000512695     -0.000512695     
-0.000512695     -0.000549316     -0.000476074     -0.000476074     
-0.000512695     -0.000500488     -0.000512695     -0.000512695     
-0.000549316     -0.000537109     -0.000402832     -0.000427246     
-0.000415039     -0.000476074     -0.000402832     -0.000415039     
-0.000549316     -0.000476074     -0.000341797     -0.000268555     
-0.000402832     -0.000354004     -0.000317383     -0.000354004     
-0.00032959     -0.000390625     -0.000256348     -0.000390625     
-0.000354004     -0.000476074     -0.000500488     -0.000488281     
-0.000708008     -0.000585938     -0.000708008     -0.000695801     
-0.000805664     -0.000915527     -0.000964355     -0.00100098     
-0.00114746     -0.00115967     -0.00108643     -0.00113525     
-0.00111084     -0.00115967     -0.0010498     -0.0010498     
-0.000939941     -0.000964355     -0.000732422     -0.000646973     
-0.000549316     -0.000512695     -0.000390625     -0.000280762     
-0.000219727     -0.000244141     -0.000158691     -3.66211e-05     
-3.66211e-05     -0.000134277     -0.000183105     -0.000134277     
-0.000219727     -0.000292969     -0.000415039     -0.000354004     
-0.000463867     -0.000500488     -0.00065918     -0.000646973     
-0.000732422     -0.00078125     -0.000769043     -0.00078125     
-0.000830078     -0.000915527     -0.000842285     -0.000805664     
-0.000915527     -0.000939941     -0.000866699     -0.000744629     
-0.00078125     -0.000756836     -0.000646973     -0.000549316     
-0.000561523     -0.000549316     -0.000378418     -0.000195313     
-0.000183105     -0.000158691     -0.00020752     -0.00020752     
-9.76563e-05     -0.000195313     -9.76563e-05     -0.000231934     
-6.10352e-05     -0.000158691     -0.000292969     -0.00012207     
-0.000244141     -0.000305176     -0.000305176     -0.00020752     
-0.000268555     -0.000366211     -0.000280762     -0.000305176     
-0.000280762     -0.000390625     -0.000256348     -0.000317383     
-0.000415039     -0.000354004     -0.000402832     -0.000378418     
-0.000488281     -0.00045166     -0.000402832     -0.000402832     
-0.000402832     -0.000366211     -0.000366211     -0.000415039     
-0.000427246     -0.000378418     -0.000378418     -0.000354004     
-0.000378418     -0.000268555     -0.000317383     -0.000244141     
-0.000280762     -0.000317383     -0.000219727     -0.000244141     
-0.000341797     -0.000305176     -0.000280762     -0.000244141     
-0.000378418     -0.000512695     -0.000427246     -0.000427246     
-0.000476074     -0.000671387     -0.00057373     -0.00057373     
-0.000671387     -0.00065918     -0.000708008     -0.000537109     
-0.000512695     -0.000537109     -0.000427246     -0.000354004     
-0.00032959     -0.000354004     -0.000134277     0     
4.88281e-05     9.76563e-05     0.000146484     0.000366211     
0.000317383     0.00045166     0.000512695     0.000610352     
0.00065918     0.000598145     0.000708008     0.000756836     
0.000744629     0.000598145     0.000646973     0.00057373     
0.000439453     0.000427246     0.000354004     0.000268555     
1.2207e-05     6.10352e-05     -1.2207e-05     -3.66211e-05     
-0.000109863     -9.76563e-05     -0.00012207     -0.00012207     
-0.000109863     -1.2207e-05     -4.88281e-05     3.66211e-05     
0.000146484     -1.2207e-05     4.88281e-05     6.10352e-05     
3.66211e-05     -3.66211e-05     -4.88281e-05     -2.44141e-05     
-7.32422e-05     -0.000109863     -0.000170898     -0.00020752     
-0.000219727     -0.000317383     -0.000158691     -0.000170898     
-0.000158691     -0.000195313     -0.000109863     -0.000134277     
-0.000219727     -0.000134277     -0.00012207     -1.2207e-05     
-9.76563e-05     -8.54492e-05     -0.00012207     -7.32422e-05     
-3.66211e-05     -0.000183105     -6.10352e-05     -7.32422e-05     
0     -3.66211e-05     8.54492e-05     0.000219727     
2.44141e-05     0.000170898     0.000170898     0.000317383     
0.000231934     0.000219727     0.000268555     0.000256348     
0.000244141     0.000195313     0.000183105     0.000219727     
0.000183105     0     9.76563e-05     -0.000170898     
-0.00012207     -0.000195313     -0.000158691     -0.000134277     
-0.000244141     -0.000195313     -0.000268555     -0.000268555     
-0.000268555     -0.000366211     -0.000219727     -0.000268555     
-0.000183105     -0.000244141     -0.000219727     -0.000158691     
-0.000109863     -8.54492e-05     -0.000134277     3.66211e-05     
-1.2207e-05     2.44141e-05     -8.54492e-05     2.44141e-05     
1.2207e-05     -0.000195313     -3.66211e-05     -0.000146484     
-0.000146484     -0.000402832     -0.000378418     -0.000354004     
-0.000524902     -0.000671387     -0.000708008     -0.000610352     
-0.000708008     -0.000817871     -0.00078125     -0.000720215     
-0.000744629     -0.000854492     -0.000744629     -0.000683594     
-0.000549316     -0.000585938     -0.000671387     -0.000488281     
-0.00045166     -0.000402832     -0.000219727     -0.000170898     
2.44141e-05     1.2207e-05     8.54492e-05     0.000219727     
0.00020752     0.000244141     0.000183105     0.000280762     
0.000244141     0.000158691     0.00012207     2.44141e-05     
-0.00012207     -0.000170898     -0.000183105     -0.00020752     
-0.000292969     -0.000354004     -0.000341797     -0.00032959     
-0.000463867     -0.000402832     -0.000317383     -0.000415039     
-0.000378418     -0.000537109     -0.00032959     -0.000500488     
-0.00045166     -0.000500488     -0.000598145     -0.000476074     
-0.000549316     -0.00057373     -0.000561523     -0.000402832     
-0.00032959     -0.000390625     -0.000268555     -6.10352e-05     
-4.88281e-05     -2.44141e-05     0.000109863     0.000219727     
0.000231934     0.000219727     0.000341797     0.000378418     
0.000366211     0.00020752     0.000244141     0.000292969     
0.000134277     0.00012207     0.000109863     6.10352e-05     
6.10352e-05     1.2207e-05     7.32422e-05     8.54492e-05     
0.000146484     0.000195313     0.000256348     0.000231934     
0.000463867     0.000354004     0.000439453     0.00057373     
0.000476074     0.000549316     0.000585938     0.000683594     
0.000695801     0.000585938     0.000732422     0.000634766     
0.000585938     0.000500488     0.000561523     0.000585938     
0.000488281     0.000378418     0.000219727     0.000280762     
2.44141e-05     6.10352e-05     4.88281e-05     3.66211e-05     
0.000109863     1.2207e-05     2.44141e-05     0.000109863     
1.2207e-05     4.88281e-05     0.000134277     0.000109863     
0.000183105     -1.2207e-05     9.76563e-05     0     
7.32422e-05     0     1.2207e-05     0.000109863     
0.000134277     0.000109863     0.000158691     0.000219727     
0.000292969     0.000244141     0.000317383     0.000341797     
0.000305176     0.000292969     0.000292969     0.000195313     
0.000109863     0.000109863     2.44141e-05     9.76563e-05     
2.44141e-05     -0.000109863     -8.54492e-05     -0.000134277     
-0.000109863     -4.88281e-05     -3.66211e-05     -3.66211e-05     
-1.2207e-05     -0.00012207     -4.88281e-05     -2.44141e-05     
-8.54492e-05     -3.66211e-05     -6.10352e-05     -1.2207e-05     
-4.88281e-05     -1.2207e-05     -3.66211e-05     -3.66211e-05     
-0.000109863     -0.00012207     -0.000219727     -0.000158691     
-0.000244141     -0.000390625     -0.000402832     -0.000512695     
-0.000598145     -0.000744629     -0.000720215     -0.000817871     
-0.000878906     -0.000842285     -0.000976563     -0.000817871     
-0.000805664     -0.000817871     -0.000622559     -0.000610352     
-0.000488281     -0.000537109     -0.000354004     -0.000378418     
-0.000244141     -0.00020752     -0.000219727     -0.000109863     
-0.000244141     -0.00020752     -0.000280762     -0.000292969     
-0.000305176     -0.000415039     -0.000268555     -0.000366211     
-0.000415039     -0.000427246     -0.000427246     -0.000415039     
-0.000402832     -0.000341797     -0.000366211     -0.000280762     
-0.000158691     -0.000244141     -0.000183105     -8.54492e-05     
-0.000146484     -0.000231934     -0.00012207     -9.76563e-05     
-0.000134277     -0.000219727     -9.76563e-05     -0.00020752     
-0.000170898     -0.000146484     -7.32422e-05     1.2207e-05     
4.88281e-05     6.10352e-05     8.54492e-05     0.000134277     
6.10352e-05     1.2207e-05     0     -8.54492e-05     
-0.00012207     -0.000256348     -0.000305176     -0.000439453     
-0.00045166     -0.000500488     -0.000292969     -0.000146484     
-0.000170898     -3.66211e-05     0.000183105     0.000634766     
0.000720215     0.0010498     0.00137939     0.00180664     
0.00223389     0.00244141     0.00296631     0.0032959     
0.00358887     0.00394287     0.0043335     0.00477295     
0.00500488     0.00540771     0.0055542     0.00611572     
0.00633545     0.00665283     0.00709229     0.00760498     
0.00788574     0.00826416     0.00866699     0.00908203     
0.00938721     0.00970459     0.0102539     0.0105957     
0.011084     0.0112915     0.0117554     0.012085     
0.0124634     0.0128296     0.0131958     0.0136353     
0.0139282     0.0141235     0.014502     0.0148438     
0.0151123     0.0153198     0.0155518     0.0159058     
0.0161011     0.0163696     0.0165649     0.0168335     
0.0169189     0.0172852     0.0174561     0.0177734     
0.0179443     0.0181519     0.0183472     0.0186401     
0.0189209     0.0190063     0.0192383     0.0195801     
0.0198486     0.0199707     0.0200928     0.0203857     
0.0205688     0.0208374     0.0210815     0.0214355     
0.0216797     0.0218872     0.0220703     0.0224365     
0.0224854     0.0226196     0.0228394     0.022998     
0.0232178     0.02323     0.0234253     0.0235718     
0.0237793     0.0239258     0.0240845     0.024353     
0.0245117     0.0247925     0.0250244     0.0252808     
0.0255371     0.0257568     0.026062     0.0262939     
0.0265869     0.0268066     0.0271118     0.0272705     
0.027478     0.0276855     0.0278076     0.0281616     
0.0282104     0.0283081     0.028479     0.0286255     
0.0286621     0.028772     0.0290283     0.0291382     
0.0293701     0.0294922     0.0296509     0.0297974     
0.0298706     0.0300171     0.030127     0.0302612     
0.0302734     0.0303101     0.0303955     0.0304932     
0.0304077     0.0304565     0.0305054     0.030603     
0.030603     0.0306641     0.0307861     0.030835     
0.0309937     0.0310425     0.0311768     0.0314209     
0.0315063     0.0314209     0.0315552     0.0315918     
0.0315674     0.0315063     0.031543     0.031604     
0.0316284     0.0313965     0.0315918     0.0316406     
0.031665     0.0316895     0.0317261     0.0319092     
0.0320313     0.0321411     0.0321655     0.032251     
0.032312     0.0322266     0.0323242     0.0322632     
0.032251     0.0320679     0.0319824     0.0319824     
0.031897     0.0318115     0.0317749     0.0318359     
0.0317017     0.0317017     0.0316406     0.0316406     
0.0316284     0.0316406     0.031665     0.0316772     
0.0316528     0.031665     0.031665     0.0316284     
0.0316284     0.0315063     0.031604     0.0315796     
0.0315552     0.0313965     0.0312988     0.0313599     
0.0311279     0.0311401     0.0311157     0.0309692     
0.0310547     0.0308105     0.0308228     0.0307495     
0.0306641     0.0304932     0.0304932     0.0304077     
0.0302246     0.0302002     0.030127     0.0301758     
0.0299805     0.0298462     0.0297485     0.0296631     
0.0295654     0.0293213     0.0293091     0.0291382     
0.0290161     0.0288208     0.0287109     0.0286987     
0.0286011     0.0284424     0.0283325     0.0283203     
0.028186     0.0279907     0.0279785     0.0279419     
0.0277954     0.0276245     0.0275513     0.0274048     
0.0273438     0.0271484     0.0271118     0.0270386     
0.0268555     0.0267578     0.026709     0.0265503     
0.0263794     0.0263062     0.0261963     0.026123     
0.0260376     0.0258423     0.025769     0.0257202     
0.0255737     0.0253418     0.0253296     0.0252563     
0.0250366     0.0248413     0.024707     0.0246582     
0.0244141     0.0243652     0.0242065     0.0241821     
0.0242188     0.0238403     0.0239014     0.0238403     
0.0237305     0.0235474     0.023584     0.0236328     
0.0234375     0.0233521     0.0232544     0.0232788     
0.0230103     0.0228516     0.0227051     0.0226807     
0.022522     0.0222046     0.0219971     0.0219238     
0.0217163     0.02146     0.0213623     0.0212036     
0.0211548     0.0207886     0.0207153     0.020459     
0.0203369     0.0202148     0.0199585     0.0198486     
0.0197388     0.019519     0.0193848     0.0191895     
0.019104     0.0189331     0.0188599     0.0187622     
0.01875     0.0185791     0.0185913     0.0185181     
0.0183228     0.0182739     0.0182007     0.0181274     
0.0178833     0.0177979     0.0177612     0.0175659     
0.0174805     0.0174194     0.0173462     0.0172363     
0.0172363     0.0172241     0.0171021     0.0170044     
0.0168579     0.0168457     0.0166992     0.0166626     
0.0165283     0.016394     0.016333     0.0163086     
0.0161255     0.0161133     0.0161133     0.0160767     
0.0159912     0.0158569     0.0159302     0.0157959     
0.015686     0.0154419     0.0154663     0.0153564     
0.0151001     0.0149658     0.0146729     0.0146606     
0.0144531     0.0141846     0.0141846     0.0141357     
0.0140869     0.0137695     0.0137695     0.0137573     
0.0136353     0.0135986     0.0135132     0.0134766     
0.0134155     0.0132324     0.0130737     0.0130615     
0.0128784     0.0127686     0.0126587     0.012561     
0.0125977     0.0123291     0.0123047     0.0122681     
0.0121826     0.0121826     0.0121338     0.0122681     
0.0122437     0.0122681     0.0122681     0.0123047     
0.0122803     0.0124023     0.0124146     0.0125854     
0.0125977     0.0125732     0.0126099     0.0125977     
0.0126465     0.0125     0.0125977     0.0124512     
0.0124146     0.0122437     0.0120361     0.0119385     
0.0116699     0.0116089     0.0113647     0.0112915     
0.0110596     0.0108276     0.0108521     0.0108398     
0.0108032     0.0107666     0.0108276     0.0109741     
0.0109985     0.0112183     0.0112671     0.011499     
0.0115234     0.0116089     0.0117676     0.0116577     
0.0118164     0.0116943     0.0117065     0.0115845     
0.0114746     0.0114136     0.0113159     0.0112427     
0.0112305     0.0112061     0.0110596     0.0110596     
0.0108765     0.0109497     0.0108398     0.0108032     
0.0106567     0.0106079     0.0106201     0.0105835     
0.0105713     0.0105591     0.0106689     0.0107056     
0.010791     0.01073     0.0109131     0.0110596     
0.0110229     0.0111206     0.0112427     0.0114014     
0.011377     0.0113403     0.011438     0.0114258     
0.0115112     0.0114258     0.0116333     0.0116089     
0.011731     0.0116821     0.0116821     0.0117676     
0.0116577     0.0117676     0.0116821     0.0118042     
0.0117065     0.011499     0.0116699     0.0115845     
0.0117065     0.0115112     0.0116821     0.0117798     
0.0118042     0.0117554     0.0117798     0.0119995     
0.0119141     0.0119263     0.0119263     0.0119873     
0.0120605     0.0118896     0.0119629     0.0120728     
0.0119385     0.0119507     0.0120361     0.0120361     
0.0121582     0.0120117     0.0120361     0.0120117     
0.0120117     0.0119629     0.0120117     0.0119629     
0.0119507     0.0119629     0.0118652     0.0118286     
0.0118042     0.011853     0.0119629     0.0119385     
0.0120605     0.0119019     0.0120605     0.0120972     
0.0120361     0.012085     0.0120605     0.0121704     
0.0120483     0.0118774     0.0119507     0.0118408     
0.0117676     0.0116577     0.0118286     0.0118042     
0.0118774     0.0118774     0.0119263     0.012085     
0.0120239     0.0121948     0.0122925     0.0125366     
0.012561     0.012561     0.0127197     0.0128296     
0.0127808     0.012854     0.0129028     0.0129395     
0.0130127     0.0129395     0.0129883     0.0129883     
0.0129028     0.0127808     0.012854     0.0129395     
0.0128296     0.0127686     0.0127441     0.0128418     
0.0127686     0.0126465     0.0127319     0.0127441     
0.0128174     0.0127197     0.0128662     0.0129517     
0.0130371     0.0129395     0.0130371     0.0131714     
0.0131592     0.0131836     0.0131104     0.0131348     
0.0130859     0.0130859     0.0130737     0.0130615     
0.0131226     0.0129517     0.0129883     0.0130615     
0.0130127     0.0130127     0.0130371     0.013147     
0.0131226     0.0131348     0.0130859     0.0131104     
0.013208     0.0131226     0.0131348     0.0132813     
0.013269     0.0131348     0.0131958     0.0132446     
0.013208     0.013147     0.0130981     0.0130005     
0.0131348     0.0130737     0.0130249     0.0130859     
0.0129395     0.0129639     0.0130981     0.0130737     
0.0131104     0.0131348     0.0132568     0.013208     
0.0131958     0.0131958     0.0132935     0.0132324     
0.0132446     0.0132446     0.0131348     0.013208     
0.0130493     0.0130615     0.0130249     0.0129639     
0.0129761     0.0128418     0.0128418     0.0127808     
0.0127686     0.0128174     0.0127319     0.0127808     
0.0128052     0.0128174     0.0128418     0.0129395     
0.0129028     0.0129395     0.0130249     0.0131592     
0.013147     0.0132324     0.013269     0.0133179     
0.0133301     0.0132446     0.0134399     0.0133057     
0.013269     0.0131104     0.0130859     0.0130249     
0.012854     0.0128052     0.0126709     0.0127075     
0.0126343     0.0124512     0.0125488     0.0125122     
0.0123291     0.0123535     0.0125366     0.0125     
0.0125732     0.0125488     0.0125854     0.0126953     
0.0126221     0.0126831     0.0125488     0.0126343     
0.0126099     0.0124268     0.0123779     0.0122681     
0.012207     0.0120972     0.0119629     0.0119263     
0.0117188     0.0116455     0.0114746     0.0115356     
0.0113281     0.0112427     0.0111328     0.0111938     
0.0111816     0.0111328     0.0110596     0.011145     
0.0110352     0.0110229     0.0110718     0.0111328     
0.0111328     0.0110596     0.0110352     0.0108765     
0.0109009     0.0108276     0.0108154     0.0108887     
0.0106567     0.0106201     0.0107056     0.0105469     
0.0106079     0.0105225     0.0105347     0.0104858     
0.0104858     0.0104004     0.0104248     0.0102661     
0.0101318     0.010083     0.010022     0.00996094     
0.00976563     0.00953369     0.00949707     0.00931396     
0.00916748     0.009021     0.00904541     0.00892334     
0.00887451     0.00871582     0.00869141     0.00881348     
0.00869141     0.00874023     0.00880127     0.0090332     
0.00900879     0.00893555     0.00905762     0.00915527     
0.0090332     0.00898438     0.009021     0.00891113     
0.0088501     0.00860596     0.00852051     0.00837402     
0.00819092     0.00802002     0.00803223     0.00788574     
0.00788574     0.00772705     0.00769043     0.00787354     
0.00786133     0.0078125     0.00787354     0.00794678     
0.00803223     0.00787354     0.00794678     0.00797119     
0.00789795     0.0078125     0.00771484     0.00777588     
0.00761719     0.00760498     0.00742188     0.00736084     
0.0072876     0.00718994     0.00723877     0.00709229     
0.00705566     0.0069458     0.00699463     0.00699463     
0.00697021     0.00700684     0.00693359     0.00708008     
0.00705566     0.00706787     0.00708008     0.00705566     
0.00701904     0.00706787     0.00703125     0.00705566     
0.00704346     0.00688477     0.00688477     0.00688477     
0.00673828     0.00668945     0.006604     0.00656738     
0.00653076     0.00638428     0.00631104     0.00625     
0.0060791     0.00594482     0.00593262     0.00585938     
0.00585938     0.0057373     0.00570068     0.0057251     
0.00584717     0.0059082     0.00595703     0.00605469     
0.00610352     0.00617676     0.00632324     0.00635986     
0.00628662     0.00623779     0.00631104     0.00628662     
0.00623779     0.00603027     0.0060791     0.00598145     
0.005896     0.00577393     0.00583496     0.00596924     
0.00574951     0.00566406     0.00577393     0.00587158     
0.0057373     0.00571289     0.00578613     0.00570068     
0.00557861     0.00554199     0.00543213     0.00534668     
0.0052002     0.00506592     0.00507813     0.00499268     
0.00496826     0.00472412     0.00478516     0.00478516     
0.00462646     0.00469971     0.00474854     0.00488281     
0.00487061     0.00482178     0.00493164     0.00496826     
0.00498047     0.00484619     0.00495605     0.00500488     
0.0050415     0.00487061     0.00487061     0.00490723     
0.00476074     0.00473633     0.00469971     0.00479736     
0.00478516     0.00458984     0.00471191     0.00467529     
0.00466309     0.00455322     0.00462646     0.00463867     
0.00455322     0.00461426     0.00447998     0.00458984     
0.00450439     0.00446777     0.00443115     0.00456543     
0.00461426     0.00467529     0.00463867     0.00479736     
0.00480957     0.00484619     0.00493164     0.00496826     
0.00501709     0.00482178     0.00496826     0.00480957     
0.00478516     0.00465088     0.00467529     0.00463867     
0.00461426     0.00454102     0.00447998     0.00456543     
0.0045166     0.00463867     0.00472412     0.00479736     
0.00480957     0.00478516     0.00491943     0.0050293     
0.00490723     0.00495605     0.00494385     0.00507813     
0.00500488     0.00500488     0.00507813     0.0050415     
0.00515137     0.00509033     0.00532227     0.00543213     
0.00551758     0.0055542     0.00566406     0.00577393     
0.00571289     0.00583496     0.00585938     0.00592041     
0.00584717     0.00581055     0.00578613     0.00574951     
0.00574951     0.00565186     0.00563965     0.00567627     
0.00562744     0.00545654     0.00552979     0.0053833     
0.00541992     0.00524902     0.00537109     0.00533447     
0.00529785     0.00523682     0.00526123     0.00526123     
0.0052124     0.00524902     0.00532227     0.0053833     
0.00540771     0.00546875     0.00552979     0.00559082     
0.00568848     0.0057251     0.00568848     0.00578613     
0.00581055     0.00578613     0.00582275     0.00585938     
0.00585938     0.00583496     0.005896     0.00598145     
0.00601807     0.00598145     0.00606689     0.00606689     
0.00609131     0.00615234     0.00616455     0.00623779     
0.00616455     0.00617676     0.00617676     0.00628662     
0.00618896     0.00606689     0.00615234     0.00616455     
0.0060791     0.00601807     0.00606689     0.00606689     
0.00609131     0.00598145     0.00614014     0.00618896     
0.00606689     0.00623779     0.00622559     0.00625     
0.00616455     0.00628662     0.00635986     0.00638428     
0.00635986     0.00628662     0.00628662     0.00628662     
0.00622559     0.00617676     0.00617676     0.00612793     
0.00593262     0.00595703     0.00584717     0.0059082     
0.00579834     0.00578613     0.00577393     0.00578613     
0.00578613     0.00570068     0.0057251     0.00570068     
0.00570068     0.00567627     0.00568848     0.00566406     
0.00557861     0.00561523     0.00557861     0.00557861     
0.00548096     0.00546875     0.00549316     0.0055542     
0.00534668     0.0053833     0.0053833     0.00546875     
0.00537109     0.00528564     0.00546875     0.00549316     
0.00552979     0.00550537     0.00566406     0.00567627     
0.00576172     0.0057251     0.00579834     0.00588379     
0.00594482     0.00593262     0.00601807     0.00611572     
0.00609131     0.00606689     0.00616455     0.00631104     
0.00631104     0.00635986     0.00629883     0.00646973     
0.00643311     0.00643311     0.00634766     0.00645752     
0.00640869     0.00621338     0.00623779     0.00612793     
0.00615234     0.0059082     0.00582275     0.00581055     
0.0057373     0.00552979     0.00546875     0.00552979     
0.00533447     0.0053833     0.00532227     0.00537109     
0.00537109     0.0053833     0.00539551     0.00544434     
0.00549316     0.0055542     0.00554199     0.00557861     
0.0057373     0.00563965     0.00551758     0.00551758     
0.00559082     0.00549316     0.00541992     0.00554199     
0.00549316     0.00549316     0.00544434     0.00551758     
0.00557861     0.00554199     0.00561523     0.00556641     
0.00561523     0.00548096     0.00552979     0.00548096     
0.00541992     0.00534668     0.00533447     0.00543213     
0.00526123     0.0052002     0.00529785     0.0052124     
0.00528564     0.00516357     0.00534668     0.00535889     
0.00529785     0.00529785     0.00540771     0.0053833     
0.00529785     0.00535889     0.00532227     0.00532227     
0.0052002     0.00512695     0.00500488     0.00500488     
0.00478516     0.00479736     0.00477295     0.00469971     
0.00461426     0.00455322     0.00474854     0.00462646     
0.00460205     0.00465088     0.00472412     0.00474854     
0.00466309     0.00466309     0.00476074     0.0046875     
0.00462646     0.00458984     0.00452881     0.00458984     
0.00454102     0.00441895     0.00440674     0.00439453     
0.0043335     0.00429688     0.00427246     0.00432129     
0.00423584     0.00428467     0.00422363     0.0041626     
0.00426025     0.00418701     0.00429688     0.00437012     
0.00454102     0.0043457     0.00440674     0.00450439     
0.00452881     0.00445557     0.00437012     0.00445557     
0.00437012     0.00427246     0.00410156     0.00401611     
0.00404053     0.00390625     0.0038208     0.00383301     
0.00377197     0.00357666     0.00361328     0.00351563     
0.00355225     0.00350342     0.00362549     0.00361328     
0.00366211     0.00366211     0.00371094     0.00373535     
0.00369873     0.00367432     0.00366211     0.00372314     
0.00368652     0.00351563     0.00360107     0.003479     
0.00341797     0.0032959     0.00345459     0.00340576     
0.00333252     0.00338135     0.00343018     0.00350342     
0.00339355     0.0034668     0.00357666     0.00357666     
0.00362549     0.003479     0.00350342     0.00350342     
0.00344238     0.00339355     0.00338135     0.00343018     
0.00332031     0.00327148     0.00322266     0.00319824     
0.00303955     0.00305176     0.00303955     0.00305176     
0.0029541     0.00292969     0.00286865     0.00299072     
0.00299072     0.00288086     0.00300293     0.00299072     
0.00292969     0.00284424     0.00284424     0.00279541     
0.00270996     0.0026123     0.00255127     0.0026001     
0.00240479     0.00231934     0.00235596     0.00223389     
0.00222168     0.00201416     0.00209961     0.00206299     
0.00211182     0.00203857     0.00192871     0.00211182     
0.00214844     0.00211182     0.00223389     0.00238037     
0.0024292     0.00233154     0.00240479     0.00253906     
0.00253906     0.00239258     0.00245361     0.00249023     
0.0024292     0.00240479     0.00231934     0.00235596     
0.00228271     0.00236816     0.00230713     0.00239258     
0.00247803     0.00244141     0.00241699     0.00252686     
0.00247803     0.00249023     0.00258789     0.00272217     
0.00267334     0.00262451     0.00266113     0.0026123     
0.00263672     0.00255127     0.00253906     0.00253906     
0.00244141     0.00234375     0.00219727     0.00218506     
0.00201416     0.00192871     0.00195313     0.00186768     
0.00189209     0.00180664     0.00185547     0.00187988     
0.00175781     0.00181885     0.00183105     0.00201416     
0.00200195     0.0019043     0.00195313     0.00192871     
0.00197754     0.00179443     0.0019165     0.00194092     
0.00189209     0.00184326     0.00187988     0.00194092     
0.00189209     0.00197754     0.00194092     0.00212402     
0.00209961     0.00203857     0.00211182     0.00214844     
0.00203857     0.0020752     0.00214844     0.00220947     
0.00217285     0.00205078     0.00211182     0.00205078     
0.00189209     0.00189209     0.0019165     0.00187988     
0.00181885     0.00178223     0.00168457     0.00175781     
0.00167236     0.00168457     0.00170898     0.00166016     
0.00187988     0.00170898     0.00184326     0.00202637     
0.00206299     0.00218506     0.00223389     0.00240479     
0.00240479     0.00238037     0.00244141     0.00263672     
0.00257568     0.00234375     0.00241699     0.00249023     
0.0024292     0.00219727     0.00222168     0.00218506     
0.00217285     0.00200195     0.00194092     0.00214844     
0.0020752     0.00206299     0.00209961     0.0020752     
0.00209961     0.00220947     0.00209961     0.00222168     
0.00218506     0.00213623     0.00200195     0.00211182     
0.00209961     0.00202637     0.00213623     0.00212402     
0.00213623     0.0020752     0.00214844     0.00219727     
0.00212402     0.0022583     0.00234375     0.00228271     
0.00235596     0.00233154     0.00238037     0.00233154     
0.00239258     0.00230713     0.00240479     0.00241699     
0.00236816     0.0024292     0.0024292     0.00247803     
0.00238037     0.00247803     0.00255127     0.00238037     
0.00252686     0.00247803     0.00258789     0.0026001     
0.0026001     0.00267334     0.00268555     0.00283203     
0.00273438     0.00268555     0.00264893     0.00272217     
0.00257568     0.00253906     0.00246582     0.00252686     
0.0024292     0.00231934     0.00235596     0.00238037     
0.00218506     0.00217285     0.00234375     0.00235596     
0.00236816     0.00231934     0.0024292     0.00253906     
0.00251465     0.00258789     0.00272217     0.002771     
0.00288086     0.00284424     0.00285645     0.00281982     
0.00291748     0.00279541     0.002771     0.00284424     
0.00288086     0.00281982     0.0027832     0.00274658     
0.00275879     0.00285645     0.00290527     0.00291748     
0.00291748     0.0029541     0.00306396     0.00291748     
0.00297852     0.00296631     0.00300293     0.00303955     
0.00314941     0.00311279     0.00301514     0.00314941     
0.003125     0.00316162     0.00318604     0.00330811     
0.00328369     0.0032959     0.00327148     0.00334473     
0.00332031     0.00330811     0.00324707     0.00332031     
0.00338135     0.00330811     0.00332031     0.00332031     
0.0032959     0.00324707     0.00328369     0.00349121     
0.00341797     0.00340576     0.00339355     0.00334473     
0.00324707     0.00311279     0.00314941     0.00318604     
0.00308838     0.00289307     0.00288086     0.00286865     
0.00273438     0.00275879     0.00280762     0.002771     
0.00275879     0.002771     0.00285645     0.00285645     
0.00292969     0.00299072     0.00308838     0.00300293     
0.00299072     0.00294189     0.00285645     0.00286865     
0.00273438     0.00273438     0.00270996     0.00279541     
0.00275879     0.00264893     0.00274658     0.0027832     
0.00262451     0.00268555     0.00274658     0.002771     
0.00269775     0.00256348     0.00267334     0.00250244     
0.00246582     0.00231934     0.00240479     0.00239258     
0.00235596     0.00234375     0.00230713     0.00241699     
0.00241699     0.00230713     0.00249023     0.00256348     
0.00256348     0.00253906     0.00263672     0.00273438     
0.00274658     0.002771     0.00272217     0.00283203     
0.00281982     0.00275879     0.00274658     0.00283203     
0.0027832     0.0027832     0.00284424     0.00279541     
0.00292969     0.00270996     0.00275879     0.00279541     
0.00269775     0.00266113     0.00267334     0.00275879     
0.00269775     0.00257568     0.00257568     0.00249023     
0.00245361     0.00246582     0.00239258     0.00239258     
0.00239258     0.00233154     0.00231934     0.00233154     
0.00231934     0.00229492     0.00239258     0.00230713     
0.0024292     0.00230713     0.00230713     0.0022583     
0.00218506     0.00222168     0.00214844     0.00209961     
0.00209961     0.00200195     0.00184326     0.00180664     
0.0019043     0.00178223     0.00189209     0.00181885     
0.00169678     0.00172119     0.00166016     0.00164795     
0.00148926     0.00146484     0.00146484     0.0013916     
0.00134277     0.00126953     0.00134277     0.00136719     
0.00129395     0.00133057     0.00142822     0.00159912     
0.00153809     0.00157471     0.00170898     0.00180664     
0.00184326     0.00187988     0.00187988     0.00206299     
0.00201416     0.00189209     0.0019165     0.00202637     
0.0019165     0.00178223     0.00187988     0.00183105     
0.0019165     0.00183105     0.00194092     0.00198975     
0.0019165     0.00201416     0.0020752     0.00214844     
0.00216064     0.00216064     0.00217285     0.00223389     
0.00241699     0.00223389     0.00238037     0.00239258     
0.00241699     0.00234375     0.00234375     0.00236816     
0.00219727     0.00218506     0.00213623     0.00212402     
0.0020874     0.00187988     0.00186768     0.00187988     
0.00179443     0.00166016     0.00163574     0.00172119     
0.00162354     0.00167236     0.00157471     0.00178223     
0.00161133     0.00159912     0.00163574     0.00166016     
0.00157471     0.00148926     0.00142822     0.00133057     
0.00133057     0.00119629     0.00111084     0.0010498     
0.00114746     0.000964355     0.000976563     0.00100098     
0.00098877     0.00090332     0.000854492     0.000976563     
0.000915527     0.000878906     0.000793457     0.000805664     
0.000720215     0.000634766     0.000756836     0.000732422     
0.000805664     0.00078125     0.000793457     0.000939941     
0.000891113     0.000939941     0.000964355     0.0010376     
0.000976563     0.000842285     0.000878906     0.000817871     
0.000805664     0.000585938     0.000732422     0.000585938     
0.000585938     0.000646973     0.00057373     0.000610352     
0.000524902     0.00057373     0.000537109     0.000744629     
0.000683594     0.00057373     0.00065918     0.000585938     
0.00045166     0.000500488     0.00045166     0.000354004     
0.000354004     0.000280762     0.000280762     0.000231934     
0.000256348     0.000256348     0.000402832     0.000488281     
0.000512695     0.00065918     0.000708008     0.000891113     
0.00100098     0.000952148     0.00112305     0.00111084     
0.0012207     0.00108643     0.00107422     0.0010376     
0.00100098     0.00100098     0.000866699     0.000964355     
0.000939941     0.000878906     0.000878906     0.00098877     
0.0010498     0.000939941     0.00113525     0.00109863     
0.00117188     0.00109863     0.00114746     0.0012207     
0.0012207     0.00128174     0.00119629     0.00144043     
0.00141602     0.00142822     0.00146484     0.00155029     
0.00146484     0.00148926     0.00151367     0.00161133     
0.00151367     0.00141602     0.0013916     0.00142822     
0.00140381     0.00126953     0.00129395     0.00126953     
0.00128174     0.0012085     0.0012207     0.00114746     
0.00118408     0.0012085     0.00118408     0.00118408     
0.00123291     0.00109863     0.00111084     0.00109863     
0.00114746     0.00106201     0.00114746     0.00123291     
0.0012207     0.00123291     0.00118408     0.0013916     
0.00123291     0.00118408     0.00130615     0.00126953     
0.00131836     0.00101318     0.00112305     0.0010498     
0.00101318     0.00101318     0.000964355     0.000952148     
0.00090332     0.000854492     0.000720215     0.000830078     
0.000769043     0.000744629     0.00078125     0.000915527     
0.000854492     0.000866699     0.00090332     0.000927734     
0.000976563     0.000964355     0.00112305     0.00118408     
0.0012085     0.00115967     0.00126953     0.00129395     
0.00124512     0.00126953     0.00131836     0.00126953     
0.00125732     0.00117188     0.00115967     0.0012085     
0.00126953     0.00118408     0.00123291     0.00137939     
0.00134277     0.00135498     0.00136719     0.00145264     
0.00133057     0.00142822     0.00134277     0.00147705     
0.00142822     0.00136719     0.00145264     0.00135498     
0.00134277     0.00135498     0.00144043     0.00144043     
0.00140381     0.00148926     0.00151367     0.00167236     
0.00159912     0.0017334     0.0017334     0.00192871     
0.00197754     0.00196533     0.00198975     0.00211182     
0.00211182     0.00206299     0.00216064     0.00218506     
0.00220947     0.00209961     0.00213623     0.00203857     
0.00198975     0.00189209     0.00179443     0.00181885     
0.00168457     0.00159912     0.00144043     0.00134277     
0.00126953     0.00115967     0.00117188     0.0010498     
0.00113525     0.000952148     0.00098877     0.00111084     
0.00102539     0.00106201     0.00115967     0.0012085     
0.0012085     0.00133057     0.00137939     0.00131836     
0.0013916     0.00133057     0.00148926     0.00140381     
0.00134277     0.00136719     0.0012085     0.00126953     
0.00109863     0.00119629     0.00115967     0.00126953     
0.00119629     0.0012207     0.00126953     0.0013916     
0.00130615     0.00131836     0.00131836     0.00147705     
0.00151367     0.00135498     0.00151367     0.00141602     
0.00140381     0.0012207     0.00135498     0.00145264     
0.00134277     0.00134277     0.00133057     0.00142822     
0.00133057     0.00125732     0.00147705     0.00151367     
0.00166016     0.00147705     0.0015625     0.00164795     
0.00166016     0.00166016     0.00153809     0.0017334     
0.00164795     0.00158691     0.00145264     0.00155029     
0.00147705     0.00126953     0.00134277     0.00117188     
0.0012085     0.000964355     0.000976563     0.00102539     
0.000939941     0.000854492     0.000939941     0.00112305     
0.00113525     0.00117188     0.0012207     0.00131836     
0.00137939     0.00145264     0.00150146     0.00150146     
0.00161133     0.00151367     0.00152588     0.00147705     
0.00152588     0.00140381     0.00141602     0.00144043     
0.00152588     0.00140381     0.00146484     0.00158691     
0.00137939     0.00142822     0.00142822     0.00140381     
0.00136719     0.00114746     0.00118408     0.00109863     
0.00090332     0.000756836     0.000769043     0.000793457     
0.000683594     0.000646973     0.000671387     0.000769043     
0.000634766     0.000805664     0.000915527     0.000976563     
0.00111084     0.00109863     0.00126953     0.00135498     
0.00140381     0.00146484     0.00157471     0.00175781     
0.00170898     0.00174561     0.00169678     0.0017334     
0.00163574     0.00152588     0.00140381     0.00141602     
0.00140381     0.00124512     0.00124512     0.00114746     
0.00118408     0.0010498     0.0012085     0.0012207     
0.00123291     0.00112305     0.00117188     0.00124512     
0.00111084     0.00113525     0.0010376     0.0010376     
0.00107422     0.000878906     0.000927734     0.00090332     
0.000854492     0.000756836     0.00078125     0.000793457     
0.000878906     0.000732422     0.000744629     0.000744629     
0.000634766     0.000732422     0.000646973     0.000720215     
0.000756836     0.000610352     0.000646973     0.000646973     
0.000793457     0.00065918     0.000732422     0.000878906     
0.000866699     0.000793457     0.000842285     0.00090332     
0.000842285     0.000830078     0.000866699     0.000939941     
0.000842285     0.000842285     0.000756836     0.000756836     
0.000805664     0.000817871     0.000805664     0.000817871     
0.000952148     0.00098877     0.000964355     0.00108643     
0.0010498     0.00117188     0.00125732     0.00133057     
0.00131836     0.00133057     0.00125732     0.00131836     
0.0012207     0.00113525     0.00118408     0.00114746     
0.00111084     0.00102539     0.00108643     0.00107422     
0.00102539     0.0012085     0.0012207     0.00128174     
0.00136719     0.00146484     0.00147705     0.00158691     
0.00155029     0.00152588     0.00166016     0.00167236     
0.00161133     0.00152588     0.00159912     0.00161133     
0.00135498     0.00140381     0.00135498     0.00140381     
0.00130615     0.00117188     0.00111084     0.0012085     
0.00100098     0.000927734     0.000939941     0.000927734     
0.000854492     0.000756836     0.000830078     0.000732422     
0.000671387     0.000610352     0.000744629     0.000646973     
0.000646973     0.000415039     0.000366211     0.000390625     
0.00020752     3.66211e-05     9.76563e-05     -6.10352e-05     
-0.000109863     -0.000354004     -0.000366211     -0.000415039     
-0.000512695     -0.000598145     -0.000610352     -0.000585938     
-0.000585938     -0.000549316     -0.000634766     -0.000561523     
-0.000512695     -0.000524902     -0.000317383     -0.00020752     
-6.10352e-05     7.32422e-05     0.000280762     0.000415039     
0.000427246     0.000524902     0.000598145     0.000793457     
0.000756836     0.000769043     0.000720215     0.000866699     
0.00078125     0.000720215     0.000769043     0.000756836     
0.00078125     0.000732422     0.000732422     0.000744629     
0.000732422     0.000622559     0.000671387     0.00078125     
0.000769043     0.000585938     0.000671387     0.00065918     
0.000439453     0.000463867     0.000463867     0.000378418     
0.000354004     0.000244141     0.000219727     0.000256348     
0.000195313     0.000134277     0.000219727     0.000256348     
0.000292969     0.000305176     0.000427246     0.000524902     
0.000524902     0.000634766     0.000720215     0.000720215     
0.000793457     0.000708008     0.00090332     0.000756836     
0.000683594     0.00065918     0.000561523     0.000598145     
0.000463867     0.000512695     0.000427246     0.000476074     
0.000317383     0.00032959     0.000366211     0.000390625     
0.000244141     0.000183105     0.00020752     0.000170898     
-2.44141e-05     -4.88281e-05     0.000134277     -1.2207e-05     
1.2207e-05     -7.32422e-05     -2.44141e-05     0     
-8.54492e-05     4.88281e-05     0.00012207     0.000219727     
0.000183105     0.000256348     0.000268555     0.000341797     
0.000354004     0.00032959     0.000317383     0.000280762     
0.000366211     0.000378418     0.000317383     0.000378418     
0.000280762     0.00020752     8.54492e-05     0.000268555     
0.000292969     0.000183105     0.000256348     0.000341797     
0.000317383     0.000354004     0.000463867     0.000463867     
0.00045166     0.000378418     0.000402832     0.000524902     
0.000317383     0.000280762     0.000231934     0.00020752     
0.000146484     8.54492e-05     -2.44141e-05     -3.66211e-05     
-6.10352e-05     -3.66211e-05     -9.76563e-05     0     
0.000109863     8.54492e-05     0.000109863     0.000195313     
0.000305176     0.000366211     0.000402832     0.000610352     
0.000683594     0.000671387     0.000854492     0.000842285     
0.000952148     0.0010498     0.0012207     0.00118408     
0.00130615     0.00126953     0.00131836     0.00137939     
0.00130615     0.00150146     0.00158691     0.00163574     
0.0015625     0.00168457     0.00178223     0.00177002     
0.00180664     0.00168457     0.00180664     0.00179443     
0.00186768     0.00161133     0.00166016     0.00170898     
0.00152588     0.00158691     0.00142822     0.00153809     
0.00144043     0.00130615     0.00131836     0.00148926     
0.00130615     0.00130615     0.00137939     0.00136719     
0.00134277     0.00130615     0.00129395     0.00123291     
0.00118408     0.00112305     0.00124512     0.00113525     
0.00115967     0.00109863     0.00106201     0.00106201     
0.0010498     0.00100098     0.00107422     0.00108643     
0.00118408     0.0010376     0.00106201     0.0010498     
0.00106201     0.000952148     0.000793457     0.000817871     
0.000720215     0.000683594     0.000512695     0.000439453     
0.000354004     0.000183105     0.000219727     9.76563e-05     
0.000244141     7.32422e-05     0.000146484     0.000158691     
0.000134277     0.000280762     0.000317383     0.000402832     
0.00045166     0.000463867     0.000537109     0.000683594     
0.000598145     0.000671387     0.000610352     0.00078125     
0.000744629     0.000622559     0.000695801     0.000683594     
0.000671387     0.000537109     0.000549316     0.000585938     
0.000598145     0.000476074     0.000402832     0.000488281     
0.000341797     0.000341797     0.000402832     0.000402832     
0.000415039     0.000268555     0.00032959     0.000280762     
0.000256348     0.000109863     0.000195313     0.000158691     
2.44141e-05     1.2207e-05     0     -6.10352e-05     
-8.54492e-05     -7.32422e-05     0     6.10352e-05     
9.76563e-05     3.66211e-05     0.000341797     0.000280762     
0.00032959     0.000476074     0.000598145     0.000744629     
0.00090332     0.0010498     0.00106201     0.00118408     
0.00123291     0.00133057     0.00129395     0.00140381     
0.00129395     0.00126953     0.0012207     0.00118408     
0.00098877     0.000939941     0.000964355     0.000915527     
0.000805664     0.000646973     0.000683594     0.000598145     
0.000500488     0.000561523     0.000476074     0.000561523     
0.00045166     0.000256348     0.000317383     0.000268555     
0.000231934     0.000146484     0.000268555     0.000305176     
0.000390625     0.000415039     0.000402832     0.000708008     
0.000561523     0.000634766     0.000732422     0.000891113     
0.00090332     0.000756836     0.000866699     0.000854492     
0.00090332     0.00078125     0.000830078     0.000891113     
0.000817871     0.000830078     0.000769043     0.000854492     
0.000756836     0.000756836     0.000671387     0.000720215     
0.000732422     0.000585938     0.000512695     0.00057373     
0.000341797     0.000366211     0.000390625     0.000280762     
0.00032959     0.000195313     0.000305176     0.000268555     
0.000341797     0.000366211     0.00045166     0.000561523     
0.000720215     0.000708008     0.000756836     0.000830078     
0.000952148     0.000927734     0.00106201     0.00109863     
0.00118408     0.00114746     0.00119629     0.00125732     
0.00118408     0.00115967     0.00107422     0.0010376     
0.00090332     0.000732422     0.000683594     0.000549316     
0.000402832     8.54492e-05     0.000231934     7.32422e-05     
0     -7.32422e-05     -7.32422e-05     -6.10352e-05     
-0.000170898     -0.000183105     -0.000158691     -7.32422e-05     
-9.76563e-05     -0.000158691     -0.000146484     -2.44141e-05     
-0.000158691     -0.00020752     -0.000158691     -0.000134277     
-9.76563e-05     -0.000195313     -8.54492e-05     -0.000219727     
-0.000109863     -9.76563e-05     0     2.44141e-05     
0.000109863     0.00020752     0.000244141     0.000305176     
0.000366211     0.000427246     0.000561523     0.000585938     
0.000549316     0.000439453     0.000598145     0.000537109     
0.000488281     0.000439453     0.000354004     0.000390625     
0.000366211     0.000366211     0.000280762     0.00020752     
0.000256348     0.000158691     0.000268555     0.000305176     
0.000402832     0.000256348     0.00032959     0.000354004     
0.000402832     0.000439453     0.000463867     0.000720215     
0.000634766     0.000634766     0.000756836     0.000744629     
0.000732422     0.000793457     0.000708008     0.000817871     
0.00078125     0.000646973     0.000671387     0.000646973     
0.000610352     0.000537109     0.000598145     0.000585938     
0.000646973     0.000488281     0.000537109     0.000549316     
0.000390625     0.000354004     0.000341797     0.000280762     
0.000256348     0.00020752     0.000195313     0.000146484     
0.000183105     7.32422e-05     8.54492e-05     0.000158691     
2.44141e-05     0     -6.10352e-05     -1.2207e-05     
-0.000134277     -0.00012207     -0.000134277     -0.00012207     
-9.76563e-05     -0.000170898     0     3.66211e-05     
7.32422e-05     0.000170898     0.000268555     0.000415039     
0.000366211     0.000402832     0.000378418     0.000427246     
0.000280762     0.000219727     0.00032959     0.00032959     
0.00012207     3.66211e-05     0.000134277     0     
2.44141e-05     -2.44141e-05     8.54492e-05     9.76563e-05     
9.76563e-05     -3.66211e-05     8.54492e-05     0.000170898     
0.000170898     0.00020752     0.000256348     0.000476074     
0.000378418     0.000402832     0.000537109     0.000622559     
0.000708008     0.00065918     0.00090332     0.000939941     
0.00108643     0.00111084     0.00107422     0.00125732     
0.0012207     0.00123291     0.00118408     0.00125732     
0.00124512     0.000939941     0.0010498     0.00090332     
0.000805664     0.000683594     0.000756836     0.000683594     
0.000561523     0.00057373     0.000439453     0.000512695     
0.00032959     0.000378418     0.000341797     0.000390625     
0.000512695     0.000427246     0.00045166     0.000524902     
0.000366211     0.000463867     0.000427246     0.000537109     
0.000537109     0.000439453     0.000439453     0.000354004     
0.000378418     0.000354004     0.000292969     0.000378418     
0.000366211     0.000231934     0.000158691     0.000170898     
2.44141e-05     1.2207e-05     3.66211e-05     -9.76563e-05     
2.44141e-05     -0.000219727     -9.76563e-05     -3.66211e-05     
-0.000134277     -8.54492e-05     6.10352e-05     0.00012207     
0.000146484     0.000195313     0.000268555     0.000195313     
0.000244141     0.000183105     0.000292969     0.000183105     
0.000109863     7.32422e-05     0     1.2207e-05     
-0.00012207     -0.00012207     1.2207e-05     -2.44141e-05     
0     1.2207e-05     7.32422e-05     0.000244141     
0.000158691     0.000292969     0.000439453     0.000512695     
0.000610352     0.000524902     0.000646973     0.000720215     
0.000756836     0.000683594     0.000769043     0.000854492     
0.000854492     0.00090332     0.000830078     0.000878906     
0.000817871     0.000793457     0.000769043     0.000671387     
0.000671387     0.000537109     0.000402832     0.000268555     
0.000170898     -1.2207e-05     2.44141e-05     0     
-4.88281e-05     -3.66211e-05     -8.54492e-05     -2.44141e-05     
0     6.10352e-05     0.000158691     0.00020752     
0.000402832     0.000341797     0.00045166     0.000634766     
0.000610352     0.00065918     0.000634766     0.000793457     
0.000854492     0.000878906     0.000830078     0.000964355     
0.00102539     0.00098877     0.00090332     0.00107422     
0.00098877     0.000842285     0.000854492     0.00078125     
0.000744629     0.000537109     0.000512695     0.000488281     
0.000512695     0.000402832     0.000366211     0.000476074     
0.000341797     0.000378418     0.00045166     0.000366211     
0.000390625     0.000366211     0.000305176     0.000195313     
6.10352e-05     -1.2207e-05     0     -3.66211e-05     
-0.000256348     -0.000231934     -0.000256348     -0.000195313     
-0.000317383     -0.000256348     -0.00012207     -9.76563e-05     
-9.76563e-05     -8.54492e-05     -1.2207e-05     -6.10352e-05     
-6.10352e-05     -6.10352e-05     -7.32422e-05     -6.10352e-05     
-0.000231934     -0.000341797     -0.000378418     -0.000366211     
-0.000598145     -0.000549316     -0.000537109     -0.00045166     
-0.000585938     -0.00057373     -0.000500488     -0.000476074     
-0.000524902     -0.000537109     -0.000390625     -0.000439453     
-0.000305176     -0.000415039     -0.000305176     -0.000244141     
-0.000317383     -0.000292969     -0.000146484     -7.32422e-05     
-1.2207e-05     -9.76563e-05     1.2207e-05     6.10352e-05     
0.000146484     -1.2207e-05     0.00012207     2.44141e-05     
0.000158691     -2.44141e-05     -7.32422e-05     -2.44141e-05     
-2.44141e-05     0     -1.2207e-05     0.00012207     
0.000134277     2.44141e-05     0.000219727     0.00020752     
0.000305176     0.000158691     0.00020752     0.000244141     
0.000195313     0.000170898     8.54492e-05     0.000146484     
8.54492e-05     7.32422e-05     9.76563e-05     0.000134277     
0.000134277     0.000134277     7.32422e-05     0.000195313     
0.000231934     0.000195313     0.00032959     0.00032959     
0.000524902     0.000415039     0.000488281     0.000524902     
0.000561523     0.000598145     0.000671387     0.000756836     
0.000744629     0.00065918     0.000708008     0.00057373     
0.000524902     0.000415039     0.000317383     0.000170898     
0.00012207     -8.54492e-05     -0.000268555     -0.000378418     
-0.00057373     -0.000622559     -0.000646973     -0.000585938     
-0.000622559     -0.000683594     -0.000634766     -0.000622559     
-0.000610352     -0.000622559     -0.000537109     -0.000598145     
-0.000488281     -0.000537109     -0.000512695     -0.000390625     
-0.000390625     -0.000439453     -0.000268555     -8.54492e-05     
-0.000109863     -0.00012207     -1.2207e-05     8.54492e-05     
0     3.66211e-05     0.00012207     0.000195313     
0.000183105     0.00012207     0.00020752     0.000170898     
0.000256348     0.00012207     0.000231934     0.000268555     
0.000170898     0.000170898     0.000158691     0.00020752     
6.10352e-05     2.44141e-05     7.32422e-05     3.66211e-05     
4.88281e-05     -9.76563e-05     -6.10352e-05     -2.44141e-05     
-6.10352e-05     -8.54492e-05     -0.00012207     -6.10352e-05     
-0.000109863     -0.00020752     -0.000219727     -0.000134277     
-0.000134277     -0.000231934     -0.00020752     -0.000146484     
-0.000146484     -0.000305176     -0.000268555     -0.000268555     
-0.000305176     -0.000378418     -0.00032959     -0.000268555     
-0.000378418     -0.00032959     -0.000390625     -0.000305176     
-0.000415039     -0.000366211     -0.000341797     -0.000170898     
-0.000158691     -0.000109863     -0.00012207     -0.000109863     
0.000109863     3.66211e-05     0.00012207     0.000109863     
0.000195313     4.88281e-05     -3.66211e-05     -6.10352e-05     
-0.000268555     -0.000341797     -0.000390625     -0.000463867     
-0.000549316     -0.000769043     -0.000671387     -0.000866699     
-0.000927734     -0.000964355     -0.000891113     -0.000769043     
-0.000854492     -0.000793457     -0.000744629     -0.000561523     
-0.000622559     -0.000561523     -0.000317383     -0.000231934     
-8.54492e-05     -0.000109863     9.76563e-05     0.000231934     
0.00032959     0.000292969     0.000305176     0.000378418     
0.000402832     0.000378418     0.000415039     0.000463867     
0.000305176     0.000256348     0.000366211     0.000390625     
0.000280762     0.000280762     0.000305176     0.000256348     
0.00020752     0.00020752     0.000219727     0.00020752     
0.000219727     4.88281e-05     0.000170898     0.000158691     
6.10352e-05     6.10352e-05     -9.76563e-05     -9.76563e-05     
1.2207e-05     -0.000170898     -0.000183105     -0.000231934     
-0.000268555     -0.00032959     -0.000231934     -0.000427246     
-0.000378418     -0.000390625     -0.000500488     -0.000390625     
-0.000488281     -0.000341797     -0.000439453     -0.000378418     
-0.000256348     -0.000292969     -0.000292969     -0.000280762     
-0.000158691     -0.00032959     -0.00020752     -0.000134277     
-0.000244141     -0.000195313     -0.000231934     -0.000170898     
-0.000292969     -0.000158691     -0.000158691     -8.54492e-05     
-7.32422e-05     -0.000170898     -0.000134277     -6.10352e-05     
-8.54492e-05     -0.000183105     -9.76563e-05     -0.00012207     
-7.32422e-05     -9.76563e-05     -0.000134277     -0.000183105     
-0.00012207     -0.000158691     -7.32422e-05     -3.66211e-05     
-8.54492e-05     -7.32422e-05     0     1.2207e-05     
3.66211e-05     -3.66211e-05     0.000170898     0.000134277     
0.000280762     0.000292969     0.000366211     0.000488281     
0.000463867     0.00045166     0.000366211     0.000561523     
0.000415039     0.00032959     0.000378418     0.000256348     
0.00020752     7.32422e-05     7.32422e-05     -2.44141e-05     
-4.88281e-05     -0.000109863     -0.000170898     -0.000146484     
-0.000183105     -4.88281e-05     -0.00012207     -4.88281e-05     
-3.66211e-05     -8.54492e-05     -0.000158691     -2.44141e-05     
-0.00020752     -0.00020752     -0.000231934     -0.000366211     
-0.000402832     -0.000402832     -0.000463867     -0.000524902     
-0.000488281     -0.000549316     -0.00045166     -0.000341797     
-0.000292969     -0.000219727     -0.000292969     -6.10352e-05     
0     2.44141e-05     0.000146484     0.000219727     
0.000231934     7.32422e-05     0.000170898     0.000146484     
0.000146484     9.76563e-05     8.54492e-05     0.000170898     
0.000134277     6.10352e-05     -7.32422e-05     2.44141e-05     
-2.44141e-05     -0.000170898     -6.10352e-05     -0.00012207     
-0.000134277     -0.000231934     -0.000256348     -0.000219727     
-0.000366211     -0.000354004     -0.000366211     -0.00032959     
-0.000402832     -0.00032959     -0.000402832     -0.00032959     
-0.000378418     -0.000390625     -0.000280762     -0.000219727     
-0.000109863     -0.000183105     -4.88281e-05     -2.44141e-05     
6.10352e-05     6.10352e-05     0.00020752     0.000170898     
0.000256348     0.00020752     0.000183105     0.000195313     
0.000109863     4.88281e-05     0.00012207     0.00020752     
0.00012207     -1.2207e-05     1.2207e-05     7.32422e-05     
0.000109863     4.88281e-05     0.000195313     0.00020752     
9.76563e-05     0.000158691     0.000170898     0.000146484     
1.2207e-05     0     8.54492e-05     -3.66211e-05     
-3.66211e-05     -0.00020752     -0.000231934     -0.000292969     
-0.00045166     -0.000549316     -0.000598145     -0.000524902     
-0.000622559     -0.000769043     -0.000744629     -0.000622559     
-0.000842285     -0.000878906     -0.000756836     -0.000622559     
-0.000646973     -0.000671387     -0.000646973     -0.00057373     
-0.000561523     -0.000610352     -0.00057373     -0.000488281     
-0.000463867     -0.000598145     -0.000463867     -0.000317383     
-0.000439453     -0.000280762     -0.000195313     0     
0.00012207     6.10352e-05     0.000280762     0.00032959     
0.000390625     0.000341797     0.000463867     0.000378418     
0.000402832     0.000305176     9.76563e-05     8.54492e-05     
-3.66211e-05     0     -0.000219727     -0.000158691     
-0.000195313     -0.000390625     -0.000390625     -0.000439453     
-0.000427246     -0.000476074     -0.000390625     -0.000341797     
-0.000415039     -0.000390625     -0.000305176     -0.00032959     
-0.000292969     -0.000231934     -0.000195313     -1.2207e-05     
-1.2207e-05     -4.88281e-05     0     0.00012207     
4.88281e-05     4.88281e-05     0.000134277     6.10352e-05     
0.00012207     -0.00012207     0     -0.000109863     
-0.000183105     -0.000244141     -0.000256348     -0.000244141     
-0.000292969     -0.000317383     -0.000305176     -0.000317383     
-0.000317383     -0.000390625     -0.000402832     -0.000402832     
-0.000415039     -0.000622559     -0.000695801     -0.000744629     
-0.000842285     -0.000830078     -0.000817871     -0.000720215     
-0.000878906     -0.000866699     -0.000854492     -0.000927734     
-0.000927734     -0.00102539     -0.000891113     -0.000866699     
-0.000891113     -0.00102539     -0.00101318     -0.000927734     
-0.00109863     -0.0010376     -0.00106201     -0.000964355     
-0.000964355     -0.000976563     -0.000976563     -0.00090332     
-0.000964355     -0.000891113     -0.000817871     -0.000769043     
-0.000756836     -0.000854492     -0.000830078     -0.000695801     
-0.000720215     -0.00078125     -0.000646973     -0.000622559     
-0.000683594     -0.000769043     -0.000732422     -0.000622559     
-0.000708008     -0.000671387     -0.000488281     -0.000463867     
-0.000378418     -0.000439453     -0.000231934     -0.000158691     
-9.76563e-05     -0.000109863     -0.00012207     8.54492e-05     
6.10352e-05     0     1.2207e-05     0.000109863     
0     -8.54492e-05     0     -0.000183105     
-3.66211e-05     -0.00012207     -0.000170898     -4.88281e-05     
-0.00012207     -9.76563e-05     -4.88281e-05     6.10352e-05     
0     3.66211e-05     3.66211e-05     0.000146484     
0.00012207     7.32422e-05     7.32422e-05     0.000146484     
0.000146484     6.10352e-05     0.00012207     0.000134277     
0.00012207     7.32422e-05     0.000158691     6.10352e-05     
2.44141e-05     3.66211e-05     4.88281e-05     -4.88281e-05     
-0.00012207     -0.000134277     -0.000109863     -0.000134277     
-9.76563e-05     -0.000231934     -0.000219727     -0.000183105     
-0.000170898     -0.000317383     -0.000195313     -8.54492e-05     
-0.000244141     -0.000219727     -0.00020752     -0.000219727     
-0.000415039     -0.000341797     -0.000317383     -0.000366211     
-0.000231934     -0.000476074     -0.000427246     -0.000378418     
-0.000427246     -0.000415039     -0.000488281     -0.000305176     
-0.000390625     -0.000476074     -0.000439453     -0.000439453     
-0.000512695     -0.000488281     -0.000427246     -0.00045166     
-0.000390625     -0.00032959     -0.000280762     -0.000292969     
-0.000292969     -0.000244141     -3.66211e-05     1.2207e-05     
4.88281e-05     7.32422e-05     0.000195313     0.000244141     
0.000109863     0.00012207     0.000109863     7.32422e-05     
2.44141e-05     -6.10352e-05     -7.32422e-05     -0.00020752     
-0.000292969     -0.00032959     -0.000341797     -0.000390625     
-0.000354004     -0.000366211     -0.000354004     -0.000231934     
-0.000305176     -0.000231934     -0.00032959     -0.000146484     
-0.000158691     -0.000183105     -7.32422e-05     -9.76563e-05     
-2.44141e-05     -4.88281e-05     -4.88281e-05     0.000170898     
0.000134277     0.000146484     7.32422e-05     0.000195313     
0.000170898     9.76563e-05     7.32422e-05     0.00020752     
0.000268555     9.76563e-05     0.000146484     0.000268555     
0.000231934     0.000134277     0.000158691     0.000195313     
0.000146484     2.44141e-05     -3.66211e-05     -8.54492e-05     
-0.000146484     -0.00020752     -0.000317383     -0.000280762     
-0.000341797     -0.000512695     -0.000476074     -0.000512695     
-0.000683594     -0.000732422     -0.000695801     -0.000878906     
-0.000891113     -0.00107422     -0.0010376     -0.00108643     
-0.00123291     -0.00124512     -0.0012207     -0.00108643     
-0.0012207     -0.00119629     -0.00101318     -0.000976563     
-0.000891113     -0.000915527     -0.000720215     -0.00065918     
-0.000634766     -0.00057373     -0.000585938     -0.000598145     
-0.000646973     -0.000598145     -0.000622559     -0.000524902     
-0.000671387     -0.000744629     -0.000744629     -0.000646973     
-0.000756836     -0.000769043     -0.000695801     -0.000610352     
-0.000671387     -0.00065918     -0.000585938     -0.000524902     
-0.000512695     -0.000610352     -0.000390625     -0.000292969     
-0.000305176     -0.000256348     -0.000268555     -4.88281e-05     
-3.66211e-05     -3.66211e-05     0.00012207     0.00012207     
0.000256348     0.00020752     0.00020752     0.00032959     
0.000354004     0.000244141     0.000231934     0.000256348     
0.000268555     0.000219727     7.32422e-05     7.32422e-05     
-4.88281e-05     -0.000158691     -8.54492e-05     -0.000219727     
-0.000170898     -0.000268555     -0.000231934     -0.00020752     
-0.000256348     -0.000195313     -0.000170898     -1.2207e-05     
-6.10352e-05     3.66211e-05     -2.44141e-05     8.54492e-05     
7.32422e-05     8.54492e-05     9.76563e-05     0     
-6.10352e-05     -0.000109863     -0.000183105     -0.000292969     
-0.000427246     -0.000598145     -0.000622559     -0.000756836     
-0.000817871     -0.00090332     -0.000939941     -0.000842285     
-0.00090332     -0.000854492     -0.000720215     -0.000549316     
-0.000512695     -0.000500488     -0.000317383     -0.000244141     
-0.000170898     -0.000170898     -6.10352e-05     3.66211e-05     
-2.44141e-05     0     1.2207e-05     0.00012207     
-8.54492e-05     -0.000158691     -3.66211e-05     -9.76563e-05     
-4.88281e-05     -0.000183105     -8.54492e-05     -0.00012207     
-0.00012207     -0.000146484     -0.000109863     -1.2207e-05     
-8.54492e-05     -0.000219727     -0.00020752     -0.000134277     
-0.000317383     -0.000402832     -0.000366211     -0.000341797     
-0.000463867     -0.000524902     -0.000585938     -0.000537109     
-0.000524902     -0.000610352     -0.000402832     -0.000280762     
-0.000219727     -0.000305176     -0.00012207     -2.44141e-05     
-6.10352e-05     -2.44141e-05     8.54492e-05     0.000183105     
0.000170898     0.00012207     0.000146484     0.000146484     
0.000219727     2.44141e-05     0.000134277     0.000134277     
0.000219727     0.000134277     0.000134277     0.00012207     
0.000146484     0.000134277     7.32422e-05     6.10352e-05     
8.54492e-05     -0.000146484     -0.00012207     -0.000170898     
-0.000219727     -0.000427246     -0.000341797     -0.00032959     
-0.00045166     -0.000500488     -0.000500488     -0.000439453     
-0.000463867     -0.000476074     -0.000476074     -0.000463867     
-0.000366211     -0.000292969     -0.000427246     -0.000463867     
-0.000415039     -0.000476074     -0.000512695     -0.000512695     
-0.000439453     -0.000585938     -0.000476074     -0.00045166     
-0.000476074     -0.00057373     -0.000500488     -0.000402832     
-0.000354004     -0.000402832     -0.000268555     -0.000280762     
-0.000256348     -0.000317383     -0.000183105     -0.000109863     
-4.88281e-05     -0.000146484     -6.10352e-05     6.10352e-05     
-3.66211e-05     -4.88281e-05     0     0.000109863     
0     0     0     -0.000134277     
-0.000183105     -0.000317383     -0.000195313     -0.000402832     
-0.000439453     -0.000610352     -0.00057373     -0.000708008     
-0.000854492     -0.000866699     -0.000878906     -0.000830078     
-0.000915527     -0.000976563     -0.000830078     -0.000793457     
-0.000830078     -0.000634766     -0.000610352     -0.000427246     
-0.000427246     -0.000488281     -0.000280762     -0.000292969     
-0.000256348     -0.000292969     -8.54492e-05     0     
2.44141e-05     3.66211e-05     0.000146484     0.000256348     
0.000219727     0.000219727     0.000463867     0.000549316     
0.000708008     0.00065918     0.000793457     0.000769043     
0.000817871     0.000830078     0.000793457     0.000805664     
0.000817871     0.000646973     0.000524902     0.000402832     
0.000317383     0.000109863     6.10352e-05     -2.44141e-05     
-0.000134277     -0.000354004     -0.000268555     -0.000268555     
-0.000366211     -0.00032959     -0.000292969     -0.00012207     
-0.000195313     -0.000158691     -6.10352e-05     0     
-8.54492e-05     -0.00012207     -0.000134277     -8.54492e-05     
-0.00012207     -0.000292969     -0.00032959     -0.000292969     
-0.000427246     -0.000646973     -0.000622559     -0.000585938     
-0.000524902     -0.000634766     -0.000695801     -0.00065918     
-0.000610352     -0.000720215     -0.000585938     -0.000476074     
-0.000537109     -0.00057373     -0.000463867     -0.000512695     
-0.00045166     -0.000537109     -0.000439453     -0.000280762     
-0.000439453     -0.000390625     -0.000415039     -0.000390625     
-0.000598145     -0.000708008     -0.000646973     -0.000695801     
-0.000695801     -0.000915527     -0.000830078     -0.00090332     
-0.000952148     -0.000952148     -0.00100098     -0.000964355     
-0.000976563     -0.000964355     -0.00101318     -0.000854492     
-0.000866699     -0.000866699     -0.000805664     -0.00078125     
-0.000744629     -0.000744629     -0.000622559     -0.000537109     
-0.000585938     -0.00057373     -0.000366211     -0.000341797     
-0.000378418     -0.000463867     -0.000415039     -0.000427246     
-0.000512695     -0.000585938     -0.000598145     -0.000622559     
-0.000683594     -0.000708008     -0.000646973     -0.000695801     
-0.000732422     -0.000708008     -0.000695801     -0.000561523     
-0.000585938     -0.000634766     -0.000683594     -0.000476074     
-0.000634766     -0.000610352     -0.00065918     -0.000561523     
-0.00057373     -0.000610352     -0.000622559     -0.00065918     
-0.000622559     -0.00078125     -0.000695801     -0.000695801     
-0.000683594     -0.000683594     -0.000817871     -0.000622559     
-0.000720215     -0.000622559     -0.000598145     -0.00057373     
-0.000439453     -0.000549316     -0.000463867     -0.000354004     
-0.00032959     -0.000305176     -0.000292969     -0.000305176     
-0.000244141     -0.000280762     -0.000134277     -0.000305176     
-0.000280762     -0.000170898     -0.000219727     -0.00012207     
-0.000219727     -0.000268555     -0.000256348     -0.000219727     
-0.000231934     -0.000317383     -0.000146484     -0.00020752     
-0.000231934     -0.000341797     -0.000268555     -0.000317383     
-0.000439453     -0.000415039     -0.000488281     -0.000524902     
-0.000683594     -0.000720215     -0.000720215     -0.000744629     
-0.000732422     -0.000878906     -0.000732422     -0.000769043     
-0.000695801     -0.000744629     -0.000683594     -0.000402832     
-0.000634766     -0.000549316     -0.000476074     -0.000378418     
-0.000500488     -0.000463867     -0.000378418     -0.000415039     
-0.000463867     -0.000549316     -0.000549316     -0.000537109     
-0.000610352     -0.000695801     -0.00065918     -0.000671387     
-0.000769043     -0.000793457     -0.000769043     -0.00078125     
-0.000769043     -0.00078125     -0.000805664     -0.000769043     
-0.000805664     -0.000744629     -0.000744629     -0.000756836     
-0.00065918     -0.000756836     -0.000744629     -0.000732422     
-0.00078125     -0.000732422     -0.000744629     -0.000622559     
-0.000708008     -0.000549316     -0.000598145     -0.000512695     
-0.000402832     -0.000439453     -0.000268555     -0.000231934     
-7.32422e-05     -0.000244141     -0.00012207     -3.66211e-05     
-0.000158691     -7.32422e-05     -7.32422e-05     0     
0     -2.44141e-05     -1.2207e-05     1.2207e-05     
-1.2207e-05     -4.88281e-05     -0.000109863     -6.10352e-05     
-7.32422e-05     -0.000231934     -0.000366211     -0.000378418     
-0.00045166     -0.000598145     -0.00057373     -0.000683594     
-0.000720215     -0.000805664     -0.000878906     -0.000854492     
-0.000854492     -0.000866699     -0.000732422     -0.000585938     
-0.000488281     -0.00045166     -0.000317383     -0.00020752     
-0.000109863     1.2207e-05     0.000195313     0.000341797     
0.000427246     0.000402832     0.000512695     0.000622559     
0.000463867     0.000354004     0.000476074     0.000280762     
0.000183105     2.44141e-05     -4.88281e-05     -0.000244141     
-0.000268555     -0.000512695     -0.000598145     -0.000561523     
-0.000610352     -0.000585938     -0.00065918     -0.000476074     
-0.000561523     -0.000488281     -0.000341797     -0.000231934     
-0.000268555     -0.000183105     -0.00012207     -2.44141e-05     
-4.88281e-05     -7.32422e-05     0.000109863     -1.2207e-05     
0.00012207     4.88281e-05     0.000158691     0.000146484     
0     0     2.44141e-05     6.10352e-05     
2.44141e-05     -0.00012207     -9.76563e-05     -0.000158691     
-0.000268555     -0.000341797     -0.00032959     -0.000402832     
-0.000427246     -0.000439453     -0.000378418     -0.000317383     
-0.000366211     -0.000402832     -0.000244141     -0.000134277     
-8.54492e-05     -0.000170898     -2.44141e-05     -3.66211e-05     
4.88281e-05     -3.66211e-05     3.66211e-05     0.000195313     
0.000158691     9.76563e-05     3.66211e-05     0.000158691     
1.2207e-05     3.66211e-05     3.66211e-05     4.88281e-05     
2.44141e-05     -2.44141e-05     -6.10352e-05     3.66211e-05     
-9.76563e-05     -0.000109863     -0.000146484     -0.00012207     
-9.76563e-05     -0.000195313     -0.000305176     -0.000256348     
-0.000256348     -0.000415039     -0.000366211     -0.000280762     
-0.000317383     -0.000378418     -0.000402832     -0.000366211     
-0.000415039     -0.000439453     -0.000415039     -0.000476074     
-0.000476074     -0.000598145     -0.000463867     -0.00045166     
-0.000610352     -0.000500488     -0.00032959     -0.000256348     
-0.000170898     -0.000183105     0     0     
0     1.2207e-05     0.000183105     0.000195313     
0.000256348     0.000146484     7.32422e-05     0.000134277     
-6.10352e-05     -3.66211e-05     -0.00012207     -7.32422e-05     
-0.000170898     -0.000292969     -0.000305176     -0.000183105     
-0.000378418     -0.000317383     -0.00032959     -0.000183105     
-0.000183105     -0.000268555     -0.000244141     -0.000256348     
-0.000280762     -0.000500488     -0.000378418     -0.000390625     
-0.000427246     -0.000598145     -0.000671387     -0.000561523     
-0.000708008     -0.000720215     -0.000585938     -0.000585938     
-0.000598145     -0.000769043     -0.000683594     -0.000683594     
-0.00065918     -0.00078125     -0.000708008     -0.00065918     
-0.000683594     -0.00065918     -0.000671387     -0.000671387     
-0.000634766     -0.000634766     -0.000561523     -0.000561523     
-0.000598145     -0.000744629     -0.000732422     -0.000720215     
-0.000927734     -0.000964355     -0.00102539     -0.00100098     
-0.000976563     -0.0010498     -0.00109863     -0.00101318     
-0.00107422     -0.00102539     -0.000952148     -0.000817871     
-0.000769043     -0.00078125     -0.000793457     -0.000708008     
-0.00065918     -0.000720215     -0.00057373     -0.000610352     
-0.000561523     -0.000610352     -0.00065918     -0.000610352     
-0.000695801     -0.000622559     -0.000585938     -0.000634766     
-0.00045166     -0.000463867     -0.000439453     -0.000415039     
-0.000354004     -0.000305176     -0.000231934     -0.000170898     
-0.000183105     -0.00020752     -0.00020752     -0.000170898     
-0.000402832     -0.000366211     -0.000305176     -0.00057373     
-0.00057373     -0.000744629     -0.000708008     -0.000927734     
-0.000964355     -0.0010376     -0.00101318     -0.00109863     
-0.00113525     -0.00109863     -0.00126953     -0.00113525     
-0.00125732     -0.00124512     -0.00128174     -0.00113525     
-0.00125732     -0.00133057     -0.00134277     -0.00135498     
-0.00147705     -0.00159912     -0.00144043     -0.00136719     
-0.00136719     -0.00145264     -0.00126953     -0.00102539     
-0.00098877     -0.00101318     -0.000817871     -0.000646973     
-0.00065918     -0.000683594     -0.000622559     -0.000549316     
-0.000610352     -0.000805664     -0.000708008     -0.000671387     
-0.000695801     -0.000939941     -0.00106201     -0.000927734     
-0.00108643     -0.0010376     -0.00106201     -0.000952148     
-0.000878906     -0.000976563     -0.000805664     -0.000817871     
-0.000732422     -0.000646973     -0.000634766     -0.000500488     
-0.000488281     -0.000512695     -0.000524902     -0.000476074     
-0.00065918     -0.00057373     -0.000622559     -0.000622559     
-0.000634766     -0.00065918     -0.000720215     -0.000683594     
-0.000793457     -0.000793457     -0.000683594     -0.000756836     
-0.000646973     -0.000720215     -0.000720215     -0.000744629     
-0.000671387     -0.000598145     -0.000695801     -0.000585938     
-0.00057373     -0.00065918     -0.000585938     -0.000646973     
-0.000622559     -0.000610352     -0.000427246     -0.000390625     
-0.000366211     -0.000402832     -0.000305176     -0.000341797     
-0.00032959     -0.000439453     -0.00032959     -0.000366211     
-0.000500488     -0.000585938     -0.000500488     -0.000622559     
-0.000622559     -0.00065918     -0.000524902     -0.000476074     
-0.000378418     -0.000402832     -0.000268555     -0.000146484     
-0.000219727     -3.66211e-05     1.2207e-05     0.000231934     
0.000170898     0.00020752     0.000317383     0.000354004     
0.000231934     0.000292969     0.000354004     0.000341797     
0.000280762     0.000170898     0.000256348     6.10352e-05     
1.2207e-05     -0.000158691     -8.54492e-05     -0.00012207     
-0.000146484     -0.000292969     -0.000244141     -0.000134277     
-0.000195313     -0.00020752     -0.000158691     -0.00020752     
-0.000109863     -0.000219727     -0.000109863     -0.000280762     
-0.000256348     -0.000378418     -0.000402832     -0.000463867     
-0.00065918     -0.000585938     -0.000744629     -0.000720215     
-0.000830078     -0.000915527     -0.000708008     -0.000708008     
-0.000634766     -0.000756836     -0.000671387     -0.000476074     
-0.000524902     -0.000427246     -0.000341797     -0.000158691     
-0.00012207     -0.000183105     -0.000158691     3.66211e-05     
-3.66211e-05     -2.44141e-05     -4.88281e-05     7.32422e-05     
0.000109863     9.76563e-05     0.000134277     6.10352e-05     
0     1.2207e-05     -1.2207e-05     -0.000109863     
-9.76563e-05     -0.000219727     -0.000292969     -0.000366211     
-0.000390625     -0.000512695     -0.000488281     -0.000476074     
-0.000476074     -0.000634766     -0.000537109     -0.000537109     
-0.00057373     -0.000671387     -0.000537109     -0.000549316     
-0.00065918     -0.000708008     -0.000720215     -0.00057373     
-0.000769043     -0.000793457     -0.000708008     -0.000769043     
-0.000646973     -0.000866699     -0.000817871     -0.000830078     
-0.000891113     -0.000878906     -0.000878906     -0.000854492     
-0.000842285     -0.000805664     -0.000793457     -0.000671387     
-0.000842285     -0.000756836     -0.00065918     -0.000585938     
-0.00057373     -0.000598145     -0.000402832     -0.000341797     
-0.000476074     -0.000476074     -0.000280762     -0.000280762     
-0.000219727     -0.000390625     -0.000280762     -0.000317383     
-0.000378418     -0.00032959     -0.000244141     -0.000219727     
-0.000244141     -0.00045166     -0.000390625     -0.000354004     

