Source : transient; Time : Wed Jun 14 05:09:52 2017
B0 = 3112.000000 Gauss, mw = 9.686280 GHz
 NDI-T2 sa261 20/2 42/25 523nm/1mJ
1 5000 -1.001e-06 8.997e-06 0 0
s                        V                                                 
0.00020752     0.000268555     0.000366211     0.000341797     
0.000244141     0.000354004     0.000378418     0.000219727     
0.000231934     0.000268555     0.000280762     0.000158691     
1.2207e-05     0.00020752     -1.2207e-05     7.32422e-05     
7.32422e-05     0.000109863     9.76563e-05     1.2207e-05     
2.44141e-05     0.000158691     0.000195313     0.000158691     
0.000158691     0.000402832     0.000354004     0.000231934     
0.00032959     0.000427246     0.000427246     0.000366211     
0.000292969     0.000366211     0.000244141     6.10352e-05     
0.000109863     0.000158691     -6.10352e-05     -0.000134277     
-0.000317383     -0.00020752     -0.000280762     -0.000390625     
-0.000439453     -0.000280762     -0.000317383     -0.000341797     
-0.000366211     -0.000195313     -0.00020752     -0.000219727     
-8.54492e-05     6.10352e-05     7.32422e-05     8.54492e-05     
0.000158691     0.000292969     0.000512695     0.00045166     
0.000415039     0.000500488     0.00045166     0.000549316     
0.000439453     0.000585938     0.000671387     0.000561523     
0.000561523     0.000646973     0.00057373     0.000463867     
0.000427246     0.000402832     0.00032959     0.000256348     
7.32422e-05     7.32422e-05     -8.54492e-05     -0.000244141     
-0.000280762     -0.000305176     -0.000378418     -0.000488281     
-0.00057373     -0.000476074     -0.000500488     -0.000512695     
-0.000720215     -0.000671387     -0.000561523     -0.000671387     
-0.000744629     -0.000671387     -0.000610352     -0.00065918     
-0.000732422     -0.00065918     -0.000646973     -0.000561523     
-0.000634766     -0.000439453     -0.000280762     -0.000280762     
-0.000280762     -0.000170898     -4.88281e-05     -1.2207e-05     
-8.54492e-05     -2.44141e-05     8.54492e-05     0.000109863     
-4.88281e-05     0.000244141     0.000158691     0.00020752     
0.000170898     0.000317383     0.000402832     0.00020752     
0.000256348     0.00032959     0.00032959     0.000280762     
0.000256348     0.000463867     0.000341797     0.000341797     
0.000244141     0.000305176     0.000292969     0.000219727     
0.000244141     0.000305176     0.00012207     3.66211e-05     
-0.00012207     -6.10352e-05     -0.000158691     -0.000292969     
-0.000476074     -0.000415039     -0.000488281     -0.000524902     
-0.000646973     -0.000500488     -0.000463867     -0.000463867     
-0.000561523     -0.00020752     -0.000195313     -0.000219727     
-0.000231934     -4.88281e-05     3.66211e-05     -0.000183105     
-0.000109863     -6.10352e-05     -9.76563e-05     -0.000280762     
-0.000341797     -0.000292969     -0.00045166     -0.000341797     
-0.000646973     -0.000476074     -0.000537109     -0.000598145     
-0.000708008     -0.000549316     -0.000439453     -0.00045166     
-0.000463867     -0.000219727     -0.000219727     -0.000109863     
-0.000183105     -3.66211e-05     7.32422e-05     -4.88281e-05     
3.66211e-05     0.000109863     9.76563e-05     4.88281e-05     
-0.000134277     0     3.66211e-05     -7.32422e-05     
-0.000183105     -6.10352e-05     -0.000109863     -7.32422e-05     
-0.000158691     -0.000109863     0     8.54492e-05     
4.88281e-05     0.000280762     0.000317383     0.000244141     
0.000256348     0.000390625     0.000427246     0.000378418     
0.00020752     0.00020752     0.000244141     -2.44141e-05     
-0.00012207     0     -8.54492e-05     -0.000158691     
-0.000292969     -0.000109863     -0.000292969     -0.000219727     
-0.000146484     -7.32422e-05     4.88281e-05     -3.66211e-05     
-3.66211e-05     1.2207e-05     0.000109863     2.44141e-05     
4.88281e-05     0.000109863     9.76563e-05     1.2207e-05     
-9.76563e-05     3.66211e-05     0.000109863     -8.54492e-05     
0     8.54492e-05     0     -2.44141e-05     
-1.2207e-05     6.10352e-05     7.32422e-05     8.54492e-05     
7.32422e-05     0.000231934     0.000195313     0.000195313     
0.000268555     0.000500488     0.000390625     0.00045166     
0.000488281     0.000537109     0.000598145     0.000524902     
0.000598145     0.000610352     0.000671387     0.000524902     
0.000561523     0.000720215     0.000695801     0.000634766     
0.00057373     0.000683594     0.00065918     0.000720215     
0.000598145     0.000793457     0.000732422     0.00057373     
0.000610352     0.000732422     0.000732422     0.000744629     
0.000634766     0.000708008     0.000756836     0.000646973     
0.000585938     0.000708008     0.000671387     0.000476074     
0.000415039     0.000488281     0.000476074     0.000390625     
0.000244141     0.000415039     0.000463867     0.000427246     
0.000280762     0.000463867     0.000585938     0.000512695     
0.000463867     0.000610352     0.000585938     0.000585938     
0.000524902     0.000610352     0.000720215     0.000598145     
0.000415039     0.000512695     0.000561523     0.000378418     
0.000219727     0.00020752     0.000231934     3.66211e-05     
-0.000109863     -0.00020752     -0.000268555     -0.000390625     
-0.000549316     -0.000354004     -0.000537109     -0.000585938     
-0.000585938     -0.000524902     -0.00045166     -0.000390625     
-0.000378418     -0.00020752     -7.32422e-05     -2.44141e-05     
1.2207e-05     0.000109863     0.000244141     0.00032959     
0.000280762     0.000402832     0.000439453     0.000256348     
0.000292969     0.000439453     0.000390625     0.000195313     
0.000170898     0.00020752     0.000146484     2.44141e-05     
-2.44141e-05     6.10352e-05     0     -4.88281e-05     
-7.32422e-05     -4.88281e-05     -4.88281e-05     -1.2207e-05     
-3.66211e-05     4.88281e-05     2.44141e-05     0.000170898     
7.32422e-05     0.000183105     0.000280762     0.000146484     
0.000231934     0.000268555     0.000317383     0.000268555     
0.000317383     0.000305176     0.000256348     0.000354004     
8.54492e-05     0.000231934     0.000219727     0.00012207     
0.000109863     0.00012207     0.000183105     0.00012207     
0.00012207     0.000231934     0.000244141     0.000280762     
0.000183105     0.00045166     0.000524902     0.000415039     
0.000402832     0.000500488     0.000524902     0.000463867     
0.000317383     0.000366211     0.000439453     0.000427246     
0.000317383     0.000390625     0.000366211     0.000354004     
0.00020752     0.000317383     0.000415039     0.000305176     
0.000170898     0.000366211     0.000292969     0.000195313     
2.44141e-05     0.000170898     0.000341797     7.32422e-05     
2.44141e-05     0.00012207     4.88281e-05     -9.76563e-05     
-0.000158691     -6.10352e-05     0     1.2207e-05     
-9.76563e-05     6.10352e-05     6.10352e-05     0.000231934     
0.000219727     0.000305176     0.000439453     0.000439453     
0.000378418     0.000524902     0.000476074     0.000476074     
0.000427246     0.000512695     0.000488281     0.000415039     
0.000415039     0.000439453     0.000402832     0.000354004     
0.000280762     0.000341797     0.000256348     0.00020752     
0.000268555     0.000341797     0.000280762     0.000231934     
0.000183105     0.000402832     0.000341797     0.00020752     
0.000158691     0.000280762     0.000134277     0.000146484     
0     2.44141e-05     2.44141e-05     -9.76563e-05     
-0.000219727     -0.000195313     -9.76563e-05     -0.000256348     
-0.000268555     -0.000183105     -0.000146484     -0.000256348     
-0.000231934     -2.44141e-05     -2.44141e-05     0.000146484     
0.00012207     0.00045166     0.000500488     0.00045166     
0.000598145     0.000830078     0.000769043     0.000744629     
0.000720215     0.000769043     0.000671387     0.000610352     
0.000402832     0.000427246     0.000500488     0.00032959     
0.000244141     0.000268555     0.000219727     0.000256348     
0.000244141     0.000415039     0.000402832     0.000378418     
0.000341797     0.000439453     0.000476074     0.000390625     
0.000244141     0.000390625     0.000415039     0.000305176     
0.00012207     0.000183105     0.000195313     9.76563e-05     
-1.2207e-05     7.32422e-05     7.32422e-05     0     
-6.10352e-05     0     7.32422e-05     -2.44141e-05     
-4.88281e-05     0     6.10352e-05     3.66211e-05     
-0.000146484     6.10352e-05     -6.10352e-05     -2.44141e-05     
-0.00020752     -0.00012207     -3.66211e-05     -8.54492e-05     
-0.000183105     3.66211e-05     4.88281e-05     -2.44141e-05     
-1.2207e-05     0.000292969     0.000305176     9.76563e-05     
0.000183105     0.000427246     0.000476074     0.000268555     
0.000280762     0.000488281     0.000427246     0.000268555     
0.000292969     0.000390625     0.000402832     0.00032959     
0.000256348     0.000500488     0.000305176     0.000231934     
0.000183105     0.000244141     0.000183105     -4.88281e-05     
-0.000183105     1.2207e-05     -0.000244141     -0.000317383     
-0.000402832     -0.000354004     -0.000512695     -0.000720215     
-0.000793457     -0.000842285     -0.00107422     -0.00124512     
-0.00144043     -0.00155029     -0.00197754     -0.00219727     
-0.00263672     -0.00288086     -0.00307617     -0.00373535     
-0.00419922     -0.00443115     -0.0046875     -0.00535889     
-0.00582275     -0.00618896     -0.00648193     -0.00699463     
-0.00751953     -0.00777588     -0.00814209     -0.00864258     
-0.00899658     -0.00932617     -0.00964355     -0.0100586     
-0.0105713     -0.0107666     -0.0111328     -0.0115601     
-0.0119507     -0.0122314     -0.0126221     -0.0130249     
-0.0134888     -0.0137573     -0.0141968     -0.0146851     
-0.0151489     -0.0154907     -0.0159668     -0.0165283     
-0.0169678     -0.0173462     -0.0178223     -0.0182983     
-0.0188477     -0.0191895     -0.0194458     -0.0199097     
-0.0203491     -0.0205811     -0.0208496     -0.0211792     
-0.0215576     -0.0216919     -0.0220093     -0.02229     
-0.0225464     -0.0227783     -0.0229248     -0.0233521     
-0.0235962     -0.0237183     -0.0239746     -0.024292     
-0.0245728     -0.0247681     -0.025     -0.0253296     
-0.0255981     -0.0258789     -0.0260376     -0.0264893     
-0.0267212     -0.0268188     -0.0270874     -0.0274536     
-0.0276489     -0.0277222     -0.0279175     -0.0281372     
-0.0284302     -0.02854     -0.0287109     -0.0289063     
-0.029187     -0.029187     -0.0294922     -0.0296753     
-0.0300171     -0.030188     -0.0302612     -0.0305054     
-0.0306763     -0.0307983     -0.0309692     -0.03125     
-0.0313232     -0.0314453     -0.0316284     -0.0319214     
-0.0320923     -0.0321777     -0.0324951     -0.0325439     
-0.0329346     -0.0328979     -0.0329834     -0.0332886     
-0.0334961     -0.0336426     -0.0338501     -0.0340332     
-0.0343628     -0.0343994     -0.0345947     -0.0348267     
-0.0351318     -0.0351318     -0.0352051     -0.0354126     
-0.0355225     -0.0355225     -0.0354736     -0.0355469     
-0.0355591     -0.035498     -0.0354736     -0.0354736     
-0.0356445     -0.0355469     -0.0355957     -0.0356689     
-0.0357788     -0.0358887     -0.0359253     -0.0361328     
-0.0362915     -0.0363037     -0.0364258     -0.0365845     
-0.0367065     -0.0367554     -0.0368286     -0.0369995     
-0.037146     -0.0371826     -0.037085     -0.0373169     
-0.037439     -0.0373291     -0.037439     -0.0375732     
-0.0375854     -0.0373535     -0.0375977     -0.0376099     
-0.0376221     -0.0376953     -0.0375854     -0.0376343     
-0.0377563     -0.0375854     -0.0375854     -0.0376465     
-0.0375977     -0.0375     -0.0375854     -0.0375977     
-0.0375366     -0.0373657     -0.0373413     -0.0373657     
-0.0374146     -0.0372803     -0.0373169     -0.0372681     
-0.0374146     -0.0373413     -0.0373169     -0.0373901     
-0.0374634     -0.0373657     -0.0373169     -0.0374146     
-0.0372925     -0.037146     -0.0369629     -0.0369141     
-0.0367676     -0.0364868     -0.0363037     -0.0362305     
-0.0360962     -0.035791     -0.0357056     -0.0356567     
-0.0355347     -0.0354126     -0.0353882     -0.035376     
-0.0353638     -0.0352051     -0.0352173     -0.0351196     
-0.0353271     -0.0350708     -0.0350098     -0.0351318     
-0.0350342     -0.0348877     -0.0348633     -0.0348511     
-0.0347656     -0.0345947     -0.0344482     -0.0343628     
-0.0342407     -0.0340576     -0.0338257     -0.0336914     
-0.033606     -0.0334961     -0.0332764     -0.0331787     
-0.0332642     -0.0330566     -0.03302     -0.0329956     
-0.0330322     -0.0328247     -0.0327515     -0.0328125     
-0.0328003     -0.0325806     -0.0324219     -0.0323853     
-0.0323853     -0.0320801     -0.0319824     -0.0319458     
-0.0319092     -0.0316162     -0.0314697     -0.0313599     
-0.0312378     -0.0309448     -0.0307373     -0.0307129     
-0.0305908     -0.0303589     -0.0302124     -0.030188     
-0.0301514     -0.0299072     -0.0300171     -0.0299194     
-0.0298218     -0.0297241     -0.0296143     -0.0295776     
-0.0295166     -0.0293945     -0.0292847     -0.0292725     
-0.029126     -0.028894     -0.028772     -0.0286865     
-0.0285767     -0.0284302     -0.028186     -0.0282227     
-0.0281372     -0.027771     -0.0276123     -0.0275146     
-0.027417     -0.0271606     -0.0270508     -0.027002     
-0.0268921     -0.0266479     -0.0265625     -0.0265503     
-0.026416     -0.0262451     -0.0262207     -0.0261353     
-0.0260864     -0.0258789     -0.025769     -0.025769     
-0.025708     -0.0255981     -0.0254639     -0.0255249     
-0.0253296     -0.0252808     -0.0251709     -0.0250488     
-0.0250732     -0.0247437     -0.0246704     -0.0244873     
-0.0245117     -0.0241577     -0.0239502     -0.0239136     
-0.0237183     -0.0235718     -0.0234009     -0.0231812     
-0.0231323     -0.022937     -0.0227295     -0.0226074     
-0.0226074     -0.0224121     -0.0221558     -0.0221313     
-0.0221191     -0.0219238     -0.0217041     -0.0217041     
-0.0217407     -0.0215454     -0.02146     -0.0214966     
-0.0216187     -0.0213623     -0.0213623     -0.0213135     
-0.0213989     -0.0211426     -0.0210571     -0.0209473     
-0.0209229     -0.0206543     -0.0204956     -0.0204102     
-0.0203003     -0.0201172     -0.0199219     -0.0199707     
-0.0198486     -0.0197876     -0.0196655     -0.0198242     
-0.0198364     -0.0197266     -0.0197754     -0.0197998     
-0.0199707     -0.0196777     -0.0197388     -0.0196777     
-0.0196411     -0.019458     -0.0193359     -0.0193359     
-0.0191284     -0.0189453     -0.0187988     -0.0187378     
-0.0185547     -0.0183472     -0.0183105     -0.0181519     
-0.0179565     -0.0179199     -0.0178345     -0.0179077     
-0.0178589     -0.0176514     -0.0177612     -0.0177979     
-0.0177002     -0.0175781     -0.0177002     -0.0176514     
-0.0177246     -0.0175781     -0.0176147     -0.0177368     
-0.0177734     -0.0175903     -0.0177002     -0.0177246     
-0.0177368     -0.0175659     -0.0175293     -0.0175781     
-0.0175049     -0.0174316     -0.0173218     -0.0174561     
-0.0172974     -0.0172852     -0.0171631     -0.0172485     
-0.0171875     -0.0170532     -0.0171021     -0.01698     
-0.0170532     -0.0168701     -0.0168701     -0.0169434     
-0.0168579     -0.0167847     -0.0166138     -0.0167358     
-0.0168335     -0.016748     -0.016687     -0.0167236     
-0.016748     -0.0166626     -0.0166504     -0.0166748     
-0.0167236     -0.0165405     -0.0164551     -0.0164429     
-0.0165527     -0.0162231     -0.0162231     -0.0161743     
-0.0161987     -0.0160889     -0.0160767     -0.01604     
-0.0160889     -0.0160156     -0.0160034     -0.0161011     
-0.0161987     -0.0161255     -0.0161133     -0.0162476     
-0.0163818     -0.0163086     -0.016272     -0.0163818     
-0.0164673     -0.0164917     -0.0164185     -0.0166382     
-0.0166748     -0.0166138     -0.0166138     -0.0166748     
-0.0167358     -0.016626     -0.0168091     -0.0168457     
-0.0167969     -0.0168091     -0.0167358     -0.0167969     
-0.0168701     -0.0167725     -0.016687     -0.0167847     
-0.0166748     -0.0165527     -0.0165283     -0.0166016     
-0.0164917     -0.0164307     -0.016333     -0.0164673     
-0.0165161     -0.0163208     -0.0164917     -0.0164429     
-0.0165039     -0.016333     -0.016394     -0.0162964     
-0.016394     -0.0162109     -0.0162231     -0.0162842     
-0.0162231     -0.0161011     -0.0161743     -0.0161499     
-0.0161987     -0.01604     -0.01604     -0.0161743     
-0.0160889     -0.0160767     -0.0160522     -0.0162476     
-0.0161743     -0.0161011     -0.0161255     -0.0162964     
-0.0163208     -0.0162231     -0.0164307     -0.0164185     
-0.0167603     -0.0166138     -0.0166992     -0.0169434     
-0.0171021     -0.0171265     -0.0171509     -0.0172852     
-0.0173828     -0.0173462     -0.0172974     -0.0173828     
-0.0174927     -0.0173462     -0.0172363     -0.0172974     
-0.0172729     -0.0171997     -0.0171143     -0.0171875     
-0.0172363     -0.0171997     -0.0171387     -0.0172363     
-0.0173462     -0.0172485     -0.0172363     -0.0172363     
-0.0173218     -0.0172363     -0.0171753     -0.0172119     
-0.0173584     -0.0171265     -0.0171265     -0.0171875     
-0.0172119     -0.0171509     -0.0171631     -0.0171509     
-0.0171997     -0.0171631     -0.0172119     -0.0174316     
-0.0174072     -0.0173218     -0.0174561     -0.0174683     
-0.017688     -0.0174805     -0.0176636     -0.0177124     
-0.0177979     -0.0177612     -0.0178101     -0.017981     
-0.0180786     -0.017981     -0.0180054     -0.0180908     
-0.0181763     -0.0180908     -0.0181152     -0.0182129     
-0.0182373     -0.0181396     -0.0180786     -0.018042     
-0.0182007     -0.0179932     -0.0179199     -0.0179443     
-0.0178589     -0.0177368     -0.017688     -0.0176025     
-0.0176636     -0.0175049     -0.0174805     -0.0175781     
-0.0175781     -0.0174561     -0.0174438     -0.0174927     
-0.0175903     -0.0174927     -0.0174927     -0.0175537     
-0.0175049     -0.0174683     -0.0174072     -0.0175415     
-0.0174438     -0.0173584     -0.0173706     -0.017334     
-0.0172607     -0.0172607     -0.0172607     -0.0172607     
-0.017395     -0.0171997     -0.0171997     -0.0173096     
-0.0173096     -0.0172241     -0.0172363     -0.0172729     
-0.0172241     -0.0170898     -0.0170654     -0.0170776     
-0.0171875     -0.017041     -0.0169067     -0.0170776     
-0.0171265     -0.0170654     -0.0169678     -0.0170654     
-0.0171143     -0.0169556     -0.0169556     -0.0168823     
-0.0168945     -0.016687     -0.0166016     -0.0165649     
-0.0164673     -0.0163208     -0.0161621     -0.0161377     
-0.0161621     -0.0159912     -0.0160645     -0.0159912     
-0.0161133     -0.01604     -0.0160156     -0.0162109     
-0.0162231     -0.0162109     -0.0161255     -0.0163452     
-0.0165283     -0.0163574     -0.0165161     -0.0165161     
-0.0167969     -0.0165894     -0.016748     -0.0166626     
-0.0167236     -0.0166504     -0.0164795     -0.0165039     
-0.0164917     -0.0163452     -0.016272     -0.0162109     
-0.0161499     -0.0158936     -0.0157837     -0.0157227     
-0.015564     -0.0154541     -0.0152954     -0.0152954     
-0.0152344     -0.0149902     -0.0150513     -0.0150757     
-0.0151001     -0.0148804     -0.0149536     -0.014978     
-0.0150879     -0.014917     -0.014917     -0.0149658     
-0.0150513     -0.0148071     -0.0148315     -0.0148193     
-0.0147583     -0.014624     -0.0145874     -0.0146484     
-0.0145264     -0.0144409     -0.0143188     -0.0143799     
-0.014209     -0.0141235     -0.0139771     -0.0138672     
-0.0136841     -0.0134888     -0.0134644     -0.013208     
-0.0132568     -0.0130615     -0.0129883     -0.0130615     
-0.0130615     -0.0130005     -0.0130493     -0.0131836     
-0.0132446     -0.0131836     -0.0131714     -0.0133423     
-0.0133301     -0.0133545     -0.0131836     -0.0133545     
-0.0133179     -0.0132202     -0.013147     -0.0131226     
-0.013147     -0.012915     -0.012793     -0.0128296     
-0.0128662     -0.0127197     -0.0126343     -0.0126343     
-0.0126709     -0.0124146     -0.0124146     -0.012439     
-0.0124634     -0.0123169     -0.0122192     -0.0122192     
-0.012207     -0.0119995     -0.0118774     -0.0119019     
-0.0117798     -0.0116089     -0.0114502     -0.0115723     
-0.0115356     -0.0114746     -0.0113647     -0.0113403     
-0.0115234     -0.011377     -0.0115112     -0.0115356     
-0.0115723     -0.0114502     -0.0114502     -0.0116089     
-0.0115845     -0.011438     -0.0113281     -0.0113159     
-0.0113159     -0.0110596     -0.0109619     -0.0109375     
-0.0108276     -0.0105957     -0.0104614     -0.0104492     
-0.0103394     -0.0100342     -0.00999756     -0.0100098     
-0.00992432     -0.00969238     -0.00976563     -0.00979004     
-0.00974121     -0.00965576     -0.00970459     -0.00970459     
-0.00986328     -0.00966797     -0.00976563     -0.00992432     
-0.00993652     -0.00983887     -0.00994873     -0.0100342     
-0.0100708     -0.00996094     -0.00994873     -0.010022     
-0.00997314     -0.0098877     -0.00977783     -0.00974121     
-0.00980225     -0.00952148     -0.00959473     -0.00950928     
-0.00964355     -0.00952148     -0.00949707     -0.0095459     
-0.00959473     -0.00965576     -0.00966797     -0.00975342     
-0.00982666     -0.00975342     -0.00974121     -0.00975342     
-0.00980225     -0.009729     -0.00960693     -0.00960693     
-0.00966797     -0.0095459     -0.00947266     -0.00939941     
-0.00950928     -0.00931396     -0.00924072     -0.00931396     
-0.00939941     -0.00917969     -0.00913086     -0.00910645     
-0.00919189     -0.00899658     -0.00894775     -0.00899658     
-0.00898438     -0.00871582     -0.00869141     -0.00869141     
-0.00861816     -0.00844727     -0.00838623     -0.00839844     
-0.00837402     -0.00823975     -0.00806885     -0.00811768     
-0.00809326     -0.00799561     -0.00792236     -0.00787354     
-0.00812988     -0.00776367     -0.00787354     -0.00788574     
-0.00783691     -0.00769043     -0.00772705     -0.00776367     
-0.00775146     -0.00770264     -0.00772705     -0.00783691     
-0.00782471     -0.00778809     -0.00792236     -0.0079834     
-0.00806885     -0.00809326     -0.00808105     -0.00821533     
-0.00836182     -0.00821533     -0.0083252     -0.00828857     
-0.00837402     -0.00828857     -0.0083374     -0.00836182     
-0.00848389     -0.00822754     -0.00825195     -0.00828857     
-0.00822754     -0.00805664     -0.00812988     -0.00805664     
-0.00806885     -0.00787354     -0.00793457     -0.00795898     
-0.00787354     -0.00776367     -0.00776367     -0.00777588     
-0.00775146     -0.00769043     -0.0076416     -0.00775146     
-0.00767822     -0.00751953     -0.00767822     -0.00762939     
-0.00786133     -0.00759277     -0.00758057     -0.00772705     
-0.00772705     -0.00767822     -0.00756836     -0.00769043     
-0.00771484     -0.0076416     -0.0076416     -0.00767822     
-0.0078125     -0.00766602     -0.00755615     -0.00770264     
-0.00777588     -0.00775146     -0.00767822     -0.00776367     
-0.00775146     -0.00773926     -0.00775146     -0.00775146     
-0.00786133     -0.00776367     -0.00773926     -0.00783691     
-0.00799561     -0.00787354     -0.00789795     -0.00802002     
-0.00810547     -0.00797119     -0.00809326     -0.00826416     
-0.00839844     -0.00826416     -0.00834961     -0.00842285     
-0.00849609     -0.00844727     -0.00838623     -0.00844727     
-0.00845947     -0.0083252     -0.00819092     -0.00802002     
-0.00810547     -0.00776367     -0.00776367     -0.0076416     
-0.00755615     -0.00739746     -0.00721436     -0.00731201     
-0.00731201     -0.00717773     -0.00716553     -0.0072876     
-0.00720215     -0.00709229     -0.00717773     -0.00733643     
-0.00727539     -0.00717773     -0.00723877     -0.00739746     
-0.00743408     -0.00726318     -0.00739746     -0.00760498     
-0.00760498     -0.0076416     -0.00775146     -0.00797119     
-0.00809326     -0.00808105     -0.00830078     -0.00845947     
-0.00859375     -0.00848389     -0.00863037     -0.00866699     
-0.0088501     -0.00876465     -0.00881348     -0.00887451     
-0.00894775     -0.00875244     -0.00876465     -0.00889893     
-0.0088623     -0.00880127     -0.00875244     -0.00880127     
-0.00881348     -0.00858154     -0.00865479     -0.00845947     
-0.00870361     -0.00842285     -0.00839844     -0.00847168     
-0.00859375     -0.00861816     -0.00854492     -0.00853271     
-0.00864258     -0.00856934     -0.00852051     -0.00856934     
-0.00858154     -0.00839844     -0.00828857     -0.00834961     
-0.00826416     -0.00823975     -0.00820313     -0.0081665     
-0.00823975     -0.00812988     -0.00803223     -0.00812988     
-0.00819092     -0.00794678     -0.00795898     -0.00800781     
-0.00809326     -0.00803223     -0.00787354     -0.00788574     
-0.00797119     -0.00783691     -0.00786133     -0.00792236     
-0.00802002     -0.00789795     -0.00783691     -0.00788574     
-0.00791016     -0.00791016     -0.00788574     -0.00800781     
-0.00805664     -0.00808105     -0.00811768     -0.00812988     
-0.0083252     -0.00820313     -0.00848389     -0.00847168     
-0.00848389     -0.00852051     -0.00849609     -0.00861816     
-0.00858154     -0.00855713     -0.00844727     -0.00860596     
-0.00853271     -0.00843506     -0.00838623     -0.00845947     
-0.00852051     -0.00837402     -0.00830078     -0.0083374     
-0.00831299     -0.00817871     -0.00809326     -0.0081543     
-0.00806885     -0.00789795     -0.00786133     -0.00784912     
-0.00792236     -0.00754395     -0.00770264     -0.00782471     
-0.00775146     -0.0076416     -0.00773926     -0.00787354     
-0.00797119     -0.00797119     -0.00791016     -0.00811768     
-0.00825195     -0.00811768     -0.00803223     -0.0081543     
-0.00808105     -0.00799561     -0.0079834     -0.00799561     
-0.00788574     -0.00776367     -0.00776367     -0.0074707     
-0.00767822     -0.00744629     -0.00731201     -0.00737305     
-0.0074585     -0.00726318     -0.00722656     -0.00736084     
-0.00734863     -0.00720215     -0.00723877     -0.0072876     
-0.00733643     -0.00726318     -0.0072876     -0.0072998     
-0.00731201     -0.00739746     -0.00731201     -0.00739746     
-0.00753174     -0.00742188     -0.00739746     -0.00750732     
-0.0076416     -0.00748291     -0.0074707     -0.00744629     
-0.00744629     -0.00733643     -0.00722656     -0.00717773     
-0.00722656     -0.00704346     -0.00698242     -0.00706787     
-0.00708008     -0.00695801     -0.00689697     -0.00699463     
-0.00704346     -0.00701904     -0.00689697     -0.00700684     
-0.00697021     -0.00690918     -0.00693359     -0.0069458     
-0.00706787     -0.00689697     -0.00699463     -0.00695801     
-0.00698242     -0.00692139     -0.00695801     -0.00700684     
-0.00710449     -0.00695801     -0.00690918     -0.0071167     
-0.00717773     -0.00704346     -0.00703125     -0.00718994     
-0.00721436     -0.00708008     -0.00688477     -0.00699463     
-0.00689697     -0.00666504     -0.00673828     -0.00668945     
-0.00661621     -0.00650635     -0.00646973     -0.00643311     
-0.0065918     -0.00633545     -0.00640869     -0.0064209     
-0.0064209     -0.00625     -0.00632324     -0.00635986     
-0.00618896     -0.00601807     -0.00598145     -0.00595703     
-0.005896     -0.00576172     -0.00574951     -0.00574951     
-0.00571289     -0.00568848     -0.00566406     -0.00581055     
-0.00588379     -0.00581055     -0.00592041     -0.0059082     
-0.00617676     -0.00600586     -0.00605469     -0.00627441     
-0.00631104     -0.00621338     -0.00612793     -0.00627441     
-0.00626221     -0.00615234     -0.00611572     -0.00609131     
-0.00620117     -0.00606689     -0.00603027     -0.0060791     
-0.00609131     -0.00612793     -0.00611572     -0.00610352     
-0.00616455     -0.00615234     -0.00596924     -0.00603027     
-0.00605469     -0.00583496     -0.00576172     -0.00570068     
-0.00567627     -0.00544434     -0.00529785     -0.0052124     
-0.00524902     -0.00500488     -0.00495605     -0.00500488     
-0.00512695     -0.00500488     -0.00500488     -0.00511475     
-0.00516357     -0.00509033     -0.00510254     -0.0052124     
-0.00533447     -0.0052124     -0.00518799     -0.00524902     
-0.00548096     -0.00531006     -0.00541992     -0.00544434     
-0.00551758     -0.00554199     -0.00559082     -0.0057373     
-0.00579834     -0.0057251     -0.00576172     -0.00588379     
-0.005896     -0.00565186     -0.00566406     -0.00560303     
-0.0055542     -0.00533447     -0.00512695     -0.0052002     
-0.0050415     -0.00477295     -0.00480957     -0.00480957     
-0.00474854     -0.00458984     -0.00465088     -0.0046875     
-0.00471191     -0.00460205     -0.00467529     -0.00477295     
-0.00474854     -0.00450439     -0.00461426     -0.00466309     
-0.00472412     -0.00454102     -0.00449219     -0.00458984     
-0.0045166     -0.00440674     -0.0043457     -0.00445557     
-0.00446777     -0.0043457     -0.0043457     -0.00439453     
-0.00432129     -0.00428467     -0.00429688     -0.00423584     
-0.00446777     -0.00428467     -0.00423584     -0.00435791     
-0.0043457     -0.00419922     -0.00415039     -0.0041748     
-0.00418701     -0.00408936     -0.00410156     -0.00407715     
-0.00418701     -0.00404053     -0.00400391     -0.00421143     
-0.00427246     -0.00426025     -0.00423584     -0.0043457     
-0.00447998     -0.00441895     -0.00437012     -0.00447998     
-0.00456543     -0.0045166     -0.00441895     -0.00454102     
-0.00458984     -0.00465088     -0.00445557     -0.0045166     
-0.00471191     -0.00458984     -0.00455322     -0.00452881     
-0.00471191     -0.00456543     -0.00454102     -0.00460205     
-0.00465088     -0.00457764     -0.00455322     -0.00461426     
-0.00461426     -0.00441895     -0.00437012     -0.00447998     
-0.00455322     -0.00428467     -0.00439453     -0.00441895     
-0.00440674     -0.00444336     -0.00444336     -0.00458984     
-0.00465088     -0.00462646     -0.00463867     -0.00476074     
-0.00474854     -0.00465088     -0.0046875     -0.00472412     
-0.0046875     -0.00460205     -0.00454102     -0.00462646     
-0.00460205     -0.0043457     -0.00447998     -0.00446777     
-0.00454102     -0.00446777     -0.00447998     -0.00460205     
-0.00465088     -0.00444336     -0.00465088     -0.00473633     
-0.00479736     -0.00471191     -0.00480957     -0.00491943     
-0.00506592     -0.00493164     -0.0050415     -0.00513916     
-0.00512695     -0.00517578     -0.00515137     -0.00532227     
-0.00523682     -0.00518799     -0.00515137     -0.00516357     
-0.0052124     -0.0050415     -0.00510254     -0.0050293     
-0.00518799     -0.00495605     -0.00484619     -0.00488281     
-0.00491943     -0.00472412     -0.0046875     -0.00466309     
-0.00467529     -0.0045166     -0.00454102     -0.00454102     
-0.00460205     -0.00455322     -0.00460205     -0.00467529     
-0.00473633     -0.0048584     -0.00478516     -0.00490723     
-0.00509033     -0.0050293     -0.00506592     -0.00505371     
-0.0052124     -0.00495605     -0.00493164     -0.00484619     
-0.00480957     -0.00460205     -0.00440674     -0.00444336     
-0.00450439     -0.00428467     -0.0043457     -0.00450439     
-0.00463867     -0.00457764     -0.00456543     -0.00479736     
-0.00496826     -0.00499268     -0.00496826     -0.0052002     
-0.00527344     -0.00516357     -0.00515137     -0.00522461     
-0.00534668     -0.00513916     -0.00537109     -0.00532227     
-0.00529785     -0.00522461     -0.00517578     -0.00522461     
-0.00523682     -0.00509033     -0.00500488     -0.00500488     
-0.00506592     -0.00484619     -0.00480957     -0.00483398     
-0.00476074     -0.00472412     -0.00457764     -0.00469971     
-0.00467529     -0.00446777     -0.00454102     -0.00460205     
-0.00450439     -0.00441895     -0.00441895     -0.00445557     
-0.00454102     -0.00432129     -0.00428467     -0.00440674     
-0.00439453     -0.00429688     -0.00441895     -0.00447998     
-0.00456543     -0.00445557     -0.00457764     -0.00469971     
-0.00480957     -0.00484619     -0.00487061     -0.00495605     
-0.00499268     -0.00498047     -0.00491943     -0.00500488     
-0.00494385     -0.00472412     -0.00477295     -0.00456543     
-0.00473633     -0.0043457     -0.00428467     -0.00440674     
-0.0043335     -0.00423584     -0.00429688     -0.00444336     
-0.00452881     -0.00445557     -0.00449219     -0.00462646     
-0.00482178     -0.00466309     -0.00457764     -0.00473633     
-0.00484619     -0.00460205     -0.00457764     -0.00466309     
-0.00467529     -0.00445557     -0.00456543     -0.00452881     
-0.00467529     -0.00456543     -0.00458984     -0.00471191     
-0.00480957     -0.00479736     -0.00478516     -0.00479736     
-0.00498047     -0.00480957     -0.00480957     -0.00488281     
-0.00493164     -0.00472412     -0.00471191     -0.00480957     
-0.00482178     -0.00479736     -0.00476074     -0.00479736     
-0.00501709     -0.0050415     -0.0050415     -0.00522461     
-0.00539551     -0.00517578     -0.00537109     -0.00546875     
-0.00537109     -0.00541992     -0.00527344     -0.00541992     
-0.00522461     -0.00505371     -0.0048584     -0.00487061     
-0.00472412     -0.00439453     -0.0043335     -0.00432129     
-0.00422363     -0.00412598     -0.00404053     -0.00421143     
-0.00426025     -0.00410156     -0.00422363     -0.00445557     
-0.00454102     -0.00454102     -0.00466309     -0.00477295     
-0.00480957     -0.00474854     -0.0048584     -0.00495605     
-0.00496826     -0.00487061     -0.00482178     -0.00478516     
-0.00484619     -0.00473633     -0.00476074     -0.0048584     
-0.00490723     -0.0048584     -0.00478516     -0.00494385     
-0.00488281     -0.00490723     -0.00501709     -0.00500488     
-0.00516357     -0.00501709     -0.00515137     -0.00511475     
-0.00533447     -0.0052002     -0.00517578     -0.00532227     
-0.00528564     -0.00527344     -0.00517578     -0.00534668     
-0.00531006     -0.00518799     -0.00511475     -0.00510254     
-0.00522461     -0.00500488     -0.00478516     -0.00484619     
-0.00478516     -0.0045166     -0.00446777     -0.00440674     
-0.00430908     -0.00422363     -0.00404053     -0.0041748     
-0.00412598     -0.00404053     -0.00407715     -0.00406494     
-0.00430908     -0.0041626     -0.0041626     -0.00419922     
-0.00428467     -0.00407715     -0.00410156     -0.00400391     
-0.00407715     -0.00388184     -0.00373535     -0.00380859     
-0.00377197     -0.00367432     -0.00352783     -0.0036499     
-0.0036499     -0.00351563     -0.00354004     -0.00358887     
-0.00374756     -0.00344238     -0.00373535     -0.00369873     
-0.00373535     -0.00369873     -0.0036499     -0.00385742     
-0.00383301     -0.00371094     -0.00373535     -0.00373535     
-0.00385742     -0.00368652     -0.00367432     -0.00373535     
-0.00372314     -0.00366211     -0.0036499     -0.00385742     
-0.00386963     -0.00375977     -0.00384521     -0.00401611     
-0.00400391     -0.00391846     -0.00408936     -0.00405273     
-0.00413818     -0.00407715     -0.00410156     -0.00412598     
-0.00415039     -0.0039917     -0.0041626     -0.00413818     
-0.00419922     -0.00410156     -0.00415039     -0.00422363     
-0.00422363     -0.00413818     -0.00410156     -0.00413818     
-0.00406494     -0.00405273     -0.00385742     -0.00404053     
-0.0039917     -0.00367432     -0.00373535     -0.0036377     
-0.00378418     -0.00357666     -0.00345459     -0.00345459     
-0.0034668     -0.00340576     -0.00324707     -0.00328369     
-0.00340576     -0.00330811     -0.00314941     -0.00324707     
-0.00332031     -0.00317383     -0.003125     -0.00323486     
-0.00323486     -0.00323486     -0.00323486     -0.00325928     
-0.00334473     -0.0032959     -0.00325928     -0.00332031     
-0.00350342     -0.00349121     -0.00344238     -0.003479     
-0.00358887     -0.00357666     -0.00352783     -0.0036499     
-0.0036377     -0.00351563     -0.00349121     -0.00362549     
-0.00356445     -0.00343018     -0.0034668     -0.0034668     
-0.00345459     -0.00338135     -0.00322266     -0.00333252     
-0.00338135     -0.00319824     -0.00313721     -0.00307617     
-0.00318604     -0.00292969     -0.00300293     -0.00294189     
-0.00297852     -0.00283203     -0.00291748     -0.00302734     
-0.00302734     -0.0029541     -0.00299072     -0.00311279     
-0.00308838     -0.00303955     -0.00307617     -0.00316162     
-0.00317383     -0.00301514     -0.00302734     -0.00314941     
-0.00317383     -0.00300293     -0.00301514     -0.00310059     
-0.00317383     -0.00311279     -0.00317383     -0.00330811     
-0.00330811     -0.0032959     -0.00344238     -0.00355225     
-0.00351563     -0.00343018     -0.00356445     -0.0034668     
-0.00350342     -0.00328369     -0.00333252     -0.00325928     
-0.00317383     -0.00301514     -0.00290527     -0.00314941     
-0.00301514     -0.00296631     -0.00300293     -0.00313721     
-0.003125     -0.00303955     -0.00317383     -0.00306396     
-0.00334473     -0.00314941     -0.00316162     -0.00333252     
-0.00327148     -0.00323486     -0.00324707     -0.00343018     
-0.0034668     -0.00336914     -0.00338135     -0.00334473     
-0.00350342     -0.00325928     -0.00316162     -0.00318604     
-0.00313721     -0.00294189     -0.00291748     -0.0027832     
-0.00286865     -0.00273438     -0.00266113     -0.00263672     
-0.00272217     -0.00267334     -0.00264893     -0.002771     
-0.00300293     -0.00292969     -0.00303955     -0.00316162     
-0.00339355     -0.00333252     -0.00332031     -0.00350342     
-0.00366211     -0.003479     -0.00335693     -0.00344238     
-0.00340576     -0.00330811     -0.00313721     -0.00318604     
-0.00314941     -0.00311279     -0.00299072     -0.00305176     
-0.00318604     -0.0029541     -0.00308838     -0.003125     
-0.00316162     -0.00322266     -0.00324707     -0.00335693     
-0.00335693     -0.00332031     -0.00338135     -0.00341797     
-0.00345459     -0.00335693     -0.00328369     -0.00336914     
-0.00333252     -0.00311279     -0.00296631     -0.00306396     
-0.0029541     -0.00262451     -0.002771     -0.00269775     
-0.00257568     -0.00245361     -0.00252686     -0.00255127     
-0.00256348     -0.00244141     -0.00257568     -0.00273438     
-0.00275879     -0.00269775     -0.00285645     -0.00288086     
-0.00296631     -0.00285645     -0.00288086     -0.00294189     
-0.00285645     -0.00273438     -0.00269775     -0.00270996     
-0.00257568     -0.00239258     -0.0022583     -0.00233154     
-0.00228271     -0.00214844     -0.00230713     -0.00227051     
-0.00247803     -0.00238037     -0.00240479     -0.002771     
-0.0027832     -0.00283203     -0.00297852     -0.00328369     
-0.00343018     -0.00351563     -0.00352783     -0.00368652     
-0.0038208     -0.00366211     -0.00358887     -0.00356445     
-0.00356445     -0.00352783     -0.00334473     -0.00324707     
-0.00334473     -0.00313721     -0.00303955     -0.00314941     
-0.00323486     -0.00307617     -0.00311279     -0.00318604     
-0.00322266     -0.00311279     -0.00310059     -0.00310059     
-0.00323486     -0.00290527     -0.00296631     -0.00290527     
-0.00291748     -0.00279541     -0.00274658     -0.002771     
-0.00285645     -0.00269775     -0.00268555     -0.0027832     
-0.0029541     -0.00279541     -0.00281982     -0.00290527     
-0.00308838     -0.00280762     -0.00299072     -0.00305176     
-0.00307617     -0.00305176     -0.0029541     -0.00308838     
-0.00303955     -0.00294189     -0.0027832     -0.00294189     
-0.0029541     -0.00273438     -0.00273438     -0.00275879     
-0.002771     -0.00267334     -0.00264893     -0.00285645     
-0.00289307     -0.0027832     -0.00290527     -0.00296631     
-0.00307617     -0.00310059     -0.00316162     -0.00335693     
-0.00345459     -0.00344238     -0.00349121     -0.00355225     
-0.0036377     -0.003479     -0.0036499     -0.00366211     
-0.0036499     -0.003479     -0.00349121     -0.00351563     
-0.003479     -0.00330811     -0.00325928     -0.00332031     
-0.00338135     -0.00325928     -0.00314941     -0.00327148     
-0.00349121     -0.00333252     -0.00339355     -0.00335693     
-0.00356445     -0.00344238     -0.0034668     -0.0036377     
-0.00356445     -0.00344238     -0.00345459     -0.00349121     
-0.00344238     -0.00335693     -0.00332031     -0.00333252     
-0.00341797     -0.00333252     -0.00325928     -0.00344238     
-0.0034668     -0.00340576     -0.00339355     -0.00352783     
-0.00361328     -0.003479     -0.00345459     -0.00350342     
-0.00356445     -0.003479     -0.00338135     -0.00335693     
-0.00360107     -0.00349121     -0.00340576     -0.00341797     
-0.00357666     -0.00341797     -0.00330811     -0.00349121     
-0.003479     -0.00334473     -0.00330811     -0.003479     
-0.00349121     -0.00345459     -0.00345459     -0.00356445     
-0.00355225     -0.00344238     -0.00350342     -0.00352783     
-0.00343018     -0.00316162     -0.00323486     -0.00319824     
-0.00313721     -0.00289307     -0.00280762     -0.00281982     
-0.002771     -0.00266113     -0.00263672     -0.00269775     
-0.0027832     -0.002771     -0.00290527     -0.00300293     
-0.00305176     -0.00311279     -0.003125     -0.00324707     
-0.00343018     -0.00325928     -0.00332031     -0.00341797     
-0.00338135     -0.00321045     -0.00328369     -0.00325928     
-0.00335693     -0.00318604     -0.00328369     -0.00325928     
-0.0032959     -0.00313721     -0.00316162     -0.00318604     
-0.00316162     -0.00302734     -0.00302734     -0.00302734     
-0.00306396     -0.00294189     -0.00290527     -0.00294189     
-0.00297852     -0.00284424     -0.00281982     -0.00297852     
-0.00305176     -0.00290527     -0.00302734     -0.00300293     
-0.00322266     -0.00303955     -0.00300293     -0.00313721     
-0.00313721     -0.00301514     -0.00299072     -0.00299072     
-0.00292969     -0.00275879     -0.00267334     -0.0026001     
-0.00263672     -0.0024292     -0.0022583     -0.00245361     
-0.00233154     -0.00222168     -0.00216064     -0.00220947     
-0.00233154     -0.00218506     -0.00209961     -0.00218506     
-0.00236816     -0.00224609     -0.00223389     -0.00227051     
-0.00234375     -0.00228271     -0.00219727     -0.00220947     
-0.00244141     -0.00230713     -0.0022583     -0.0022583     
-0.00244141     -0.00228271     -0.00230713     -0.00239258     
-0.00241699     -0.00234375     -0.00234375     -0.00249023     
-0.00250244     -0.00241699     -0.00246582     -0.00251465     
-0.00269775     -0.00239258     -0.00256348     -0.00251465     
-0.00258789     -0.00253906     -0.00238037     -0.00246582     
-0.00240479     -0.00235596     -0.00218506     -0.00223389     
-0.00217285     -0.00209961     -0.00212402     -0.00211182     
-0.00212402     -0.00211182     -0.00209961     -0.00218506     
-0.00220947     -0.0020874     -0.00217285     -0.0020874     
-0.00211182     -0.00198975     -0.00206299     -0.00203857     
-0.00203857     -0.00196533     -0.0020752     -0.00220947     
-0.00229492     -0.00227051     -0.00233154     -0.00247803     
-0.00253906     -0.0024292     -0.00245361     -0.00258789     
-0.00256348     -0.00247803     -0.00230713     -0.00252686     
-0.00230713     -0.00227051     -0.00231934     -0.00231934     
-0.0024292     -0.0022583     -0.00233154     -0.0022583     
-0.00244141     -0.00224609     -0.00209961     -0.00222168     
-0.00213623     -0.00205078     -0.0019043     -0.0019043     
-0.00195313     -0.00178223     -0.00174561     -0.00172119     
-0.00180664     -0.00168457     -0.00174561     -0.00177002     
-0.00183105     -0.0017334     -0.00180664     -0.00192871     
-0.0020874     -0.00196533     -0.00203857     -0.00217285     
-0.00231934     -0.00219727     -0.00222168     -0.00228271     
-0.00239258     -0.0022583     -0.00218506     -0.00222168     
-0.00216064     -0.00198975     -0.00198975     -0.00189209     
-0.00194092     -0.00179443     -0.00174561     -0.00170898     
-0.00177002     -0.00167236     -0.00164795     -0.00169678     
-0.0017334     -0.00169678     -0.00170898     -0.00179443     
-0.00198975     -0.00178223     -0.00202637     -0.00202637     
-0.00206299     -0.0020752     -0.0019043     -0.00203857     
-0.00197754     -0.00181885     -0.00178223     -0.00189209     
-0.00178223     -0.00164795     -0.00169678     -0.00179443     
-0.00167236     -0.00161133     -0.00162354     -0.00174561     
-0.00183105     -0.00164795     -0.00186768     -0.00196533     
-0.0019165     -0.00183105     -0.00196533     -0.00201416     
-0.00209961     -0.00197754     -0.0020874     -0.00209961     
-0.00223389     -0.00196533     -0.00216064     -0.00219727     
-0.00236816     -0.00229492     -0.00228271     -0.00245361     
-0.00245361     -0.00238037     -0.00245361     -0.0026001     
-0.00251465     -0.00250244     -0.00241699     -0.00247803     
-0.0026001     -0.0024292     -0.00247803     -0.00249023     
-0.00262451     -0.00235596     -0.0022583     -0.0024292     
-0.00235596     -0.00219727     -0.0020874     -0.0020752     
-0.0020752     -0.0019043     -0.00186768     -0.0019043     
-0.00195313     -0.0019043     -0.0019165     -0.00213623     
-0.00227051     -0.00222168     -0.00235596     -0.00245361     
-0.0026123     -0.00263672     -0.00262451     -0.00270996     
-0.00296631     -0.00270996     -0.00275879     -0.00279541     
-0.00288086     -0.00270996     -0.00266113     -0.00274658     
-0.00274658     -0.00262451     -0.00258789     -0.00266113     
-0.00275879     -0.0026123     -0.00266113     -0.00281982     
-0.00290527     -0.00284424     -0.00274658     -0.00291748     
-0.00288086     -0.00283203     -0.00285645     -0.00281982     
-0.00303955     -0.00274658     -0.00284424     -0.0029541     
-0.0029541     -0.00291748     -0.00289307     -0.00299072     
-0.00302734     -0.00286865     -0.00281982     -0.00288086     
-0.00285645     -0.0027832     -0.00272217     -0.00270996     
-0.00264893     -0.00246582     -0.00240479     -0.00234375     
-0.0022583     -0.00206299     -0.00209961     -0.00211182     
-0.00212402     -0.00194092     -0.00209961     -0.00213623     
-0.00218506     -0.00203857     -0.00218506     -0.00213623     
-0.00229492     -0.00211182     -0.00213623     -0.00214844     
-0.00217285     -0.0020752     -0.00201416     -0.00201416     
-0.00198975     -0.0019043     -0.00183105     -0.00203857     
-0.00192871     -0.00184326     -0.00185547     -0.0019165     
-0.00212402     -0.00195313     -0.00205078     -0.00214844     
-0.0024292     -0.00214844     -0.00224609     -0.00247803     
-0.00244141     -0.00241699     -0.00235596     -0.00244141     
-0.00250244     -0.00233154     -0.00238037     -0.00239258     
-0.00239258     -0.00230713     -0.00234375     -0.00247803     
-0.00247803     -0.00245361     -0.00255127     -0.00266113     
-0.00279541     -0.00274658     -0.00270996     -0.00288086     
-0.0029541     -0.00286865     -0.00285645     -0.00291748     
-0.00302734     -0.00281982     -0.00270996     -0.00283203     
-0.00280762     -0.00266113     -0.00268555     -0.00263672     
-0.00268555     -0.00256348     -0.00246582     -0.00249023     
-0.00255127     -0.00236816     -0.00230713     -0.00239258     
-0.00235596     -0.0022583     -0.00218506     -0.00224609     
-0.00233154     -0.00203857     -0.00217285     -0.00214844     
-0.00217285     -0.00213623     -0.00202637     -0.00214844     
-0.00213623     -0.00198975     -0.00196533     -0.00198975     
-0.00197754     -0.00183105     -0.0019165     -0.00198975     
-0.00187988     -0.00184326     -0.00181885     -0.00192871     
-0.00194092     -0.00179443     -0.00179443     -0.0019165     
-0.00184326     -0.00180664     -0.0019043     -0.0019043     
-0.00202637     -0.00201416     -0.00203857     -0.00211182     
-0.0022583     -0.00228271     -0.00245361     -0.00250244     
-0.00263672     -0.00264893     -0.0027832     -0.00290527     
-0.00292969     -0.00294189     -0.00296631     -0.00300293     
-0.00301514     -0.00297852     -0.00289307     -0.0029541     
-0.00299072     -0.00272217     -0.00283203     -0.00273438     
-0.00290527     -0.0027832     -0.00269775     -0.00280762     
-0.00270996     -0.00266113     -0.00256348     -0.00267334     
-0.00263672     -0.0026001     -0.00258789     -0.00252686     
-0.00269775     -0.00251465     -0.00246582     -0.00249023     
-0.0026123     -0.00251465     -0.00244141     -0.00246582     
-0.00252686     -0.00244141     -0.00245361     -0.00252686     
-0.00256348     -0.00240479     -0.0024292     -0.00240479     
-0.00247803     -0.00233154     -0.00227051     -0.00236816     
-0.00238037     -0.00223389     -0.00223389     -0.00231934     
-0.00230713     -0.00229492     -0.00227051     -0.00223389     
-0.00235596     -0.00224609     -0.00218506     -0.00231934     
-0.00236816     -0.00227051     -0.00216064     -0.00231934     
-0.0024292     -0.00217285     -0.00219727     -0.00214844     
-0.0020752     -0.00197754     -0.00189209     -0.00186768     
-0.00185547     -0.00178223     -0.00162354     -0.00168457     
-0.00161133     -0.00148926     -0.00155029     -0.00158691     
-0.00158691     -0.00159912     -0.00159912     -0.00170898     
-0.00175781     -0.00166016     -0.00170898     -0.00186768     
-0.0019165     -0.0019043     -0.00200195     -0.00203857     
-0.00209961     -0.00203857     -0.00214844     -0.00222168     
-0.00220947     -0.00213623     -0.00205078     -0.00209961     
-0.00219727     -0.00198975     -0.00196533     -0.00202637     
-0.00201416     -0.00195313     -0.00194092     -0.00201416     
-0.00192871     -0.0019165     -0.00196533     -0.00196533     
-0.00196533     -0.00187988     -0.00195313     -0.00183105     
-0.00200195     -0.00175781     -0.00163574     -0.00181885     
-0.00181885     -0.00164795     -0.00157471     -0.00164795     
-0.00159912     -0.00158691     -0.00164795     -0.00164795     
-0.00164795     -0.00167236     -0.00157471     -0.00172119     
-0.00174561     -0.00163574     -0.00166016     -0.00166016     
-0.00175781     -0.00159912     -0.00153809     -0.00161133     
-0.00168457     -0.00157471     -0.00157471     -0.00166016     
-0.00185547     -0.00170898     -0.00177002     -0.00184326     
-0.00205078     -0.00195313     -0.00196533     -0.00206299     
-0.00222168     -0.00216064     -0.00205078     -0.00216064     
-0.00217285     -0.00219727     -0.00205078     -0.00216064     
-0.00209961     -0.00205078     -0.00196533     -0.00201416     
-0.00218506     -0.00195313     -0.00217285     -0.00230713     
-0.00238037     -0.00240479     -0.00234375     -0.00251465     
-0.00256348     -0.00252686     -0.00253906     -0.00258789     
-0.00256348     -0.00238037     -0.00236816     -0.00235596     
-0.00228271     -0.00209961     -0.00201416     -0.00195313     
-0.00189209     -0.00167236     -0.00167236     -0.00170898     
-0.00163574     -0.00152588     -0.00155029     -0.00161133     
-0.00169678     -0.00161133     -0.00158691     -0.00166016     
-0.00169678     -0.00158691     -0.0015625     -0.00158691     
-0.00158691     -0.00136719     -0.00137939     -0.0013916     
-0.00131836     -0.00128174     -0.00133057     -0.00146484     
-0.00150146     -0.00134277     -0.00141602     -0.00159912     
-0.00164795     -0.00155029     -0.00166016     -0.00158691     
-0.00170898     -0.00161133     -0.00148926     -0.00161133     
-0.00158691     -0.00140381     -0.00140381     -0.00140381     
-0.00146484     -0.0013916     -0.00131836     -0.00145264     
-0.00147705     -0.00130615     -0.00133057     -0.00141602     
-0.00151367     -0.00140381     -0.00126953     -0.00140381     
-0.00142822     -0.00119629     -0.00115967     -0.00115967     
-0.00125732     -0.00113525     -0.00115967     -0.00114746     
-0.00125732     -0.00118408     -0.00113525     -0.00111084     
-0.00124512     -0.00114746     -0.00108643     -0.00119629     
-0.00114746     -0.00114746     -0.00108643     -0.00130615     
-0.00131836     -0.00134277     -0.00130615     -0.00152588     
-0.00151367     -0.00159912     -0.00159912     -0.00161133     
-0.00167236     -0.00150146     -0.00166016     -0.00155029     
-0.00159912     -0.00152588     -0.00133057     -0.00145264     
-0.00145264     -0.00135498     -0.00133057     -0.00136719     
-0.00145264     -0.00134277     -0.00144043     -0.00155029     
-0.00158691     -0.00155029     -0.00151367     -0.00169678     
-0.0017334     -0.00163574     -0.00175781     -0.00175781     
-0.00170898     -0.00172119     -0.0017334     -0.00172119     
-0.00184326     -0.00166016     -0.00168457     -0.00177002     
-0.00183105     -0.00163574     -0.00170898     -0.00178223     
-0.00183105     -0.00172119     -0.00170898     -0.00184326     
-0.00179443     -0.00167236     -0.00164795     -0.00178223     
-0.00174561     -0.00170898     -0.00166016     -0.00177002     
-0.00183105     -0.00172119     -0.00184326     -0.00172119     
-0.00192871     -0.00184326     -0.00180664     -0.00185547     
-0.00192871     -0.0019165     -0.00184326     -0.00192871     
-0.0019165     -0.00185547     -0.00183105     -0.00180664     
-0.00189209     -0.00179443     -0.00167236     -0.00174561     
-0.00172119     -0.00164795     -0.00163574     -0.00161133     
-0.00174561     -0.00159912     -0.00151367     -0.00164795     
-0.00169678     -0.00158691     -0.00164795     -0.00180664     
-0.00192871     -0.00189209     -0.00195313     -0.00212402     
-0.00218506     -0.00209961     -0.00214844     -0.00222168     
-0.0022583     -0.00212402     -0.00200195     -0.00206299     
-0.00211182     -0.0019043     -0.00184326     -0.00178223     
-0.00178223     -0.00162354     -0.00158691     -0.00151367     
-0.00158691     -0.00135498     -0.00158691     -0.00145264     
-0.00140381     -0.00146484     -0.00145264     -0.00159912     
-0.0015625     -0.00150146     -0.0015625     -0.00166016     
-0.00178223     -0.00170898     -0.00166016     -0.00186768     
-0.00184326     -0.00186768     -0.00184326     -0.0019165     
-0.0020752     -0.00189209     -0.00198975     -0.00203857     
-0.0019043     -0.00185547     -0.0019043     -0.00184326     
-0.00187988     -0.00169678     -0.00170898     -0.00180664     
-0.00170898     -0.00161133     -0.00158691     -0.00168457     
-0.00183105     -0.00161133     -0.00170898     -0.00177002     
-0.00179443     -0.00169678     -0.00170898     -0.00179443     
-0.00174561     -0.00170898     -0.00168457     -0.00167236     
-0.00166016     -0.00146484     -0.00162354     -0.00142822     
-0.00164795     -0.00150146     -0.00135498     -0.00161133     
-0.00172119     -0.0015625     -0.00159912     -0.00174561     
-0.0019165     -0.00178223     -0.00178223     -0.00183105     
-0.00202637     -0.00189209     -0.00180664     -0.00186768     
-0.00187988     -0.00177002     -0.00170898     -0.00170898     
-0.00172119     -0.00162354     -0.00144043     -0.00157471     
-0.00163574     -0.0013916     -0.00144043     -0.00151367     
-0.00161133     -0.0015625     -0.00164795     -0.00167236     
-0.00167236     -0.00164795     -0.00161133     -0.00172119     
-0.00172119     -0.00158691     -0.00147705     -0.0015625     
-0.0015625     -0.00142822     -0.00135498     -0.00146484     
-0.00155029     -0.00147705     -0.00146484     -0.00164795     
-0.00179443     -0.00161133     -0.00177002     -0.00184326     
-0.00186768     -0.00180664     -0.00179443     -0.00189209     
-0.00198975     -0.00189209     -0.00184326     -0.00196533     
-0.0019043     -0.00180664     -0.0019043     -0.00206299     
-0.00198975     -0.00187988     -0.00183105     -0.00195313     
-0.0019165     -0.00179443     -0.00177002     -0.00177002     
-0.00183105     -0.0017334     -0.0017334     -0.00174561     
-0.00177002     -0.00157471     -0.00157471     -0.00170898     
-0.00174561     -0.00167236     -0.00167236     -0.00169678     
-0.0017334     -0.00166016     -0.00167236     -0.00179443     
-0.00181885     -0.00172119     -0.00172119     -0.00184326     
-0.00185547     -0.00180664     -0.00186768     -0.00192871     
-0.00198975     -0.0019165     -0.00196533     -0.00195313     
-0.00224609     -0.00206299     -0.00202637     -0.00224609     
-0.00220947     -0.00214844     -0.00214844     -0.00214844     
-0.00219727     -0.00209961     -0.00209961     -0.00205078     
-0.00214844     -0.00192871     -0.00185547     -0.00192871     
-0.0019165     -0.00169678     -0.00172119     -0.00172119     
-0.00181885     -0.00170898     -0.00158691     -0.00172119     
-0.00175781     -0.00153809     -0.00155029     -0.00150146     
-0.00168457     -0.00152588     -0.00144043     -0.00147705     
-0.00155029     -0.00133057     -0.00130615     -0.0013916     
-0.00144043     -0.00130615     -0.00125732     -0.00124512     
-0.00125732     -0.00124512     -0.00106201     -0.00114746     
-0.00112305     -0.000964355     -0.000891113     -0.000854492     
-0.00100098     -0.000683594     -0.00090332     -0.000842285     
-0.000915527     -0.000805664     -0.000842285     -0.000952148     
-0.000976563     -0.000878906     -0.00090332     -0.00101318     
-0.00098877     -0.000842285     -0.000915527     -0.000915527     
-0.000891113     -0.000805664     -0.000683594     -0.000842285     
-0.000854492     -0.000732422     -0.000756836     -0.000793457     
-0.000756836     -0.000805664     -0.000915527     -0.000964355     
-0.00114746     -0.000976563     -0.00118408     -0.00135498     
-0.00128174     -0.00126953     -0.00141602     -0.00151367     
-0.00161133     -0.00152588     -0.00152588     -0.00168457     
-0.00172119     -0.00159912     -0.00164795     -0.00180664     
-0.00164795     -0.00159912     -0.00150146     -0.00155029     
-0.00164795     -0.00144043     -0.00141602     -0.00141602     
-0.00158691     -0.00135498     -0.00136719     -0.00142822     
-0.00141602     -0.00134277     -0.00128174     -0.00142822     
-0.00146484     -0.00136719     -0.00124512     -0.00135498     
-0.00147705     -0.00134277     -0.00129395     -0.00141602     
-0.00140381     -0.00141602     -0.00141602     -0.00135498     
-0.00148926     -0.00134277     -0.00130615     -0.0013916     
-0.00144043     -0.0012207     -0.00119629     -0.00125732     
-0.00130615     -0.00115967     -0.00109863     -0.00111084     
-0.00118408     -0.00100098     -0.000927734     -0.00107422     
-0.00098877     -0.000891113     -0.000817871     -0.000915527     
-0.00090332     -0.000915527     -0.000830078     -0.00098877     
-0.00112305     -0.000976563     -0.00101318     -0.000976563     
-0.0012207     -0.00102539     -0.00118408     -0.00112305     
-0.00112305     -0.00107422     -0.00107422     -0.00119629     
-0.00129395     -0.00130615     -0.00124512     -0.00136719     
-0.00151367     -0.00134277     -0.0013916     -0.00161133     
-0.00157471     -0.00136719     -0.00136719     -0.00147705     
-0.00147705     -0.00128174     -0.00125732     -0.0012207     
-0.00124512     -0.00112305     -0.00108643     -0.0010498     
-0.0010376     -0.000878906     -0.000891113     -0.000915527     
-0.000891113     -0.000756836     -0.000732422     -0.000866699     
-0.000842285     -0.000732422     -0.00078125     -0.000927734     
-0.000927734     -0.000830078     -0.000927734     -0.00109863     
-0.0010376     -0.0010376     -0.00109863     -0.00108643     
-0.00114746     -0.00100098     -0.00109863     -0.00108643     
-0.00124512     -0.00098877     -0.00101318     -0.00113525     
-0.00113525     -0.00098877     -0.00100098     -0.0010498     
-0.00107422     -0.00098877     -0.000878906     -0.000878906     
-0.00102539     -0.000793457     -0.000671387     -0.00078125     
-0.000817871     -0.000683594     -0.000683594     -0.000683594     
-0.000854492     -0.000695801     -0.000646973     -0.000769043     
-0.00090332     -0.000817871     -0.000854492     -0.000915527     
-0.00117188     -0.00102539     -0.00102539     -0.00115967     
-0.00126953     -0.00112305     -0.00118408     -0.00124512     
-0.00134277     -0.0012207     -0.00113525     -0.00124512     
-0.00126953     -0.0012085     -0.00119629     -0.00134277     
-0.00142822     -0.00141602     -0.00148926     -0.00164795     
-0.0019165     -0.00168457     -0.00185547     -0.0019043     
-0.0019043     -0.00184326     -0.00174561     -0.00185547     
-0.00179443     -0.00163574     -0.00150146     -0.00155029     
-0.00151367     -0.00135498     -0.00134277     -0.0013916     
-0.00136719     -0.00137939     -0.00144043     -0.00145264     
-0.00146484     -0.00141602     -0.00141602     -0.00144043     
-0.00133057     -0.00125732     -0.0012207     -0.00119629     
-0.00130615     -0.00111084     -0.00123291     -0.00118408     
-0.00128174     -0.00114746     -0.00130615     -0.00128174     
-0.00142822     -0.00136719     -0.0013916     -0.00150146     
-0.00153809     -0.00147705     -0.00148926     -0.00157471     
-0.00153809     -0.00136719     -0.0013916     -0.00153809     
-0.00157471     -0.00140381     -0.00162354     -0.00151367     
-0.00172119     -0.00152588     -0.00146484     -0.00159912     
-0.00158691     -0.00147705     -0.00137939     -0.00142822     
-0.00145264     -0.00130615     -0.0012207     -0.00123291     
-0.00130615     -0.00126953     -0.00119629     -0.00135498     
-0.00134277     -0.00133057     -0.0012207     -0.00128174     
-0.00140381     -0.00130615     -0.00119629     -0.00125732     
-0.00146484     -0.00123291     -0.0012207     -0.00126953     
-0.00131836     -0.00106201     -0.00108643     -0.00114746     
-0.00115967     -0.00098877     -0.000891113     -0.000952148     
-0.00101318     -0.000927734     -0.000878906     -0.00100098     
-0.0010498     -0.00100098     -0.000939941     -0.00106201     
-0.00108643     -0.000927734     -0.000976563     -0.000866699     
-0.00102539     -0.000769043     -0.000805664     -0.000720215     
-0.000695801     -0.000561523     -0.000500488     -0.000439453     
-0.000402832     -0.000402832     -0.000305176     -0.000402832     
-0.000512695     -0.000402832     -0.000524902     -0.00065918     
-0.000720215     -0.000744629     -0.00078125     -0.000866699     
-0.00102539     -0.000854492     -0.00090332     -0.000964355     
-0.000915527     -0.000744629     -0.00078125     -0.000732422     
-0.000805664     -0.000671387     -0.000720215     -0.000756836     
-0.000793457     -0.00065918     -0.00078125     -0.000878906     
-0.000964355     -0.000854492     -0.000939941     -0.00101318     
-0.0010498     -0.000891113     -0.000878906     -0.000964355     
-0.000854492     -0.000756836     -0.000720215     -0.000830078     
-0.000842285     -0.00065918     -0.000769043     -0.000793457     
-0.00106201     -0.00090332     -0.000952148     -0.00114746     
-0.00109863     -0.00123291     -0.00119629     -0.00126953     
-0.00133057     -0.0012207     -0.00119629     -0.00124512     
-0.00129395     -0.0012085     -0.00129395     -0.00140381     
-0.0013916     -0.00142822     -0.00150146     -0.00151367     
-0.00164795     -0.00159912     -0.00151367     -0.00158691     
-0.00163574     -0.00140381     -0.00147705     -0.00137939     
-0.00147705     -0.0012207     -0.0012207     -0.00113525     
-0.0012207     -0.0010376     -0.000927734     -0.00098877     
-0.00108643     -0.00090332     -0.000866699     -0.00107422     
-0.00106201     -0.0010376     -0.00101318     -0.00118408     
-0.00125732     -0.00115967     -0.00112305     -0.00126953     
-0.00141602     -0.00118408     -0.00137939     -0.00137939     
-0.00131836     -0.00137939     -0.00140381     -0.00147705     
-0.00148926     -0.00137939     -0.00145264     -0.00142822     
-0.00146484     -0.00131836     -0.00130615     -0.0013916     
-0.00133057     -0.00137939     -0.00130615     -0.00141602     
-0.00151367     -0.00136719     -0.00150146     -0.0015625     
-0.00152588     -0.00152588     -0.00166016     -0.00167236     
-0.00177002     -0.00153809     -0.00163574     -0.00166016     
-0.00162354     -0.00152588     -0.00150146     -0.00161133     
-0.00164795     -0.00145264     -0.00155029     -0.00162354     
-0.00157471     -0.00148926     -0.00151367     -0.00148926     
-0.00142822     -0.00130615     -0.00114746     -0.00115967     
-0.00112305     -0.000866699     -0.000842285     -0.000695801     
-0.000683594     -0.00045166     -0.000366211     -0.000488281     
-0.000378418     -0.000341797     -0.00032959     -0.00045166     
-0.000537109     -0.000561523     -0.000585938     -0.000744629     
-0.00098877     -0.00090332     -0.000927734     -0.00109863     
-0.00111084     -0.00106201     -0.00098877     -0.00109863     
-0.00111084     -0.000891113     -0.000878906     -0.000805664     
-0.00090332     -0.000732422     -0.000708008     -0.000671387     
-0.000793457     -0.000756836     -0.000646973     -0.000793457     
-0.0010376     -0.000878906     -0.000878906     -0.0010376     
-0.00112305     -0.00106201     -0.0010376     -0.00117188     
-0.00124512     -0.0012085     -0.00113525     -0.00123291     
-0.00126953     -0.00114746     -0.00118408     -0.00114746     
-0.00134277     -0.00112305     -0.00130615     -0.00128174     
-0.00140381     -0.00136719     -0.00140381     -0.00158691     
-0.00164795     -0.00148926     -0.00155029     -0.00162354     
-0.00158691     -0.00141602     -0.00145264     -0.00144043     
-0.00145264     -0.00136719     -0.0012085     -0.00130615     
-0.00128174     -0.00117188     -0.00128174     -0.00142822     
-0.00148926     -0.00141602     -0.00145264     -0.00148926     
-0.00161133     -0.00145264     -0.00148926     -0.00145264     
-0.00148926     -0.00129395     -0.00126953     -0.00125732     
-0.0012085     -0.00106201     -0.0012085     -0.00129395     
-0.00130615     -0.00126953     -0.00125732     -0.00151367     
-0.00146484     -0.00150146     -0.00151367     -0.00164795     
-0.0015625     -0.00144043     -0.00150146     -0.00134277     
-0.00155029     -0.00112305     -0.0010376     -0.00111084     
-0.0010376     -0.00078125     -0.00078125     -0.000878906     
-0.000805664     -0.000671387     -0.000622559     -0.000646973     
-0.000769043     -0.000598145     -0.000524902     -0.000537109     
-0.000476074     -0.00032959     -0.000231934     -0.000231934     
-0.000292969     -0.000109863     -1.2207e-05     -0.00012207     
-8.54492e-05     -1.2207e-05     1.2207e-05     -6.10352e-05     
-0.00020752     -0.000146484     -0.000170898     -0.000427246     
-0.000646973     -0.00065918     -0.000732422     -0.000976563     
-0.00126953     -0.00131836     -0.00136719     -0.0015625     
-0.00169678     -0.00167236     -0.00157471     -0.00168457     
-0.00170898     -0.00147705     -0.0013916     -0.00140381     
-0.00145264     -0.0010498     -0.0012207     -0.00111084     
-0.00100098     -0.000915527     -0.000878906     -0.000976563     
-0.000964355     -0.000854492     -0.000842285     -0.000964355     
-0.0010376     -0.000939941     -0.00108643     -0.00114746     
-0.00118408     -0.00117188     -0.00117188     -0.0013916     
-0.00142822     -0.00131836     -0.00135498     -0.00150146     
-0.00147705     -0.00133057     -0.00135498     -0.00131836     
-0.00131836     -0.00115967     -0.00107422     -0.00117188     
-0.00108643     -0.000939941     -0.000915527     -0.000964355     
-0.00111084     -0.00102539     -0.0010498     -0.00114746     
-0.00125732     -0.00117188     -0.0012207     -0.00137939     
-0.0013916     -0.00133057     -0.00129395     -0.0013916     
-0.00145264     -0.00126953     -0.00129395     -0.0012207     
-0.00144043     -0.00128174     -0.00124512     -0.0013916     
-0.00137939     -0.00141602     -0.00134277     -0.00152588     
-0.00155029     -0.00145264     -0.00137939     -0.00152588     
-0.00142822     -0.00135498     -0.00128174     -0.00134277     
-0.00142822     -0.00128174     -0.00126953     -0.00130615     
-0.00137939     -0.00126953     -0.00131836     -0.00123291     
-0.00133057     -0.00125732     -0.00124512     -0.00134277     
-0.00145264     -0.00131836     -0.00140381     -0.00141602     
-0.00157471     -0.00148926     -0.00145264     -0.00158691     
-0.00162354     -0.0015625     -0.00137939     -0.00144043     
-0.00150146     -0.00126953     -0.00112305     -0.00125732     
-0.00125732     -0.0010498     -0.0010376     -0.00108643     
-0.00123291     -0.000964355     -0.00111084     -0.00109863     
-0.00106201     -0.0010376     -0.00100098     -0.00106201     
-0.00100098     -0.000952148     -0.000854492     -0.000952148     
-0.0010498     -0.000854492     -0.000915527     -0.00114746     
-0.00114746     -0.00107422     -0.00114746     -0.00136719     
-0.00136719     -0.00135498     -0.00147705     -0.00152588     
-0.00158691     -0.00161133     -0.0015625     -0.00158691     
-0.00172119     -0.00159912     -0.00158691     -0.00158691     
-0.00167236     -0.00152588     -0.00142822     -0.00148926     
-0.00150146     -0.00140381     -0.00135498     -0.00136719     
-0.00146484     -0.00134277     -0.00129395     -0.00144043     
-0.00140381     -0.00125732     -0.00133057     -0.00131836     
-0.00136719     -0.00118408     -0.00128174     -0.0012085     
-0.00134277     -0.00124512     -0.00119629     -0.00131836     
-0.00137939     -0.00125732     -0.00117188     -0.00128174     
-0.00125732     -0.00112305     -0.00112305     -0.00114746     
-0.0012207     -0.00118408     -0.00102539     -0.00119629     
-0.00123291     -0.0012085     -0.0012085     -0.00128174     
-0.00144043     -0.00133057     -0.00130615     -0.00142822     
-0.00150146     -0.00133057     -0.00134277     -0.00133057     
-0.00130615     -0.00113525     -0.00102539     -0.00100098     
-0.000964355     -0.000756836     -0.000817871     -0.000756836     
-0.000793457     -0.000817871     -0.000744629     -0.00101318     
-0.000939941     -0.00100098     -0.00100098     -0.00113525     
-0.00117188     -0.00113525     -0.00115967     -0.00114746     
-0.00124512     -0.00102539     -0.00113525     -0.00107422     
-0.00112305     -0.00119629     -0.00108643     -0.00129395     
-0.00141602     -0.00129395     -0.00129395     -0.00146484     
-0.00147705     -0.00130615     -0.00128174     -0.00133057     
-0.0012085     -0.00106201     -0.000939941     -0.000927734     
-0.000952148     -0.000634766     -0.000561523     -0.000561523     
-0.000537109     -0.000524902     -0.00045166     -0.000537109     
-0.000549316     -0.000488281     -0.000598145     -0.000561523     
-0.000830078     -0.000769043     -0.000793457     -0.000805664     
-0.000915527     -0.000866699     -0.000854492     -0.00098877     
-0.000964355     -0.000830078     -0.000720215     -0.000830078     
-0.000769043     -0.000585938     -0.000427246     -0.000402832     
-0.000402832     -0.000170898     -0.000183105     -0.000109863     
-0.000280762     -8.54492e-05     -0.000158691     -0.000341797     
-0.000366211     -0.000415039     -0.00057373     -0.000744629     
-0.000878906     -0.000952148     -0.000976563     -0.00113525     
-0.00126953     -0.00128174     -0.00131836     -0.0013916     
-0.00146484     -0.00141602     -0.00146484     -0.00152588     
-0.00167236     -0.00150146     -0.0013916     -0.00152588     
-0.00155029     -0.00133057     -0.00131836     -0.00125732     
-0.00135498     -0.00109863     -0.00108643     -0.00109863     
-0.00112305     -0.00100098     -0.000964355     -0.00107422     
-0.00117188     -0.00106201     -0.00090332     -0.0010376     
-0.00108643     -0.00090332     -0.000830078     -0.000866699     
-0.000854492     -0.00065918     -0.00057373     -0.000585938     
-0.000598145     -0.000280762     -0.000390625     -0.000402832     
-0.000292969     -0.000158691     -0.00012207     -0.00020752     
-0.000183105     -0.00012207     -9.76563e-05     -0.000256348     
-0.000354004     -0.000341797     -0.000463867     -0.000634766     
-0.000732422     -0.000683594     -0.000634766     -0.000830078     
-0.000830078     -0.000598145     -0.000683594     -0.000756836     
-0.000769043     -0.000744629     -0.00065918     -0.000708008     
-0.000744629     -0.000744629     -0.000805664     -0.000866699     
-0.00090332     -0.000805664     -0.000952148     -0.000976563     
-0.00106201     -0.000952148     -0.000927734     -0.00109863     
-0.00106201     -0.000964355     -0.00100098     -0.00106201     
-0.00107422     -0.000964355     -0.000939941     -0.00106201     
-0.00107422     -0.000891113     -0.000866699     -0.000793457     
-0.000830078     -0.000598145     -0.000622559     -0.00065918     
-0.000622559     -0.000549316     -0.000476074     -0.000695801     
-0.000671387     -0.000622559     -0.00065918     -0.000793457     
-0.000927734     -0.00090332     -0.000976563     -0.00114746     
-0.00131836     -0.00123291     -0.00134277     -0.00145264     
-0.00151367     -0.00141602     -0.00131836     -0.00140381     
-0.00135498     -0.00113525     -0.0010498     -0.000927734     
-0.00108643     -0.000769043     -0.000720215     -0.000756836     
-0.000817871     -0.000646973     -0.000671387     -0.000793457     
-0.000915527     -0.000842285     -0.000854492     -0.0010498     
-0.00106201     -0.00106201     -0.00106201     -0.0012207     
-0.00115967     -0.000964355     -0.000976563     -0.000805664     
-0.000976563     -0.000720215     -0.000769043     -0.000732422     
-0.000769043     -0.000671387     -0.000537109     -0.000695801     
-0.000695801     -0.000634766     -0.000646973     -0.000756836     
-0.000842285     -0.000634766     -0.000634766     -0.000854492     
-0.000720215     -0.000695801     -0.000732422     -0.000878906     
-0.000817871     -0.000756836     -0.000756836     -0.000854492     
-0.00090332     -0.000805664     -0.000805664     -0.000952148     
-0.00112305     -0.00098877     -0.00111084     -0.00124512     
-0.00123291     -0.0012207     -0.00125732     -0.00129395     
-0.00126953     -0.00106201     -0.00100098     -0.000964355     
-0.000927734     -0.000744629     -0.000720215     -0.000708008     
-0.000549316     -0.000537109     -0.000561523     -0.000622559     
-0.000646973     -0.000598145     -0.000769043     -0.000671387     
-0.000964355     -0.000720215     -0.000720215     -0.000805664     
-0.000744629     -0.000732422     -0.000585938     -0.000671387     
-0.000634766     -0.000610352     -0.000634766     -0.000524902     
-0.000634766     -0.000512695     -0.000427246     -0.000512695     
-0.000524902     -0.000378418     -0.000183105     -0.000170898     
-0.000292969     0     6.10352e-05     9.76563e-05     
-2.44141e-05     0.000183105     0.000158691     0.000109863     
-1.2207e-05     6.10352e-05     -7.32422e-05     -0.00020752     
-0.000341797     -0.000292969     -0.000390625     -0.00045166     
-0.000561523     -0.000561523     -0.000524902     -0.000598145     
-0.000720215     -0.000744629     -0.000549316     -0.000683594     
-0.000720215     -0.00057373     -0.000500488     -0.000500488     
-0.000646973     -0.000366211     -0.000500488     -0.000488281     
-0.000476074     -0.000500488     -0.000488281     -0.000622559     
-0.000695801     -0.000634766     -0.000634766     -0.000793457     
-0.000830078     -0.000683594     -0.00078125     -0.000939941     
-0.000915527     -0.00078125     -0.000695801     -0.000878906     
-0.000720215     -0.000622559     -0.000610352     -0.000598145     
-0.000598145     -0.000402832     -0.000317383     -0.000402832     
-0.000476074     -0.00020752     -0.000219727     -0.000427246     
-0.000439453     -0.000305176     -0.000390625     -0.000512695     
-0.000537109     -0.000500488     -0.000500488     -0.000512695     
-0.000524902     -0.000378418     -0.000268555     -0.000390625     
-0.000268555     -0.000158691     -0.000195313     -0.00032959     
-0.000341797     -0.000183105     -0.000256348     -0.000183105     
-0.000512695     -0.000354004     -0.00045166     -0.000671387     
-0.000708008     -0.000805664     -0.000732422     -0.000964355     
-0.00100098     -0.0010376     -0.00108643     -0.0010376     
-0.00112305     -0.00108643     -0.000952148     -0.0010376     
-0.000952148     -0.000866699     -0.000744629     -0.000634766     
-0.000805664     -0.000561523     -0.000427246     -0.000488281     
-0.000500488     -0.000341797     -0.000292969     -0.000427246     
-0.00057373     -0.000549316     -0.000634766     -0.000756836     
-0.000939941     -0.00098877     -0.0010498     -0.0012207     
-0.00135498     -0.00125732     -0.0012207     -0.00134277     
-0.00133057     -0.00117188     -0.00115967     -0.00114746     
-0.00108643     -0.000927734     -0.000866699     -0.000720215     
-0.000830078     -0.00057373     -0.000744629     -0.000671387     
-0.000720215     -0.000646973     -0.000634766     -0.000756836     
-0.000842285     -0.000793457     -0.000866699     -0.00106201     
-0.0010498     -0.000964355     -0.00114746     -0.00118408     
-0.00131836     -0.00125732     -0.00128174     -0.00142822     
-0.00142822     -0.00124512     -0.00125732     -0.00130615     
-0.00124512     -0.00108643     -0.00107422     -0.0010376     
-0.00111084     -0.000866699     -0.000744629     -0.000976563     
-0.000927734     -0.000720215     -0.000866699     -0.000842285     
-0.000927734     -0.000854492     -0.000964355     -0.0010498     
-0.000976563     -0.0010498     -0.00113525     -0.0012207     
-0.00118408     -0.0012085     -0.00119629     -0.00129395     
-0.00137939     -0.00117188     -0.00129395     -0.00117188     
-0.00133057     -0.00114746     -0.000964355     -0.00107422     
-0.00102539     -0.00078125     -0.000744629     -0.00078125     
-0.000793457     -0.000598145     -0.000549316     -0.000598145     
-0.00065918     -0.000549316     -0.000500488     -0.000524902     
-0.000585938     -0.000415039     -0.000463867     -0.000500488     
-0.000549316     -0.000439453     -0.00045166     -0.000427246     
-0.00057373     -0.000463867     -0.000463867     -0.000561523     
-0.000646973     -0.000585938     -0.000561523     -0.000646973     
-0.000708008     -0.000646973     -0.000671387     -0.000744629     
-0.000744629     -0.000708008     -0.00065918     -0.000793457     
-0.000830078     -0.000769043     -0.000695801     -0.000805664     
-0.000854492     -0.00078125     -0.000744629     -0.000793457     
-0.00102539     -0.000756836     -0.000964355     -0.000976563     
-0.00106201     -0.000927734     -0.000952148     -0.00106201     
-0.0010498     -0.000891113     -0.000830078     -0.000756836     
-0.000695801     -0.000561523     -0.000524902     -0.000439453     
-0.000427246     -0.000280762     -0.000280762     -0.000305176     
-0.000390625     -0.000219727     -0.000268555     -0.000427246     
-0.000500488     -0.00045166     -0.000476074     -0.000622559     
-0.00078125     -0.000744629     -0.000744629     -0.000830078     
-0.000939941     -0.00078125     -0.000927734     -0.00101318     
-0.000952148     -0.000830078     -0.000866699     -0.000842285     
-0.000866699     -0.000756836     -0.000646973     -0.000866699     
-0.000805664     -0.000708008     -0.000708008     -0.000793457     
-0.000866699     -0.000720215     -0.000830078     -0.000671387     
-0.000964355     -0.000805664     -0.00078125     -0.000878906     
-0.000878906     -0.000830078     -0.000756836     -0.000927734     
-0.00101318     -0.000927734     -0.000891113     -0.000964355     
-0.00106201     -0.0010498     -0.000964355     -0.00114746     
-0.00107422     -0.0010498     -0.00101318     -0.00098877     
-0.00113525     -0.000927734     -0.000939941     -0.000952148     
-0.00098877     -0.000769043     -0.00078125     -0.000744629     
-0.000854492     -0.000622559     -0.000610352     -0.000622559     
-0.000585938     -0.000439453     -0.000476074     -0.000390625     

