Source : transient; Time : Wed Jun 14 05:11:38 2017
B0 = 3788.000000 Gauss, mw = 9.686280 GHz
 NDI-T2 sa261 20/2 42/25 523nm/1mJ
1 5000 -1.001e-06 8.997e-06 0 0
s                        V                                                 
0.000158691     0.000158691     0.000146484     0.000134277     
4.88281e-05     0.000109863     0.000231934     0.000134277     
1.2207e-05     0.00012207     8.54492e-05     0     
-0.000158691     2.44141e-05     -7.32422e-05     -0.000109863     
-0.000195313     -0.000280762     -0.00032959     -0.000427246     
-0.000500488     -0.000463867     -0.000366211     -0.000378418     
-0.00045166     -0.00020752     -0.000183105     -0.000280762     
-0.00012207     4.88281e-05     7.32422e-05     0.00012207     
7.32422e-05     0.000134277     0.000146484     1.2207e-05     
1.2207e-05     6.10352e-05     -1.2207e-05     -0.000109863     
-0.000292969     -0.000231934     -0.000256348     -0.00045166     
-0.000463867     -0.000402832     -0.000354004     -0.00045166     
-0.000500488     -0.000427246     -0.000354004     -0.000402832     
-0.000476074     -0.000134277     -0.000134277     -0.00020752     
-0.000146484     -3.66211e-05     6.10352e-05     4.88281e-05     
-4.88281e-05     0.00012207     9.76563e-05     4.88281e-05     
-1.2207e-05     0.000146484     0.000170898     0.000134277     
0     0.00020752     0.000195313     0.000158691     
9.76563e-05     0.000195313     0.000170898     0.00012207     
9.76563e-05     0.000146484     8.54492e-05     -6.10352e-05     
-2.44141e-05     -4.88281e-05     -9.76563e-05     -0.000158691     
-0.000170898     -0.00012207     -0.000134277     -0.000170898     
-0.000280762     -0.000231934     -0.000134277     -0.000158691     
-0.000195313     -0.00012207     6.10352e-05     -2.44141e-05     
-0.000134277     -9.76563e-05     3.66211e-05     4.88281e-05     
-0.000109863     0.000134277     0.000109863     7.32422e-05     
6.10352e-05     9.76563e-05     0.000158691     7.32422e-05     
8.54492e-05     7.32422e-05     6.10352e-05     0.000280762     
3.66211e-05     0.000183105     0.000219727     0.000183105     
0.000183105     0.000341797     0.000402832     0.000292969     
0.00020752     0.000292969     0.000183105     0.000231934     
9.76563e-05     0.00020752     7.32422e-05     7.32422e-05     
-2.44141e-05     -0.000146484     -4.88281e-05     -0.000195313     
-0.000268555     -0.000158691     -0.000170898     -0.00020752     
-0.000244141     -0.000183105     -0.000170898     -0.000183105     
-0.000219727     -2.44141e-05     2.44141e-05     6.10352e-05     
-1.2207e-05     6.10352e-05     0.000170898     0.00012207     
2.44141e-05     0.000256348     0.000244141     0.000231934     
4.88281e-05     0.000268555     0.000231934     6.10352e-05     
0.000146484     0.000109863     0.000231934     -1.2207e-05     
-9.76563e-05     3.66211e-05     -3.66211e-05     -3.66211e-05     
-0.000219727     -9.76563e-05     -0.000170898     -0.000195313     
-0.000366211     -0.000244141     -0.00032959     -0.000366211     
-0.000378418     -0.000158691     -0.000268555     -0.000256348     
-0.000268555     -0.000183105     3.66211e-05     -8.54492e-05     
-3.66211e-05     0.000146484     0.000134277     7.32422e-05     
0     8.54492e-05     0.000134277     7.32422e-05     
-9.76563e-05     1.2207e-05     3.66211e-05     -9.76563e-05     
-0.000146484     -0.000183105     -6.10352e-05     -0.000134277     
-0.000134277     0     0.000134277     0.00012207     
8.54492e-05     0.000390625     0.000476074     0.000488281     
0.000463867     0.000561523     0.000708008     0.000549316     
0.00045166     0.000585938     0.000427246     0.000341797     
0.000170898     0.000268555     0.000158691     9.76563e-05     
0     4.88281e-05     0.000109863     7.32422e-05     
-3.66211e-05     0.000109863     0.000195313     0.00020752     
0.000146484     0.000268555     0.000366211     0.000195313     
0.000256348     0.000354004     0.000427246     0.000378418     
0.000244141     0.000390625     0.000427246     0.000292969     
0.000305176     0.00045166     0.000476074     0.000402832     
0.000488281     0.000537109     0.00057373     0.000402832     
0.000341797     0.000500488     0.000476074     0.000341797     
0.000146484     0.000268555     0.00012207     6.10352e-05     
-0.000134277     2.44141e-05     7.32422e-05     -0.00012207     
-8.54492e-05     -1.2207e-05     7.32422e-05     -1.2207e-05     
-0.000158691     9.76563e-05     0.000109863     0.000146484     
8.54492e-05     0.000219727     0.000219727     0.000231934     
0.000219727     0.000317383     0.000402832     0.000427246     
0.000256348     0.000427246     0.000305176     0.000134277     
7.32422e-05     7.32422e-05     6.10352e-05     -0.000183105     
-0.000292969     -0.000354004     -0.000341797     -0.000378418     
-0.00045166     -0.000378418     -0.000256348     -0.000231934     
-0.000317383     -0.000195313     -0.00012207     -0.000109863     
-0.00012207     0     0.000109863     7.32422e-05     
8.54492e-05     0.000170898     0.000195313     0.000268555     
0.000231934     0.000476074     0.000537109     0.000500488     
0.000524902     0.000549316     0.000708008     0.000646973     
0.000646973     0.000622559     0.000634766     0.000585938     
0.000415039     0.000549316     0.000439453     0.000268555     
0.00012207     0.000195313     0.000134277     7.32422e-05     
-4.88281e-05     4.88281e-05     6.10352e-05     1.2207e-05     
-6.10352e-05     9.76563e-05     0.000183105     0.000183105     
0.000158691     0.00020752     0.000292969     0.000170898     
0.00012207     0.000317383     0.000354004     0.000219727     
0.000195313     0.000231934     0.000244141     3.66211e-05     
3.66211e-05     0.000219727     0.000256348     0.000195313     
0.000256348     0.000292969     0.000390625     0.000512695     
0.000512695     0.000720215     0.000744629     0.000939941     
0.000805664     0.0010498     0.00102539     0.000878906     
0.000854492     0.000854492     0.000805664     0.000695801     
0.00045166     0.000415039     0.000292969     0.000219727     
0     6.10352e-05     0     -0.000158691     
-0.000280762     -0.000231934     -0.000195313     -0.000158691     
-0.000170898     -3.66211e-05     0     7.32422e-05     
-1.2207e-05     8.54492e-05     0.000256348     8.54492e-05     
0.00012207     0.000219727     0.000183105     0.000219727     
4.88281e-05     9.76563e-05     0.000170898     0.000158691     
3.66211e-05     0.000158691     0.00032959     0.000244141     
0.000158691     0.000219727     0.000402832     0.000256348     
0.000146484     0.000317383     0.000244141     0.000183105     
-1.2207e-05     8.54492e-05     0.000183105     4.88281e-05     
-0.000109863     -7.32422e-05     -1.2207e-05     -0.000146484     
-0.000195313     -0.000134277     -0.000158691     -7.32422e-05     
-0.000244141     -6.10352e-05     0     1.2207e-05     
2.44141e-05     0.000170898     0.000183105     0.000195313     
8.54492e-05     0.000280762     0.000292969     0.000231934     
7.32422e-05     0.00020752     0.000256348     9.76563e-05     
0.000183105     0.000146484     0.000183105     4.88281e-05     
-1.2207e-05     3.66211e-05     0     -8.54492e-05     
-4.88281e-05     1.2207e-05     -1.2207e-05     -1.2207e-05     
-0.000195313     -2.44141e-05     1.2207e-05     -0.000146484     
-0.000158691     -0.000109863     -3.66211e-05     -8.54492e-05     
-0.000256348     -8.54492e-05     -0.000146484     -0.000183105     
-0.000256348     -3.66211e-05     0     -0.00012207     
-7.32422e-05     1.2207e-05     0.000158691     6.10352e-05     
0.000109863     0.000354004     0.00032959     0.000463867     
0.000476074     0.000610352     0.000769043     0.000598145     
0.000634766     0.000830078     0.000866699     0.000817871     
0.000732422     0.00078125     0.000793457     0.000671387     
0.000524902     0.00045166     0.000598145     0.000341797     
0.000280762     0.000354004     0.000231934     7.32422e-05     
2.44141e-05     7.32422e-05     0     -0.000183105     
-0.000354004     -0.000341797     -0.000354004     -0.000549316     
-0.000610352     -0.000549316     -0.00045166     -0.000585938     
-0.000671387     -0.000561523     -0.000488281     -0.000512695     
-0.000463867     -0.000280762     -0.000268555     -0.000219727     
-0.000231934     -0.000158691     2.44141e-05     -2.44141e-05     
-9.76563e-05     1.2207e-05     6.10352e-05     9.76563e-05     
-0.000170898     0     -1.2207e-05     -8.54492e-05     
-0.000219727     -1.2207e-05     0     0.00012207     
1.2207e-05     0.000146484     0.000231934     0.000183105     
0.00012207     0.000390625     0.00045166     0.000170898     
9.76563e-05     0.000231934     0.000280762     0.00012207     
-2.44141e-05     0.000134277     0.000231934     4.88281e-05     
3.66211e-05     0.00012207     0.000244141     0.00020752     
0.00020752     0.000476074     0.000512695     0.000415039     
0.00045166     0.000500488     0.000561523     0.000439453     
0.000244141     0.000524902     0.000317383     0.000341797     
0.00020752     0.000488281     0.000439453     0.000402832     
0.000695801     0.00098877     0.00119629     0.00144043     
0.00166016     0.00217285     0.0024292     0.00279541     
0.00303955     0.00357666     0.00401611     0.00418701     
0.00445557     0.00499268     0.00544434     0.00567627     
0.00594482     0.00643311     0.00686035     0.00718994     
0.00750732     0.00794678     0.00844727     0.00870361     
0.00906982     0.00963135     0.00994873     0.0102783     
0.0105591     0.0110352     0.011377     0.0116211     
0.0119873     0.0123779     0.012793     0.0130981     
0.0133667     0.0138306     0.0143188     0.0144897     
0.0148193     0.0152954     0.0156616     0.0158813     
0.0161743     0.0166138     0.0168701     0.0172119     
0.0173828     0.0177856     0.0182373     0.0184937     
0.0188232     0.0191528     0.019519     0.0198853     
0.0200562     0.0205566     0.0209839     0.0211792     
0.02146     0.0217163     0.0219727     0.0222168     
0.0223389     0.0227051     0.0229004     0.0230347     
0.0231689     0.0234253     0.0236572     0.0237915     
0.0240234     0.0242432     0.0245972     0.0246826     
0.025     0.0253296     0.0256592     0.0258057     
0.0260742     0.0265869     0.0268921     0.0271851     
0.0273438     0.0277344     0.0280518     0.0282471     
0.0284424     0.0287964     0.0290039     0.0292236     
0.0293091     0.0294556     0.0296631     0.029834     
0.0299194     0.030249     0.0302979     0.0304199     
0.0305786     0.0307739     0.0309937     0.0310303     
0.0311401     0.0313721     0.0314941     0.031665     
0.031604     0.0319214     0.0321655     0.0322266     
0.0322998     0.032605     0.0326782     0.0328857     
0.0328125     0.0330566     0.0331909     0.0331665     
0.0332275     0.0333496     0.0335571     0.0333984     
0.0334473     0.033606     0.0336548     0.0336914     
0.033728     0.0339111     0.034021     0.0341064     
0.0341064     0.0342529     0.0343628     0.0344604     
0.0344971     0.0345581     0.0347534     0.0346558     
0.0346436     0.0347656     0.0348389     0.0347778     
0.034668     0.0348145     0.03479     0.0347778     
0.0346436     0.0346191     0.0347412     0.0345825     
0.0345581     0.0346802     0.0346436     0.0346191     
0.0345459     0.0347168     0.034668     0.0344849     
0.0344727     0.0344482     0.034436     0.0344238     
0.0342163     0.0343262     0.0342041     0.0341553     
0.0339966     0.034082     0.034021     0.0339844     
0.0339111     0.034021     0.0341309     0.0340698     
0.0339111     0.0340454     0.0341309     0.0341064     
0.0339478     0.034021     0.034021     0.0338623     
0.0338135     0.0338623     0.0338989     0.0336548     
0.0336182     0.0335938     0.0336792     0.0334961     
0.0333618     0.0334839     0.0334229     0.0332764     
0.0330078     0.0330688     0.0329224     0.0326294     
0.0325928     0.0325317     0.0324585     0.0323242     
0.0320801     0.0321777     0.0319946     0.0319702     
0.0317627     0.0317505     0.0317505     0.0315063     
0.0312988     0.0312744     0.0311157     0.0308838     
0.0307373     0.0307373     0.0306519     0.0305176     
0.0303345     0.0302368     0.0302979     0.0302368     
0.0300415     0.0299805     0.0299683     0.0299683     
0.0296631     0.0296631     0.0296265     0.0294434     
0.0292358     0.0291748     0.0290894     0.0288208     
0.0286011     0.0285522     0.0284912     0.028186     
0.0280518     0.0279175     0.0277588     0.0275269     
0.0272583     0.0272095     0.027063     0.0268799     
0.0267456     0.0266724     0.0266357     0.0264526     
0.0263062     0.0263306     0.0260986     0.026123     
0.0259155     0.026001     0.0257813     0.0256836     
0.0255737     0.0254639     0.025354     0.0252563     
0.0250366     0.0250854     0.0249512     0.0247559     
0.0246094     0.0245728     0.0245117     0.0242188     
0.0241211     0.023938     0.0238647     0.0236328     
0.0232666     0.0231689     0.0231567     0.0229248     
0.0226563     0.0226563     0.0225586     0.0222778     
0.0221558     0.0221191     0.0220337     0.021814     
0.0217285     0.0217651     0.0216675     0.0215088     
0.0213623     0.0213379     0.0213013     0.0211548     
0.0210205     0.0210815     0.0209839     0.0207397     
0.0206421     0.0205322     0.0203857     0.0202515     
0.0198975     0.0199341     0.019751     0.0196655     
0.0194092     0.0193359     0.0192993     0.0190674     
0.0189453     0.0189209     0.0188354     0.0188232     
0.0185547     0.0186157     0.0185425     0.018396     
0.0182983     0.0182617     0.0183472     0.018103     
0.0180298     0.0179688     0.0178955     0.0176636     
0.0175415     0.0175049     0.0174194     0.0171753     
0.0168823     0.0168945     0.0167847     0.0165771     
0.0164063     0.0164795     0.0165894     0.0164063     
0.016394     0.0165649     0.0165283     0.0163696     
0.016333     0.0165039     0.0164429     0.016333     
0.0162476     0.0162109     0.0162842     0.0161133     
0.0160522     0.0159912     0.0160156     0.0160156     
0.0156982     0.0157471     0.015686     0.0155396     
0.0154419     0.0153687     0.0153931     0.0152344     
0.0150146     0.014978     0.014917     0.014856     
0.0147583     0.0148315     0.0147339     0.014624     
0.0146362     0.0145264     0.0144775     0.0143188     
0.0141602     0.0142456     0.0141846     0.0139404     
0.0138916     0.0139404     0.0138428     0.0137573     
0.0137085     0.0138184     0.0137329     0.0135132     
0.0135742     0.0136353     0.0135864     0.0134644     
0.0134766     0.0136475     0.0136475     0.0135986     
0.0135864     0.0136963     0.0136597     0.013562     
0.0135986     0.0136841     0.0137939     0.0136963     
0.0136597     0.0138184     0.0137207     0.0137329     
0.0136963     0.0138184     0.0138916     0.0137695     
0.0137207     0.0137573     0.0138184     0.0136597     
0.0135986     0.0137085     0.0136475     0.0136353     
0.0136353     0.0136475     0.013623     0.0135254     
0.0134521     0.013623     0.0136597     0.0136108     
0.0135132     0.0137085     0.0138062     0.0137817     
0.0137085     0.0138916     0.013916     0.0138672     
0.0139282     0.0140625     0.0141724     0.0140503     
0.0140381     0.0141357     0.0142334     0.0141235     
0.0140015     0.0141113     0.0141357     0.0141235     
0.0140503     0.0140869     0.0142578     0.0140991     
0.0140869     0.0141968     0.0141724     0.0142578     
0.0140991     0.0142578     0.0142944     0.0142212     
0.0141479     0.0141724     0.01427     0.0142822     
0.0141602     0.0143188     0.0143799     0.01427     
0.0142456     0.0143311     0.0144409     0.0142456     
0.0143677     0.0144043     0.0145142     0.0144775     
0.0143555     0.0144775     0.014502     0.0144531     
0.0145142     0.0147217     0.0147461     0.0147217     
0.0147339     0.0148438     0.0150391     0.0149292     
0.0150635     0.0151855     0.0152832     0.0152588     
0.01521     0.0153442     0.0153687     0.0153809     
0.0154053     0.0156006     0.015625     0.0155273     
0.0156494     0.0157471     0.0158325     0.0157471     
0.0157471     0.0159058     0.0158203     0.0158203     
0.0156738     0.0157959     0.0157104     0.0156372     
0.0155029     0.0156128     0.015564     0.0156616     
0.0155518     0.0156738     0.0157349     0.0157715     
0.0158081     0.0159302     0.0161621     0.0161133     
0.0160889     0.0161865     0.0162109     0.0161743     
0.0160767     0.01604     0.0161133     0.01604     
0.0158691     0.0158936     0.0159302     0.015918     
0.015918     0.0160156     0.0161743     0.0161621     
0.0162598     0.0164063     0.0165161     0.0166138     
0.0165894     0.0169067     0.0168579     0.0169922     
0.0168823     0.0169922     0.01698     0.0168091     
0.016748     0.0168945     0.0167725     0.0167969     
0.0165649     0.0167114     0.0166382     0.0165527     
0.0164185     0.0164673     0.0164307     0.0163452     
0.0161133     0.0162476     0.0161987     0.0161377     
0.0159912     0.0161987     0.0162231     0.0161865     
0.0161133     0.0162476     0.0164307     0.0164795     
0.0163696     0.0165649     0.0167358     0.0166016     
0.0166138     0.0167603     0.0167358     0.0166748     
0.0165527     0.0166382     0.016687     0.0164917     
0.0164673     0.0164551     0.0165527     0.0164795     
0.016333     0.0164551     0.0164795     0.0164673     
0.0163696     0.0164917     0.0165527     0.016394     
0.0164429     0.0165405     0.0166016     0.0165527     
0.0165039     0.0165527     0.0165161     0.0165039     
0.0164063     0.0164917     0.0165649     0.0164429     
0.0163574     0.0164917     0.0164551     0.0164673     
0.0163574     0.0165405     0.0166016     0.0165894     
0.0164673     0.0165649     0.0166138     0.0164673     
0.0163452     0.016394     0.0163574     0.0162476     
0.0160522     0.0161133     0.0161133     0.015979     
0.0158325     0.0160278     0.01604     0.0159546     
0.0159302     0.0159058     0.0159546     0.0158569     
0.0157837     0.0157959     0.0157837     0.0158081     
0.0156006     0.015686     0.015686     0.0155884     
0.0154785     0.0155396     0.0156006     0.0154419     
0.015271     0.0153442     0.0152344     0.0151489     
0.0148438     0.0149658     0.0148682     0.0147705     
0.014624     0.0145264     0.0145264     0.0144775     
0.01427     0.0144165     0.0143677     0.0143921     
0.014209     0.0143066     0.0143433     0.014209     
0.0142944     0.0143066     0.0143555     0.0142822     
0.0140991     0.0143555     0.0142334     0.0140625     
0.0140259     0.0140625     0.0140625     0.0138916     
0.0136841     0.0137573     0.0137451     0.0135254     
0.0134155     0.0134399     0.0133911     0.013208     
0.0131104     0.0131226     0.0130371     0.0129272     
0.0127319     0.0128906     0.0128784     0.0127197     
0.0127441     0.0127441     0.0127441     0.0127563     
0.012793     0.0129272     0.0128784     0.012915     
0.0129028     0.0128784     0.0128418     0.012793     
0.0127197     0.0126709     0.0125854     0.0123047     
0.0120972     0.0121094     0.0119751     0.0118286     
0.0115967     0.0114746     0.0115479     0.0112793     
0.0111938     0.0111938     0.0110596     0.0110596     
0.0109497     0.0110107     0.0111084     0.0110596     
0.0109375     0.0110718     0.0112305     0.0111938     
0.0111816     0.0114014     0.0115112     0.0113892     
0.0113403     0.0114136     0.011438     0.0113281     
0.0111816     0.0112671     0.0112183     0.011084     
0.0109497     0.0109253     0.0109253     0.0107666     
0.0105347     0.0105469     0.010437     0.0103882     
0.0100952     0.0100952     0.00998535     0.00981445     
0.00963135     0.0097168     0.00960693     0.00957031     
0.00948486     0.00960693     0.00965576     0.00965576     
0.00963135     0.00983887     0.0098877     0.00986328     
0.00998535     0.0100464     0.010083     0.0100708     
0.010022     0.0101807     0.0101807     0.0100708     
0.0100586     0.0100952     0.0100464     0.0098877     
0.00985107     0.00987549     0.0098999     0.00968018     
0.00952148     0.00948486     0.00936279     0.00917969     
0.00893555     0.00897217     0.00878906     0.00865479     
0.00837402     0.00842285     0.0083252     0.0081543     
0.0081543     0.00825195     0.00830078     0.00828857     
0.00823975     0.00854492     0.00852051     0.00860596     
0.00854492     0.00864258     0.00877686     0.00871582     
0.00870361     0.00872803     0.00863037     0.00858154     
0.00844727     0.00848389     0.00852051     0.00841064     
0.0083374     0.00839844     0.00845947     0.0083252     
0.00830078     0.00841064     0.00841064     0.00838623     
0.00830078     0.00837402     0.00842285     0.00834961     
0.00825195     0.00827637     0.00841064     0.0083252     
0.00822754     0.00836182     0.00845947     0.00837402     
0.00839844     0.00863037     0.00866699     0.00871582     
0.00870361     0.00894775     0.00887451     0.00891113     
0.00881348     0.00894775     0.00914307     0.00897217     
0.00894775     0.00891113     0.00891113     0.00870361     
0.00845947     0.00859375     0.00855713     0.00827637     
0.00820313     0.00831299     0.00817871     0.0081665     
0.00805664     0.00821533     0.00820313     0.00826416     
0.0081665     0.00823975     0.00825195     0.00821533     
0.00820313     0.00825195     0.00830078     0.00825195     
0.00806885     0.0081543     0.00819092     0.00822754     
0.00814209     0.00823975     0.00819092     0.00817871     
0.00811768     0.00819092     0.00821533     0.00810547     
0.00817871     0.00839844     0.00838623     0.00841064     
0.00834961     0.00865479     0.00859375     0.00863037     
0.00869141     0.00893555     0.00898438     0.0088623     
0.00891113     0.00895996     0.00897217     0.00889893     
0.00878906     0.00899658     0.00882568     0.00872803     
0.00849609     0.00866699     0.00861816     0.00849609     
0.00842285     0.00852051     0.00852051     0.00849609     
0.00847168     0.00849609     0.00853271     0.00844727     
0.00843506     0.00853271     0.00870361     0.00860596     
0.00852051     0.00863037     0.00863037     0.00853271     
0.00856934     0.0086792     0.00871582     0.00870361     
0.00855713     0.00870361     0.00880127     0.00869141     
0.00861816     0.00871582     0.0088623     0.00872803     
0.00870361     0.00883789     0.00880127     0.00870361     
0.00860596     0.00877686     0.00880127     0.0088501     
0.0086792     0.00874023     0.00897217     0.00887451     
0.00889893     0.00899658     0.00916748     0.00933838     
0.00919189     0.00947266     0.00946045     0.0095459     
0.00964355     0.00974121     0.00982666     0.00987549     
0.00981445     0.00987549     0.00991211     0.00996094     
0.00991211     0.010022     0.0100464     0.00999756     
0.0100342     0.0100464     0.0100708     0.0100342     
0.00993652     0.010083     0.0101563     0.00998535     
0.00999756     0.0100098     0.00999756     0.00979004     
0.00982666     0.00986328     0.00983887     0.00961914     
0.00955811     0.00955811     0.00959473     0.00955811     
0.009375     0.00941162     0.00938721     0.00942383     
0.00927734     0.00948486     0.00946045     0.00932617     
0.00944824     0.00944824     0.00958252     0.00959473     
0.0095459     0.00977783     0.0097168     0.0098999     
0.00974121     0.0098999     0.00999756     0.0098877     
0.0097168     0.00979004     0.00975342     0.00982666     
0.00964355     0.00980225     0.00977783     0.00976563     
0.00980225     0.00987549     0.010022     0.00991211     
0.00994873     0.0100708     0.0100586     0.0101196     
0.0100342     0.0100708     0.010144     0.0100342     
0.00992432     0.010083     0.010083     0.0100708     
0.00992432     0.00993652     0.0101074     0.0100464     
0.00998535     0.010083     0.010144     0.0101074     
0.0098999     0.0100586     0.0101318     0.0101196     
0.010022     0.0101196     0.0102539     0.0101196     
0.00999756     0.0100586     0.0100464     0.0100098     
0.00987549     0.00997314     0.00986328     0.00981445     
0.00981445     0.00980225     0.00987549     0.00982666     
0.009729     0.00987549     0.00993652     0.00987549     
0.00983887     0.00994873     0.0100342     0.0098877     
0.00992432     0.00996094     0.0100586     0.00999756     
0.00986328     0.0098877     0.00999756     0.00974121     
0.00981445     0.00987549     0.00985107     0.00974121     
0.0097168     0.00987549     0.00979004     0.00960693     
0.00974121     0.00985107     0.00983887     0.00957031     
0.00950928     0.00955811     0.00955811     0.00933838     
0.00904541     0.00926514     0.00924072     0.00900879     
0.00899658     0.00898438     0.00891113     0.00893555     
0.00881348     0.00898438     0.00899658     0.00913086     
0.00900879     0.00910645     0.00919189     0.00910645     
0.00894775     0.00915527     0.00915527     0.009021     
0.00893555     0.00898438     0.0088623     0.00876465     
0.0086792     0.00865479     0.00869141     0.00854492     
0.0085083     0.00844727     0.00838623     0.00826416     
0.00823975     0.00827637     0.00831299     0.00825195     
0.00810547     0.00822754     0.00825195     0.00827637     
0.0081665     0.00828857     0.0083374     0.00830078     
0.0081543     0.0081665     0.00820313     0.00810547     
0.00789795     0.00793457     0.00792236     0.00778809     
0.00765381     0.00756836     0.00765381     0.0074707     
0.0074707     0.00750732     0.0074707     0.00755615     
0.00737305     0.0074707     0.00748291     0.00748291     
0.00744629     0.00750732     0.00760498     0.00753174     
0.00738525     0.00748291     0.00758057     0.00737305     
0.0072998     0.00736084     0.00739746     0.00715332     
0.00704346     0.00709229     0.00717773     0.00698242     
0.00689697     0.00708008     0.00714111     0.00709229     
0.00704346     0.00717773     0.00725098     0.00721436     
0.00718994     0.00738525     0.00733643     0.00725098     
0.00727539     0.0072876     0.00727539     0.00712891     
0.00705566     0.00714111     0.0071167     0.00705566     
0.00687256     0.00697021     0.0069458     0.00693359     
0.00692139     0.00688477     0.00703125     0.00697021     
0.00681152     0.00701904     0.00697021     0.00692139     
0.00684814     0.00703125     0.00703125     0.00690918     
0.00688477     0.00699463     0.00695801     0.00692139     
0.00693359     0.0069458     0.00699463     0.00693359     
0.00679932     0.00673828     0.00675049     0.00657959     
0.00650635     0.00650635     0.00640869     0.00637207     
0.00627441     0.00626221     0.00643311     0.00629883     
0.00621338     0.00631104     0.00645752     0.0064209     
0.00637207     0.00644531     0.0065918     0.00651855     
0.00654297     0.0067627     0.00681152     0.00678711     
0.00666504     0.0067627     0.00679932     0.00679932     
0.00662842     0.00671387     0.0067749     0.006604     
0.00643311     0.00640869     0.00639648     0.00635986     
0.00604248     0.00609131     0.00603027     0.00587158     
0.0057251     0.00563965     0.00551758     0.00548096     
0.00526123     0.00541992     0.00543213     0.00532227     
0.00526123     0.00550537     0.0055542     0.00551758     
0.0057251     0.00588379     0.00604248     0.00606689     
0.00609131     0.00628662     0.00629883     0.00627441     
0.00635986     0.00650635     0.00644531     0.00629883     
0.00632324     0.00631104     0.00629883     0.00604248     
0.00609131     0.00609131     0.0060791     0.0059082     
0.00578613     0.00581055     0.00579834     0.00576172     
0.00562744     0.00579834     0.00577393     0.0057251     
0.00570068     0.0057373     0.00584717     0.005896     
0.00584717     0.00615234     0.00623779     0.00631104     
0.00625     0.00637207     0.00650635     0.00638428     
0.00638428     0.00656738     0.00645752     0.00648193     
0.00638428     0.0064209     0.00629883     0.00621338     
0.00618896     0.00621338     0.00638428     0.00621338     
0.00614014     0.00614014     0.00614014     0.00611572     
0.00596924     0.00614014     0.0060791     0.00601807     
0.00588379     0.00585938     0.00594482     0.00583496     
0.00577393     0.00574951     0.0059082     0.00578613     
0.00568848     0.0057373     0.00576172     0.00576172     
0.00567627     0.00596924     0.005896     0.00603027     
0.00605469     0.00610352     0.00622559     0.00617676     
0.00617676     0.00633545     0.00640869     0.00639648     
0.00626221     0.00644531     0.00635986     0.00625     
0.00623779     0.00626221     0.00617676     0.00605469     
0.00583496     0.00592041     0.00583496     0.00577393     
0.00566406     0.00583496     0.00583496     0.00570068     
0.00578613     0.0057251     0.00582275     0.00584717     
0.00574951     0.00596924     0.00604248     0.0060791     
0.00603027     0.00615234     0.00632324     0.00625     
0.00627441     0.00643311     0.00655518     0.00645752     
0.00645752     0.00646973     0.00651855     0.00643311     
0.00628662     0.00638428     0.00633545     0.00626221     
0.00610352     0.00609131     0.00612793     0.005896     
0.00598145     0.00603027     0.0060791     0.00604248     
0.00585938     0.00622559     0.0060791     0.00615234     
0.00614014     0.00626221     0.00640869     0.00640869     
0.00634766     0.00655518     0.00654297     0.00654297     
0.00646973     0.00667725     0.00657959     0.006604     
0.00656738     0.00656738     0.0067627     0.00662842     
0.00666504     0.00671387     0.00670166     0.0067627     
0.00668945     0.00666504     0.00671387     0.00670166     
0.00651855     0.00675049     0.00689697     0.00686035     
0.0067627     0.00692139     0.00710449     0.00697021     
0.00703125     0.00718994     0.00722656     0.00718994     
0.00705566     0.00715332     0.00723877     0.00705566     
0.00686035     0.00693359     0.00704346     0.00687256     
0.0067627     0.00684814     0.00686035     0.00687256     
0.00662842     0.00682373     0.00668945     0.00668945     
0.00662842     0.00665283     0.00665283     0.00661621     
0.00650635     0.00666504     0.0067627     0.00679932     
0.00667725     0.00687256     0.00693359     0.00683594     
0.00700684     0.00708008     0.00723877     0.00714111     
0.00701904     0.00722656     0.00725098     0.00715332     
0.0071167     0.00710449     0.00722656     0.00708008     
0.00706787     0.00715332     0.00716553     0.00706787     
0.00700684     0.00704346     0.00712891     0.00700684     
0.00683594     0.00690918     0.00681152     0.00668945     
0.00650635     0.0065918     0.006604     0.00648193     
0.00648193     0.00650635     0.006604     0.0065918     
0.00661621     0.00686035     0.00690918     0.00700684     
0.00695801     0.00722656     0.0072998     0.00726318     
0.00717773     0.00736084     0.0072998     0.00723877     
0.00710449     0.00712891     0.00708008     0.00695801     
0.0067749     0.00672607     0.00683594     0.00667725     
0.0065918     0.00668945     0.00664063     0.00664063     
0.00668945     0.00679932     0.0067749     0.00682373     
0.00667725     0.00665283     0.00672607     0.006604     
0.00650635     0.00645752     0.00653076     0.00648193     
0.00631104     0.00638428     0.00637207     0.00623779     
0.00617676     0.00643311     0.00634766     0.00632324     
0.00625     0.00617676     0.00628662     0.00615234     
0.00592041     0.005896     0.00588379     0.0057373     
0.00548096     0.00563965     0.00554199     0.00540771     
0.00533447     0.0053833     0.00548096     0.00540771     
0.00533447     0.00554199     0.00559082     0.00561523     
0.00563965     0.00588379     0.00587158     0.00577393     
0.00585938     0.00583496     0.00599365     0.00585938     
0.00571289     0.00585938     0.005896     0.0057251     
0.00571289     0.00582275     0.00583496     0.00576172     
0.00584717     0.00603027     0.00604248     0.00604248     
0.00616455     0.00615234     0.00625     0.00629883     
0.00617676     0.00626221     0.00629883     0.00620117     
0.00600586     0.00599365     0.00595703     0.00577393     
0.00576172     0.00571289     0.00565186     0.00560303     
0.0053833     0.00546875     0.00537109     0.00537109     
0.00524902     0.00528564     0.0053833     0.0052002     
0.00512695     0.00522461     0.00517578     0.00513916     
0.00511475     0.0052124     0.00517578     0.00517578     
0.00518799     0.0052124     0.0053833     0.00534668     
0.00540771     0.0055542     0.00561523     0.00566406     
0.0057373     0.00576172     0.0059082     0.00584717     
0.00582275     0.00596924     0.00601807     0.00594482     
0.0057373     0.00581055     0.00585938     0.00566406     
0.00550537     0.00554199     0.00551758     0.00543213     
0.0052124     0.00539551     0.00527344     0.00524902     
0.00515137     0.00516357     0.00531006     0.00523682     
0.00509033     0.00513916     0.00511475     0.00511475     
0.00484619     0.00511475     0.00500488     0.00480957     
0.00472412     0.00476074     0.00472412     0.00466309     
0.00449219     0.00477295     0.00466309     0.0046875     
0.00461426     0.00479736     0.00479736     0.00476074     
0.00479736     0.00488281     0.00500488     0.00489502     
0.00477295     0.00498047     0.00494385     0.00479736     
0.00479736     0.00487061     0.00484619     0.00482178     
0.00474854     0.00471191     0.00480957     0.00461426     
0.00449219     0.00455322     0.00449219     0.00440674     
0.00421143     0.00429688     0.0041748     0.00413818     
0.00404053     0.00421143     0.0041748     0.00413818     
0.0041626     0.00418701     0.00437012     0.00428467     
0.00415039     0.00450439     0.00447998     0.00456543     
0.00444336     0.00460205     0.00476074     0.00463867     
0.00452881     0.00471191     0.00476074     0.00483398     
0.00471191     0.00476074     0.00491943     0.00482178     
0.00482178     0.00488281     0.00501709     0.00491943     
0.0048584     0.00498047     0.00482178     0.00476074     
0.00462646     0.00469971     0.00471191     0.00454102     
0.0043335     0.00424805     0.00435791     0.00427246     
0.00410156     0.00418701     0.00423584     0.00405273     
0.00415039     0.00424805     0.00426025     0.00423584     
0.00413818     0.0043335     0.00427246     0.00427246     
0.0041748     0.00407715     0.00419922     0.00406494     
0.00390625     0.00402832     0.00406494     0.00408936     
0.00394287     0.00400391     0.00402832     0.00401611     
0.00402832     0.00418701     0.00410156     0.0041748     
0.00405273     0.0041748     0.0041626     0.00406494     
0.00410156     0.00415039     0.00415039     0.00412598     
0.00419922     0.00427246     0.00432129     0.00438232     
0.00438232     0.00452881     0.00472412     0.00472412     
0.00466309     0.00472412     0.00483398     0.00473633     
0.00472412     0.00479736     0.00472412     0.00461426     
0.00462646     0.00467529     0.00458984     0.00460205     
0.00456543     0.00472412     0.00466309     0.00473633     
0.00461426     0.00476074     0.0048584     0.0045166     
0.00462646     0.00472412     0.00466309     0.00452881     
0.00443115     0.00455322     0.00450439     0.00450439     
0.0043457     0.00460205     0.00463867     0.0045166     
0.00457764     0.00472412     0.00479736     0.00471191     
0.00472412     0.00487061     0.00490723     0.00479736     
0.0046875     0.00478516     0.0048584     0.00467529     
0.00466309     0.00474854     0.00469971     0.00474854     
0.00462646     0.00463867     0.00471191     0.00473633     
0.00457764     0.00469971     0.00484619     0.00471191     
0.00462646     0.0046875     0.0046875     0.00455322     
0.00449219     0.00460205     0.00452881     0.00449219     
0.00437012     0.00452881     0.00458984     0.0045166     
0.0045166     0.00460205     0.00490723     0.0048584     
0.00484619     0.00499268     0.00506592     0.00512695     
0.00499268     0.00528564     0.00537109     0.00527344     
0.00533447     0.00533447     0.00534668     0.00534668     
0.00523682     0.00534668     0.00528564     0.00526123     
0.00512695     0.00516357     0.00511475     0.00496826     
0.00493164     0.00500488     0.00512695     0.00491943     
0.00483398     0.00501709     0.00498047     0.00489502     
0.00499268     0.00513916     0.00518799     0.00509033     
0.00509033     0.0052124     0.00511475     0.00499268     
0.00505371     0.00511475     0.00507813     0.0050293     
0.00496826     0.00509033     0.00518799     0.0052124     
0.0052124     0.00544434     0.00562744     0.00562744     
0.00577393     0.00600586     0.00614014     0.00605469     
0.00617676     0.00629883     0.00627441     0.00622559     
0.0060791     0.00609131     0.00606689     0.00582275     
0.00565186     0.00568848     0.00559082     0.00540771     
0.00523682     0.00517578     0.00522461     0.00506592     
0.00500488     0.00510254     0.0052002     0.00511475     
0.00518799     0.00517578     0.00527344     0.00527344     
0.00516357     0.00524902     0.00532227     0.00527344     
0.00511475     0.00515137     0.00518799     0.00505371     
0.00499268     0.00501709     0.00511475     0.00506592     
0.00494385     0.00516357     0.00510254     0.00515137     
0.00506592     0.00534668     0.00526123     0.00529785     
0.00523682     0.00535889     0.00539551     0.0053833     
0.00523682     0.00532227     0.0053833     0.00534668     
0.00513916     0.00535889     0.00531006     0.00513916     
0.00516357     0.00522461     0.00526123     0.00515137     
0.00507813     0.0052002     0.0052124     0.00517578     
0.0050415     0.00528564     0.0052002     0.00510254     
0.00513916     0.00511475     0.00517578     0.00511475     
0.00505371     0.00523682     0.00518799     0.00522461     
0.00522461     0.00516357     0.00517578     0.00506592     
0.00500488     0.00498047     0.00500488     0.00488281     
0.00477295     0.00477295     0.0046875     0.00460205     
0.00450439     0.00465088     0.00466309     0.00458984     
0.0045166     0.00472412     0.00466309     0.00467529     
0.00462646     0.0046875     0.00480957     0.00472412     
0.00456543     0.00473633     0.00454102     0.00454102     
0.00439453     0.0045166     0.00446777     0.00435791     
0.00424805     0.00441895     0.00437012     0.00437012     
0.0043457     0.00452881     0.00447998     0.00452881     
0.00440674     0.00447998     0.00461426     0.00445557     
0.0043457     0.00460205     0.00461426     0.00447998     
0.00444336     0.00457764     0.00469971     0.00457764     
0.00454102     0.00466309     0.00476074     0.00477295     
0.00457764     0.00457764     0.0046875     0.00450439     
0.00435791     0.00446777     0.00456543     0.00430908     
0.0041748     0.0043335     0.00418701     0.00404053     
0.00400391     0.0039917     0.00405273     0.00388184     
0.00380859     0.00395508     0.00386963     0.00388184     
0.00386963     0.00413818     0.00423584     0.00423584     
0.00426025     0.00454102     0.00463867     0.00460205     
0.00465088     0.00483398     0.0048584     0.00480957     
0.00472412     0.00474854     0.00461426     0.0045166     
0.00445557     0.00435791     0.00444336     0.00427246     
0.00401611     0.00415039     0.00412598     0.00393066     
0.00397949     0.00400391     0.00410156     0.00400391     
0.00406494     0.00412598     0.00424805     0.00413818     
0.0041748     0.00423584     0.00429688     0.00423584     
0.00413818     0.00423584     0.00422363     0.00412598     
0.00397949     0.00411377     0.00407715     0.00393066     
0.00389404     0.00396729     0.00396729     0.00378418     
0.00374756     0.00390625     0.00384521     0.00378418     
0.00372314     0.00378418     0.00373535     0.0036499     
0.00354004     0.0036499     0.00366211     0.00361328     
0.0034668     0.00361328     0.00368652     0.0036499     
0.00354004     0.0036499     0.0038208     0.00362549     
0.00361328     0.00378418     0.00372314     0.00383301     
0.00372314     0.00390625     0.00405273     0.0039917     
0.00391846     0.00404053     0.00421143     0.00402832     
0.00405273     0.0041748     0.0043335     0.00415039     
0.00405273     0.00413818     0.00411377     0.00407715     
0.00397949     0.00419922     0.00410156     0.00410156     
0.00395508     0.00397949     0.00404053     0.00395508     
0.00386963     0.00389404     0.00395508     0.00388184     
0.00357666     0.00371094     0.00360107     0.00356445     
0.0034668     0.00345459     0.00357666     0.0034668     
0.00330811     0.00344238     0.00351563     0.00349121     
0.00351563     0.00356445     0.00366211     0.00361328     
0.00362549     0.00360107     0.00369873     0.00367432     
0.00358887     0.00375977     0.00378418     0.00367432     
0.00369873     0.00383301     0.00380859     0.00377197     
0.00386963     0.00394287     0.00405273     0.00396729     
0.00395508     0.00405273     0.00412598     0.00406494     
0.0039917     0.0041626     0.00421143     0.00410156     
0.00397949     0.00408936     0.00415039     0.00391846     
0.00397949     0.00406494     0.0039917     0.00396729     
0.00374756     0.00397949     0.00394287     0.0038208     
0.0038208     0.00393066     0.00406494     0.00393066     
0.00393066     0.00405273     0.00415039     0.00408936     
0.00402832     0.0041748     0.00422363     0.00421143     
0.00406494     0.00422363     0.00423584     0.00413818     
0.00412598     0.00422363     0.0041626     0.00412598     
0.0039917     0.00410156     0.0041748     0.00405273     
0.00385742     0.00408936     0.00407715     0.00397949     
0.00394287     0.00389404     0.00394287     0.00380859     
0.00384521     0.00388184     0.00384521     0.00379639     
0.00355225     0.00372314     0.00362549     0.00354004     
0.00341797     0.00349121     0.00362549     0.00356445     
0.0034668     0.00357666     0.00355225     0.00361328     
0.00343018     0.00362549     0.00350342     0.00352783     
0.00341797     0.00340576     0.00349121     0.00341797     
0.00344238     0.00362549     0.00366211     0.00367432     
0.00369873     0.00383301     0.00391846     0.00389404     
0.00405273     0.00411377     0.00408936     0.00411377     
0.00396729     0.0039917     0.0039917     0.00390625     
0.0038208     0.00393066     0.00389404     0.00375977     
0.00372314     0.00383301     0.00388184     0.0038208     
0.00379639     0.00406494     0.00410156     0.00406494     
0.00406494     0.00410156     0.00426025     0.00418701     
0.00406494     0.00423584     0.00419922     0.00402832     
0.00408936     0.00396729     0.00397949     0.00394287     
0.00372314     0.00388184     0.0038208     0.00374756     
0.00366211     0.00378418     0.00386963     0.00369873     
0.00375977     0.00386963     0.00397949     0.00395508     
0.00384521     0.00400391     0.00402832     0.00402832     
0.00395508     0.00411377     0.00426025     0.00411377     
0.00412598     0.0041626     0.00419922     0.00418701     
0.00421143     0.00432129     0.00446777     0.00443115     
0.00424805     0.0045166     0.00456543     0.00446777     
0.00449219     0.00461426     0.00463867     0.00455322     
0.0045166     0.00461426     0.00447998     0.00430908     
0.0041626     0.00419922     0.00410156     0.00396729     
0.00371094     0.00372314     0.00374756     0.00360107     
0.00352783     0.00366211     0.003479     0.00357666     
0.00343018     0.0036377     0.00367432     0.00356445     
0.0036499     0.00372314     0.00375977     0.00380859     
0.00374756     0.00391846     0.00391846     0.00388184     
0.0038208     0.0039917     0.00391846     0.00386963     
0.00386963     0.00390625     0.00400391     0.00406494     
0.00393066     0.00412598     0.00418701     0.00419922     
0.00418701     0.00440674     0.00439453     0.00440674     
0.00435791     0.00455322     0.00462646     0.00466309     
0.00454102     0.00467529     0.00476074     0.00469971     
0.00466309     0.00484619     0.00490723     0.00487061     
0.00476074     0.00488281     0.00489502     0.00471191     
0.00466309     0.00466309     0.00466309     0.0045166     
0.00429688     0.00440674     0.00438232     0.00424805     
0.00407715     0.00430908     0.00426025     0.00418701     
0.00412598     0.00428467     0.00426025     0.0043335     
0.00419922     0.00437012     0.00432129     0.00437012     
0.00429688     0.00429688     0.00441895     0.00424805     
0.00413818     0.00438232     0.00432129     0.00421143     
0.00412598     0.00419922     0.0041748     0.00406494     
0.00395508     0.00405273     0.00404053     0.00390625     
0.00374756     0.00375977     0.00385742     0.00369873     
0.00357666     0.00367432     0.00366211     0.0036377     
0.00344238     0.00361328     0.00352783     0.00355225     
0.0034668     0.00357666     0.00372314     0.0036377     
0.00367432     0.00378418     0.00388184     0.00396729     
0.00396729     0.00419922     0.00421143     0.00423584     
0.00421143     0.00439453     0.00447998     0.00444336     
0.00438232     0.00458984     0.00461426     0.00457764     
0.00445557     0.00452881     0.00447998     0.00439453     
0.00437012     0.00429688     0.0043335     0.0041626     
0.00400391     0.00412598     0.00406494     0.00390625     
0.00388184     0.00394287     0.00397949     0.00393066     
0.00388184     0.00389404     0.00397949     0.00389404     
0.00389404     0.00391846     0.00386963     0.00385742     
0.00377197     0.00380859     0.00369873     0.00369873     
0.00354004     0.00362549     0.00361328     0.00354004     
0.00354004     0.00358887     0.00355225     0.00354004     
0.00341797     0.00366211     0.00352783     0.00362549     
0.00354004     0.00357666     0.00360107     0.00362549     
0.00352783     0.00362549     0.00362549     0.00360107     
0.00355225     0.00354004     0.00355225     0.003479     
0.00335693     0.00354004     0.00352783     0.00343018     
0.00332031     0.00341797     0.00343018     0.00335693     
0.00336914     0.00341797     0.00343018     0.00336914     
0.00321045     0.00317383     0.00324707     0.00310059     
0.00299072     0.00297852     0.003125     0.00291748     
0.00286865     0.00296631     0.00296631     0.00291748     
0.00294189     0.003125     0.003125     0.00319824     
0.00319824     0.0032959     0.00352783     0.00338135     
0.00345459     0.00367432     0.00378418     0.00374756     
0.00371094     0.00383301     0.00386963     0.00389404     
0.00390625     0.00390625     0.00394287     0.00386963     
0.00377197     0.00377197     0.00366211     0.00362549     
0.0034668     0.00355225     0.00345459     0.00328369     
0.00323486     0.00314941     0.00318604     0.00307617     
0.00297852     0.003125     0.00311279     0.00299072     
0.00302734     0.00310059     0.00311279     0.00299072     
0.00307617     0.00319824     0.00317383     0.00313721     
0.00313721     0.00310059     0.00318604     0.00307617     
0.00292969     0.00306396     0.00303955     0.00297852     
0.00289307     0.00301514     0.00297852     0.00289307     
0.00294189     0.00305176     0.00308838     0.00308838     
0.003125     0.00328369     0.0032959     0.00340576     
0.00332031     0.00352783     0.00369873     0.00357666     
0.00362549     0.0038208     0.00374756     0.00377197     
0.00375977     0.00380859     0.00380859     0.00378418     
0.00367432     0.0036377     0.00378418     0.00352783     
0.00354004     0.0036377     0.00354004     0.00354004     
0.00350342     0.00358887     0.00360107     0.00349121     
0.00345459     0.0034668     0.00354004     0.00340576     
0.00321045     0.00332031     0.00327148     0.00311279     
0.00294189     0.00300293     0.00303955     0.00294189     
0.00273438     0.00290527     0.00288086     0.00288086     
0.00284424     0.00288086     0.00313721     0.00300293     
0.00306396     0.00316162     0.00317383     0.00325928     
0.00311279     0.00336914     0.00330811     0.00319824     
0.00313721     0.00310059     0.00313721     0.00306396     
0.00285645     0.00294189     0.00300293     0.00290527     
0.00279541     0.00292969     0.00296631     0.00290527     
0.00299072     0.00303955     0.00317383     0.0032959     
0.00317383     0.00339355     0.00350342     0.00343018     
0.00341797     0.00362549     0.00367432     0.00360107     
0.00357666     0.00371094     0.00372314     0.00362549     
0.00373535     0.00380859     0.00389404     0.00389404     
0.0038208     0.00396729     0.00402832     0.0039917     
0.00401611     0.00415039     0.00413818     0.00391846     
0.00386963     0.00401611     0.00391846     0.00378418     
0.00366211     0.00372314     0.00367432     0.00367432     
0.00355225     0.00351563     0.00366211     0.00355225     
0.00343018     0.00369873     0.00366211     0.00369873     
0.00360107     0.00371094     0.00374756     0.0036377     
0.0036377     0.00378418     0.00385742     0.00369873     
0.00368652     0.0038208     0.00393066     0.00379639     
0.00377197     0.00400391     0.00406494     0.00411377     
0.00397949     0.00412598     0.00410156     0.00411377     
0.00400391     0.00410156     0.00415039     0.00406494     
0.00397949     0.0039917     0.00410156     0.00401611     
0.00395508     0.00410156     0.0041626     0.00411377     
0.0039917     0.00396729     0.00412598     0.00393066     
0.00383301     0.00384521     0.00377197     0.00369873     
0.00361328     0.00368652     0.00356445     0.00349121     
0.00344238     0.003479     0.00350342     0.00351563     
0.00338135     0.00345459     0.00340576     0.00345459     
0.00332031     0.00341797     0.00339355     0.00324707     
0.00323486     0.00318604     0.00319824     0.00316162     
0.00296631     0.00307617     0.00302734     0.0029541     
0.00289307     0.00280762     0.00283203     0.00273438     
0.00269775     0.002771     0.00286865     0.00281982     
0.00283203     0.00302734     0.00314941     0.00321045     
0.00333252     0.0036377     0.00379639     0.00390625     
0.00391846     0.00418701     0.00427246     0.00419922     
0.00421143     0.00427246     0.00428467     0.0041626     
0.00394287     0.00402832     0.00391846     0.00379639     
0.00361328     0.0036499     0.00367432     0.00357666     
0.00338135     0.00340576     0.00336914     0.00336914     
0.00333252     0.00341797     0.0034668     0.00336914     
0.00335693     0.00336914     0.00351563     0.00333252     
0.00335693     0.00334473     0.00336914     0.00341797     
0.00325928     0.00325928     0.00332031     0.00321045     
0.00307617     0.00319824     0.00316162     0.00296631     
0.00283203     0.00279541     0.00280762     0.00270996     
0.0026123     0.00269775     0.00273438     0.00264893     
0.00258789     0.00280762     0.00288086     0.00284424     
0.00275879     0.00291748     0.00307617     0.00303955     
0.00305176     0.00322266     0.00323486     0.00330811     
0.00321045     0.00335693     0.00340576     0.00335693     
0.00338135     0.00345459     0.00341797     0.00338135     
0.00322266     0.00335693     0.00335693     0.00332031     
0.00313721     0.00311279     0.00325928     0.00306396     
0.00301514     0.00289307     0.00297852     0.00290527     
0.00273438     0.00274658     0.00270996     0.00267334     
0.00275879     0.00273438     0.00288086     0.00289307     
0.00291748     0.003125     0.00318604     0.00310059     
0.00324707     0.00333252     0.00340576     0.00334473     
0.00328369     0.00330811     0.00325928     0.00322266     
0.00306396     0.00317383     0.00321045     0.00310059     
0.00299072     0.00305176     0.00310059     0.00303955     
0.00294189     0.00327148     0.00317383     0.00322266     
0.003125     0.00323486     0.00343018     0.00332031     
0.00316162     0.00341797     0.00336914     0.00332031     
0.00319824     0.00332031     0.00322266     0.00327148     
0.00310059     0.00307617     0.00323486     0.003125     
0.00305176     0.00318604     0.00316162     0.00318604     
0.00310059     0.00325928     0.00343018     0.00338135     
0.00322266     0.00339355     0.00352783     0.00336914     
0.00338135     0.00340576     0.00350342     0.00332031     
0.00327148     0.00339355     0.00343018     0.00335693     
0.00324707     0.00349121     0.00349121     0.003479     
0.00345459     0.00358887     0.00371094     0.00356445     
0.00351563     0.00369873     0.00369873     0.0036499     
0.00344238     0.00360107     0.00350342     0.00336914     
0.00324707     0.00332031     0.00338135     0.00332031     
0.00314941     0.00327148     0.00328369     0.00321045     
0.00319824     0.00340576     0.00343018     0.00327148     
0.00339355     0.00341797     0.00362549     0.00349121     
0.0034668     0.00360107     0.00367432     0.00357666     
0.0034668     0.00345459     0.00340576     0.00327148     
0.00316162     0.00317383     0.003125     0.00294189     
0.002771     0.00280762     0.00283203     0.00274658     
0.00270996     0.0027832     0.00274658     0.00283203     
0.00264893     0.00290527     0.00299072     0.0027832     
0.00292969     0.00305176     0.00307617     0.00299072     
0.00290527     0.00306396     0.00303955     0.0029541     
0.00283203     0.00297852     0.00297852     0.002771     
0.00264893     0.00275879     0.00266113     0.00263672     
0.00250244     0.00257568     0.00252686     0.00256348     
0.00233154     0.00246582     0.00262451     0.00252686     
0.00252686     0.00272217     0.00275879     0.00275879     
0.002771     0.00284424     0.00296631     0.00284424     
0.00291748     0.00301514     0.00310059     0.00300293     
0.00279541     0.00289307     0.00292969     0.00280762     
0.00283203     0.0029541     0.00303955     0.00296631     
0.00292969     0.00310059     0.00314941     0.00319824     
0.00319824     0.0032959     0.00354004     0.00343018     
0.00344238     0.00356445     0.00358887     0.00360107     
0.00335693     0.00355225     0.003479     0.00339355     
0.00327148     0.00338135     0.00334473     0.00322266     
0.00314941     0.00327148     0.00332031     0.00333252     
0.0032959     0.00345459     0.00343018     0.0034668     
0.00354004     0.00356445     0.0036377     0.00356445     
0.00344238     0.0034668     0.003479     0.00327148     
0.00325928     0.00319824     0.00311279     0.00300293     
0.00289307     0.00297852     0.00283203     0.00263672     
0.00267334     0.00266113     0.00263672     0.00250244     
0.00244141     0.00255127     0.00252686     0.00256348     
0.00247803     0.00272217     0.0027832     0.00272217     
0.00285645     0.00300293     0.00313721     0.00319824     
0.00318604     0.00345459     0.00339355     0.00350342     
0.00339355     0.00349121     0.00354004     0.00343018     
0.00333252     0.00344238     0.00338135     0.00330811     
0.00314941     0.00323486     0.00336914     0.00318604     
0.00310059     0.00321045     0.00327148     0.00319824     
0.00318604     0.00324707     0.00318604     0.00324707     
0.00319824     0.00334473     0.00338135     0.0032959     
0.00322266     0.00332031     0.00339355     0.00335693     
0.00332031     0.00341797     0.00351563     0.00338135     
0.00336914     0.00343018     0.0034668     0.0032959     
0.00321045     0.00333252     0.00332031     0.00324707     
0.00316162     0.00308838     0.00318604     0.00311279     
0.00292969     0.00301514     0.00310059     0.00316162     
0.00299072     0.00317383     0.00327148     0.00314941     
0.00327148     0.00345459     0.00350342     0.00354004     
0.00341797     0.00349121     0.00355225     0.00350342     
0.00324707     0.00341797     0.00333252     0.00313721     
0.00308838     0.00306396     0.00301514     0.00292969     
0.00267334     0.00285645     0.00286865     0.0027832     
0.00274658     0.00288086     0.00297852     0.00294189     
0.00297852     0.00322266     0.00334473     0.00322266     
0.00328369     0.00334473     0.00343018     0.00324707     
0.00324707     0.00333252     0.00328369     0.00317383     
0.00302734     0.00323486     0.00305176     0.00289307     
0.00301514     0.00307617     0.00308838     0.003125     
0.00299072     0.00318604     0.00308838     0.00303955     
0.00313721     0.00323486     0.00328369     0.00325928     
0.00319824     0.00341797     0.00335693     0.00338135     
0.00338135     0.00356445     0.0036499     0.00366211     
0.00361328     0.00372314     0.00383301     0.00366211     
0.00368652     0.00386963     0.0038208     0.00375977     
0.00361328     0.00366211     0.00367432     0.00355225     
0.00340576     0.00339355     0.00338135     0.00319824     
0.00294189     0.00289307     0.00292969     0.0026001     
0.00252686     0.00257568     0.00253906     0.00241699     
0.00229492     0.0024292     0.0024292     0.00252686     
0.00252686     0.00258789     0.00273438     0.00270996     
0.002771     0.00281982     0.00285645     0.00283203     
0.00263672     0.00284424     0.00286865     0.00279541     
0.00268555     0.00286865     0.00283203     0.00275879     
0.00275879     0.00286865     0.00294189     0.00286865     
0.00275879     0.0027832     0.0027832     0.00266113     
0.00264893     0.00255127     0.00256348     0.00249023     
0.00231934     0.00231934     0.00235596     0.00228271     
0.00233154     0.00239258     0.0024292     0.00240479     
0.00233154     0.00239258     0.00239258     0.00245361     
0.00246582     0.00258789     0.00267334     0.00267334     
0.00263672     0.00283203     0.00281982     0.00284424     
0.00279541     0.00299072     0.00300293     0.00301514     
0.00297852     0.00313721     0.00318604     0.00307617     
0.00303955     0.00327148     0.00319824     0.00328369     
0.00316162     0.00335693     0.00339355     0.00333252     
0.00328369     0.00341797     0.00344238     0.00345459     
0.00336914     0.00341797     0.00340576     0.00333252     
0.00324707     0.00322266     0.00328369     0.00310059     
0.00306396     0.00306396     0.00299072     0.00297852     
0.00286865     0.00297852     0.00301514     0.00297852     
0.00289307     0.00299072     0.00305176     0.00297852     
0.00305176     0.003125     0.00327148     0.00313721     
0.00306396     0.00325928     0.00328369     0.00318604     
0.00307617     0.00321045     0.003125     0.00302734     
0.00290527     0.00280762     0.00291748     0.00267334     
0.00257568     0.00274658     0.00267334     0.00279541     
0.00251465     0.00268555     0.0027832     0.00273438     
0.00275879     0.0029541     0.0029541     0.00307617     
0.00292969     0.00310059     0.00313721     0.00296631     
0.00291748     0.00297852     0.00297852     0.00286865     
0.00288086     0.00289307     0.00292969     0.00294189     
0.00280762     0.00301514     0.00314941     0.00306396     
0.00313721     0.00322266     0.00328369     0.00314941     
0.00305176     0.00311279     0.00317383     0.00291748     
0.00289307     0.00292969     0.00285645     0.00273438     
0.00263672     0.0027832     0.00270996     0.00268555     
0.00255127     0.002771     0.00272217     0.00264893     
0.00273438     0.00280762     0.0029541     0.00284424     
0.00279541     0.00299072     0.00300293     0.0029541     
0.00285645     0.00300293     0.00305176     0.00299072     
0.00297852     0.00299072     0.00300293     0.00299072     
0.00294189     0.00317383     0.00321045     0.00319824     
0.00317383     0.00327148     0.00316162     0.00308838     
0.00313721     0.003125     0.00306396     0.00302734     
0.00286865     0.00288086     0.00296631     0.00285645     
0.00274658     0.00280762     0.00288086     0.00288086     
0.00274658     0.00280762     0.00286865     0.00275879     
0.00274658     0.00292969     0.00299072     0.00292969     
0.00272217     0.00299072     0.00297852     0.00283203     
0.002771     0.00283203     0.00283203     0.00274658     
0.00258789     0.00272217     0.00268555     0.0026123     
0.00255127     0.00273438     0.002771     0.00281982     
0.00281982     0.00292969     0.00292969     0.00300293     
0.00290527     0.00316162     0.00310059     0.00303955     
0.0029541     0.00302734     0.00306396     0.00290527     
0.00296631     0.002771     0.00291748     0.00283203     
0.00266113     0.00270996     0.00275879     0.0026123     
0.0026123     0.00257568     0.00266113     0.0026123     
0.00251465     0.0026001     0.00269775     0.0026123     
0.00266113     0.00286865     0.00300293     0.00292969     
0.00299072     0.00325928     0.00327148     0.00325928     
0.00332031     0.00345459     0.0034668     0.00340576     
0.00330811     0.00339355     0.00343018     0.00333252     
0.00319824     0.00335693     0.00332031     0.00334473     
0.00327148     0.00339355     0.003479     0.00333252     
0.00334473     0.0034668     0.00349121     0.00336914     
0.00325928     0.00327148     0.00327148     0.00308838     
0.00294189     0.00299072     0.00305176     0.00292969     
0.00286865     0.00300293     0.00308838     0.00299072     
0.00303955     0.0032959     0.00339355     0.00343018     
0.00338135     0.00334473     0.00339355     0.00335693     
0.00319824     0.00321045     0.00333252     0.00306396     
0.00290527     0.00297852     0.00302734     0.00286865     
0.00269775     0.00288086     0.00291748     0.00291748     
0.00281982     0.00281982     0.00302734     0.0029541     
0.00290527     0.00300293     0.00310059     0.00310059     
0.00286865     0.00308838     0.00302734     0.00283203     
0.00279541     0.00283203     0.00281982     0.00267334     
0.00251465     0.00257568     0.00256348     0.00247803     
0.00238037     0.00251465     0.00250244     0.00246582     
0.00244141     0.00245361     0.00252686     0.00247803     
0.0024292     0.00257568     0.00266113     0.00249023     
0.00247803     0.00262451     0.00266113     0.0026123     
0.00253906     0.00275879     0.00280762     0.00280762     
0.00292969     0.00301514     0.00317383     0.00311279     
0.00317383     0.0032959     0.0032959     0.00333252     
0.00313721     0.00328369     0.0032959     0.003125     
0.00308838     0.00319824     0.00323486     0.00318604     
0.00311279     0.00327148     0.00321045     0.00322266     
0.00306396     0.00339355     0.0034668     0.00341797     
0.00332031     0.00358887     0.00362549     0.00354004     
0.00358887     0.00383301     0.00384521     0.00383301     
0.00373535     0.00383301     0.00386963     0.00374756     
0.00367432     0.00379639     0.00375977     0.00372314     
0.00357666     0.0036377     0.00367432     0.00355225     
0.00351563     0.00352783     0.00356445     0.00354004     
0.00335693     0.00330811     0.00336914     0.003125     
0.00292969     0.00301514     0.00303955     0.0027832     
0.0026001     0.00251465     0.00244141     0.00241699     
0.00230713     0.00236816     0.00245361     0.00238037     
0.00240479     0.00263672     0.00268555     0.00281982     
0.002771     0.00310059     0.00317383     0.00328369     
0.0032959     0.00335693     0.00339355     0.00335693     
0.00321045     0.0032959     0.00318604     0.0029541     
0.00279541     0.00269775     0.0026001     0.00230713     
0.0022583     0.0022583     0.00218506     0.00200195     
0.00192871     0.00201416     0.00198975     0.00197754     
0.00201416     0.0020752     0.00211182     0.00218506     
0.00213623     0.00227051     0.00241699     0.00222168     
0.00228271     0.00244141     0.00255127     0.00244141     
0.00227051     0.00233154     0.00231934     0.00236816     
0.00211182     0.00234375     0.00236816     0.00229492     
0.00233154     0.00240479     0.00249023     0.00246582     
0.00252686     0.00275879     0.00283203     0.00291748     
0.00284424     0.00302734     0.00306396     0.00296631     
0.00300293     0.00302734     0.00299072     0.00288086     
0.00272217     0.00274658     0.00274658     0.00262451     
0.0026001     0.00257568     0.00270996     0.00266113     
0.00257568     0.00274658     0.00280762     0.002771     
0.00275879     0.00286865     0.00286865     0.00289307     
0.00286865     0.00283203     0.00280762     0.00270996     
0.00249023     0.00256348     0.00255127     0.00234375     
0.00218506     0.00224609     0.00231934     0.00213623     
0.00213623     0.00223389     0.00229492     0.00233154     
0.0022583     0.00241699     0.0026123     0.00241699     
0.00246582     0.00255127     0.0026123     0.00269775     
0.00244141     0.0026001     0.00256348     0.00258789     
0.00258789     0.00266113     0.00283203     0.00284424     
0.00283203     0.00296631     0.00305176     0.00305176     
0.00303955     0.00317383     0.00328369     0.00307617     
0.00299072     0.00300293     0.00296631     0.00279541     
0.00267334     0.0026001     0.00258789     0.00238037     
0.00227051     0.00227051     0.0022583     0.00212402     
0.00200195     0.00203857     0.00217285     0.00216064     
0.0020874     0.00220947     0.00235596     0.00228271     
0.00224609     0.00240479     0.00241699     0.00246582     
0.00236816     0.00249023     0.00246582     0.00235596     
0.00241699     0.00244141     0.00252686     0.00247803     
0.00234375     0.00253906     0.00251465     0.0026001     
0.00255127     0.00256348     0.00283203     0.00264893     
0.00256348     0.00269775     0.00273438     0.00270996     
0.00266113     0.00280762     0.00274658     0.00266113     
0.00247803     0.00249023     0.00264893     0.00246582     
0.00235596     0.00240479     0.00239258     0.00239258     
0.00227051     0.0024292     0.00250244     0.00239258     
0.00230713     0.00250244     0.00263672     0.00252686     
0.00258789     0.00263672     0.00275879     0.00262451     
0.00268555     0.00275879     0.00269775     0.00264893     
0.00250244     0.00257568     0.00256348     0.00236816     
0.00230713     0.0022583     0.00228271     0.0020874     
0.00194092     0.00195313     0.00187988     0.00195313     
0.00178223     0.00195313     0.0019043     0.00185547     
0.00184326     0.00183105     0.00197754     0.00183105     
0.00177002     0.00195313     0.00203857     0.00196533     
0.00196533     0.00203857     0.00214844     0.0020874     
0.00216064     0.00230713     0.00239258     0.00245361     
0.00245361     0.00266113     0.002771     0.00272217     
0.00268555     0.0027832     0.002771     0.00263672     
0.00266113     0.00266113     0.00257568     0.00250244     
0.00239258     0.00234375     0.00245361     0.00235596     
0.00223389     0.00239258     0.00244141     0.00238037     
0.00239258     0.00266113     0.00275879     0.00273438     
0.00279541     0.00296631     0.00317383     0.00317383     
0.00325928     0.00345459     0.00350342     0.00352783     
0.00349121     0.00354004     0.00355225     0.00343018     
0.00322266     0.00324707     0.003125     0.00290527     
0.00272217     0.00270996     0.00255127     0.00247803     
0.0022583     0.0022583     0.00233154     0.00220947     
0.0020752     0.00212402     0.0020752     0.00194092     
0.00189209     0.00198975     0.00196533     0.00178223     
0.00164795     0.0017334     0.00177002     0.00164795     
0.0015625     0.00167236     0.00167236     0.00159912     
0.00158691     0.00158691     0.00168457     0.00169678     
0.00152588     0.0017334     0.00195313     0.0019043     
0.00184326     0.00198975     0.00213623     0.00217285     
0.00222168     0.00238037     0.00245361     0.00256348     
0.00247803     0.00272217     0.00269775     0.00266113     
0.00275879     0.00296631     0.00291748     0.00289307     
0.00290527     0.00302734     0.00292969     0.00296631     
0.00285645     0.00285645     0.00290527     0.00269775     
0.0026001     0.00274658     0.00279541     0.00264893     
0.00253906     0.0027832     0.00281982     0.00281982     
0.0027832     0.00290527     0.00303955     0.00300293     
0.00301514     0.00305176     0.00323486     0.00306396     
0.00306396     0.00319824     0.003125     0.00299072     
0.00292969     0.00305176     0.00307617     0.0029541     
0.00279541     0.00292969     0.00288086     0.00269775     
0.00270996     0.00280762     0.00283203     0.00272217     
0.00253906     0.002771     0.00274658     0.00270996     
0.00268555     0.00281982     0.00291748     0.00291748     
0.00281982     0.00300293     0.00305176     0.00303955     
0.00300293     0.00317383     0.00321045     0.00313721     
0.00310059     0.00307617     0.00319824     0.00303955     
0.00289307     0.00299072     0.00291748     0.00273438     
0.00262451     0.0026123     0.0026123     0.00258789     
0.00247803     0.00255127     0.00264893     0.00263672     
0.00255127     0.00263672     0.00272217     0.0026001     
0.0026001     0.00269775     0.00280762     0.00280762     
0.00270996     0.00285645     0.00286865     0.00280762     
0.002771     0.00280762     0.00294189     0.00286865     
0.00279541     0.00291748     0.00289307     0.00289307     
0.00270996     0.00290527     0.0029541     0.00292969     
0.00284424     0.0029541     0.0029541     0.00302734     
0.00294189     0.00303955     0.00311279     0.00311279     
0.00300293     0.00314941     0.00318604     0.0029541     
0.00306396     0.00305176     0.00302734     0.00294189     
0.00283203     0.00279541     0.00281982     0.00263672     
0.00251465     0.0026001     0.00251465     0.00241699     
0.00220947     0.00217285     0.00230713     0.00213623     
0.00218506     0.00223389     0.00229492     0.00234375     
0.00233154     0.00255127     0.00258789     0.00274658     
0.00267334     0.00301514     0.00300293     0.00311279     
0.00324707     0.00325928     0.00335693     0.00330811     
0.00325928     0.00335693     0.00330811     0.00332031     
0.003125     0.00322266     0.00318604     0.00307617     
0.00301514     0.00318604     0.003125     0.00308838     
0.00300293     0.00305176     0.00299072     0.00292969     
0.0027832     0.00284424     0.00289307     0.00268555     
0.00262451     0.00272217     0.00263672     0.0026001     
0.00256348     0.00279541     0.00283203     0.00292969     
0.00285645     0.00299072     0.00311279     0.00306396     
0.00310059     0.00321045     0.00322266     0.00310059     
0.00299072     0.00305176     0.00306396     0.00296631     
0.00274658     0.00285645     0.00281982     0.0027832     
0.00266113     0.00255127     0.00268555     0.00258789     
0.00250244     0.00257568     0.00263672     0.00263672     
0.00250244     0.00257568     0.00256348     0.00245361     
0.00241699     0.00253906     0.00247803     0.00246582     
0.00244141     0.00247803     0.0026001     0.00255127     
0.00249023     0.0026001     0.00266113     0.00256348     
0.0026123     0.00263672     0.00270996     0.00266113     
0.0026123     0.00274658     0.00290527     0.00284424     
0.002771     0.00296631     0.00313721     0.00301514     
0.00300293     0.00324707     0.00335693     0.00311279     
0.00310059     0.00322266     0.00314941     0.00302734     
0.00291748     0.00301514     0.00302734     0.00299072     
0.00273438     0.00301514     0.00311279     0.00286865     
0.00294189     0.00306396     0.00317383     0.00303955     
0.00291748     0.00307617     0.00302734     0.003125     
0.00289307     0.00308838     0.00310059     0.00296631     
0.00284424     0.00297852     0.00300293     0.00294189     
0.00296631     0.00307617     0.00305176     0.00311279     
0.003125     0.00321045     0.0032959     0.00325928     
0.00330811     0.00340576     0.00349121     0.00350342     
0.00343018     0.00360107     0.0036377     0.00355225     
0.00358887     0.00362549     0.00374756     0.00367432     
0.00361328     0.00358887     0.00360107     0.00341797     
0.00332031     0.00333252     0.00325928     0.00306396     
0.00288086     0.00289307     0.00275879     0.00267334     
0.00253906     0.00257568     0.00262451     0.00250244     
0.00250244     0.00267334     0.00267334     0.002771     
0.00275879     0.00299072     0.00306396     0.00308838     
0.00310059     0.00324707     0.00332031     0.0032959     
0.003125     0.00325928     0.00321045     0.00308838     
0.00300293     0.00306396     0.00283203     0.00266113     
0.00256348     0.00246582     0.00249023     0.00230713     
0.00211182     0.00219727     0.00220947     0.00211182     
0.00206299     0.00220947     0.00230713     0.00228271     
0.00218506     0.00238037     0.00258789     0.00238037     
0.00244141     0.00263672     0.00256348     0.00250244     
0.00244141     0.00244141     0.00236816     0.00230713     
0.00216064     0.00229492     0.00218506     0.00212402     
0.00211182     0.00211182     0.00214844     0.0020874     
0.00200195     0.00220947     0.00218506     0.00219727     
0.0020752     0.00217285     0.00220947     0.00206299     
0.00197754     0.00219727     0.00216064     0.0020874     
0.00192871     0.00212402     0.00209961     0.00205078     
0.00200195     0.00209961     0.00229492     0.00224609     
0.00218506     0.00238037     0.0024292     0.00240479     
0.00244141     0.00249023     0.0026123     0.00263672     
0.00255127     0.00258789     0.00263672     0.00263672     
0.00250244     0.00253906     0.00269775     0.00244141     
0.00239258     0.00245361     0.00239258     0.00238037     
0.00236816     0.00249023     0.00250244     0.00249023     
0.00247803     0.00253906     0.00266113     0.00256348     
0.00251465     0.00269775     0.00263672     0.00262451     
0.00240479     0.00250244     0.00244141     0.00234375     
0.00217285     0.00231934     0.00227051     0.00224609     
0.00218506     0.00231934     0.00239258     0.00238037     
0.00244141     0.00257568     0.00269775     0.00281982     
0.00285645     0.00292969     0.00305176     0.00305176     
0.00302734     0.00325928     0.00321045     0.003125     
0.00299072     0.00306396     0.00292969     0.002771     
0.00257568     0.00264893     0.0026123     0.00241699     
0.00222168     0.00218506     0.00211182     0.00198975     
0.00197754     0.0020752     0.00209961     0.00206299     
0.0019043     0.00213623     0.00219727     0.00206299     
0.00214844     0.00228271     0.00227051     0.00233154     
0.00217285     0.00236816     0.00239258     0.00247803     
0.00218506     0.00238037     0.0024292     0.00240479     
0.00227051     0.00240479     0.00236816     0.00230713     
0.0022583     0.00234375     0.0024292     0.00234375     
0.00233154     0.00230713     0.00234375     0.00219727     
0.00218506     0.00229492     0.00218506     0.00214844     
0.00202637     0.00203857     0.00203857     0.00202637     
0.00186768     0.00205078     0.00216064     0.00212402     
0.00209961     0.00228271     0.00244141     0.00234375     
0.00239258     0.00267334     0.0027832     0.00288086     

