Source : transient; Time : Wed Jun 14 07:06:31 2017
B0 = 3228.000000 Gauss, mw = 9.686281 GHz
 NDI-T2 sa261 20/2 42/25 523nm/1mJ
1 5000 -1.001e-06 8.997e-06 0 0
s                        V                                                 
0.000341797     0.000390625     0.000268555     0.000109863     
-2.44141e-05     3.66211e-05     0.000170898     3.66211e-05     
0     0.000280762     0.000415039     0.000244141     
0.000317383     0.000488281     0.00065918     0.000488281     
0.00045166     0.000610352     0.000708008     0.000390625     
0.000317383     0.000390625     0.000427246     0.000170898     
9.76563e-05     0.000244141     0.000256348     1.2207e-05     
-3.66211e-05     0.000183105     0.000146484     6.10352e-05     
4.88281e-05     0.000244141     0.000292969     0.00020752     
0.000183105     0.00032959     0.00032959     0.000231934     
0.00020752     0.000256348     0.000170898     3.66211e-05     
-0.000158691     -0.000158691     -0.000183105     -0.000427246     
-0.000537109     -0.000488281     -0.000402832     -0.000708008     
-0.000646973     -0.000500488     -0.000439453     -0.000744629     
-0.000549316     -0.000427246     -0.000415039     -0.000354004     
-0.000439453     -0.000268555     -0.000195313     -0.000439453     
-0.000427246     -0.000317383     -0.000256348     -0.000500488     
-0.000427246     -0.000366211     -0.000280762     -0.00045166     
-0.000463867     -0.00020752     -0.000244141     -0.000378418     
-0.000244141     -0.000183105     -7.32422e-05     -0.00020752     
-0.000268555     -1.2207e-05     -1.2207e-05     -0.000134277     
-0.000195313     -9.76563e-05     -2.44141e-05     -0.00012207     
-0.000146484     4.88281e-05     0.000158691     0     
-0.000134277     4.88281e-05     4.88281e-05     -0.000146484     
-0.000146484     -6.10352e-05     -0.000134277     -0.000292969     
-0.00032959     -0.000219727     -0.000170898     -0.000378418     
-0.000341797     -2.44141e-05     -8.54492e-05     -0.000219727     
-0.000268555     3.66211e-05     8.54492e-05     -2.44141e-05     
-1.2207e-05     0.00020752     0.000317383     6.10352e-05     
6.10352e-05     0.00020752     0.000231934     -7.32422e-05     
-7.32422e-05     0     -4.88281e-05     -0.00020752     
-0.000317383     -0.000219727     -0.000146484     -0.000463867     
-0.000402832     -0.00020752     -0.000146484     -0.000231934     
-0.000390625     -9.76563e-05     -6.10352e-05     -0.000292969     
-0.000268555     -0.000195313     -0.000244141     -0.00032959     
-0.000415039     -0.000354004     -0.000341797     -0.000415039     
-0.000427246     -0.000280762     -0.000146484     -6.10352e-05     
-0.000146484     7.32422e-05     0.000354004     0.000158691     
0.000305176     0.000439453     0.00045166     0.000292969     
0.000195313     0.000305176     0.000183105     8.54492e-05     
-4.88281e-05     -8.54492e-05     -6.10352e-05     -0.000378418     
-0.00045166     -0.000439453     -0.000354004     -0.00057373     
-0.000610352     -0.000488281     -0.000512695     -0.000610352     
-0.000646973     -0.000537109     -0.000488281     -0.000634766     
-0.000500488     -0.000463867     -0.000402832     -0.000305176     
-0.000402832     -0.000231934     -6.10352e-05     -4.88281e-05     
-6.10352e-05     0.000219727     0.000268555     0.000354004     
0.000390625     0.000671387     0.000671387     0.00065918     
0.000646973     0.000842285     0.000927734     0.000683594     
0.00065918     0.000708008     0.000671387     0.000500488     
0.000512695     0.00045166     0.000476074     0.00032959     
0.000317383     0.000402832     0.000463867     0.000378418     
0.000378418     0.000634766     0.000512695     0.000341797     
0.000366211     0.000378418     0.000427246     0.000183105     
3.66211e-05     6.10352e-05     6.10352e-05     -0.000305176     
-0.000341797     -0.000219727     -0.000317383     -0.000415039     
-0.000610352     -0.000439453     -0.000390625     -0.00057373     
-0.000427246     -0.000280762     -0.00020752     -0.000195313     
-0.000109863     3.66211e-05     0.000158691     0.000158691     
0.000158691     0.000463867     0.000439453     0.000280762     
0.000402832     0.000524902     0.000500488     0.000415039     
0.000439453     0.00057373     0.000585938     0.000305176     
0.000292969     0.000378418     0.000390625     0.000170898     
3.66211e-05     6.10352e-05     9.76563e-05     -9.76563e-05     
-9.76563e-05     -4.88281e-05     -1.2207e-05     -3.66211e-05     
-0.000146484     -6.10352e-05     0.00012207     2.44141e-05     
6.10352e-05     0.000219727     0.000415039     0.000231934     
0.000366211     0.000341797     0.000512695     0.000476074     
0.000366211     0.000537109     0.000512695     0.000354004     
0.00032959     0.000341797     0.000280762     0.000183105     
1.2207e-05     8.54492e-05     1.2207e-05     -0.000183105     
-0.000317383     -0.000219727     -0.000170898     -0.000378418     
-0.000415039     -0.000268555     -0.000341797     -0.000317383     
-0.000341797     -4.88281e-05     6.10352e-05     -3.66211e-05     
9.76563e-05     0.000292969     0.000427246     0.000415039     
0.000524902     0.000561523     0.000671387     0.000561523     
0.000488281     0.000585938     0.000585938     0.000561523     
0.000317383     0.000415039     0.000354004     6.10352e-05     
0.000134277     0.000219727     6.10352e-05     -8.54492e-05     
-0.000109863     -3.66211e-05     -3.66211e-05     -0.000170898     
-8.54492e-05     -2.44141e-05     7.32422e-05     -3.66211e-05     
0     0.000170898     0.000268555     0.00012207     
0.000183105     0.000378418     0.000341797     0.000292969     
0.00020752     0.000354004     0.000415039     0.000219727     
0.000292969     0.00045166     0.000463867     0.000366211     
0.000292969     0.00045166     0.000439453     0.000341797     
0.000146484     0.000341797     0.00020752     1.2207e-05     
-3.66211e-05     -4.88281e-05     0     -0.000219727     
-0.000231934     -0.000109863     -2.44141e-05     -0.000305176     
-0.000231934     -0.000134277     -9.76563e-05     -0.000134277     
-0.000231934     -0.00012207     -2.44141e-05     -0.00032959     
-0.000280762     -0.000170898     -0.000109863     -0.000268555     
-0.000317383     -0.000219727     -2.44141e-05     -0.000280762     
-0.000366211     -2.44141e-05     2.44141e-05     -0.000170898     
-0.000183105     -1.2207e-05     0     -7.32422e-05     
-0.000170898     -9.76563e-05     -0.000146484     -0.000244141     
-0.00020752     -0.000231934     -8.54492e-05     -0.000305176     
-0.000305176     -0.000146484     -0.000134277     -0.000244141     
-0.000317383     -0.000158691     -9.76563e-05     -0.000256348     
-0.00020752     -0.000183105     -7.32422e-05     -0.000317383     
-0.000256348     -0.000195313     -0.000134277     -0.000366211     
-0.000341797     -0.000280762     -0.000231934     -0.000500488     
-0.00057373     -0.000305176     -0.000512695     -0.000500488     
-0.000439453     -0.000439453     -0.000268555     -0.000378418     
-0.000390625     -0.000170898     -6.10352e-05     -0.000195313     
-0.000134277     -6.10352e-05     -1.2207e-05     -6.10352e-05     
0     6.10352e-05     0.000158691     7.32422e-05     
-1.2207e-05     0.000317383     0.000256348     0.000146484     
0.00020752     0.000439453     0.000390625     0.000354004     
0.000317383     0.00045166     0.000500488     0.000317383     
0.000354004     0.000378418     0.00032959     0.000280762     
0.000146484     0.000183105     0.000231934     -1.2207e-05     
-3.66211e-05     1.2207e-05     0.000134277     -9.76563e-05     
-0.000146484     6.10352e-05     0.00012207     -4.88281e-05     
2.44141e-05     0.00020752     0.000134277     0.000158691     
0.000170898     0.000317383     0.000378418     0.000219727     
0.000146484     0.000354004     0.000341797     0.000195313     
9.76563e-05     0.00020752     0.000183105     6.10352e-05     
-0.000146484     1.2207e-05     6.10352e-05     -0.000158691     
-0.000183105     -0.000158691     -0.000134277     -0.000195313     
-0.000317383     -0.00012207     -0.000109863     -0.000195313     
-0.000134277     -2.44141e-05     8.54492e-05     0     
9.76563e-05     0.000195313     0.000158691     0     
-9.76563e-05     6.10352e-05     -3.66211e-05     -0.000195313     
-0.000317383     -0.00032959     -0.000292969     -0.000476074     
-0.000439453     -0.000292969     -0.000317383     -0.000537109     
-0.000305176     -9.76563e-05     0     -9.76563e-05     
-3.66211e-05     0.000219727     0.00020752     6.10352e-05     
8.54492e-05     0.000158691     0.000195313     -3.66211e-05     
-9.76563e-05     -1.2207e-05     0     -0.00012207     
-0.000170898     3.66211e-05     -1.2207e-05     -0.000134277     
-0.000134277     7.32422e-05     0.000268555     -2.44141e-05     
-2.44141e-05     0.00032959     0.000305176     9.76563e-05     
0.000109863     0.000439453     0.000585938     0.000390625     
0.000366211     0.000634766     0.000793457     0.000708008     
0.00065918     0.000842285     0.000866699     0.00078125     
0.000671387     0.000744629     0.000695801     0.000463867     
0.000402832     0.00020752     0.000292969     -2.44141e-05     
-0.000244141     -0.000317383     -0.000402832     -0.000732422     
-0.00090332     -0.0010498     -0.00133057     -0.00162354     
-0.00205078     -0.00230713     -0.00269775     -0.00333252     
-0.0038208     -0.0041626     -0.00458984     -0.0053833     
-0.005896     -0.00626221     -0.00661621     -0.00717773     
-0.00765381     -0.00802002     -0.00827637     -0.00881348     
-0.00917969     -0.0095459     -0.0098877     -0.0103516     
-0.0109009     -0.0111816     -0.0115723     -0.0123169     
-0.0127441     -0.0131348     -0.0136963     -0.0142456     
-0.0148193     -0.0152344     -0.0157593     -0.0163208     
-0.0168457     -0.0172241     -0.0177002     -0.0182739     
-0.018811     -0.0191162     -0.0193604     -0.0199951     
-0.0202759     -0.0206055     -0.0209106     -0.0214722     
-0.0217773     -0.0221069     -0.0224243     -0.0229492     
-0.0234863     -0.0237427     -0.0241699     -0.024707     
-0.0252075     -0.0255859     -0.0258789     -0.0264038     
-0.0268066     -0.0271362     -0.0273926     -0.0279541     
-0.0282349     -0.0283691     -0.0287109     -0.0290649     
-0.0292969     -0.0294678     -0.0295654     -0.030127     
-0.0304199     -0.0303589     -0.0307861     -0.0310791     
-0.0314697     -0.0316528     -0.0320313     -0.0324707     
-0.0328735     -0.0331177     -0.0335083     -0.0339844     
-0.0343994     -0.0345703     -0.0349487     -0.0354614     
-0.035791     -0.036084     -0.0362549     -0.0367065     
-0.0369873     -0.0372559     -0.037439     -0.0378296     
-0.0378784     -0.0380249     -0.0380737     -0.0384033     
-0.0384277     -0.0384155     -0.0384766     -0.0386719     
-0.0388184     -0.0387695     -0.0388672     -0.0392822     
-0.0394287     -0.0394775     -0.0396484     -0.0401001     
-0.0403564     -0.0404663     -0.040686     -0.04104     
-0.0412598     -0.0413818     -0.0416016     -0.0418335     
-0.0419067     -0.0421509     -0.0421265     -0.042334     
-0.0424927     -0.0423584     -0.0425171     -0.0427856     
-0.0429077     -0.0428223     -0.0429077     -0.0431885     
-0.0432739     -0.0432373     -0.0434326     -0.0436768     
-0.0439087     -0.0438843     -0.0439819     -0.0442261     
-0.044397     -0.0443604     -0.0442871     -0.0445557     
-0.0445435     -0.0443848     -0.0443481     -0.0445435     
-0.044519     -0.0444946     -0.0444214     -0.0447266     
-0.0448608     -0.044751     -0.0448364     -0.0449585     
-0.0450073     -0.0448975     -0.0448853     -0.0450562     
-0.045105     -0.0449341     -0.0447754     -0.0449219     
-0.044812     -0.0445801     -0.044458     -0.0444946     
-0.0445068     -0.0442871     -0.0441772     -0.0442871     
-0.0442627     -0.0440552     -0.044043     -0.0442017     
-0.0441895     -0.0440308     -0.0439331     -0.0441162     
-0.0440674     -0.0438232     -0.0438721     -0.0440552     
-0.044104     -0.0437866     -0.0437866     -0.043811     
-0.0438477     -0.0437134     -0.0437012     -0.0438354     
-0.0438477     -0.0436279     -0.0434937     -0.0436768     
-0.0434692     -0.0433716     -0.0431641     -0.0432129     
-0.0430908     -0.0428711     -0.042749     -0.0426514     
-0.0425903     -0.042334     -0.0422241     -0.0423218     
-0.0422241     -0.0420532     -0.0419434     -0.0420654     
-0.0418213     -0.0417725     -0.0415771     -0.041626     
-0.0416016     -0.0413208     -0.0412109     -0.0411987     
-0.0410522     -0.0407837     -0.0406372     -0.0406494     
-0.0405762     -0.0402466     -0.0401978     -0.0401611     
-0.0400635     -0.0398438     -0.0395996     -0.0396118     
-0.039502     -0.0392822     -0.0390625     -0.0390991     
-0.0390137     -0.0386108     -0.0385376     -0.0384033     
-0.0383423     -0.0380859     -0.0377563     -0.0378662     
-0.0376221     -0.0373779     -0.0371704     -0.0373047     
-0.0372314     -0.0369507     -0.0367554     -0.0367432     
-0.0366699     -0.0363525     -0.0362915     -0.0363647     
-0.0360962     -0.0359497     -0.0356934     -0.0357056     
-0.0355591     -0.0352905     -0.0351074     -0.0351196     
-0.0350342     -0.034668     -0.0345215     -0.0345093     
-0.0343262     -0.0339966     -0.0337402     -0.0338257     
-0.0336182     -0.0332886     -0.033252     -0.0332275     
-0.0331421     -0.0329224     -0.0328613     -0.0328613     
-0.0327759     -0.032605     -0.0324585     -0.0325439     
-0.0322876     -0.0320801     -0.0319946     -0.0319214     
-0.0317505     -0.0315063     -0.0314087     -0.0313477     
-0.0312866     -0.0310791     -0.0309082     -0.0309814     
-0.0309448     -0.0307129     -0.0304565     -0.0305176     
-0.0303833     -0.0300537     -0.0299194     -0.0297241     
-0.0296509     -0.0293213     -0.0290649     -0.0290039     
-0.0288208     -0.0285156     -0.0283081     -0.0283691     
-0.0281494     -0.0280518     -0.0278687     -0.0277832     
-0.027771     -0.0274902     -0.0273193     -0.0273926     
-0.0272217     -0.0270264     -0.0268066     -0.0268188     
-0.0266724     -0.0264038     -0.0262573     -0.0262817     
-0.0261841     -0.0259644     -0.0258667     -0.0258667     
-0.0258545     -0.0255981     -0.0255615     -0.0255859     
-0.0255737     -0.0252686     -0.0251831     -0.0252319     
-0.0250366     -0.0247192     -0.0246094     -0.0247681     
-0.0244263     -0.0242676     -0.0240356     -0.0242065     
-0.0239868     -0.0238037     -0.0237305     -0.0238037     
-0.0238159     -0.0236328     -0.023584     -0.0237183     
-0.0237183     -0.0237549     -0.0236084     -0.0237793     
-0.0237305     -0.0237427     -0.0234619     -0.0236694     
-0.0236084     -0.0232666     -0.0231567     -0.0232056     
-0.0230225     -0.0228027     -0.0226318     -0.0228149     
-0.0227905     -0.022522     -0.022522     -0.0226685     
-0.0226074     -0.0225098     -0.0224731     -0.022583     
-0.0225098     -0.0224243     -0.0223267     -0.0223877     
-0.0224731     -0.022168     -0.0221924     -0.0223022     
-0.0222534     -0.0219971     -0.0219482     -0.0219971     
-0.0219482     -0.021875     -0.0216064     -0.0217651     
-0.0217041     -0.0216309     -0.0214355     -0.0216309     
-0.021582     -0.021521     -0.0216064     -0.0217041     
-0.0218628     -0.0217896     -0.0216919     -0.0219971     
-0.021936     -0.0218628     -0.021814     -0.021875     
-0.0218384     -0.0217163     -0.0216309     -0.0217041     
-0.0216919     -0.0215088     -0.0213745     -0.0214355     
-0.0212769     -0.0211182     -0.0210205     -0.0210083     
-0.0209839     -0.0207886     -0.0207031     -0.0207275     
-0.0207031     -0.0204956     -0.0204346     -0.0204712     
-0.0204224     -0.0202393     -0.0202393     -0.0203247     
-0.0203979     -0.0203003     -0.0203247     -0.020459     
-0.0205444     -0.020459     -0.0205566     -0.0208618     
-0.020874     -0.0209106     -0.0209229     -0.0211426     
-0.0211914     -0.0210571     -0.021106     -0.0212036     
-0.0211914     -0.0209106     -0.0208984     -0.0209473     
-0.0209351     -0.0208008     -0.0205811     -0.0206665     
-0.0206299     -0.0204834     -0.0203857     -0.0206177     
-0.0206055     -0.0204468     -0.0206177     -0.020813     
-0.020813     -0.0207886     -0.0208008     -0.0211426     
-0.0212646     -0.0212402     -0.0212524     -0.0215332     
-0.0216064     -0.0214355     -0.0215332     -0.0217041     
-0.0217041     -0.0216187     -0.0216675     -0.0218384     
-0.0218872     -0.021814     -0.021875     -0.0219971     
-0.0222534     -0.022168     -0.0222168     -0.0223877     
-0.0225586     -0.0225342     -0.0224487     -0.0227051     
-0.0227661     -0.0226685     -0.0225708     -0.0228638     
-0.0227661     -0.0224487     -0.022644     -0.0225586     
-0.0225342     -0.0223755     -0.02229     -0.0223999     
-0.0223755     -0.0222412     -0.0221558     -0.02229     
-0.0222534     -0.0221802     -0.0220337     -0.0221191     
-0.022168     -0.0219238     -0.0218628     -0.0220093     
-0.0219116     -0.0216919     -0.0216675     -0.021814     
-0.021814     -0.021582     -0.0215942     -0.0217041     
-0.0216797     -0.0216919     -0.021521     -0.0216431     
-0.0216675     -0.0215454     -0.0214722     -0.0215576     
-0.0216675     -0.0214966     -0.0215942     -0.0217285     
-0.0218018     -0.0217651     -0.0217529     -0.0220459     
-0.0221191     -0.0221924     -0.022229     -0.022583     
-0.0225586     -0.022583     -0.022644     -0.0228394     
-0.0229614     -0.0228394     -0.0228516     -0.0230225     
-0.0229492     -0.0228027     -0.0227295     -0.0228271     
-0.0228271     -0.0228027     -0.0225586     -0.0228027     
-0.0228394     -0.0225586     -0.0226196     -0.0227051     
-0.0226685     -0.0226074     -0.0224976     -0.022644     
-0.022583     -0.0223999     -0.0224487     -0.0224854     
-0.0224854     -0.0223755     -0.0223389     -0.0225342     
-0.0225586     -0.0223145     -0.0223267     -0.0224243     
-0.0223877     -0.0222046     -0.0222534     -0.0223633     
-0.0224243     -0.0223022     -0.0221802     -0.0223877     
-0.0223633     -0.0223633     -0.0222656     -0.0224854     
-0.0224731     -0.0224243     -0.0223389     -0.0224854     
-0.0225342     -0.0223145     -0.0223633     -0.0223389     
-0.0223999     -0.0222412     -0.022229     -0.0223755     
-0.0224487     -0.0223022     -0.0222412     -0.0224487     
-0.0225342     -0.0224487     -0.0223389     -0.0225098     
-0.0226196     -0.0224487     -0.0224487     -0.0225708     
-0.0224365     -0.0222778     -0.0222168     -0.0221924     
-0.0221924     -0.0218506     -0.0218994     -0.0219482     
-0.021875     -0.0217407     -0.0216675     -0.0216675     
-0.0216919     -0.0215088     -0.0214844     -0.0214111     
-0.0214722     -0.0212524     -0.0213135     -0.0213013     
-0.0214111     -0.0212402     -0.0211182     -0.021228     
-0.0212402     -0.0210938     -0.0210083     -0.021106     
-0.0210938     -0.0208984     -0.0208862     -0.0209106     
-0.0209106     -0.0205444     -0.0205933     -0.0206665     
-0.02052     -0.0204468     -0.0204224     -0.0205322     
-0.0204712     -0.0203979     -0.0202881     -0.0205688     
-0.0204834     -0.0203247     -0.0203247     -0.0204224     
-0.0204468     -0.0202637     -0.0201294     -0.0203125     
-0.0203735     -0.0201782     -0.0200806     -0.0201904     
-0.020166     -0.0199463     -0.0199463     -0.0200684     
-0.0200928     -0.0198853     -0.019873     -0.0199951     
-0.0199707     -0.0197144     -0.0197266     -0.0196899     
-0.0196655     -0.0193726     -0.0192871     -0.0192993     
-0.0192139     -0.0189453     -0.0187134     -0.0187988     
-0.0185669     -0.0185059     -0.0183594     -0.0183716     
-0.0183105     -0.0182007     -0.0182007     -0.0182251     
-0.0182495     -0.0181396     -0.0180664     -0.0181763     
-0.0181763     -0.0179321     -0.0178589     -0.017981     
-0.0178223     -0.0176147     -0.0175781     -0.017627     
-0.0175537     -0.0172607     -0.0172485     -0.0173584     
-0.0171631     -0.0171021     -0.0171387     -0.0171753     
-0.0171631     -0.0170898     -0.0171265     -0.0172363     
-0.0172974     -0.0171753     -0.0170654     -0.0172363     
-0.0172241     -0.0169312     -0.0168091     -0.0167847     
-0.0167847     -0.016394     -0.0162964     -0.016394     
-0.0161743     -0.0160522     -0.0158936     -0.0160278     
-0.0160034     -0.0159546     -0.0158936     -0.0161011     
-0.0161987     -0.0161377     -0.0161743     -0.0163208     
-0.0164673     -0.0162476     -0.016394     -0.0165405     
-0.0164551     -0.0163452     -0.0162476     -0.016333     
-0.0162354     -0.0161255     -0.0159668     -0.0160645     
-0.0159302     -0.0157593     -0.0156006     -0.0156738     
-0.0156128     -0.0153931     -0.0152832     -0.0154053     
-0.0153687     -0.0150757     -0.0150635     -0.0150879     
-0.0151123     -0.0150146     -0.0148926     -0.0149658     
-0.0149048     -0.0147217     -0.0146606     -0.0146484     
-0.0146973     -0.014502     -0.0144775     -0.014502     
-0.0145752     -0.0142822     -0.0143311     -0.0145386     
-0.0145508     -0.0144653     -0.0143433     -0.0144775     
-0.0144531     -0.0143188     -0.0142822     -0.0143799     
-0.0142578     -0.0141113     -0.0140869     -0.0140259     
-0.0140869     -0.0138916     -0.0138306     -0.0140625     
-0.0139771     -0.0138306     -0.0137085     -0.0138306     
-0.0138428     -0.0136475     -0.0135254     -0.0136719     
-0.0136353     -0.0135376     -0.0134399     -0.0137939     
-0.0137329     -0.0136475     -0.0137573     -0.0138672     
-0.0139404     -0.0138672     -0.0138306     -0.0139282     
-0.013916     -0.0137207     -0.0137817     -0.0137939     
-0.0137817     -0.013562     -0.0134277     -0.0134644     
-0.0134644     -0.0131836     -0.0131348     -0.0133057     
-0.0132568     -0.0130249     -0.0130615     -0.0132935     
-0.0132813     -0.0131104     -0.0131592     -0.0133545     
-0.013269     -0.0131592     -0.0131348     -0.0132202     
-0.0131836     -0.0129883     -0.0128784     -0.0129639     
-0.0128784     -0.0127808     -0.0125732     -0.0126221     
-0.0125122     -0.012439     -0.0122314     -0.0124512     
-0.0123413     -0.0121948     -0.0122314     -0.0123047     
-0.0123657     -0.0123047     -0.0121948     -0.0125122     
-0.0124756     -0.0124023     -0.0124512     -0.0125244     
-0.0125488     -0.0123901     -0.0123901     -0.0124512     
-0.0124268     -0.0122803     -0.0122437     -0.0124023     
-0.0123901     -0.0122192     -0.0121338     -0.0122681     
-0.0123169     -0.0122437     -0.0121948     -0.0123047     
-0.0122314     -0.0122437     -0.0121948     -0.0123535     
-0.0123291     -0.0123901     -0.0123535     -0.0125488     
-0.0125366     -0.0125732     -0.0126343     -0.0126709     
-0.012854     -0.0128296     -0.0127319     -0.0129517     
-0.0129761     -0.0128296     -0.0127808     -0.0129883     
-0.0129028     -0.0129761     -0.0128418     -0.0130005     
-0.0129639     -0.0129517     -0.012854     -0.0130737     
-0.0130981     -0.0129883     -0.0128296     -0.0129272     
-0.0129028     -0.0126343     -0.0126343     -0.0126709     
-0.0125854     -0.0123291     -0.0122681     -0.0123169     
-0.012146     -0.012085     -0.0120239     -0.0120117     
-0.0122559     -0.0120361     -0.0121582     -0.0124512     
-0.0125122     -0.0125854     -0.0126953     -0.0130493     
-0.0130127     -0.0130615     -0.0130615     -0.013269     
-0.0133789     -0.0133057     -0.0132446     -0.0132813     
-0.0133057     -0.0130737     -0.0130981     -0.0130737     
-0.0129761     -0.0129761     -0.0129517     -0.0130615     
-0.0130737     -0.0130737     -0.0129883     -0.0132202     
-0.0133179     -0.0131226     -0.0131836     -0.0131958     
-0.0131714     -0.0130493     -0.0129028     -0.0130859     
-0.0130615     -0.0127686     -0.0127319     -0.0128174     
-0.0128052     -0.0126709     -0.0127075     -0.0128662     
-0.0128296     -0.0126953     -0.0126587     -0.012854     
-0.0129639     -0.0127441     -0.012854     -0.0129517     
-0.0129761     -0.0129028     -0.0127686     -0.0130249     
-0.0130493     -0.0129395     -0.0128784     -0.0131226     
-0.0131226     -0.0130981     -0.0130615     -0.0132568     
-0.0132568     -0.013208     -0.0131836     -0.0131592     
-0.0133423     -0.0131226     -0.0130981     -0.0133423     
-0.0132935     -0.013269     -0.0132202     -0.0134155     
-0.0134155     -0.0133545     -0.0133423     -0.0134644     
-0.0136475     -0.0134155     -0.0134521     -0.0135742     
-0.0133057     -0.013208     -0.0131592     -0.0130615     
-0.0131226     -0.0128296     -0.0127563     -0.0127075     
-0.0126465     -0.0125488     -0.0124634     -0.0124512     
-0.0124268     -0.0123657     -0.0123413     -0.0125122     
-0.0125732     -0.0124878     -0.0125854     -0.0128052     
-0.0128052     -0.0127686     -0.0129272     -0.0133545     
-0.0131836     -0.0132568     -0.0133545     -0.013562     
-0.0136353     -0.0134888     -0.0133423     -0.0135376     
-0.0135254     -0.0132813     -0.0133301     -0.0132935     
-0.0131592     -0.0129883     -0.0128662     -0.012915     
-0.012854     -0.0126831     -0.0126465     -0.0127563     
-0.0128296     -0.0127319     -0.0126953     -0.0129272     
-0.0129272     -0.0129028     -0.0128052     -0.0130859     
-0.0130493     -0.0128906     -0.0128052     -0.0129395     
-0.0129272     -0.0127686     -0.0126099     -0.0127319     
-0.0127319     -0.0125488     -0.0125122     -0.0126465     
-0.0126831     -0.0124634     -0.0125     -0.0126221     
-0.0127319     -0.0126221     -0.0125854     -0.0127808     
-0.0128296     -0.012793     -0.0126953     -0.0129272     
-0.0128784     -0.0127808     -0.0126953     -0.0127319     
-0.0127686     -0.0125488     -0.0125     -0.0125732     
-0.0126221     -0.0124512     -0.0123047     -0.0125244     
-0.0124878     -0.0123535     -0.012146     -0.0124023     
-0.0122925     -0.012146     -0.0120728     -0.0121704     
-0.0122192     -0.0119629     -0.0119629     -0.0121338     
-0.0120483     -0.0119995     -0.0119995     -0.0120728     
-0.0121826     -0.0120605     -0.0120239     -0.0122192     
-0.0123291     -0.0122192     -0.0121826     -0.0123291     
-0.0124023     -0.0122192     -0.0122559     -0.0123047     
-0.0123291     -0.0121338     -0.0120972     -0.0121582     
-0.0120605     -0.0119629     -0.0117188     -0.0118408     
-0.0116455     -0.0116211     -0.011377     -0.0114868     
-0.0114258     -0.0112183     -0.0112427     -0.0113159     
-0.011438     -0.0112549     -0.0113403     -0.0114746     
-0.0115234     -0.0115112     -0.0114136     -0.0115479     
-0.0115723     -0.0113892     -0.0113037     -0.0115723     
-0.011438     -0.0111084     -0.0111328     -0.0112061     
-0.011145     -0.0108765     -0.0107788     -0.0109131     
-0.0109131     -0.0105957     -0.0105103     -0.0107056     
-0.0105469     -0.0102905     -0.0103149     -0.0103638     
-0.0102539     -0.0100586     -0.0100464     -0.010144     
-0.0102051     -0.00998535     -0.0100464     -0.0102905     
-0.0103638     -0.0102173     -0.0102295     -0.0104858     
-0.0105347     -0.010437     -0.0102783     -0.0104614     
-0.0103882     -0.0103149     -0.010144     -0.0103394     
-0.0102417     -0.0100586     -0.0101196     -0.0101196     
-0.0103027     -0.0100952     -0.0100952     -0.0103638     
-0.0103271     -0.0101929     -0.0101929     -0.0103027     
-0.0103149     -0.0102661     -0.0101196     -0.0102051     
-0.0103271     -0.0100098     -0.00997314     -0.0101074     
-0.00994873     -0.00977783     -0.00965576     -0.00974121     
-0.00963135     -0.00949707     -0.00935059     -0.00939941     
-0.009375     -0.00915527     -0.00908203     -0.00922852     
-0.00921631     -0.00916748     -0.00916748     -0.00921631     
-0.00919189     -0.00905762     -0.009021     -0.00917969     
-0.00922852     -0.00909424     -0.00905762     -0.00930176     
-0.00917969     -0.00916748     -0.00917969     -0.00932617     
-0.00935059     -0.00939941     -0.00932617     -0.00948486     
-0.00958252     -0.00932617     -0.00931396     -0.00942383     
-0.00933838     -0.00930176     -0.00917969     -0.00925293     
-0.00927734     -0.00905762     -0.00894775     -0.00921631     
-0.00915527     -0.00900879     -0.00889893     -0.00904541     
-0.00900879     -0.00891113     -0.00874023     -0.00888672     
-0.00882568     -0.00871582     -0.00859375     -0.00863037     
-0.00864258     -0.00861816     -0.00856934     -0.0086792     
-0.0088623     -0.00875244     -0.00877686     -0.0088623     
-0.00900879     -0.0088501     -0.00877686     -0.00881348     
-0.00898438     -0.00866699     -0.00858154     -0.00870361     
-0.00853271     -0.00845947     -0.00827637     -0.00831299     
-0.00838623     -0.00837402     -0.00828857     -0.00854492     
-0.00856934     -0.00844727     -0.0085083     -0.0085083     
-0.00866699     -0.00849609     -0.00834961     -0.00856934     
-0.00849609     -0.0083252     -0.00830078     -0.00842285     
-0.00838623     -0.00837402     -0.0083374     -0.00848389     
-0.00858154     -0.00841064     -0.00845947     -0.00865479     
-0.00869141     -0.00877686     -0.00865479     -0.00881348     
-0.00888672     -0.0086792     -0.00865479     -0.00872803     
-0.00883789     -0.00860596     -0.00855713     -0.00858154     
-0.00855713     -0.0085083     -0.0085083     -0.00859375     
-0.0086792     -0.00861816     -0.0086792     -0.00887451     
-0.00888672     -0.0088501     -0.00894775     -0.00913086     
-0.00900879     -0.0088501     -0.00881348     -0.00888672     
-0.00876465     -0.00864258     -0.00852051     -0.00855713     
-0.00865479     -0.00841064     -0.00854492     -0.00863037     
-0.00861816     -0.00869141     -0.00860596     -0.00877686     
-0.00878906     -0.00870361     -0.00855713     -0.00865479     
-0.00861816     -0.00834961     -0.00838623     -0.00844727     
-0.00830078     -0.0081665     -0.00808105     -0.00825195     
-0.00834961     -0.00823975     -0.0083252     -0.00839844     
-0.00854492     -0.00856934     -0.00866699     -0.00876465     
-0.00891113     -0.0088501     -0.00882568     -0.00905762     
-0.00911865     -0.00898438     -0.00891113     -0.00914307     
-0.0092041     -0.00889893     -0.00883789     -0.00898438     
-0.00895996     -0.00881348     -0.00869141     -0.0088501     
-0.00881348     -0.00864258     -0.00860596     -0.00883789     
-0.00887451     -0.00883789     -0.00876465     -0.00882568     
-0.00905762     -0.00891113     -0.009021     -0.00913086     
-0.00917969     -0.00906982     -0.00897217     -0.00908203     
-0.00913086     -0.00894775     -0.00897217     -0.00917969     
-0.0092041     -0.00914307     -0.00905762     -0.00930176     
-0.00931396     -0.00925293     -0.00924072     -0.00926514     
-0.00938721     -0.00911865     -0.00900879     -0.00908203     
-0.00908203     -0.00874023     -0.00878906     -0.00875244     
-0.00871582     -0.00858154     -0.00860596     -0.00876465     
-0.00883789     -0.00880127     -0.00894775     -0.00913086     
-0.00931396     -0.00927734     -0.00936279     -0.00955811     
-0.00948486     -0.00952148     -0.00935059     -0.00938721     
-0.00932617     -0.00926514     -0.00905762     -0.00913086     
-0.00925293     -0.00893555     -0.00892334     -0.00904541     
-0.00897217     -0.00891113     -0.00893555     -0.00899658     
-0.00900879     -0.0088623     -0.00876465     -0.00908203     
-0.00899658     -0.00881348     -0.00880127     -0.00882568     
-0.00898438     -0.00878906     -0.00861816     -0.00888672     
-0.0088623     -0.00860596     -0.00860596     -0.00872803     
-0.00870361     -0.00855713     -0.00853271     -0.00869141     
-0.00878906     -0.00869141     -0.00869141     -0.00883789     
-0.00911865     -0.00883789     -0.00892334     -0.00911865     
-0.00914307     -0.00915527     -0.00910645     -0.00926514     
-0.00932617     -0.00922852     -0.00916748     -0.00939941     
-0.00935059     -0.00936279     -0.00932617     -0.00957031     
-0.00955811     -0.00939941     -0.00947266     -0.00955811     
-0.00970459     -0.00944824     -0.00946045     -0.00963135     
-0.00953369     -0.00938721     -0.009375     -0.00950928     
-0.00943604     -0.00932617     -0.00925293     -0.00931396     
-0.00935059     -0.00916748     -0.00915527     -0.00928955     
-0.00919189     -0.00908203     -0.00915527     -0.00921631     
-0.00921631     -0.00911865     -0.00919189     -0.00925293     
-0.00935059     -0.00916748     -0.00909424     -0.00919189     
-0.00913086     -0.00893555     -0.00895996     -0.00882568     
-0.00878906     -0.00856934     -0.00843506     -0.00845947     
-0.00842285     -0.00819092     -0.00805664     -0.00831299     
-0.00819092     -0.00802002     -0.00791016     -0.00805664     
-0.00808105     -0.00792236     -0.00780029     -0.00795898     
-0.00794678     -0.00782471     -0.00791016     -0.00806885     
-0.00793457     -0.00793457     -0.00793457     -0.0081665     
-0.00823975     -0.00825195     -0.00826416     -0.00848389     
-0.00847168     -0.00848389     -0.0085083     -0.0086792     
-0.00861816     -0.00856934     -0.00839844     -0.00859375     
-0.00859375     -0.00841064     -0.00837402     -0.00844727     
-0.00844727     -0.00831299     -0.0083252     -0.00839844     
-0.00838623     -0.00823975     -0.00820313     -0.0083252     
-0.00841064     -0.00820313     -0.0081665     -0.00834961     
-0.00823975     -0.00810547     -0.00802002     -0.00821533     
-0.00820313     -0.0081665     -0.00804443     -0.00826416     
-0.00825195     -0.0083252     -0.00820313     -0.00844727     
-0.00842285     -0.0083252     -0.0083374     -0.0083252     
-0.00841064     -0.00823975     -0.00817871     -0.00836182     
-0.00826416     -0.00812988     -0.0081543     -0.00823975     
-0.00821533     -0.00805664     -0.00799561     -0.00819092     
-0.00819092     -0.00805664     -0.00802002     -0.00817871     
-0.00812988     -0.00789795     -0.00797119     -0.00800781     
-0.00811768     -0.00789795     -0.00792236     -0.00794678     
-0.00795898     -0.00788574     -0.0078125     -0.00787354     
-0.00789795     -0.00776367     -0.00778809     -0.00776367     
-0.00778809     -0.00765381     -0.00749512     -0.00755615     
-0.00758057     -0.00733643     -0.00725098     -0.00742188     
-0.00736084     -0.00722656     -0.00716553     -0.00731201     
-0.00733643     -0.00736084     -0.00733643     -0.00750732     
-0.00762939     -0.00732422     -0.00753174     -0.00767822     
-0.00772705     -0.00769043     -0.00770264     -0.00778809     
-0.00776367     -0.00761719     -0.0074585     -0.00765381     
-0.00755615     -0.00726318     -0.00721436     -0.00731201     
-0.00716553     -0.00699463     -0.00689697     -0.00708008     
-0.00716553     -0.00689697     -0.00700684     -0.00718994     
-0.00726318     -0.00704346     -0.00725098     -0.00744629     
-0.00749512     -0.00731201     -0.00740967     -0.00755615     
-0.00759277     -0.00742188     -0.00748291     -0.00749512     
-0.00750732     -0.00731201     -0.00720215     -0.00723877     
-0.00720215     -0.00708008     -0.00697021     -0.00716553     
-0.00708008     -0.00701904     -0.00697021     -0.0071167     
-0.00716553     -0.00706787     -0.0071167     -0.00720215     
-0.0072876     -0.00733643     -0.00727539     -0.00748291     
-0.00758057     -0.00739746     -0.00734863     -0.00753174     
-0.00740967     -0.0072998     -0.00721436     -0.00716553     
-0.00717773     -0.00699463     -0.00686035     -0.00693359     
-0.00698242     -0.00693359     -0.00684814     -0.00686035     
-0.00697021     -0.00684814     -0.00672607     -0.00683594     
-0.00684814     -0.00668945     -0.00662842     -0.0067749     
-0.00673828     -0.00661621     -0.00664063     -0.00679932     
-0.00678711     -0.00666504     -0.00656738     -0.0067627     
-0.00684814     -0.00665283     -0.00657959     -0.00678711     
-0.0067627     -0.00672607     -0.00668945     -0.00693359     
-0.00687256     -0.00682373     -0.0067749     -0.00692139     
-0.00703125     -0.00670166     -0.0067627     -0.00682373     
-0.00675049     -0.00664063     -0.00655518     -0.00672607     
-0.00665283     -0.00661621     -0.00651855     -0.00678711     
-0.00682373     -0.00661621     -0.00662842     -0.00678711     
-0.00682373     -0.0067627     -0.00670166     -0.00684814     
-0.00684814     -0.00670166     -0.00678711     -0.00679932     
-0.00682373     -0.00667725     -0.00667725     -0.00682373     
-0.0067627     -0.00661621     -0.00670166     -0.00686035     
-0.0069458     -0.00686035     -0.00684814     -0.00701904     
-0.00716553     -0.00704346     -0.00704346     -0.0072998     
-0.00718994     -0.00712891     -0.00699463     -0.00721436     
-0.0071167     -0.00690918     -0.00673828     -0.00683594     
-0.00681152     -0.00656738     -0.00656738     -0.00654297     
-0.00666504     -0.00645752     -0.0064209     -0.00667725     
-0.00661621     -0.00651855     -0.00651855     -0.0067627     
-0.00671387     -0.00661621     -0.00654297     -0.00670166     
-0.00675049     -0.00654297     -0.00648193     -0.00668945     
-0.00654297     -0.00645752     -0.00643311     -0.0065918     
-0.00666504     -0.00648193     -0.00656738     -0.00678711     
-0.00693359     -0.00684814     -0.00697021     -0.0071167     
-0.00734863     -0.00721436     -0.00725098     -0.00732422     
-0.00733643     -0.00710449     -0.00710449     -0.00712891     
-0.00710449     -0.00688477     -0.00673828     -0.00683594     
-0.0067627     -0.00670166     -0.00664063     -0.00682373     
-0.00681152     -0.00682373     -0.00673828     -0.00684814     
-0.0069458     -0.00667725     -0.0067627     -0.00690918     
-0.00682373     -0.00671387     -0.00662842     -0.0067749     
-0.00683594     -0.00670166     -0.00654297     -0.00690918     
-0.00684814     -0.00679932     -0.00684814     -0.00695801     
-0.00710449     -0.00709229     -0.00700684     -0.00727539     
-0.00733643     -0.00722656     -0.00720215     -0.00738525     
-0.00740967     -0.00721436     -0.00717773     -0.00717773     
-0.00716553     -0.00703125     -0.00684814     -0.00692139     
-0.00692139     -0.00673828     -0.00679932     -0.00686035     
-0.00692139     -0.00671387     -0.00670166     -0.00683594     
-0.00693359     -0.00684814     -0.0067749     -0.00697021     
-0.00699463     -0.00700684     -0.00686035     -0.00721436     
-0.00731201     -0.00717773     -0.00726318     -0.00739746     
-0.00762939     -0.00756836     -0.00758057     -0.00777588     
-0.0078125     -0.00771484     -0.00769043     -0.00786133     
-0.00783691     -0.00769043     -0.00770264     -0.00776367     
-0.00773926     -0.00760498     -0.00755615     -0.00760498     
-0.0074707     -0.00739746     -0.00714111     -0.00722656     
-0.00710449     -0.00689697     -0.006604     -0.00665283     
-0.00656738     -0.00632324     -0.00618896     -0.00627441     
-0.00627441     -0.00626221     -0.00629883     -0.00639648     
-0.00654297     -0.00646973     -0.00661621     -0.00684814     
-0.00686035     -0.00678711     -0.00693359     -0.0071167     
-0.00706787     -0.00705566     -0.00700684     -0.00718994     
-0.00716553     -0.00701904     -0.00698242     -0.00705566     
-0.0071167     -0.00673828     -0.00675049     -0.00678711     
-0.00666504     -0.00648193     -0.00643311     -0.00644531     
-0.00643311     -0.00632324     -0.00623779     -0.00653076     
-0.00651855     -0.00645752     -0.00649414     -0.00667725     
-0.00666504     -0.00667725     -0.006604     -0.00690918     
-0.00689697     -0.00665283     -0.00667725     -0.00671387     
-0.0067749     -0.00664063     -0.00657959     -0.00679932     
-0.00679932     -0.00657959     -0.00666504     -0.0067627     
-0.0067749     -0.00651855     -0.006604     -0.00672607     
-0.00666504     -0.00643311     -0.00646973     -0.0065918     
-0.00668945     -0.00662842     -0.0065918     -0.00683594     
-0.0067749     -0.00675049     -0.00670166     -0.00700684     
-0.00697021     -0.00687256     -0.0069458     -0.00698242     
-0.00704346     -0.00681152     -0.0067627     -0.00695801     
-0.00693359     -0.00687256     -0.00668945     -0.00686035     
-0.00671387     -0.00655518     -0.00653076     -0.00661621     
-0.00666504     -0.00649414     -0.00645752     -0.00665283     
-0.00670166     -0.00657959     -0.0065918     -0.00681152     
-0.00692139     -0.00681152     -0.00683594     -0.00699463     
-0.00710449     -0.00687256     -0.00687256     -0.00701904     
-0.00701904     -0.00687256     -0.0067627     -0.00682373     
-0.00672607     -0.00651855     -0.00650635     -0.00649414     
-0.00650635     -0.00638428     -0.00632324     -0.00648193     
-0.00649414     -0.00638428     -0.00639648     -0.006604     
-0.006604     -0.00651855     -0.00648193     -0.00655518     
-0.006604     -0.00629883     -0.00623779     -0.00637207     
-0.00625     -0.00599365     -0.00598145     -0.00618896     
-0.00612793     -0.00601807     -0.00585938     -0.00616455     
-0.00611572     -0.00596924     -0.00604248     -0.00629883     
-0.00621338     -0.00614014     -0.00618896     -0.00640869     
-0.00650635     -0.00633545     -0.00643311     -0.00654297     
-0.00657959     -0.0064209     -0.00650635     -0.00651855     
-0.00649414     -0.00632324     -0.00627441     -0.00634766     
-0.00632324     -0.00611572     -0.00603027     -0.00617676     
-0.00626221     -0.00610352     -0.0060791     -0.00626221     
-0.00629883     -0.00621338     -0.00615234     -0.00635986     
-0.00623779     -0.00627441     -0.00605469     -0.00625     
-0.00616455     -0.00600586     -0.0059082     -0.00598145     
-0.00601807     -0.00577393     -0.00574951     -0.00584717     
-0.00584717     -0.00570068     -0.00561523     -0.00582275     
-0.00576172     -0.00567627     -0.00565186     -0.00574951     
-0.00581055     -0.00559082     -0.0055542     -0.00584717     
-0.00571289     -0.00563965     -0.00568848     -0.00585938     
-0.005896     -0.00581055     -0.00582275     -0.00599365     
-0.00601807     -0.00588379     -0.00592041     -0.00601807     
-0.00609131     -0.00604248     -0.00606689     -0.00614014     
-0.00621338     -0.00611572     -0.00612793     -0.00627441     
-0.00632324     -0.00629883     -0.00620117     -0.00657959     
-0.00656738     -0.00649414     -0.00644531     -0.00665283     
-0.00662842     -0.00651855     -0.00644531     -0.00643311     
-0.00653076     -0.00628662     -0.00627441     -0.00628662     
-0.00616455     -0.00611572     -0.00601807     -0.00616455     
-0.00616455     -0.0060791     -0.00598145     -0.00626221     
-0.00629883     -0.00611572     -0.00615234     -0.00617676     
-0.00629883     -0.00627441     -0.00603027     -0.00620117     
-0.00618896     -0.00576172     -0.00581055     -0.00581055     
-0.00582275     -0.00557861     -0.00545654     -0.00551758     
-0.00550537     -0.00531006     -0.00532227     -0.00541992     
-0.00554199     -0.00532227     -0.00540771     -0.00568848     
-0.00565186     -0.00563965     -0.00565186     -0.00588379     
-0.00579834     -0.00577393     -0.0057373     -0.00585938     
-0.00581055     -0.00566406     -0.00545654     -0.00559082     
-0.0055542     -0.0052124     -0.00518799     -0.00516357     
-0.00517578     -0.00496826     -0.00487061     -0.00516357     
-0.00512695     -0.00488281     -0.00487061     -0.00510254     
-0.00510254     -0.00501709     -0.0050415     -0.00515137     
-0.00527344     -0.00528564     -0.00522461     -0.0055542     
-0.00554199     -0.00551758     -0.00557861     -0.00571289     
-0.00582275     -0.00559082     -0.00570068     -0.0057373     
-0.00577393     -0.00556641     -0.00554199     -0.00556641     
-0.00550537     -0.00528564     -0.00513916     -0.00505371     
-0.00509033     -0.0048584     -0.00483398     -0.00495605     
-0.00500488     -0.0048584     -0.00494385     -0.00516357     
-0.00518799     -0.0052124     -0.00524902     -0.00546875     
-0.00559082     -0.00549316     -0.00548096     -0.00574951     
-0.00574951     -0.00552979     -0.00565186     -0.00578613     
-0.00576172     -0.00561523     -0.0055542     -0.00568848     
-0.00565186     -0.00560303     -0.00544434     -0.00566406     
-0.00562744     -0.00550537     -0.00545654     -0.00559082     
-0.00559082     -0.00554199     -0.00543213     -0.00559082     
-0.00562744     -0.00546875     -0.00550537     -0.00563965     
-0.00574951     -0.00565186     -0.00554199     -0.00570068     
-0.00571289     -0.00559082     -0.0055542     -0.00562744     
-0.00562744     -0.00540771     -0.00535889     -0.00532227     
-0.00537109     -0.00523682     -0.00515137     -0.00524902     
-0.0052002     -0.00510254     -0.00507813     -0.00528564     
-0.00529785     -0.00532227     -0.00531006     -0.0053833     
-0.00557861     -0.00551758     -0.00552979     -0.00557861     
-0.0057373     -0.00557861     -0.00546875     -0.00568848     
-0.00563965     -0.00551758     -0.00539551     -0.0055542     
-0.0055542     -0.00554199     -0.00549316     -0.00563965     
-0.00574951     -0.00552979     -0.00560303     -0.00584717     
-0.00584717     -0.00582275     -0.00585938     -0.00593262     
-0.00594482     -0.00585938     -0.00599365     -0.00615234     
-0.00616455     -0.00612793     -0.00617676     -0.00629883     
-0.00640869     -0.00627441     -0.00629883     -0.00638428     
-0.00634766     -0.00614014     -0.00614014     -0.00622559     
-0.00616455     -0.00599365     -0.0059082     -0.00610352     
-0.00596924     -0.0059082     -0.00583496     -0.00593262     
-0.00604248     -0.00592041     -0.00583496     -0.00598145     
-0.00606689     -0.00581055     -0.00584717     -0.00599365     
-0.00581055     -0.00576172     -0.00561523     -0.00579834     
-0.00568848     -0.0055542     -0.00543213     -0.00557861     
-0.00545654     -0.00532227     -0.00529785     -0.00549316     
-0.00552979     -0.00539551     -0.00534668     -0.00557861     
-0.00567627     -0.00554199     -0.00559082     -0.00568848     
-0.00579834     -0.0057373     -0.00570068     -0.00587158     
-0.00600586     -0.00584717     -0.00582275     -0.00606689     
-0.00606689     -0.00599365     -0.00605469     -0.00617676     
-0.00625     -0.00615234     -0.00605469     -0.00621338     
-0.00616455     -0.00612793     -0.00598145     -0.00620117     
-0.00614014     -0.00598145     -0.00585938     -0.00609131     
-0.00599365     -0.00584717     -0.00588379     -0.00585938     
-0.00599365     -0.00581055     -0.00560303     -0.00596924     
-0.00601807     -0.00588379     -0.00584717     -0.00603027     
-0.00606689     -0.00605469     -0.00603027     -0.00616455     
-0.00627441     -0.00605469     -0.00601807     -0.00617676     
-0.0060791     -0.00600586     -0.0060791     -0.00614014     
-0.00614014     -0.00603027     -0.00603027     -0.00610352     
-0.00618896     -0.0060791     -0.00600586     -0.00610352     
-0.00618896     -0.00601807     -0.00594482     -0.00600586     
-0.00604248     -0.00584717     -0.00582275     -0.00604248     
-0.00598145     -0.0059082     -0.00598145     -0.00615234     
-0.00611572     -0.00604248     -0.00601807     -0.0060791     
-0.0060791     -0.00601807     -0.00584717     -0.00593262     
-0.00598145     -0.00568848     -0.00554199     -0.00565186     
-0.00574951     -0.00554199     -0.00539551     -0.00556641     
-0.00552979     -0.00539551     -0.00527344     -0.00550537     
-0.00537109     -0.00533447     -0.0053833     -0.00549316     
-0.00550537     -0.00546875     -0.00539551     -0.00571289     
-0.00582275     -0.00556641     -0.00568848     -0.00585938     
-0.0059082     -0.0057251     -0.00567627     -0.00577393     
-0.00570068     -0.00544434     -0.00534668     -0.00541992     
-0.00528564     -0.00505371     -0.00510254     -0.0050415     
-0.00506592     -0.00493164     -0.00487061     -0.00505371     
-0.00506592     -0.00495605     -0.00498047     -0.00528564     
-0.00522461     -0.00529785     -0.00529785     -0.00552979     
-0.00552979     -0.00543213     -0.00554199     -0.00551758     
-0.00556641     -0.00545654     -0.00543213     -0.00551758     
-0.00544434     -0.00539551     -0.00535889     -0.00545654     
-0.00546875     -0.00539551     -0.00533447     -0.00549316     
-0.00559082     -0.00543213     -0.00540771     -0.00567627     
-0.0055542     -0.00559082     -0.00554199     -0.00571289     
-0.00574951     -0.00554199     -0.00560303     -0.00570068     
-0.00568848     -0.00548096     -0.0053833     -0.00546875     
-0.00529785     -0.0052002     -0.0050293     -0.00507813     
-0.00511475     -0.0048584     -0.00490723     -0.00501709     
-0.00513916     -0.00498047     -0.00493164     -0.00516357     
-0.0052002     -0.00515137     -0.00507813     -0.00534668     
-0.0052002     -0.00499268     -0.00509033     -0.00522461     
-0.00515137     -0.00498047     -0.00500488     -0.00499268     
-0.0048584     -0.00484619     -0.00477295     -0.00473633     
-0.00463867     -0.0045166     -0.00438232     -0.00456543     
-0.0045166     -0.00426025     -0.00430908     -0.00450439     
-0.00443115     -0.00428467     -0.0043457     -0.00465088     
-0.00463867     -0.00447998     -0.00461426     -0.00483398     
-0.00482178     -0.00469971     -0.00469971     -0.00491943     
-0.00494385     -0.00473633     -0.00476074     -0.0050415     
-0.00499268     -0.00491943     -0.00494385     -0.00495605     
-0.00510254     -0.00490723     -0.00490723     -0.0050293     
-0.0050293     -0.00499268     -0.00489502     -0.00506592     
-0.00494385     -0.00483398     -0.00476074     -0.00491943     
-0.00487061     -0.00479736     -0.00467529     -0.00472412     
-0.00484619     -0.00458984     -0.00452881     -0.00462646     
-0.00457764     -0.00449219     -0.00450439     -0.00461426     
-0.00461426     -0.00458984     -0.00441895     -0.00462646     
-0.00472412     -0.00463867     -0.00458984     -0.00476074     
-0.00476074     -0.00463867     -0.00463867     -0.00480957     
-0.0048584     -0.00452881     -0.00456543     -0.00472412     
-0.00473633     -0.00458984     -0.00458984     -0.00473633     
-0.00480957     -0.00461426     -0.00474854     -0.00501709     
-0.00496826     -0.00488281     -0.00500488     -0.00516357     
-0.00523682     -0.0050415     -0.00507813     -0.00528564     
-0.00527344     -0.00512695     -0.00505371     -0.00526123     
-0.00531006     -0.00517578     -0.00513916     -0.0052124     
-0.00537109     -0.00518799     -0.00531006     -0.00540771     
-0.00539551     -0.00545654     -0.00540771     -0.00565186     
-0.00568848     -0.00557861     -0.00548096     -0.00578613     
-0.00570068     -0.00551758     -0.00552979     -0.00548096     
-0.00552979     -0.00529785     -0.00518799     -0.00528564     
-0.00533447     -0.0050415     -0.00505371     -0.00523682     
-0.0052002     -0.00505371     -0.0050293     -0.00515137     
-0.00518799     -0.00505371     -0.00495605     -0.00513916     
-0.00518799     -0.00495605     -0.00498047     -0.00512695     
-0.00510254     -0.0048584     -0.00477295     -0.00499268     
-0.00482178     -0.00467529     -0.00450439     -0.00467529     
-0.00458984     -0.00446777     -0.0043335     -0.00443115     
-0.00444336     -0.00426025     -0.00429688     -0.00432129     
-0.00441895     -0.00440674     -0.0043335     -0.00455322     
-0.00454102     -0.00454102     -0.00455322     -0.00483398     
-0.00491943     -0.00487061     -0.0048584     -0.00512695     
-0.00524902     -0.00507813     -0.0052002     -0.00544434     
-0.00533447     -0.00523682     -0.00528564     -0.00544434     
-0.00554199     -0.00540771     -0.0053833     -0.00557861     
-0.00554199     -0.00546875     -0.00552979     -0.00562744     
-0.00565186     -0.00544434     -0.00534668     -0.0053833     
-0.00528564     -0.00507813     -0.00496826     -0.00495605     
-0.00488281     -0.00465088     -0.00457764     -0.00469971     
-0.0045166     -0.00455322     -0.00440674     -0.00450439     
-0.00456543     -0.00450439     -0.00449219     -0.0046875     
-0.00474854     -0.00457764     -0.00473633     -0.00489502     
-0.0048584     -0.00488281     -0.00487061     -0.0050415     
-0.00501709     -0.00495605     -0.00477295     -0.00494385     
-0.00490723     -0.00476074     -0.00467529     -0.00477295     
-0.00490723     -0.00483398     -0.0046875     -0.00494385     
-0.00501709     -0.00487061     -0.00498047     -0.00499268     
-0.00506592     -0.00490723     -0.00489502     -0.00501709     
-0.0050415     -0.00498047     -0.00500488     -0.00517578     
-0.0052124     -0.00517578     -0.00510254     -0.00528564     
-0.00541992     -0.00537109     -0.00543213     -0.00563965     
-0.00571289     -0.00565186     -0.00556641     -0.00584717     
-0.00568848     -0.00551758     -0.00545654     -0.00556641     
-0.00533447     -0.00522461     -0.00516357     -0.0050293     
-0.00498047     -0.00482178     -0.00469971     -0.00480957     
-0.00484619     -0.00466309     -0.00456543     -0.00469971     
-0.00474854     -0.00466309     -0.00457764     -0.00465088     
-0.00474854     -0.00467529     -0.0045166     -0.00472412     
-0.00463867     -0.00460205     -0.00456543     -0.00465088     
-0.00472412     -0.00441895     -0.00449219     -0.00473633     
-0.00465088     -0.00458984     -0.00457764     -0.00476074     
-0.00477295     -0.00476074     -0.00474854     -0.00490723     
-0.00494385     -0.00483398     -0.0048584     -0.00509033     
-0.00506592     -0.00491943     -0.00494385     -0.0052002     
-0.00507813     -0.00511475     -0.00507813     -0.00533447     
-0.00534668     -0.00526123     -0.00533447     -0.00550537     
-0.00561523     -0.00529785     -0.00543213     -0.0055542     
-0.00539551     -0.00528564     -0.00528564     -0.00533447     
-0.00517578     -0.00511475     -0.00494385     -0.00518799     
-0.00518799     -0.0048584     -0.00482178     -0.00494385     
-0.00491943     -0.00479736     -0.0046875     -0.00495605     
-0.00493164     -0.00469971     -0.00472412     -0.00488281     
-0.00489502     -0.0046875     -0.00474854     -0.00491943     
-0.00489502     -0.00474854     -0.00478516     -0.0048584     
-0.00487061     -0.00473633     -0.00460205     -0.00466309     
-0.00472412     -0.00458984     -0.00445557     -0.00469971     
-0.00478516     -0.00467529     -0.00455322     -0.00484619     
-0.00480957     -0.00471191     -0.00466309     -0.00491943     
-0.0048584     -0.00462646     -0.00472412     -0.00466309     
-0.00471191     -0.00460205     -0.0043457     -0.00443115     
-0.00439453     -0.00413818     -0.00410156     -0.0041748     
-0.00406494     -0.00397949     -0.00385742     -0.00389404     
-0.00388184     -0.00366211     -0.00367432     -0.0038208     
-0.00378418     -0.00373535     -0.00375977     -0.00379639     
-0.00390625     -0.00378418     -0.00383301     -0.00394287     
-0.00402832     -0.00383301     -0.00391846     -0.00404053     
-0.00407715     -0.00400391     -0.00410156     -0.00424805     
-0.00444336     -0.00424805     -0.00435791     -0.00456543     
-0.00462646     -0.0045166     -0.00457764     -0.0048584     
-0.00474854     -0.00469971     -0.00467529     -0.00483398     
-0.00473633     -0.00461426     -0.00465088     -0.0046875     
-0.00476074     -0.00450439     -0.00458984     -0.00472412     
-0.00473633     -0.00467529     -0.0046875     -0.00480957     
-0.00479736     -0.00480957     -0.00474854     -0.0048584     
-0.00471191     -0.00477295     -0.00469971     -0.00479736     
-0.00478516     -0.00471191     -0.00449219     -0.00466309     
-0.00472412     -0.00440674     -0.00444336     -0.00461426     
-0.0046875     -0.00449219     -0.00449219     -0.0046875     
-0.00472412     -0.00456543     -0.00455322     -0.00474854     
-0.00477295     -0.00458984     -0.00461426     -0.00471191     
-0.00479736     -0.00467529     -0.00461426     -0.00484619     
-0.0048584     -0.00478516     -0.0046875     -0.00493164     
-0.00490723     -0.00487061     -0.00482178     -0.00494385     
-0.00499268     -0.00478516     -0.00477295     -0.00493164     
-0.00496826     -0.00482178     -0.0046875     -0.00494385     
-0.00487061     -0.00478516     -0.00471191     -0.00494385     
-0.00484619     -0.00474854     -0.00476074     -0.00482178     
-0.00478516     -0.00458984     -0.00447998     -0.00472412     
-0.00443115     -0.00443115     -0.00426025     -0.00429688     
-0.00432129     -0.00405273     -0.00397949     -0.00408936     
-0.00411377     -0.00383301     -0.00375977     -0.00393066     
-0.00397949     -0.00380859     -0.00380859     -0.0039917     
-0.00400391     -0.00384521     -0.00401611     -0.0041748     
-0.00427246     -0.00428467     -0.00432129     -0.00454102     
-0.0046875     -0.00473633     -0.00461426     -0.00488281     
-0.00498047     -0.00493164     -0.00490723     -0.00500488     
-0.00517578     -0.0050415     -0.0050415     -0.00512695     
-0.00512695     -0.00516357     -0.00505371     -0.00513916     
-0.00526123     -0.00509033     -0.00493164     -0.00515137     
-0.00509033     -0.00498047     -0.00495605     -0.00499268     
-0.00500488     -0.00498047     -0.00487061     -0.00510254     
-0.00500488     -0.00474854     -0.00477295     -0.00488281     
-0.00484619     -0.00457764     -0.0045166     -0.00466309     
-0.0045166     -0.00430908     -0.00422363     -0.00428467     
-0.00435791     -0.00405273     -0.00407715     -0.00401611     
-0.00405273     -0.00385742     -0.00373535     -0.00394287     
-0.00385742     -0.0038208     -0.00378418     -0.0039917     
-0.00395508     -0.00402832     -0.00402832     -0.00427246     
-0.00427246     -0.0043335     -0.00449219     -0.00457764     
-0.00462646     -0.00452881     -0.00454102     -0.00466309     
-0.00462646     -0.00439453     -0.00437012     -0.00446777     
-0.00440674     -0.00429688     -0.00421143     -0.0043335     
-0.00439453     -0.00426025     -0.00424805     -0.00449219     
-0.00441895     -0.0043335     -0.0043335     -0.00456543     
-0.00460205     -0.00439453     -0.00447998     -0.00460205     
-0.00461426     -0.00452881     -0.00455322     -0.00465088     
-0.0046875     -0.00449219     -0.00450439     -0.0046875     
-0.00466309     -0.00446777     -0.00449219     -0.00461426     
-0.00463867     -0.00438232     -0.0041626     -0.00444336     
-0.00430908     -0.0041626     -0.00404053     -0.00406494     
-0.00404053     -0.00383301     -0.00373535     -0.00380859     
-0.00394287     -0.00360107     -0.00368652     -0.00386963     
-0.00395508     -0.00378418     -0.00377197     -0.00397949     
-0.00405273     -0.00391846     -0.00397949     -0.0041626     
-0.0041626     -0.00402832     -0.00408936     -0.00426025     
-0.00422363     -0.0041748     -0.00405273     -0.00424805     
-0.00427246     -0.00406494     -0.00401611     -0.00411377     
-0.00418701     -0.0039917     -0.0039917     -0.00408936     
-0.00413818     -0.00400391     -0.00397949     -0.00413818     
-0.00412598     -0.00400391     -0.0039917     -0.00413818     
-0.00419922     -0.00411377     -0.00415039     -0.00423584     
-0.00428467     -0.0043335     -0.00418701     -0.00439453     
-0.00446777     -0.00440674     -0.00445557     -0.00465088     
-0.00471191     -0.0046875     -0.00474854     -0.00476074     
-0.00484619     -0.00476074     -0.00469971     -0.00473633     
-0.00473633     -0.0045166     -0.00427246     -0.00444336     
-0.00426025     -0.00401611     -0.00391846     -0.00397949     
-0.00393066     -0.00368652     -0.00372314     -0.00384521     
-0.0038208     -0.00373535     -0.00372314     -0.00394287     
-0.00402832     -0.00388184     -0.00401611     -0.0041748     
-0.00423584     -0.0043335     -0.00438232     -0.00462646     
-0.00477295     -0.00465088     -0.00484619     -0.00498047     
-0.00496826     -0.00488281     -0.00490723     -0.00495605     
-0.00498047     -0.00472412     -0.0045166     -0.00462646     
-0.0045166     -0.00438232     -0.00418701     -0.00429688     
-0.0043335     -0.00421143     -0.00412598     -0.0043335     
-0.00447998     -0.00427246     -0.00435791     -0.00455322     
-0.0045166     -0.00447998     -0.00444336     -0.00461426     
-0.00456543     -0.00460205     -0.00449219     -0.00465088     
-0.00471191     -0.00457764     -0.00461426     -0.00472412     
-0.00467529     -0.00461426     -0.00460205     -0.00480957     
-0.00478516     -0.00461426     -0.00467529     -0.00483398     
-0.00476074     -0.00454102     -0.00454102     -0.00474854     
-0.00473633     -0.00441895     -0.00452881     -0.00465088     
-0.00458984     -0.00428467     -0.00426025     -0.00432129     
-0.00426025     -0.00400391     -0.00394287     -0.00401611     
-0.00390625     -0.00391846     -0.0036377     -0.00384521     
-0.00390625     -0.00385742     -0.00384521     -0.00393066     
-0.0039917     -0.00386963     -0.00396729     -0.00395508     
-0.00408936     -0.00397949     -0.00394287     -0.00415039     
-0.00422363     -0.00415039     -0.00410156     -0.0043335     
-0.00432129     -0.00422363     -0.00419922     -0.00423584     
-0.00432129     -0.00410156     -0.00415039     -0.00428467     
-0.0043335     -0.00432129     -0.00429688     -0.00437012     
-0.00443115     -0.00427246     -0.00435791     -0.00457764     
-0.00460205     -0.00446777     -0.00454102     -0.00462646     
-0.00472412     -0.00465088     -0.00465088     -0.00478516     
-0.00488281     -0.00474854     -0.00482178     -0.00493164     
-0.00491943     -0.00477295     -0.00461426     -0.0048584     
-0.00473633     -0.00471191     -0.00446777     -0.0046875     
-0.00450439     -0.00438232     -0.00441895     -0.00445557     
-0.00438232     -0.00424805     -0.00428467     -0.0043457     
-0.00429688     -0.00426025     -0.00421143     -0.00435791     
-0.0043457     -0.00423584     -0.00412598     -0.00443115     
-0.00437012     -0.00410156     -0.0041626     -0.00432129     
-0.00424805     -0.0041626     -0.00410156     -0.00429688     
-0.0041748     -0.00405273     -0.00419922     -0.00429688     
-0.00426025     -0.00408936     -0.00427246     -0.00435791     
-0.00441895     -0.00426025     -0.00438232     -0.00457764     
-0.00461426     -0.0045166     -0.00460205     -0.00472412     
-0.00473633     -0.00472412     -0.00473633     -0.00484619     
-0.00480957     -0.00479736     -0.00472412     -0.00496826     
-0.00490723     -0.00473633     -0.00467529     -0.00493164     
-0.00491943     -0.00476074     -0.00472412     -0.00477295     
-0.00472412     -0.00446777     -0.0043335     -0.00444336     
-0.00430908     -0.00411377     -0.00391846     -0.00402832     
-0.00394287     -0.00373535     -0.003479     -0.0036377     
-0.00378418     -0.00357666     -0.00357666     -0.0038208     
-0.00384521     -0.00389404     -0.00395508     -0.00404053     
-0.00438232     -0.0043457     -0.00422363     -0.00446777     
-0.00450439     -0.00446777     -0.0043457     -0.00445557     
-0.00445557     -0.00428467     -0.0041748     -0.00428467     
-0.00424805     -0.00406494     -0.00397949     -0.00405273     
-0.00405273     -0.00393066     -0.00386963     -0.00407715     
-0.00394287     -0.00389404     -0.00393066     -0.00402832     
-0.0039917     -0.00411377     -0.00404053     -0.0041626     
-0.00437012     -0.00421143     -0.0043457     -0.00457764     
-0.00454102     -0.0045166     -0.00449219     -0.00471191     
-0.00465088     -0.00457764     -0.00447998     -0.00469971     
-0.00465088     -0.00445557     -0.00441895     -0.00452881     
-0.0045166     -0.00443115     -0.00435791     -0.00452881     
-0.00446777     -0.0041748     -0.0043335     -0.00444336     
-0.00444336     -0.00426025     -0.00437012     -0.00460205     
-0.00466309     -0.00458984     -0.00456543     -0.00478516     
-0.00482178     -0.00461426     -0.00456543     -0.00455322     
-0.00441895     -0.00418701     -0.00396729     -0.00393066     
-0.00384521     -0.00351563     -0.00318604     -0.00336914     
-0.00319824     -0.00305176     -0.00301514     -0.00316162     
-0.00305176     -0.0029541     -0.00308838     -0.00317383     
-0.00324707     -0.00317383     -0.00336914     -0.00361328     
-0.00374756     -0.00369873     -0.00385742     -0.0041748     
-0.00419922     -0.00424805     -0.00426025     -0.00444336     
-0.00460205     -0.00444336     -0.00444336     -0.00463867     
-0.00460205     -0.0045166     -0.0045166     -0.00457764     
-0.00463867     -0.00444336     -0.00440674     -0.00460205     
-0.00467529     -0.00441895     -0.00440674     -0.0045166     
-0.00443115     -0.00422363     -0.00423584     -0.00418701     
-0.00427246     -0.00397949     -0.00395508     -0.00412598     
-0.00415039     -0.00393066     -0.0039917     -0.00421143     
-0.00415039     -0.00412598     -0.00401611     -0.00402832     
-0.00404053     -0.00384521     -0.00369873     -0.0038208     
-0.00380859     -0.00345459     -0.00350342     -0.00340576     
-0.00338135     -0.00336914     -0.00318604     -0.0032959     
-0.00339355     -0.00336914     -0.00330811     -0.00360107     
-0.00374756     -0.00368652     -0.0038208     -0.0039917     
-0.00400391     -0.00401611     -0.00401611     -0.00427246     
-0.00418701     -0.00406494     -0.00402832     -0.00418701     
-0.00419922     -0.00406494     -0.00400391     -0.00407715     
-0.00410156     -0.00397949     -0.00394287     -0.0039917     
-0.00400391     -0.00373535     -0.00355225     -0.00367432     
-0.00366211     -0.00336914     -0.00330811     -0.00352783     
-0.00355225     -0.00338135     -0.00330811     -0.00358887     
-0.00369873     -0.00361328     -0.00358887     -0.00396729     
-0.00385742     -0.0038208     -0.00383301     -0.00388184     
-0.00407715     -0.0038208     -0.00373535     -0.00393066     
-0.00377197     -0.00371094     -0.00357666     -0.00373535     
-0.00367432     -0.00358887     -0.0034668     -0.0036377     
-0.0036499     -0.00344238     -0.00343018     -0.00362549     
-0.00352783     -0.00351563     -0.00344238     -0.00354004     
-0.0036377     -0.00352783     -0.00352783     -0.00368652     
-0.00377197     -0.0036499     -0.00361328     -0.00379639     
-0.00390625     -0.00389404     -0.00384521     -0.00401611     
-0.00412598     -0.00395508     -0.00400391     -0.00411377     
-0.0039917     -0.00386963     -0.00384521     -0.00395508     
-0.00386963     -0.00371094     -0.00358887     -0.00378418     
-0.00374756     -0.00355225     -0.00357666     -0.00358887     
-0.00377197     -0.00356445     -0.00361328     -0.00369873     
-0.0036377     -0.00366211     -0.00352783     -0.00378418     
-0.00378418     -0.0036499     -0.00354004     -0.00375977     
-0.00375977     -0.00361328     -0.00362549     -0.00373535     
-0.00378418     -0.00373535     -0.00358887     -0.0038208     
-0.00386963     -0.00369873     -0.0036499     -0.00377197     
-0.00380859     -0.00375977     -0.00375977     -0.00380859     
-0.00385742     -0.00380859     -0.00371094     -0.00388184     
-0.00405273     -0.00390625     -0.00386963     -0.00388184     
-0.00405273     -0.00380859     -0.00372314     -0.00390625     
-0.00388184     -0.00369873     -0.00366211     -0.00388184     
-0.00372314     -0.00368652     -0.00360107     -0.00377197     
-0.00372314     -0.00356445     -0.00360107     -0.0036377     
-0.00374756     -0.00362549     -0.00340576     -0.00362549     
-0.00354004     -0.00334473     -0.00339355     -0.00354004     
-0.0034668     -0.00344238     -0.00334473     -0.00345459     
-0.00352783     -0.00340576     -0.00328369     -0.00361328     
-0.00351563     -0.00345459     -0.00338135     -0.00350342     
-0.00355225     -0.00339355     -0.00334473     -0.003479     
-0.00358887     -0.00334473     -0.00343018     -0.00362549     
-0.0036377     -0.00350342     -0.00356445     -0.00362549     
-0.00367432     -0.00361328     -0.0036499     -0.0036499     
-0.00360107     -0.00354004     -0.00345459     -0.00371094     
-0.00361328     -0.00351563     -0.00357666     -0.00378418     
-0.00368652     -0.00360107     -0.00361328     -0.00373535     
-0.00389404     -0.0036499     -0.0036377     -0.00379639     
-0.00378418     -0.00368652     -0.00367432     -0.00375977     
-0.00369873     -0.00362549     -0.00351563     -0.00375977     
-0.00366211     -0.00352783     -0.00355225     -0.00360107     
-0.00367432     -0.00354004     -0.00338135     -0.00356445     
-0.00369873     -0.00355225     -0.00357666     -0.00372314     
-0.00384521     -0.00378418     -0.00378418     -0.00402832     
-0.00419922     -0.00395508     -0.00402832     -0.00424805     
-0.00428467     -0.00418701     -0.00415039     -0.00423584     
-0.00424805     -0.00405273     -0.00395508     -0.00395508     
-0.00388184     -0.00385742     -0.00372314     -0.00391846     
-0.00390625     -0.00385742     -0.0038208     -0.00408936     
-0.0041626     -0.00415039     -0.00421143     -0.00428467     
-0.00444336     -0.0043335     -0.00419922     -0.00449219     
-0.0045166     -0.00427246     -0.00408936     -0.00430908     
-0.00410156     -0.0039917     -0.00390625     -0.00396729     
-0.00396729     -0.00385742     -0.00380859     -0.00400391     
-0.0041626     -0.00408936     -0.0041748     -0.0043335     
-0.00457764     -0.00443115     -0.00452881     -0.00473633     
-0.00469971     -0.00461426     -0.00465088     -0.00471191     
-0.00467529     -0.00450439     -0.00446777     -0.00440674     
-0.0043335     -0.00418701     -0.00415039     -0.00423584     
-0.00418701     -0.00393066     -0.00393066     -0.00410156     
-0.00406494     -0.00401611     -0.00385742     -0.00404053     
-0.00408936     -0.00401611     -0.00390625     -0.00402832     
-0.00408936     -0.00390625     -0.00402832     -0.00400391     
-0.00404053     -0.00393066     -0.00390625     -0.00404053     
-0.00394287     -0.00380859     -0.00366211     -0.00388184     
-0.00378418     -0.00350342     -0.00352783     -0.00369873     
-0.00366211     -0.00343018     -0.00338135     -0.00371094     
-0.00367432     -0.00349121     -0.00352783     -0.00360107     
-0.00366211     -0.00354004     -0.00355225     -0.0036499     
-0.00361328     -0.00345459     -0.00338135     -0.00340576     
-0.00355225     -0.00332031     -0.00327148     -0.00343018     
-0.00357666     -0.00341797     -0.0034668     -0.00375977     
-0.00374756     -0.00379639     -0.00383301     -0.0041626     
-0.0041626     -0.00412598     -0.00404053     -0.0041626     
-0.00413818     -0.00397949     -0.0039917     -0.00394287     
-0.00402832     -0.00383301     -0.00371094     -0.00388184     
-0.00390625     -0.00368652     -0.00360107     -0.00388184     
-0.00380859     -0.00368652     -0.00358887     -0.00373535     
-0.00385742     -0.0036377     -0.00354004     -0.00379639     
-0.00375977     -0.00352783     -0.00352783     -0.0036377     
-0.0036377     -0.00338135     -0.00345459     -0.0034668     
-0.00354004     -0.00328369     -0.00330811     -0.00352783     
-0.00356445     -0.00343018     -0.00339355     -0.00366211     
-0.00379639     -0.00369873     -0.00369873     -0.00396729     
-0.00405273     -0.00385742     -0.00378418     -0.00404053     
-0.00389404     -0.00384521     -0.00369873     -0.00380859     
-0.00374756     -0.00355225     -0.00338135     -0.00354004     
-0.00362549     -0.00339355     -0.00336914     -0.00358887     
-0.00357666     -0.00344238     -0.0034668     -0.00371094     
-0.00373535     -0.00362549     -0.0036377     -0.00388184     
-0.00386963     -0.00373535     -0.00390625     -0.00401611     
-0.00405273     -0.00402832     -0.00397949     -0.00412598     
-0.0041626     -0.00401611     -0.00400391     -0.00407715     
-0.00406494     -0.00383301     -0.00380859     -0.00393066     
-0.00389404     -0.0036499     -0.00361328     -0.00375977     
-0.00368652     -0.0034668     -0.003479     -0.00356445     
-0.00345459     -0.00334473     -0.00321045     -0.00332031     
-0.00335693     -0.0032959     -0.003125     -0.00322266     
-0.00313721     -0.00311279     -0.0029541     -0.00322266     
-0.00321045     -0.00317383     -0.00316162     -0.00330811     
-0.00334473     -0.00319824     -0.00318604     -0.00344238     
-0.00339355     -0.00328369     -0.00314941     -0.00335693     
-0.00330811     -0.00318604     -0.00311279     -0.00321045     
-0.00327148     -0.00314941     -0.00310059     -0.00322266     
-0.00327148     -0.00322266     -0.00317383     -0.00338135     
-0.00345459     -0.00340576     -0.00335693     -0.00358887     
-0.00361328     -0.00352783     -0.00355225     -0.00371094     
-0.00377197     -0.00360107     -0.00360107     -0.00371094     
-0.00373535     -0.00352783     -0.00358887     -0.0036377     
-0.00366211     -0.00357666     -0.0034668     -0.00358887     
-0.00357666     -0.00341797     -0.00334473     -0.0034668     
-0.00344238     -0.00336914     -0.00317383     -0.00319824     
-0.0032959     -0.00305176     -0.00303955     -0.00314941     
-0.003125     -0.00300293     -0.00290527     -0.00305176     
-0.003125     -0.0029541     -0.00294189     -0.00317383     
-0.00308838     -0.0029541     -0.00291748     -0.00313721     
-0.003125     -0.00300293     -0.00292969     -0.00321045     
-0.00322266     -0.00305176     -0.00319824     -0.00333252     
-0.00334473     -0.00323486     -0.00328369     -0.00341797     
-0.00343018     -0.00325928     -0.00319824     -0.00343018     
-0.00340576     -0.00319824     -0.00314941     -0.00334473     
-0.00340576     -0.00325928     -0.00333252     -0.00335693     
-0.00344238     -0.00345459     -0.00343018     -0.0036499     
-0.00361328     -0.00367432     -0.00349121     -0.00367432     
-0.00367432     -0.00344238     -0.003479     -0.00343018     
-0.00341797     -0.00314941     -0.00299072     -0.00306396     
-0.00299072     -0.0027832     -0.00274658     -0.00290527     
-0.00290527     -0.00290527     -0.00297852     -0.00328369     
-0.00339355     -0.00335693     -0.00345459     -0.00390625     
-0.00384521     -0.00380859     -0.0038208     -0.00386963     
-0.00400391     -0.00355225     -0.00355225     -0.00357666     
-0.003479     -0.00324707     -0.00303955     -0.00311279     
-0.00301514     -0.00268555     -0.00267334     -0.00279541     
-0.00283203     -0.0026123     -0.00270996     -0.00280762     
-0.00291748     -0.00279541     -0.00279541     -0.00305176     
-0.00300293     -0.00296631     -0.00294189     -0.00321045     
-0.00310059     -0.00303955     -0.00303955     -0.00323486     
-0.00328369     -0.00303955     -0.00316162     -0.00338135     
-0.00340576     -0.00338135     -0.00344238     -0.00362549     
-0.00380859     -0.00362549     -0.00355225     -0.00371094     
-0.00379639     -0.00352783     -0.0034668     -0.00360107     
-0.00354004     -0.00330811     -0.003125     -0.00324707     
-0.00328369     -0.00294189     -0.00306396     -0.00308838     
-0.00319824     -0.00306396     -0.00299072     -0.003125     
-0.00325928     -0.00300293     -0.00294189     -0.00301514     
-0.00310059     -0.00283203     -0.00275879     -0.002771     
-0.00275879     -0.00263672     -0.00246582     -0.00264893     
-0.00266113     -0.00251465     -0.00234375     -0.00256348     
-0.00251465     -0.00234375     -0.00233154     -0.00253906     
-0.00249023     -0.00241699     -0.00247803     -0.00256348     
-0.00273438     -0.00256348     -0.00255127     -0.00268555     
-0.002771     -0.00262451     -0.0026001     -0.00281982     
-0.00275879     -0.00268555     -0.00266113     -0.002771     
-0.00297852     -0.00279541     -0.00285645     -0.00301514     
-0.00301514     -0.00305176     -0.00306396     -0.00321045     
-0.00336914     -0.00321045     -0.00327148     -0.00341797     
-0.00345459     -0.00330811     -0.00330811     -0.00340576     
-0.00343018     -0.00339355     -0.00339355     -0.00350342     
-0.00361328     -0.00334473     -0.00335693     -0.00349121     
-0.00355225     -0.00332031     -0.00324707     -0.00350342     
-0.0034668     -0.00319824     -0.00318604     -0.0034668     
-0.00339355     -0.00324707     -0.00332031     -0.00344238     
-0.003479     -0.00325928     -0.00336914     -0.00349121     
-0.00338135     -0.00327148     -0.00323486     -0.00338135     
-0.00335693     -0.00327148     -0.00307617     -0.0032959     
-0.00340576     -0.00327148     -0.00323486     -0.0034668     
-0.00362549     -0.00352783     -0.00354004     -0.00379639     
-0.00380859     -0.00362549     -0.00368652     -0.00368652     
-0.00390625     -0.00371094     -0.00371094     -0.00380859     
-0.0038208     -0.00372314     -0.0036499     -0.00375977     
-0.00380859     -0.00357666     -0.00354004     -0.0036377     
-0.00360107     -0.00339355     -0.00323486     -0.00339355     
-0.00323486     -0.00302734     -0.00285645     -0.00307617     
-0.00292969     -0.00285645     -0.00272217     -0.00290527     
-0.00294189     -0.0027832     -0.00280762     -0.00286865     
-0.00308838     -0.00296631     -0.00297852     -0.00325928     
-0.00327148     -0.00323486     -0.00330811     -0.00360107     
-0.00357666     -0.00371094     -0.00368652     -0.00375977     
-0.00390625     -0.00385742     -0.00374756     -0.00389404     
-0.00386963     -0.00379639     -0.00379639     -0.00374756     
-0.00383301     -0.00366211     -0.00360107     -0.00362549     
-0.00362549     -0.00349121     -0.0032959     -0.00334473     
-0.00330811     -0.00305176     -0.00302734     -0.00311279     
-0.00316162     -0.00297852     -0.00307617     -0.00327148     
-0.00328369     -0.00318604     -0.00321045     -0.00340576     
-0.00349121     -0.00339355     -0.00330811     -0.00350342     
-0.00334473     -0.00330811     -0.00317383     -0.00321045     
-0.00324707     -0.00302734     -0.00301514     -0.00322266     
-0.00319824     -0.00318604     -0.00311279     -0.00327148     
-0.00327148     -0.00327148     -0.00316162     -0.00336914     
-0.00343018     -0.00316162     -0.00310059     -0.00325928     
-0.00324707     -0.00314941     -0.0029541     -0.00321045     
-0.00327148     -0.00300293     -0.00302734     -0.0032959     
-0.00340576     -0.00323486     -0.00325928     -0.00339355     
-0.00352783     -0.00345459     -0.00336914     -0.0036377     
-0.00351563     -0.0032959     -0.00330811     -0.00333252     
-0.00341797     -0.00319824     -0.003125     -0.00316162     
-0.00316162     -0.00310059     -0.00294189     -0.00321045     
-0.00324707     -0.00307617     -0.00305176     -0.00321045     
-0.00324707     -0.00318604     -0.00325928     -0.00322266     
-0.00338135     -0.00322266     -0.00323486     -0.00349121     
-0.00351563     -0.00343018     -0.00343018     -0.00354004     
-0.00351563     -0.00375977     -0.00355225     -0.00361328     
-0.00375977     -0.00351563     -0.00354004     -0.00373535     
-0.00360107     -0.00351563     -0.00351563     -0.00351563     
-0.00355225     -0.00339355     -0.00341797     -0.00345459     
-0.00349121     -0.00334473     -0.00327148     -0.00339355     
-0.00335693     -0.00322266     -0.00328369     -0.00324707     
-0.00333252     -0.00308838     -0.00313721     -0.00334473     
-0.0032959     -0.00324707     -0.00310059     -0.00334473     

