Source : transient; Time : Wed Jun 14 07:43:11 2017
B0 = 3264.000000 Gauss, mw = 9.686281 GHz
 NDI-T2 sa261 20/2 42/25 523nm/1mJ
1 5000 -1.001e-06 8.997e-06 0 0
s                        V                                                 
-0.000512695     -0.000598145     -0.000488281     -0.000500488     
-0.000463867     -0.000537109     -0.000427246     -0.000268555     
-0.000390625     -0.000244141     -0.000219727     -9.76563e-05     
-6.10352e-05     9.76563e-05     8.54492e-05     0.00012207     
8.54492e-05     0.000109863     1.2207e-05     2.44141e-05     
-8.54492e-05     -8.54492e-05     -0.000219727     -0.00012207     
-0.000305176     -0.000402832     -0.000354004     -0.000268555     
-0.000378418     -0.000427246     -0.000354004     -0.000219727     
-0.000341797     -0.000415039     -0.000512695     -0.000415039     
-0.000512695     -0.000549316     -0.000585938     -0.000537109     
-0.000683594     -0.000683594     -0.000695801     -0.000646973     
-0.000695801     -0.00065918     -0.00057373     -0.000561523     
-0.000598145     -0.000646973     -0.000488281     -0.000476074     
-0.000500488     -0.000476074     -0.000390625     -0.000402832     
-0.000500488     -0.000488281     -0.000439453     -0.000292969     
-0.00045166     -0.00045166     -0.000378418     -0.000366211     
-0.000390625     -0.000341797     -0.000292969     -0.000390625     
-0.000488281     -0.000512695     -0.000634766     -0.000598145     
-0.000866699     -0.00090332     -0.0010498     -0.00106201     
-0.0012085     -0.00124512     -0.00124512     -0.00133057     
-0.00151367     -0.00142822     -0.00147705     -0.00150146     
-0.00152588     -0.00144043     -0.0013916     -0.00125732     
-0.00129395     -0.00126953     -0.00111084     -0.000964355     
-0.000964355     -0.000830078     -0.000744629     -0.000549316     
-0.000524902     -0.000488281     -0.000415039     -0.000317383     
-0.000231934     -0.000317383     -0.000183105     -0.000183105     
-0.00012207     -0.000134277     -9.76563e-05     -1.2207e-05     
-9.76563e-05     -9.76563e-05     -0.000146484     -0.00012207     
-0.000280762     -0.000244141     -0.000317383     -0.000415039     
-0.00057373     -0.000671387     -0.000646973     -0.000695801     
-0.000915527     -0.000952148     -0.000915527     -0.000878906     
-0.000866699     -0.00090332     -0.000744629     -0.000561523     
-0.00065918     -0.000622559     -0.000500488     -0.000256348     
-0.000317383     -0.00020752     -0.000219727     -0.000146484     
-0.000219727     -0.000146484     -0.000146484     -0.000183105     
-0.000109863     -0.000158691     -0.000219727     0     
-0.000170898     -0.000170898     -0.000256348     -0.000219727     
-0.000280762     -0.00045166     -0.000463867     -0.000500488     
-0.000622559     -0.000854492     -0.000769043     -0.000866699     
-0.00108643     -0.00109863     -0.00111084     -0.000976563     
-0.00111084     -0.00111084     -0.0010376     -0.00098877     
-0.000878906     -0.000769043     -0.000646973     -0.000598145     
-0.000439453     -0.000427246     -0.000390625     -0.00020752     
-0.000183105     -0.00012207     -0.000109863     2.44141e-05     
-6.10352e-05     -0.00012207     -7.32422e-05     -9.76563e-05     
-0.000219727     -0.000134277     -0.000134277     -9.76563e-05     
-0.000280762     -0.000268555     -0.000317383     -0.000231934     
-0.000317383     -0.000402832     -0.000280762     -0.000183105     
-0.000415039     -0.000256348     -0.000378418     -0.000256348     
-0.000219727     -0.000244141     -0.000134277     -2.44141e-05     
-0.000134277     -0.000231934     -7.32422e-05     -6.10352e-05     
-8.54492e-05     -0.000109863     -2.44141e-05     7.32422e-05     
-9.76563e-05     2.44141e-05     8.54492e-05     7.32422e-05     
0.00012207     0.000231934     0.000292969     0.000317383     
0.000427246     0.000280762     0.000378418     0.000476074     
0.000378418     0.000476074     0.000427246     0.000488281     
0.000268555     0.000158691     0.000109863     0.000134277     
2.44141e-05     0     -7.32422e-05     -0.00012207     
-0.000268555     -0.000244141     -0.000354004     -0.000341797     
-0.000402832     -0.000500488     -0.000488281     -0.000390625     
-0.000476074     -0.000488281     -0.000500488     -0.000415039     
-0.000500488     -0.000378418     -0.000378418     -0.000341797     
-0.000378418     -0.000463867     -0.000305176     -0.000378418     
-0.000378418     -0.000549316     -0.000390625     -0.000512695     
-0.000683594     -0.000708008     -0.000830078     -0.000744629     
-0.000866699     -0.000976563     -0.000817871     -0.000756836     
-0.00078125     -0.000793457     -0.000598145     -0.000598145     
-0.000476074     -0.000439453     -0.000244141     -6.10352e-05     
-0.000244141     -0.000195313     -0.000158691     -1.2207e-05     
-0.000195313     -0.00020752     -0.000183105     -0.000170898     
-0.000354004     -0.000427246     -0.000439453     -0.000427246     
-0.000622559     -0.000732422     -0.000756836     -0.000830078     
-0.00090332     -0.00101318     -0.00106201     -0.000939941     
-0.00109863     -0.000952148     -0.00100098     -0.000939941     
-0.000866699     -0.00090332     -0.000744629     -0.000708008     
-0.000549316     -0.000561523     -0.000439453     -0.00045166     
-0.000366211     -0.000366211     -0.00045166     -0.000366211     
-0.000366211     -0.000427246     -0.000476074     -0.000439453     
-0.000549316     -0.000622559     -0.000512695     -0.000500488     
-0.000549316     -0.000585938     -0.000463867     -0.000390625     
-0.000500488     -0.000537109     -0.000378418     -0.000317383     
-0.000341797     -0.000280762     -0.000170898     -1.2207e-05     
-0.000195313     -0.000170898     -0.000134277     -0.000134277     
-6.10352e-05     -0.000146484     -0.00020752     -8.54492e-05     
-0.00020752     -0.000256348     -0.000231934     -0.000256348     
-0.000268555     -0.000244141     -0.000292969     -0.00012207     
-0.000280762     -0.000341797     -0.000366211     -0.000305176     
-0.000366211     -0.000439453     -0.000402832     -0.000427246     
-0.000415039     -0.000439453     -0.000378418     -0.000354004     
-0.000292969     -0.000354004     -0.00020752     -0.00012207     
-0.000134277     -8.54492e-05     -1.2207e-05     2.44141e-05     
2.44141e-05     -3.66211e-05     0.00012207     0.000134277     
8.54492e-05     3.66211e-05     -0.000146484     -3.66211e-05     
-0.000195313     -0.000244141     -0.000256348     -0.000305176     
-0.000427246     -0.000512695     -0.000610352     -0.000561523     
-0.000561523     -0.000634766     -0.000561523     -0.000378418     
-0.000463867     -0.000402832     -0.00032959     -0.000158691     
-0.000183105     -0.000195313     -0.00012207     2.44141e-05     
-0.000109863     -4.88281e-05     -1.2207e-05     0     
3.66211e-05     2.44141e-05     8.54492e-05     0.000146484     
0.000219727     0.00012207     0.000268555     0.000231934     
0.000317383     0.00032959     0.000402832     0.00045166     
0.000256348     0.000305176     0.000244141     0.000292969     
0.000183105     9.76563e-05     0.00020752     0.000134277     
0.000109863     0     0     3.66211e-05     
-1.2207e-05     -8.54492e-05     -0.000170898     -6.10352e-05     
-0.000268555     -0.000292969     -0.000341797     -0.000305176     
-0.000366211     -0.000415039     -0.000292969     -0.000280762     
-0.000378418     -0.000244141     -0.000256348     -0.000146484     
-0.000231934     -0.000231934     -9.76563e-05     -4.88281e-05     
-0.000170898     -0.000231934     -0.00020752     -0.000109863     
-0.000183105     -0.000231934     -0.000244141     -0.000231934     
-0.000146484     -0.000231934     -0.00020752     -9.76563e-05     
2.44141e-05     -3.66211e-05     9.76563e-05     0.000146484     
0.000195313     0.000195313     0.000219727     0.000427246     
0.00032959     0.000256348     0.000390625     0.000317383     
0.000244141     0.000317383     0.000305176     0.000256348     
0.000170898     0.000146484     0.000109863     0.000244141     
0.000170898     0.000134277     0.000195313     0.000170898     
0.000146484     0.000256348     0.000231934     0.00032959     
0.00020752     0.000146484     0     0.000109863     
1.2207e-05     0     -9.76563e-05     -4.88281e-05     
-0.00020752     -0.000244141     -0.000317383     -0.000292969     
-0.000476074     -0.000378418     -0.000512695     -0.000476074     
-0.000646973     -0.000756836     -0.000610352     -0.000793457     
-0.000817871     -0.00090332     -0.000769043     -0.000866699     
-0.00090332     -0.000866699     -0.00090332     -0.000854492     
-0.000939941     -0.000878906     -0.000878906     -0.000915527     
-0.000915527     -0.000964355     -0.000891113     -0.000952148     
-0.000915527     -0.000964355     -0.000842285     -0.000817871     
-0.000866699     -0.000744629     -0.000744629     -0.000720215     
-0.000646973     -0.000634766     -0.000500488     -0.000415039     
-0.000524902     -0.000585938     -0.000341797     -0.000292969     
-0.000463867     -0.000476074     -0.00045166     -0.000463867     
-0.00065918     -0.000708008     -0.00078125     -0.000708008     
-0.000769043     -0.000891113     -0.000952148     -0.000793457     
-0.00098877     -0.00090332     -0.000878906     -0.000878906     
-0.000805664     -0.000891113     -0.00078125     -0.000805664     
-0.000817871     -0.000939941     -0.000830078     -0.000891113     
-0.0012085     -0.0013916     -0.00158691     -0.00177002     
-0.00222168     -0.00256348     -0.00297852     -0.00324707     
-0.00377197     -0.00429688     -0.00467529     -0.00510254     
-0.0057251     -0.00622559     -0.00671387     -0.00715332     
-0.00770264     -0.0081543     -0.00874023     -0.00909424     
-0.0097168     -0.0102783     -0.0107788     -0.0112549     
-0.0118896     -0.0124146     -0.0128784     -0.0133789     
-0.0140015     -0.0144653     -0.0149048     -0.0151978     
-0.0156982     -0.0161011     -0.016394     -0.0167358     
-0.0170898     -0.0172485     -0.0175293     -0.017688     
-0.0180298     -0.0183472     -0.0185669     -0.0189087     
-0.0193359     -0.0196899     -0.020105     -0.0204468     
-0.0209717     -0.0214478     -0.021875     -0.0223511     
-0.022937     -0.0233154     -0.023877     -0.0242554     
-0.0248291     -0.0252563     -0.0256836     -0.0260742     
-0.0265381     -0.0270508     -0.0274658     -0.0277466     
-0.0281128     -0.0284424     -0.0287598     -0.0289673     
-0.0293091     -0.0296265     -0.0298462     -0.0299316     
-0.0302734     -0.0304565     -0.0306519     -0.0308228     
-0.0312012     -0.0315918     -0.0318604     -0.032019     
-0.0324097     -0.0327271     -0.0330078     -0.0332153     
-0.0336182     -0.0338257     -0.0341187     -0.0342163     
-0.0345093     -0.0345703     -0.0347656     -0.0348389     
-0.0350708     -0.0352539     -0.0353027     -0.0354614     
-0.0356201     -0.0358765     -0.0360107     -0.0363037     
-0.0365723     -0.0368042     -0.0370972     -0.0371826     
-0.0375     -0.0377808     -0.0379639     -0.0380737     
-0.0383789     -0.0385254     -0.0386353     -0.0388306     
-0.0389282     -0.0390503     -0.0391846     -0.0392212     
-0.0394653     -0.0395752     -0.039624     -0.0398193     
-0.039978     -0.0401245     -0.0402344     -0.0403931     
-0.0406372     -0.0408203     -0.0409546     -0.0410522     
-0.0412354     -0.0413696     -0.0414551     -0.0414795     
-0.0415283     -0.0415894     -0.0417358     -0.0416016     
-0.0415527     -0.0416138     -0.0414795     -0.0414307     
-0.0415649     -0.0415649     -0.0415405     -0.0416016     
-0.0416382     -0.0417969     -0.0416992     -0.0417603     
-0.0418579     -0.04198     -0.0419678     -0.0418457     
-0.0419434     -0.0419922     -0.0418701     -0.0418945     
-0.0419556     -0.0419312     -0.0419434     -0.0419312     
-0.0420288     -0.0420898     -0.0422363     -0.0421509     
-0.0424316     -0.0423828     -0.0424805     -0.0425049     
-0.0425659     -0.0426025     -0.0424927     -0.0425049     
-0.0425659     -0.0425171     -0.0424438     -0.042334     
-0.0423096     -0.0421875     -0.0421997     -0.04198     
-0.0420288     -0.0419556     -0.0418091     -0.0416382     
-0.0415894     -0.0415039     -0.0414429     -0.0412231     
-0.0413086     -0.0412231     -0.0411255     -0.040979     
-0.0408936     -0.040979     -0.0408203     -0.0407593     
-0.0407471     -0.0408569     -0.0407104     -0.0406738     
-0.0406738     -0.0406006     -0.0404419     -0.0403076     
-0.040271     -0.0402222     -0.0401733     -0.0400269     
-0.0399292     -0.0400024     -0.0398315     -0.0396973     
-0.0397339     -0.0398193     -0.0397949     -0.0397461     
-0.0397583     -0.0397461     -0.0396484     -0.0394409     
-0.0395752     -0.0394043     -0.0391968     -0.0389526     
-0.0388794     -0.0386597     -0.0383911     -0.0382324     
-0.0380371     -0.0380005     -0.0378052     -0.0375732     
-0.0375854     -0.0373901     -0.0372925     -0.0371582     
-0.0371826     -0.0370972     -0.0370361     -0.0368652     
-0.0367432     -0.0366333     -0.036438     -0.0363037     
-0.0360474     -0.0360352     -0.0357178     -0.0355225     
-0.0354126     -0.0352905     -0.0350586     -0.0348389     
-0.0348267     -0.0346191     -0.0345093     -0.034375     
-0.0342407     -0.0341675     -0.0338989     -0.0337769     
-0.0336914     -0.0336426     -0.0333984     -0.0330933     
-0.0331421     -0.0329224     -0.0326782     -0.0324951     
-0.0324219     -0.0323242     -0.0321167     -0.0318726     
-0.0318726     -0.0317871     -0.0316406     -0.0314087     
-0.0314331     -0.0313477     -0.03125     -0.0311401     
-0.0310547     -0.0310669     -0.030957     -0.0309204     
-0.0309448     -0.0308594     -0.0309692     -0.0308716     
-0.0308594     -0.0307739     -0.0306519     -0.0305298     
-0.0304321     -0.0303467     -0.0300903     -0.029895     
-0.0296509     -0.0295166     -0.0291626     -0.0289551     
-0.0287964     -0.0286011     -0.0284058     -0.0280884     
-0.0280151     -0.0278442     -0.0276001     -0.0273926     
-0.0273315     -0.0271362     -0.0269897     -0.0268677     
-0.0266235     -0.0264648     -0.0263916     -0.0262085     
-0.0262451     -0.0261475     -0.026062     -0.0259277     
-0.0259033     -0.0258301     -0.0256958     -0.0256348     
-0.0255859     -0.0254639     -0.0253662     -0.0251465     
-0.0251953     -0.0251221     -0.0249268     -0.0247559     
-0.0248047     -0.0247314     -0.0246338     -0.0245239     
-0.0247192     -0.0246216     -0.0246704     -0.0244873     
-0.0246826     -0.0247681     -0.0247314     -0.0246216     
-0.0246094     -0.0246704     -0.0245239     -0.0244629     
-0.0243408     -0.0242798     -0.0241821     -0.0240845     
-0.0240479     -0.0239258     -0.0238647     -0.0236816     
-0.0237061     -0.0236938     -0.0235474     -0.0234131     
-0.0233032     -0.0233276     -0.0230957     -0.0228516     
-0.0228394     -0.0226685     -0.0225952     -0.0223511     
-0.0222778     -0.0221313     -0.0220337     -0.0218262     
-0.0217529     -0.0216675     -0.0215454     -0.0214355     
-0.0212524     -0.0211914     -0.0210327     -0.0209106     
-0.0208618     -0.0208618     -0.0208252     -0.0207031     
-0.020813     -0.0208496     -0.0208984     -0.0208984     
-0.0211914     -0.0211914     -0.0213379     -0.0214233     
-0.0215332     -0.0216797     -0.0216309     -0.0216064     
-0.0215942     -0.0217896     -0.0215332     -0.0214722     
-0.0214233     -0.021228     -0.0210938     -0.0209351     
-0.0208618     -0.0207886     -0.0206543     -0.0205811     
-0.0204468     -0.0204346     -0.0203979     -0.0204224     
-0.0204834     -0.0205078     -0.0205322     -0.0204834     
-0.0205078     -0.0205811     -0.0205811     -0.0206299     
-0.020752     -0.0206787     -0.0207764     -0.0208496     
-0.0210205     -0.0209839     -0.0210205     -0.0210205     
-0.0211548     -0.021106     -0.0210693     -0.0210083     
-0.020874     -0.0209473     -0.0207886     -0.0205078     
-0.0205811     -0.020459     -0.0204224     -0.0202271     
-0.0203125     -0.0203369     -0.0202393     -0.0203125     
-0.0203979     -0.0204712     -0.0204224     -0.0204224     
-0.0203491     -0.0204834     -0.0204102     -0.0203613     
-0.02052     -0.0204468     -0.0204712     -0.0204102     
-0.0204712     -0.0206177     -0.0204712     -0.0205688     
-0.0205688     -0.0206055     -0.0205933     -0.0204956     
-0.0205566     -0.0205322     -0.02052     -0.0203979     
-0.0206055     -0.0206421     -0.0207153     -0.0206543     
-0.0207397     -0.0209717     -0.020874     -0.0209229     
-0.0210815     -0.0212158     -0.0212769     -0.0212402     
-0.0213379     -0.0213745     -0.0213867     -0.0212891     
-0.0214355     -0.0214355     -0.0213867     -0.0213623     
-0.0214111     -0.0213867     -0.0213257     -0.0213501     
-0.0213989     -0.0214233     -0.0213623     -0.0214844     
-0.0213745     -0.0216797     -0.0215942     -0.021582     
-0.0216919     -0.021875     -0.0219604     -0.021936     
-0.0221069     -0.0222168     -0.0221558     -0.0221924     
-0.0222412     -0.0223633     -0.022229     -0.0222412     
-0.0221802     -0.022168     -0.0221802     -0.0219971     
-0.0221924     -0.0221069     -0.0220581     -0.0219238     
-0.021936     -0.021936     -0.0217896     -0.0217163     
-0.0218018     -0.0217651     -0.0217285     -0.0217041     
-0.0217529     -0.0218262     -0.0218384     -0.0217896     
-0.0219849     -0.0220581     -0.0221191     -0.0219849     
-0.0221558     -0.0220581     -0.0221069     -0.0220703     
-0.0221802     -0.0222656     -0.022229     -0.02229     
-0.0223022     -0.0223999     -0.02229     -0.0223755     
-0.0224243     -0.022522     -0.0224243     -0.0224121     
-0.0223755     -0.0223633     -0.0223022     -0.0221802     
-0.0223022     -0.0222534     -0.0222168     -0.0221924     
-0.0221191     -0.0223022     -0.0222534     -0.0221436     
-0.0224243     -0.0223877     -0.0224609     -0.0223877     
-0.0225098     -0.0225342     -0.0225342     -0.0225098     
-0.0225586     -0.0226807     -0.0227051     -0.0226563     
-0.0227661     -0.0228882     -0.0229492     -0.022876     
-0.0230103     -0.0231201     -0.0231689     -0.0231445     
-0.0231445     -0.0231567     -0.0231445     -0.0230469     
-0.0232056     -0.0231323     -0.0230713     -0.0230347     
-0.0229858     -0.0229858     -0.0228149     -0.0227051     
-0.0227417     -0.0227051     -0.0224976     -0.0224365     
-0.0223877     -0.022229     -0.0221802     -0.0220459     
-0.0220703     -0.0220093     -0.0219482     -0.021875     
-0.0218628     -0.0218628     -0.021814     -0.0217529     
-0.0217773     -0.0216919     -0.0217407     -0.0216187     
-0.0216187     -0.0215454     -0.0214966     -0.0213745     
-0.0214478     -0.0213257     -0.0213257     -0.0212769     
-0.0212646     -0.0212036     -0.0211914     -0.021106     
-0.021228     -0.0212646     -0.0212769     -0.0212769     
-0.0212646     -0.0212769     -0.0213501     -0.0212524     
-0.0213257     -0.0211792     -0.0212158     -0.0210327     
-0.0210327     -0.0209595     -0.0206787     -0.0205566     
-0.0206177     -0.0205444     -0.0203613     -0.0202637     
-0.0202393     -0.0202393     -0.0200684     -0.0199951     
-0.0201538     -0.0200928     -0.0201294     -0.0200562     
-0.0200073     -0.0200317     -0.0200317     -0.0199219     
-0.0199341     -0.0199097     -0.0198853     -0.0197998     
-0.0198486     -0.019751     -0.0198242     -0.0197266     
-0.0198242     -0.0198364     -0.0199341     -0.0198608     
-0.0198853     -0.0197876     -0.0197998     -0.0197876     
-0.0198364     -0.019812     -0.0197632     -0.0195801     
-0.0195679     -0.0195313     -0.0194214     -0.0192627     
-0.0192505     -0.0191895     -0.019104     -0.0188721     
-0.0189941     -0.0189087     -0.0187256     -0.0187744     
-0.0187744     -0.0188477     -0.0188232     -0.0187378     
-0.0187012     -0.0189087     -0.0187134     -0.0188477     
-0.0189209     -0.0189209     -0.0189697     -0.0188599     
-0.0189941     -0.0190308     -0.0189331     -0.0188232     
-0.0189575     -0.0189453     -0.0188599     -0.0187988     
-0.0187866     -0.018811     -0.0187256     -0.0185913     
-0.018689     -0.0186157     -0.0185669     -0.018335     
-0.0182983     -0.0182251     -0.0179932     -0.0177979     
-0.0176758     -0.0176025     -0.0174927     -0.0172729     
-0.0172485     -0.0171387     -0.0171387     -0.0170532     
-0.0171875     -0.0171753     -0.0171875     -0.0171509     
-0.0172607     -0.0172119     -0.0171875     -0.0170166     
-0.0171265     -0.0170654     -0.0169189     -0.0167847     
-0.016687     -0.0166504     -0.0163696     -0.0163086     
-0.0161987     -0.0161499     -0.0160767     -0.015979     
-0.0161377     -0.0160645     -0.0160767     -0.0160889     
-0.0161865     -0.016272     -0.0162598     -0.0163208     
-0.0163452     -0.0163696     -0.016272     -0.0161865     
-0.0161499     -0.0159912     -0.0159912     -0.0157104     
-0.0156494     -0.0155762     -0.0153809     -0.0153198     
-0.0152832     -0.015271     -0.015271     -0.0151367     
-0.0151855     -0.0151855     -0.0150879     -0.0151123     
-0.015271     -0.015271     -0.0151367     -0.0150635     
-0.0150269     -0.0149902     -0.0149902     -0.0148071     
-0.014856     -0.0148071     -0.0147095     -0.0147217     
-0.0146851     -0.0146973     -0.0146606     -0.0146118     
-0.0146362     -0.0145996     -0.0144897     -0.0144409     
-0.0144409     -0.0144165     -0.0141479     -0.0141357     
-0.0141235     -0.0140747     -0.0139526     -0.0139038     
-0.0139282     -0.0139771     -0.0139038     -0.0139038     
-0.0140137     -0.0140137     -0.0139893     -0.0138184     
-0.0139282     -0.0139038     -0.0137085     -0.013562     
-0.0135986     -0.0134888     -0.0133667     -0.013269     
-0.0131958     -0.0131592     -0.013147     -0.0130371     
-0.0133057     -0.0132813     -0.0133423     -0.0133301     
-0.0133545     -0.0133911     -0.0134399     -0.0132935     
-0.0133911     -0.0132446     -0.0132324     -0.0130371     
-0.0130615     -0.0130371     -0.012854     -0.0128174     
-0.0128174     -0.012915     -0.0128052     -0.0128662     
-0.0128662     -0.0130859     -0.0129639     -0.0129761     
-0.0132202     -0.013269     -0.0132813     -0.013269     
-0.0132446     -0.0134277     -0.0132202     -0.0131592     
-0.0132324     -0.0132813     -0.0131836     -0.0130737     
-0.0132202     -0.0130737     -0.0131226     -0.0130371     
-0.0130859     -0.0131226     -0.0131592     -0.0129761     
-0.0129517     -0.0128418     -0.0128418     -0.0127075     
-0.0127197     -0.0127319     -0.0127441     -0.0125732     
-0.0126465     -0.0128052     -0.0126953     -0.0126465     
-0.0129028     -0.0129517     -0.0130249     -0.0130737     
-0.0131348     -0.0131714     -0.0131958     -0.0132202     
-0.0132935     -0.0131836     -0.0131836     -0.0131226     
-0.0129761     -0.0130249     -0.0128052     -0.0126465     
-0.0127075     -0.0126343     -0.0125732     -0.0124634     
-0.0124878     -0.0125122     -0.0123047     -0.0123413     
-0.0124512     -0.0124756     -0.0124146     -0.0123535     
-0.0124634     -0.0124634     -0.0125488     -0.0123779     
-0.0125366     -0.0125122     -0.012439     -0.0124634     
-0.0125366     -0.0125244     -0.0124512     -0.0125122     
-0.0125244     -0.0125     -0.0125122     -0.0124146     
-0.0125122     -0.0126099     -0.0125977     -0.0126343     
-0.0127319     -0.0127197     -0.0127563     -0.0127075     
-0.0127686     -0.0126343     -0.0126099     -0.0125977     
-0.0126831     -0.0126709     -0.0125366     -0.0124878     
-0.0124512     -0.0125366     -0.0123779     -0.012439     
-0.0123413     -0.0124146     -0.0125366     -0.012439     
-0.0124756     -0.0125244     -0.0125     -0.0123657     
-0.0124634     -0.0125244     -0.0125366     -0.0124023     
-0.0123901     -0.0125244     -0.0125     -0.0124756     
-0.0126099     -0.0126221     -0.0125854     -0.0125854     
-0.0127808     -0.0127808     -0.0127441     -0.0126343     
-0.0128052     -0.0129395     -0.0128784     -0.0128906     
-0.0130493     -0.0131958     -0.0131836     -0.0131958     
-0.0133301     -0.0134644     -0.0134644     -0.0134277     
-0.0136719     -0.0135498     -0.0135986     -0.013501     
-0.0136841     -0.013562     -0.0135742     -0.013501     
-0.0134766     -0.013562     -0.0134766     -0.013562     
-0.0136108     -0.0136963     -0.0136108     -0.0136353     
-0.0137573     -0.0138672     -0.0138916     -0.0137085     
-0.013855     -0.0138916     -0.013855     -0.0138428     
-0.0138062     -0.0138306     -0.0136841     -0.0136963     
-0.0138062     -0.0136963     -0.0136963     -0.0136108     
-0.0135986     -0.013562     -0.0135376     -0.0135132     
-0.0136475     -0.0136963     -0.0137573     -0.0136841     
-0.0139282     -0.0140137     -0.0139648     -0.0139282     
-0.0141357     -0.0142578     -0.0141357     -0.0140625     
-0.0140259     -0.013855     -0.0137207     -0.0135864     
-0.0135864     -0.013501     -0.0134155     -0.0133301     
-0.013208     -0.0131226     -0.0130859     -0.0130005     
-0.0130859     -0.0131226     -0.0129272     -0.0129517     
-0.0129395     -0.0129639     -0.0129883     -0.0129395     
-0.0131104     -0.0130493     -0.0131348     -0.0130859     
-0.0131348     -0.0132202     -0.0131104     -0.0131226     
-0.0131104     -0.0131836     -0.0132202     -0.0131592     
-0.013269     -0.013269     -0.0133301     -0.0132446     
-0.0134399     -0.0134888     -0.0134888     -0.0134766     
-0.0135498     -0.0136108     -0.0135254     -0.0133789     
-0.0134277     -0.0133545     -0.0133667     -0.013208     
-0.0130859     -0.0130493     -0.0130859     -0.0129883     
-0.0130127     -0.0130127     -0.0131348     -0.0129395     
-0.0130615     -0.0131104     -0.0131592     -0.0131226     
-0.0130981     -0.0131226     -0.0130493     -0.0130737     
-0.0130737     -0.0131714     -0.0129883     -0.0130493     
-0.0130859     -0.0130737     -0.0130249     -0.0128784     
-0.0130005     -0.0130371     -0.012854     -0.0128662     
-0.0128906     -0.0130005     -0.0128052     -0.0128296     
-0.0128052     -0.0128052     -0.0127563     -0.0127808     
-0.0127686     -0.0128174     -0.0127808     -0.0126953     
-0.0128296     -0.0127441     -0.0128174     -0.0128296     
-0.0129272     -0.0128784     -0.0129517     -0.0128662     
-0.0129517     -0.0128296     -0.0127686     -0.012793     
-0.0127686     -0.0127319     -0.0126465     -0.0124756     
-0.0125488     -0.012439     -0.0122437     -0.0122437     
-0.0122192     -0.0121582     -0.0121338     -0.0121216     
-0.0120361     -0.0121704     -0.0120972     -0.0121338     
-0.0121948     -0.0122925     -0.0122803     -0.0122681     
-0.0122803     -0.0122314     -0.0122192     -0.0120728     
-0.0120239     -0.0119507     -0.0117676     -0.0115967     
-0.0114136     -0.011377     -0.0112427     -0.0110962     
-0.0111816     -0.0112549     -0.0113525     -0.0113159     
-0.0114746     -0.0116089     -0.0117432     -0.0118286     
-0.0119751     -0.012146     -0.0121826     -0.0120361     
-0.0121338     -0.0120728     -0.0119873     -0.0117676     
-0.0117065     -0.0115723     -0.0113159     -0.0110596     
-0.0109009     -0.0107544     -0.0106445     -0.010437     
-0.0104492     -0.0103149     -0.0103638     -0.0102783     
-0.0103027     -0.0104614     -0.0103638     -0.0104614     
-0.0106689     -0.0108276     -0.0107544     -0.010791     
-0.0108398     -0.0108032     -0.01073     -0.0105103     
-0.0106323     -0.0105591     -0.0104004     -0.0103516     
-0.0101807     -0.0102661     -0.0101929     -0.0100464     
-0.0102051     -0.0101685     -0.0102173     -0.0100464     
-0.010144     -0.0102295     -0.0101196     -0.0101196     
-0.0102539     -0.0102905     -0.0101685     -0.0102173     
-0.0102661     -0.0102417     -0.0101807     -0.0101563     
-0.0101929     -0.0102173     -0.0101929     -0.0101196     
-0.010144     -0.0100098     -0.00999756     -0.00991211     
-0.00997314     -0.00991211     -0.00991211     -0.00983887     
-0.00996094     -0.00999756     -0.00985107     -0.00998535     
-0.0101196     -0.0102417     -0.0102173     -0.0102417     
-0.0102783     -0.0103516     -0.0103149     -0.0102173     
-0.0102661     -0.0102173     -0.0100342     -0.00993652     
-0.00981445     -0.00979004     -0.00957031     -0.00944824     
-0.00944824     -0.00952148     -0.00949707     -0.00942383     
-0.00950928     -0.00957031     -0.00969238     -0.00961914     
-0.00982666     -0.00986328     -0.00997314     -0.00999756     
-0.00992432     -0.0100098     -0.00998535     -0.00985107     
-0.00997314     -0.0098877     -0.00976563     -0.00957031     
-0.00955811     -0.00946045     -0.00942383     -0.00925293     
-0.00927734     -0.00927734     -0.00931396     -0.00924072     
-0.00935059     -0.00931396     -0.00942383     -0.00941162     
-0.00959473     -0.00970459     -0.00961914     -0.00969238     
-0.00974121     -0.00983887     -0.009729     -0.00969238     
-0.00977783     -0.00969238     -0.00964355     -0.00948486     
-0.00946045     -0.00946045     -0.00932617     -0.0092041     
-0.00924072     -0.00927734     -0.00925293     -0.00922852     
-0.00932617     -0.00938721     -0.00939941     -0.00938721     
-0.00950928     -0.00955811     -0.00958252     -0.00958252     
-0.00969238     -0.00958252     -0.00959473     -0.00955811     
-0.00959473     -0.00948486     -0.00942383     -0.00932617     
-0.00933838     -0.00933838     -0.00932617     -0.00926514     
-0.00938721     -0.00936279     -0.00944824     -0.00941162     
-0.00959473     -0.00961914     -0.00968018     -0.00968018     
-0.0098999     -0.0098999     -0.00996094     -0.00999756     
-0.00998535     -0.010022     -0.00985107     -0.00977783     
-0.00969238     -0.00957031     -0.00939941     -0.00926514     
-0.00921631     -0.00904541     -0.00888672     -0.00881348     
-0.00876465     -0.00883789     -0.00881348     -0.00872803     
-0.00878906     -0.00894775     -0.00893555     -0.00898438     
-0.00911865     -0.00916748     -0.00926514     -0.00917969     
-0.00930176     -0.009375     -0.00938721     -0.00936279     
-0.00946045     -0.00944824     -0.0095459     -0.00947266     
-0.00959473     -0.00964355     -0.00970459     -0.00966797     
-0.00977783     -0.00983887     -0.00980225     -0.00980225     
-0.00987549     -0.00980225     -0.00986328     -0.00966797     
-0.00982666     -0.00976563     -0.00968018     -0.00964355     
-0.0095459     -0.00960693     -0.00955811     -0.00955811     
-0.00961914     -0.009729     -0.00969238     -0.00966797     
-0.00974121     -0.009729     -0.00975342     -0.00970459     
-0.00969238     -0.00964355     -0.00966797     -0.00957031     
-0.00955811     -0.00950928     -0.00935059     -0.00931396     
-0.009375     -0.00933838     -0.00935059     -0.00921631     
-0.00930176     -0.00932617     -0.00927734     -0.00922852     
-0.00931396     -0.00928955     -0.00925293     -0.00931396     
-0.00930176     -0.00928955     -0.00925293     -0.00915527     
-0.00941162     -0.00933838     -0.00931396     -0.00928955     
-0.0092041     -0.00926514     -0.00922852     -0.00904541     
-0.00917969     -0.00906982     -0.00909424     -0.00905762     
-0.00905762     -0.00910645     -0.00908203     -0.00917969     
-0.00922852     -0.00939941     -0.00943604     -0.00943604     
-0.00957031     -0.00955811     -0.0095459     -0.00960693     
-0.0097168     -0.00969238     -0.00964355     -0.00955811     
-0.00955811     -0.0095459     -0.00943604     -0.00941162     
-0.00942383     -0.00943604     -0.00938721     -0.00925293     
-0.00932617     -0.00930176     -0.00935059     -0.00928955     
-0.00944824     -0.00946045     -0.00950928     -0.009375     
-0.00947266     -0.00958252     -0.00950928     -0.00944824     
-0.00950928     -0.00949707     -0.00949707     -0.00947266     
-0.00950928     -0.00944824     -0.00944824     -0.00943604     
-0.00949707     -0.0095459     -0.00959473     -0.00938721     
-0.00961914     -0.00963135     -0.00960693     -0.00964355     
-0.00974121     -0.00979004     -0.00977783     -0.00977783     
-0.00985107     -0.010022     -0.00993652     -0.00986328     
-0.00991211     -0.00987549     -0.00977783     -0.00966797     
-0.00960693     -0.00963135     -0.00944824     -0.00931396     
-0.00925293     -0.00926514     -0.00911865     -0.00906982     
-0.00911865     -0.00919189     -0.00919189     -0.00915527     
-0.00935059     -0.00942383     -0.0095459     -0.00958252     
-0.00966797     -0.00980225     -0.00982666     -0.00980225     
-0.00997314     -0.00996094     -0.00992432     -0.00982666     
-0.00985107     -0.00987549     -0.00969238     -0.00958252     
-0.00958252     -0.00958252     -0.00960693     -0.00944824     
-0.00942383     -0.009375     -0.00938721     -0.00935059     
-0.00939941     -0.00948486     -0.00942383     -0.00933838     
-0.00943604     -0.00938721     -0.00932617     -0.00921631     
-0.00930176     -0.00930176     -0.0092041     -0.00906982     
-0.00916748     -0.00919189     -0.00904541     -0.00897217     
-0.0090332     -0.00898438     -0.00897217     -0.00895996     
-0.0088501     -0.00895996     -0.00880127     -0.00880127     
-0.00888672     -0.0088623     -0.00895996     -0.00891113     
-0.00892334     -0.009021     -0.00898438     -0.0090332     
-0.00908203     -0.0092041     -0.00921631     -0.00919189     
-0.0092041     -0.00906982     -0.00900879     -0.00882568     
-0.0090332     -0.0088623     -0.0086792     -0.00864258     
-0.00864258     -0.0086792     -0.00865479     -0.00858154     
-0.00877686     -0.00877686     -0.00891113     -0.00893555     
-0.00893555     -0.0090332     -0.00911865     -0.00916748     
-0.009021     -0.00914307     -0.0090332     -0.00898438     
-0.009021     -0.00891113     -0.00900879     -0.00894775     
-0.0090332     -0.0090332     -0.00911865     -0.00908203     
-0.00908203     -0.00919189     -0.00915527     -0.00897217     
-0.00911865     -0.00905762     -0.00889893     -0.00874023     
-0.00882568     -0.00869141     -0.00844727     -0.00837402     
-0.00839844     -0.00826416     -0.00822754     -0.00809326     
-0.00817871     -0.00817871     -0.00811768     -0.00793457     
-0.00800781     -0.00810547     -0.00814209     -0.00799561     
-0.00804443     -0.00803223     -0.00797119     -0.00782471     
-0.00800781     -0.00787354     -0.00776367     -0.00773926     
-0.00767822     -0.00775146     -0.00756836     -0.00754395     
-0.00751953     -0.00759277     -0.00751953     -0.00754395     
-0.00751953     -0.00762939     -0.00759277     -0.00744629     
-0.00769043     -0.00767822     -0.00769043     -0.00765381     
-0.00767822     -0.00773926     -0.00767822     -0.00759277     
-0.00743408     -0.0074707     -0.00743408     -0.00723877     
-0.0072998     -0.0071167     -0.00717773     -0.00700684     
-0.00717773     -0.00722656     -0.00721436     -0.00718994     
-0.00733643     -0.00743408     -0.00742188     -0.00743408     
-0.0076416     -0.00770264     -0.00777588     -0.00778809     
-0.00780029     -0.00789795     -0.00783691     -0.00777588     
-0.00788574     -0.00789795     -0.00797119     -0.00791016     
-0.00799561     -0.00805664     -0.00811768     -0.00805664     
-0.00826416     -0.00836182     -0.00830078     -0.0083252     
-0.00823975     -0.00831299     -0.00822754     -0.00811768     
-0.00811768     -0.00810547     -0.00808105     -0.0079834     
-0.00797119     -0.00805664     -0.00803223     -0.00800781     
-0.00802002     -0.0081665     -0.00809326     -0.0081543     
-0.00814209     -0.00805664     -0.00812988     -0.0079834     
-0.00808105     -0.00810547     -0.00812988     -0.00794678     
-0.00805664     -0.00811768     -0.00806885     -0.00803223     
-0.00825195     -0.00817871     -0.00817871     -0.0081543     
-0.00825195     -0.0081665     -0.00810547     -0.00808105     
-0.00817871     -0.00804443     -0.00805664     -0.00802002     
-0.00802002     -0.00780029     -0.0078125     -0.00761719     
-0.00767822     -0.00767822     -0.00755615     -0.00754395     
-0.00751953     -0.00762939     -0.00753174     -0.00755615     
-0.0076416     -0.00767822     -0.00762939     -0.00759277     
-0.00761719     -0.00766602     -0.00748291     -0.00737305     
-0.00743408     -0.00740967     -0.00727539     -0.00717773     
-0.00716553     -0.00717773     -0.00699463     -0.00693359     
-0.00704346     -0.00699463     -0.00700684     -0.00686035     
-0.00689697     -0.00700684     -0.00705566     -0.00695801     
-0.00715332     -0.00717773     -0.00716553     -0.0071167     
-0.00726318     -0.00732422     -0.00727539     -0.00715332     
-0.00726318     -0.00731201     -0.00725098     -0.00715332     
-0.00718994     -0.00712891     -0.00706787     -0.00699463     
-0.00701904     -0.00697021     -0.00700684     -0.00701904     
-0.00689697     -0.00714111     -0.0071167     -0.00712891     
-0.00717773     -0.00734863     -0.00732422     -0.00734863     
-0.00740967     -0.00743408     -0.00740967     -0.0072998     
-0.00749512     -0.00749512     -0.00737305     -0.00738525     
-0.00739746     -0.0074707     -0.00740967     -0.00736084     
-0.00744629     -0.00749512     -0.00755615     -0.00749512     
-0.00762939     -0.0076416     -0.00762939     -0.00760498     
-0.00777588     -0.00771484     -0.00770264     -0.00766602     
-0.00775146     -0.00770264     -0.00769043     -0.00772705     
-0.00787354     -0.00777588     -0.00777588     -0.00780029     
-0.00780029     -0.00782471     -0.00778809     -0.00762939     
-0.0078125     -0.00769043     -0.0076416     -0.0074707     
-0.00749512     -0.00749512     -0.00736084     -0.00725098     
-0.0072876     -0.00731201     -0.00721436     -0.00722656     
-0.00714111     -0.00717773     -0.00714111     -0.00705566     
-0.00709229     -0.00708008     -0.0071167     -0.00703125     
-0.00706787     -0.00715332     -0.00706787     -0.00718994     
-0.00726318     -0.00734863     -0.00737305     -0.00733643     
-0.00750732     -0.00743408     -0.00742188     -0.00736084     
-0.0074707     -0.00748291     -0.0074585     -0.00722656     
-0.00726318     -0.00727539     -0.00717773     -0.00701904     
-0.00710449     -0.00712891     -0.00708008     -0.00697021     
-0.00712891     -0.00703125     -0.00698242     -0.00704346     
-0.00712891     -0.00715332     -0.00733643     -0.00733643     
-0.00738525     -0.00743408     -0.00759277     -0.00755615     
-0.00770264     -0.00782471     -0.00783691     -0.0078125     
-0.00775146     -0.00787354     -0.00772705     -0.00754395     
-0.00772705     -0.00761719     -0.00761719     -0.00753174     
-0.00750732     -0.0074707     -0.00739746     -0.00732422     
-0.00739746     -0.00744629     -0.00740967     -0.00743408     
-0.00751953     -0.00756836     -0.00765381     -0.00753174     
-0.00771484     -0.00765381     -0.00767822     -0.00761719     
-0.00765381     -0.00758057     -0.00760498     -0.00749512     
-0.00753174     -0.00751953     -0.00758057     -0.00744629     
-0.00743408     -0.00748291     -0.00748291     -0.00744629     
-0.00762939     -0.0078125     -0.00778809     -0.00782471     
-0.00794678     -0.00806885     -0.00808105     -0.0079834     
-0.0081543     -0.00814209     -0.0079834     -0.00789795     
-0.00787354     -0.00792236     -0.0078125     -0.00772705     
-0.00772705     -0.00778809     -0.00783691     -0.00778809     
-0.00782471     -0.00788574     -0.00786133     -0.00786133     
-0.00791016     -0.00805664     -0.00808105     -0.00808105     
-0.00802002     -0.00823975     -0.00821533     -0.00811768     
-0.00826416     -0.00827637     -0.00830078     -0.00820313     
-0.00817871     -0.00819092     -0.00812988     -0.0079834     
-0.00791016     -0.00792236     -0.00791016     -0.0078125     
-0.00777588     -0.00777588     -0.00771484     -0.0076416     
-0.00780029     -0.00772705     -0.00786133     -0.00770264     
-0.00777588     -0.00775146     -0.00777588     -0.00771484     
-0.00776367     -0.00787354     -0.00780029     -0.00784912     
-0.00782471     -0.00789795     -0.00792236     -0.00793457     
-0.00804443     -0.00810547     -0.00803223     -0.0079834     
-0.00806885     -0.00799561     -0.00795898     -0.00787354     
-0.00788574     -0.00786133     -0.00784912     -0.00775146     
-0.00773926     -0.00772705     -0.00756836     -0.00760498     
-0.00758057     -0.00744629     -0.00748291     -0.00737305     
-0.00734863     -0.00736084     -0.00726318     -0.00715332     
-0.00720215     -0.00720215     -0.00720215     -0.00710449     
-0.00717773     -0.00720215     -0.0071167     -0.00708008     
-0.00725098     -0.00725098     -0.00722656     -0.00712891     
-0.00714111     -0.00717773     -0.00710449     -0.00700684     
-0.00710449     -0.00700684     -0.00710449     -0.00706787     
-0.00706787     -0.00721436     -0.00712891     -0.00716553     
-0.00738525     -0.00742188     -0.00738525     -0.00744629     
-0.00740967     -0.00758057     -0.00744629     -0.00753174     
-0.00761719     -0.00760498     -0.00760498     -0.00751953     
-0.00756836     -0.00766602     -0.00760498     -0.00759277     
-0.00762939     -0.0076416     -0.00759277     -0.00744629     
-0.0074707     -0.00739746     -0.00734863     -0.00726318     
-0.00722656     -0.00716553     -0.00718994     -0.00703125     
-0.0071167     -0.0071167     -0.00708008     -0.00705566     
-0.00717773     -0.00718994     -0.00723877     -0.00717773     
-0.00722656     -0.00717773     -0.00710449     -0.00704346     
-0.00716553     -0.00701904     -0.0069458     -0.00678711     
-0.00689697     -0.00681152     -0.0067749     -0.00670166     
-0.00682373     -0.00698242     -0.00697021     -0.00698242     
-0.00703125     -0.00722656     -0.00715332     -0.00706787     
-0.00716553     -0.0071167     -0.00710449     -0.00699463     
-0.00684814     -0.0067627     -0.00667725     -0.00650635     
-0.00645752     -0.00650635     -0.00637207     -0.00618896     
-0.00627441     -0.00625     -0.00616455     -0.00603027     
-0.00620117     -0.00609131     -0.00603027     -0.00598145     
-0.00600586     -0.00594482     -0.00592041     -0.00587158     
-0.00594482     -0.00594482     -0.00588379     -0.00582275     
-0.00594482     -0.005896     -0.00584717     -0.00582275     
-0.00593262     -0.00594482     -0.00588379     -0.0059082     
-0.00593262     -0.00604248     -0.00612793     -0.00609131     
-0.00633545     -0.00654297     -0.00655518     -0.00673828     
-0.00698242     -0.00721436     -0.00716553     -0.0072876     
-0.00743408     -0.0076416     -0.00771484     -0.00772705     
-0.0078125     -0.00778809     -0.0078125     -0.00766602     
-0.00766602     -0.0076416     -0.00742188     -0.0072876     
-0.00725098     -0.00701904     -0.00673828     -0.0065918     
-0.00666504     -0.00651855     -0.00649414     -0.00644531     
-0.00637207     -0.00643311     -0.0064209     -0.00632324     
-0.00644531     -0.00643311     -0.00637207     -0.00633545     
-0.00635986     -0.00628662     -0.00622559     -0.00612793     
-0.00622559     -0.00623779     -0.00621338     -0.00612793     
-0.00623779     -0.00627441     -0.00627441     -0.00617676     
-0.00644531     -0.00650635     -0.00650635     -0.00649414     
-0.00664063     -0.00668945     -0.00656738     -0.00653076     
-0.00661621     -0.00673828     -0.00665283     -0.00656738     
-0.00650635     -0.00655518     -0.00653076     -0.00643311     
-0.00648193     -0.00643311     -0.00643311     -0.00650635     
-0.00644531     -0.00655518     -0.00643311     -0.00654297     
-0.00667725     -0.00675049     -0.00690918     -0.00679932     
-0.00699463     -0.00700684     -0.00705566     -0.00700684     
-0.00714111     -0.0071167     -0.00716553     -0.00708008     
-0.00721436     -0.00714111     -0.00712891     -0.00692139     
-0.00701904     -0.00701904     -0.00686035     -0.00679932     
-0.00668945     -0.00667725     -0.00665283     -0.00657959     
-0.00657959     -0.00654297     -0.00655518     -0.00651855     
-0.00661621     -0.00656738     -0.006604     -0.00654297     
-0.00662842     -0.00675049     -0.00672607     -0.00673828     
-0.00681152     -0.0067749     -0.00679932     -0.00684814     
-0.00705566     -0.00712891     -0.00715332     -0.00714111     
-0.0071167     -0.00720215     -0.00712891     -0.00712891     
-0.00710449     -0.00698242     -0.00690918     -0.00682373     
-0.00686035     -0.00687256     -0.00673828     -0.00666504     
-0.00683594     -0.00693359     -0.00699463     -0.00699463     
-0.00717773     -0.00725098     -0.0072876     -0.0072998     
-0.00739746     -0.00739746     -0.00750732     -0.0074585     
-0.00744629     -0.00740967     -0.00736084     -0.00718994     
-0.00732422     -0.00720215     -0.00721436     -0.00697021     
-0.00697021     -0.00697021     -0.00687256     -0.00678711     
-0.00672607     -0.00675049     -0.0065918     -0.00656738     
-0.00649414     -0.00651855     -0.00632324     -0.00621338     
-0.00627441     -0.00612793     -0.00612793     -0.00600586     
-0.00595703     -0.00592041     -0.00585938     -0.00574951     
-0.00583496     -0.00592041     -0.00582275     -0.00593262     
-0.00594482     -0.00609131     -0.00609131     -0.00600586     
-0.00629883     -0.00625     -0.00633545     -0.00627441     
-0.00639648     -0.00637207     -0.00632324     -0.00621338     
-0.00628662     -0.00622559     -0.00625     -0.00626221     
-0.00629883     -0.00626221     -0.00627441     -0.00627441     
-0.00639648     -0.00627441     -0.00627441     -0.00621338     
-0.00616455     -0.00601807     -0.00605469     -0.00595703     
-0.00596924     -0.00598145     -0.00582275     -0.00587158     
-0.00588379     -0.00594482     -0.00593262     -0.00595703     
-0.00593262     -0.00618896     -0.00615234     -0.00611572     
-0.00612793     -0.00609131     -0.00620117     -0.00606689     
-0.00617676     -0.00625     -0.00627441     -0.00631104     
-0.00628662     -0.00635986     -0.00638428     -0.00640869     
-0.00649414     -0.0064209     -0.00648193     -0.00639648     
-0.00645752     -0.00639648     -0.00632324     -0.00620117     
-0.00626221     -0.00625     -0.00615234     -0.00604248     
-0.00606689     -0.00600586     -0.00601807     -0.00584717     
-0.00599365     -0.00599365     -0.00600586     -0.00604248     
-0.00625     -0.00633545     -0.00645752     -0.00637207     
-0.00673828     -0.00670166     -0.00678711     -0.00692139     
-0.00693359     -0.00708008     -0.00704346     -0.00700684     
-0.0071167     -0.00721436     -0.00716553     -0.00720215     
-0.00716553     -0.00725098     -0.00714111     -0.00710449     
-0.00712891     -0.00709229     -0.00703125     -0.00693359     
-0.00699463     -0.00698242     -0.00678711     -0.00681152     
-0.0069458     -0.00689697     -0.00689697     -0.00675049     
-0.00668945     -0.00661621     -0.00657959     -0.0064209     
-0.00650635     -0.00644531     -0.00637207     -0.00635986     
-0.00638428     -0.00632324     -0.00629883     -0.00626221     
-0.00643311     -0.00648193     -0.00651855     -0.00648193     
-0.0065918     -0.00655518     -0.00665283     -0.006604     
-0.00673828     -0.00665283     -0.0067627     -0.00661621     
-0.00657959     -0.00662842     -0.00648193     -0.00638428     
-0.00638428     -0.0064209     -0.00620117     -0.00614014     
-0.00609131     -0.0060791     -0.00595703     -0.00579834     
-0.00601807     -0.00603027     -0.00595703     -0.0059082     
-0.00594482     -0.00603027     -0.00595703     -0.00593262     
-0.005896     -0.00601807     -0.00587158     -0.00587158     
-0.00592041     -0.0059082     -0.00594482     -0.00594482     
-0.00611572     -0.00617676     -0.00627441     -0.00628662     
-0.00632324     -0.0064209     -0.00635986     -0.00626221     
-0.00646973     -0.00643311     -0.00635986     -0.00620117     
-0.00618896     -0.00621338     -0.0060791     -0.00593262     
-0.00603027     -0.00594482     -0.00603027     -0.0059082     
-0.00585938     -0.00595703     -0.00605469     -0.00595703     
-0.00595703     -0.00603027     -0.00606689     -0.00603027     
-0.00603027     -0.00611572     -0.00600586     -0.00604248     
-0.00605469     -0.00606689     -0.00612793     -0.00609131     
-0.0060791     -0.00616455     -0.00614014     -0.00617676     
-0.00632324     -0.00640869     -0.0064209     -0.00648193     
-0.00651855     -0.00656738     -0.00654297     -0.00650635     
-0.00661621     -0.00665283     -0.00667725     -0.006604     
-0.00661621     -0.00672607     -0.00665283     -0.00666504     
-0.00681152     -0.00686035     -0.00690918     -0.00681152     
-0.00687256     -0.00695801     -0.00690918     -0.00682373     
-0.00683594     -0.00686035     -0.00679932     -0.00665283     
-0.00671387     -0.00657959     -0.00646973     -0.00644531     
-0.00646973     -0.00649414     -0.00648193     -0.00645752     
-0.00648193     -0.00657959     -0.0064209     -0.00645752     
-0.00646973     -0.00651855     -0.00649414     -0.00633545     
-0.00633545     -0.00620117     -0.00604248     -0.00600586     
-0.00594482     -0.00594482     -0.00585938     -0.00568848     
-0.00561523     -0.00568848     -0.00566406     -0.00550537     
-0.00568848     -0.00562744     -0.00568848     -0.00557861     
-0.00567627     -0.00571289     -0.00565186     -0.00556641     
-0.00568848     -0.00566406     -0.00570068     -0.00562744     
-0.00563965     -0.00562744     -0.00566406     -0.00548096     
-0.00561523     -0.00550537     -0.00545654     -0.00532227     
-0.00539551     -0.00540771     -0.00534668     -0.00531006     
-0.00551758     -0.00556641     -0.00557861     -0.00565186     
-0.00566406     -0.00571289     -0.00567627     -0.00570068     
-0.00565186     -0.00584717     -0.00578613     -0.0057373     
-0.00582275     -0.00585938     -0.005896     -0.0059082     
-0.00604248     -0.00601807     -0.00611572     -0.00603027     
-0.00610352     -0.00615234     -0.00610352     -0.00600586     
-0.00611572     -0.00606689     -0.00610352     -0.00599365     
-0.00609131     -0.00611572     -0.00610352     -0.00605469     
-0.00620117     -0.00627441     -0.00628662     -0.00620117     
-0.00631104     -0.00632324     -0.00617676     -0.00611572     
-0.00621338     -0.00609131     -0.00594482     -0.00581055     
-0.0057251     -0.00570068     -0.00561523     -0.00548096     
-0.00559082     -0.00549316     -0.00550537     -0.00537109     
-0.00539551     -0.00543213     -0.00524902     -0.0052124     
-0.00529785     -0.00535889     -0.00510254     -0.00517578     
-0.00509033     -0.00505371     -0.00506592     -0.00505371     
-0.0052124     -0.00513916     -0.00526123     -0.0052002     
-0.00528564     -0.00552979     -0.0053833     -0.00543213     
-0.00554199     -0.00559082     -0.00550537     -0.00544434     
-0.00557861     -0.00544434     -0.00554199     -0.00550537     
-0.0057251     -0.0057373     -0.00582275     -0.00574951     
-0.00584717     -0.005896     -0.00583496     -0.00587158     
-0.00595703     -0.0059082     -0.00598145     -0.00578613     
-0.00577393     -0.00581055     -0.00577393     -0.00567627     
-0.00577393     -0.00568848     -0.0057251     -0.00549316     
-0.00554199     -0.00561523     -0.00554199     -0.00552979     
-0.0055542     -0.00559082     -0.00559082     -0.00561523     
-0.00554199     -0.00574951     -0.00557861     -0.00565186     
-0.00581055     -0.00583496     -0.00584717     -0.00587158     
-0.00584717     -0.00605469     -0.00604248     -0.00609131     
-0.00618896     -0.00629883     -0.00623779     -0.00628662     
-0.00633545     -0.00621338     -0.00620117     -0.00618896     
-0.00625     -0.00618896     -0.00609131     -0.00606689     
-0.00596924     -0.00604248     -0.00587158     -0.00583496     
-0.00582275     -0.00568848     -0.00561523     -0.00551758     
-0.00543213     -0.00545654     -0.00532227     -0.00517578     
-0.0052124     -0.00527344     -0.0052124     -0.00506592     
-0.00513916     -0.00501709     -0.00511475     -0.00507813     
-0.00523682     -0.00533447     -0.00535889     -0.00554199     
-0.00556641     -0.00563965     -0.00579834     -0.0059082     
-0.00594482     -0.00614014     -0.00617676     -0.00614014     
-0.00617676     -0.00621338     -0.00616455     -0.00610352     
-0.00615234     -0.00611572     -0.00604248     -0.00599365     
-0.00584717     -0.00579834     -0.00567627     -0.00543213     
-0.00562744     -0.00551758     -0.00548096     -0.00535889     
-0.00549316     -0.00541992     -0.00535889     -0.00531006     
-0.00548096     -0.00546875     -0.00546875     -0.00537109     
-0.00552979     -0.00559082     -0.00546875     -0.00549316     
-0.00556641     -0.00563965     -0.0057373     -0.00559082     
-0.00566406     -0.0057251     -0.00566406     -0.0055542     
-0.00568848     -0.00566406     -0.00563965     -0.00562744     
-0.00560303     -0.0057373     -0.0057373     -0.00582275     
-0.0059082     -0.00611572     -0.00609131     -0.00612793     
-0.00622559     -0.00625     -0.00621338     -0.00610352     
-0.00622559     -0.00616455     -0.00601807     -0.00600586     
-0.00601807     -0.00599365     -0.0059082     -0.00588379     
-0.00592041     -0.00583496     -0.00599365     -0.00588379     
-0.00596924     -0.00600586     -0.00605469     -0.00598145     
-0.00614014     -0.00600586     -0.00598145     -0.00585938     
-0.00585938     -0.00581055     -0.00574951     -0.00556641     
-0.00565186     -0.0055542     -0.00550537     -0.00544434     
-0.00545654     -0.00549316     -0.00541992     -0.00534668     
-0.00551758     -0.00552979     -0.00556641     -0.00552979     
-0.00561523     -0.00581055     -0.00577393     -0.00593262     
-0.00595703     -0.00612793     -0.00615234     -0.00622559     
-0.00614014     -0.00639648     -0.00637207     -0.00626221     
-0.00637207     -0.00638428     -0.00629883     -0.00622559     
-0.00626221     -0.00629883     -0.00616455     -0.00616455     
-0.00622559     -0.00633545     -0.00635986     -0.00639648     
-0.00657959     -0.00646973     -0.00657959     -0.00651855     
-0.00664063     -0.00670166     -0.00662842     -0.00646973     
-0.00646973     -0.00637207     -0.00634766     -0.00611572     
-0.00603027     -0.00599365     -0.00592041     -0.0057251     
-0.0055542     -0.00554199     -0.00548096     -0.00531006     
-0.00532227     -0.00526123     -0.00524902     -0.00506592     
-0.00512695     -0.00516357     -0.00512695     -0.0052002     
-0.00529785     -0.00537109     -0.00548096     -0.00557861     
-0.00557861     -0.00582275     -0.00588379     -0.00592041     
-0.00621338     -0.00625     -0.00632324     -0.00631104     
-0.00637207     -0.00650635     -0.00635986     -0.00625     
-0.00639648     -0.00635986     -0.00614014     -0.00605469     
-0.00599365     -0.00599365     -0.00582275     -0.00562744     
-0.00565186     -0.00557861     -0.00550537     -0.00534668     
-0.00544434     -0.00533447     -0.00537109     -0.00534668     
-0.00550537     -0.00551758     -0.00551758     -0.00544434     
-0.00554199     -0.00551758     -0.00556641     -0.00545654     
-0.00544434     -0.00552979     -0.00552979     -0.0053833     
-0.00545654     -0.00540771     -0.00532227     -0.00524902     
-0.00539551     -0.00529785     -0.00524902     -0.0052124     
-0.00513916     -0.00515137     -0.00510254     -0.00507813     
-0.00512695     -0.00515137     -0.00517578     -0.00512695     
-0.00518799     -0.00532227     -0.00523682     -0.00522461     
-0.00535889     -0.00543213     -0.00545654     -0.00535889     
-0.00550537     -0.00566406     -0.00562744     -0.00568848     
-0.00588379     -0.00596924     -0.00601807     -0.00606689     
-0.00609131     -0.00612793     -0.00615234     -0.00600586     
-0.00615234     -0.00617676     -0.00601807     -0.00582275     
-0.00584717     -0.00571289     -0.00568848     -0.00565186     
-0.00561523     -0.00563965     -0.00562744     -0.00563965     
-0.00571289     -0.00577393     -0.00577393     -0.00576172     
-0.00593262     -0.00599365     -0.00599365     -0.00595703     
-0.00594482     -0.00612793     -0.00599365     -0.00599365     
-0.00592041     -0.00605469     -0.0059082     -0.00584717     
-0.00581055     -0.00576172     -0.0057251     -0.00556641     
-0.00561523     -0.00556641     -0.00549316     -0.00534668     
-0.00532227     -0.0052124     -0.00499268     -0.0050415     
-0.0050415     -0.00498047     -0.00490723     -0.00499268     
-0.00501709     -0.00494385     -0.00498047     -0.00498047     
-0.00523682     -0.00529785     -0.00523682     -0.00528564     
-0.00545654     -0.00546875     -0.00551758     -0.00551758     
-0.00556641     -0.00561523     -0.00563965     -0.00554199     
-0.00551758     -0.0055542     -0.00541992     -0.00532227     
-0.00541992     -0.00533447     -0.00531006     -0.00527344     
-0.00529785     -0.00526123     -0.00516357     -0.00518799     
-0.00523682     -0.00526123     -0.00516357     -0.00522461     
-0.00511475     -0.00510254     -0.00512695     -0.00494385     
-0.00505371     -0.00491943     -0.00493164     -0.00489502     
-0.00478516     -0.00488281     -0.00493164     -0.00488281     
-0.00482178     -0.0050293     -0.00505371     -0.00498047     
-0.0050293     -0.00495605     -0.00501709     -0.00487061     
-0.00499268     -0.00484619     -0.00488281     -0.00474854     
-0.00483398     -0.00484619     -0.00490723     -0.00479736     
-0.00495605     -0.00500488     -0.00501709     -0.00501709     
-0.00512695     -0.00515137     -0.0052002     -0.00515137     
-0.00532227     -0.00529785     -0.00532227     -0.00526123     
-0.00544434     -0.00550537     -0.00539551     -0.00539551     
-0.00541992     -0.00556641     -0.00543213     -0.00545654     
-0.0053833     -0.00546875     -0.00526123     -0.00522461     
-0.00526123     -0.0052124     -0.00515137     -0.0050293     
-0.00506592     -0.00506592     -0.00491943     -0.00487061     
-0.00491943     -0.00488281     -0.00479736     -0.00487061     
-0.00477295     -0.00479736     -0.00472412     -0.00463867     
-0.00477295     -0.00465088     -0.00473633     -0.00463867     
-0.00474854     -0.00477295     -0.00480957     -0.00477295     
-0.00499268     -0.00513916     -0.00518799     -0.00539551     
-0.0055542     -0.00562744     -0.00574951     -0.0057373     
-0.00585938     -0.0059082     -0.005896     -0.00583496     
-0.00585938     -0.0057251     -0.00576172     -0.00560303     
-0.00560303     -0.00556641     -0.00546875     -0.00539551     
-0.00543213     -0.00546875     -0.00533447     -0.00532227     
-0.00531006     -0.00535889     -0.00522461     -0.00513916     
-0.00517578     -0.0052002     -0.00516357     -0.00517578     
-0.00524902     -0.00535889     -0.00537109     -0.00539551     
-0.00541992     -0.00557861     -0.00551758     -0.00552979     
-0.00566406     -0.00559082     -0.00566406     -0.00559082     
-0.00565186     -0.00560303     -0.00560303     -0.00550537     
-0.00559082     -0.00561523     -0.00561523     -0.00546875     
-0.00549316     -0.00560303     -0.00548096     -0.00550537     
-0.00551758     -0.00550537     -0.00541992     -0.00534668     
-0.00534668     -0.0053833     -0.00537109     -0.0052002     
-0.0053833     -0.00534668     -0.00529785     -0.0052124     
-0.00516357     -0.00523682     -0.00510254     -0.00501709     
-0.00496826     -0.00510254     -0.00489502     -0.00491943     
-0.00498047     -0.00488281     -0.00488281     -0.00484619     
-0.00487061     -0.00489502     -0.00488281     -0.00491943     
-0.00480957     -0.00488281     -0.00483398     -0.00478516     
-0.00487061     -0.00496826     -0.00498047     -0.00495605     
-0.00515137     -0.00533447     -0.00526123     -0.00533447     
-0.00562744     -0.00565186     -0.00562744     -0.00551758     
-0.00559082     -0.00552979     -0.00552979     -0.00541992     
-0.00550537     -0.00545654     -0.00543213     -0.00524902     
-0.00522461     -0.00529785     -0.00516357     -0.00495605     
-0.0052124     -0.00495605     -0.00499268     -0.00488281     
-0.00488281     -0.00494385     -0.00477295     -0.00479736     
-0.00480957     -0.00493164     -0.0048584     -0.00488281     
-0.00483398     -0.00490723     -0.00488281     -0.00490723     
-0.00505371     -0.00500488     -0.00511475     -0.0050415     
-0.00511475     -0.00528564     -0.00527344     -0.00527344     
-0.00534668     -0.00543213     -0.00545654     -0.00541992     
-0.0055542     -0.00554199     -0.00565186     -0.0057373     
-0.00583496     -0.00581055     -0.00587158     -0.00594482     
-0.00609131     -0.00611572     -0.00616455     -0.0060791     
-0.00625     -0.00625     -0.00629883     -0.00618896     
-0.00626221     -0.00638428     -0.00629883     -0.00621338     
-0.00629883     -0.00627441     -0.00625     -0.00604248     
-0.00609131     -0.00595703     -0.00579834     -0.00571289     
-0.00563965     -0.00560303     -0.00554199     -0.00546875     
-0.00541992     -0.00551758     -0.00541992     -0.00540771     
-0.00550537     -0.00541992     -0.00537109     -0.00532227     
-0.00532227     -0.00528564     -0.0052124     -0.00515137     
-0.00523682     -0.00532227     -0.00517578     -0.0052124     
-0.00533447     -0.00543213     -0.00548096     -0.00544434     
-0.00557861     -0.00571289     -0.0057251     -0.00566406     
-0.00568848     -0.00565186     -0.00561523     -0.00556641     
-0.0055542     -0.0055542     -0.00552979     -0.00541992     
-0.00543213     -0.00535889     -0.0053833     -0.00529785     
-0.00544434     -0.00540771     -0.00540771     -0.00533447     
-0.00549316     -0.00534668     -0.00534668     -0.00522461     
-0.00534668     -0.00523682     -0.00506592     -0.00501709     
-0.00499268     -0.00500488     -0.00474854     -0.00477295     
-0.00477295     -0.00478516     -0.00476074     -0.0046875     
-0.00477295     -0.00478516     -0.00479736     -0.00476074     
-0.00480957     -0.00496826     -0.00490723     -0.00496826     
-0.0048584     -0.00499268     -0.00494385     -0.00489502     
-0.00498047     -0.00488281     -0.00490723     -0.00493164     
-0.00489502     -0.00487061     -0.00488281     -0.00480957     
-0.00489502     -0.00500488     -0.00495605     -0.00489502     
-0.00498047     -0.00500488     -0.0050293     -0.00484619     
-0.00499268     -0.00495605     -0.00482178     -0.00482178     
-0.00483398     -0.00478516     -0.00479736     -0.00471191     
-0.0048584     -0.00493164     -0.00488281     -0.00491943     
-0.00507813     -0.00511475     -0.00509033     -0.00515137     
-0.00517578     -0.00543213     -0.00532227     -0.00534668     
-0.00546875     -0.00543213     -0.00544434     -0.00532227     
-0.00556641     -0.00545654     -0.0053833     -0.00534668     
-0.00534668     -0.00543213     -0.00532227     -0.00528564     
-0.00532227     -0.00534668     -0.00539551     -0.00518799     
-0.00532227     -0.00539551     -0.00527344     -0.00531006     
-0.00544434     -0.00543213     -0.00545654     -0.00541992     
-0.00544434     -0.00544434     -0.00535889     -0.00526123     
-0.00528564     -0.00524902     -0.0052002     -0.00506592     
-0.00499268     -0.00491943     -0.00480957     -0.00474854     
-0.00491943     -0.00484619     -0.00488281     -0.00484619     
-0.00488281     -0.00489502     -0.00479736     -0.00487061     
-0.00494385     -0.00495605     -0.00494385     -0.00499268     
-0.00488281     -0.00490723     -0.00491943     -0.00479736     
-0.00491943     -0.00488281     -0.00498047     -0.00490723     
-0.00491943     -0.00494385     -0.00483398     -0.00489502     
-0.00488281     -0.00500488     -0.00500488     -0.00491943     
-0.00498047     -0.00500488     -0.00498047     -0.00498047     
-0.00506592     -0.00518799     -0.00533447     -0.00517578     
-0.00512695     -0.00529785     -0.0052124     -0.00513916     
-0.0052002     -0.0052002     -0.0052124     -0.00509033     
-0.00524902     -0.00524902     -0.00526123     -0.00524902     
-0.00539551     -0.00539551     -0.00545654     -0.00546875     
-0.00552979     -0.00559082     -0.00560303     -0.00559082     
-0.00568848     -0.00567627     -0.00560303     -0.00574951     
-0.00562744     -0.00568848     -0.00551758     -0.0055542     
-0.00552979     -0.00552979     -0.00554199     -0.00544434     
-0.00548096     -0.00551758     -0.00533447     -0.00531006     
-0.00534668     -0.00544434     -0.00543213     -0.00535889     
-0.00537109     -0.00537109     -0.00546875     -0.00529785     
-0.0053833     -0.00539551     -0.00537109     -0.00532227     
-0.00529785     -0.00524902     -0.00513916     -0.0050415     
-0.0050293     -0.00494385     -0.00489502     -0.00473633     
-0.00480957     -0.00478516     -0.00460205     -0.00457764     
-0.00469971     -0.00479736     -0.00466309     -0.00458984     
-0.0046875     -0.00467529     -0.00463867     -0.00452881     
-0.00458984     -0.00460205     -0.00445557     -0.00444336     
-0.00439453     -0.00440674     -0.00437012     -0.00427246     
-0.00424805     -0.00437012     -0.00438232     -0.00426025     
-0.00428467     -0.00429688     -0.00432129     -0.00438232     
-0.00454102     -0.00458984     -0.0045166     -0.00461426     
-0.00466309     -0.00465088     -0.00463867     -0.00462646     
-0.00479736     -0.00476074     -0.00473633     -0.00467529     
-0.00473633     -0.00474854     -0.00472412     -0.00458984     
-0.00463867     -0.00467529     -0.0046875     -0.00463867     
-0.00462646     -0.0046875     -0.00465088     -0.00455322     
-0.00471191     -0.00480957     -0.00480957     -0.00479736     
-0.00499268     -0.00500488     -0.00501709     -0.00501709     
-0.00526123     -0.00523682     -0.00528564     -0.00524902     
-0.00523682     -0.00532227     -0.00518799     -0.00515137     
-0.0050415     -0.00506592     -0.00487061     -0.00478516     
-0.00471191     -0.0046875     -0.00467529     -0.00440674     
-0.00454102     -0.00460205     -0.00456543     -0.00450439     
-0.00449219     -0.00465088     -0.00455322     -0.00443115     
-0.00461426     -0.0045166     -0.00455322     -0.00438232     
-0.00438232     -0.00445557     -0.00427246     -0.0041626     
-0.00418701     -0.00407715     -0.00396729     -0.00384521     
-0.0038208     -0.00378418     -0.00378418     -0.00367432     
-0.0038208     -0.00389404     -0.00383301     -0.00384521     
-0.00386963     -0.00394287     -0.00391846     -0.0038208     
-0.00402832     -0.00400391     -0.00408936     -0.00406494     
-0.00406494     -0.00413818     -0.00412598     -0.0041748     
-0.00423584     -0.0043335     -0.00427246     -0.00430908     
-0.00422363     -0.00432129     -0.00422363     -0.00418701     
-0.00423584     -0.00419922     -0.00426025     -0.00424805     
-0.00422363     -0.00437012     -0.00437012     -0.00441895     
-0.00444336     -0.00463867     -0.00465088     -0.00467529     
-0.00483398     -0.0048584     -0.00489502     -0.00483398     
-0.00489502     -0.00491943     -0.00488281     -0.00490723     
-0.00482178     -0.00473633     -0.00473633     -0.00467529     
-0.00477295     -0.00474854     -0.00469971     -0.00467529     
-0.00465088     -0.00473633     -0.00460205     -0.00450439     
-0.00463867     -0.00461426     -0.00458984     -0.00447998     
-0.00445557     -0.00445557     -0.0043457     -0.00428467     
-0.0043335     -0.00443115     -0.00443115     -0.00440674     
-0.0043335     -0.00452881     -0.00450439     -0.00440674     
-0.00454102     -0.00462646     -0.00460205     -0.00450439     
-0.00458984     -0.00460205     -0.00452881     -0.00460205     
-0.00478516     -0.00478516     -0.00472412     -0.00493164     
-0.00506592     -0.00509033     -0.00512695     -0.00515137     
-0.00534668     -0.00540771     -0.00540771     -0.00533447     
-0.00543213     -0.00539551     -0.00526123     -0.00524902     
-0.00529785     -0.00516357     -0.00517578     -0.00505371     
-0.00515137     -0.00513916     -0.00505371     -0.00500488     
-0.00513916     -0.00515137     -0.00505371     -0.00495605     
-0.00499268     -0.00488281     -0.00473633     -0.00458984     
-0.00457764     -0.00452881     -0.00428467     -0.00421143     
-0.00413818     -0.0041626     -0.00393066     -0.00406494     
-0.00410156     -0.00410156     -0.00422363     -0.00429688     
-0.00435791     -0.0045166     -0.0045166     -0.00461426     
-0.00469971     -0.00483398     -0.00479736     -0.00479736     
-0.00474854     -0.00494385     -0.00479736     -0.00465088     
-0.00473633     -0.00469971     -0.00465088     -0.00450439     
-0.00454102     -0.00457764     -0.00449219     -0.00444336     
-0.00446777     -0.00460205     -0.00462646     -0.00450439     
-0.00450439     -0.00458984     -0.00454102     -0.00445557     
-0.00462646     -0.00467529     -0.00457764     -0.00456543     
-0.00465088     -0.00466309     -0.00471191     -0.00467529     
-0.00471191     -0.00480957     -0.00479736     -0.00474854     
-0.00476074     -0.00493164     -0.00487061     -0.00473633     
-0.00480957     -0.00491943     -0.00476074     -0.00467529     
-0.00471191     -0.00478516     -0.00461426     -0.00456543     
-0.00472412     -0.00474854     -0.0046875     -0.00462646     
-0.00462646     -0.00480957     -0.00472412     -0.00483398     
-0.00487061     -0.00496826     -0.00507813     -0.00501709     
-0.00512695     -0.00511475     -0.00509033     -0.00505371     
-0.00505371     -0.0050293     -0.00490723     -0.00482178     
-0.0046875     -0.00467529     -0.00447998     -0.00441895     
-0.00446777     -0.00450439     -0.00443115     -0.00452881     
-0.00452881     -0.00452881     -0.00469971     -0.00456543     
-0.00482178     -0.00474854     -0.00489502     -0.00473633     
-0.00478516     -0.00480957     -0.00462646     -0.00456543     
-0.00462646     -0.00467529     -0.00466309     -0.00455322     
-0.00466309     -0.00467529     -0.00465088     -0.00455322     
-0.00484619     -0.00483398     -0.00490723     -0.00495605     
-0.00487061     -0.00495605     -0.00494385     -0.00489502     
-0.00480957     -0.00500488     -0.00495605     -0.0048584     
-0.00490723     -0.00484619     -0.00491943     -0.00483398     
-0.00494385     -0.00489502     -0.00493164     -0.00476074     
-0.00473633     -0.00480957     -0.00469971     -0.00456543     
-0.00460205     -0.00456543     -0.00449219     -0.00443115     
-0.00449219     -0.00449219     -0.00438232     -0.0043457     
-0.00445557     -0.00437012     -0.00443115     -0.00426025     
-0.00432129     -0.00429688     -0.00426025     -0.00408936     
-0.00401611     -0.00407715     -0.00386963     -0.00388184     
-0.00383301     -0.00396729     -0.00385742     -0.00386963     
-0.00401611     -0.00407715     -0.00418701     -0.00413818     
-0.0043335     -0.00449219     -0.00447998     -0.0045166     
-0.00466309     -0.00493164     -0.00488281     -0.00491943     
-0.0050293     -0.00510254     -0.00510254     -0.00494385     
-0.00522461     -0.00522461     -0.00517578     -0.00513916     
-0.00517578     -0.00515137     -0.0050293     -0.00495605     
-0.0050415     -0.00500488     -0.00496826     -0.00487061     
-0.00491943     -0.00488281     -0.00483398     -0.00483398     
-0.00491943     -0.0048584     -0.00488281     -0.00482178     
-0.00490723     -0.00480957     -0.00488281     -0.00478516     
-0.00494385     -0.00488281     -0.00487061     -0.00480957     
-0.00479736     -0.00494385     -0.00484619     -0.00483398     
-0.00480957     -0.00489502     -0.00480957     -0.00477295     
-0.00480957     -0.00473633     -0.00469971     -0.00465088     
-0.00466309     -0.00471191     -0.00462646     -0.00465088     
-0.00460205     -0.00472412     -0.00461426     -0.00456543     
-0.00469971     -0.0046875     -0.00473633     -0.00466309     
-0.00458984     -0.00473633     -0.00465088     -0.00465088     
-0.00467529     -0.00474854     -0.00473633     -0.00463867     
-0.00467529     -0.00463867     -0.00463867     -0.00452881     
-0.00467529     -0.00467529     -0.00456543     -0.00446777     
-0.00454102     -0.00441895     -0.00444336     -0.00426025     
-0.00441895     -0.0043457     -0.00432129     -0.00429688     
-0.00413818     -0.00423584     -0.00405273     -0.00400391     
-0.0039917     -0.0039917     -0.00375977     -0.00377197     
-0.00378418     -0.00379639     -0.00375977     -0.00368652     
-0.00386963     -0.00402832     -0.00401611     -0.00415039     
-0.00428467     -0.00450439     -0.00454102     -0.00477295     
-0.00489502     -0.00498047     -0.00510254     -0.00500488     
-0.00500488     -0.00499268     -0.00495605     -0.00474854     
-0.00472412     -0.00471191     -0.00460205     -0.0045166     
-0.00455322     -0.00452881     -0.00454102     -0.00447998     
-0.00460205     -0.00466309     -0.00465088     -0.00461426     
-0.00457764     -0.00462646     -0.00446777     -0.0043335     
-0.00446777     -0.0043335     -0.00432129     -0.00415039     
-0.00411377     -0.0041626     -0.00412598     -0.00401611     
-0.00407715     -0.00411377     -0.00400391     -0.00400391     
-0.00406494     -0.00407715     -0.00400391     -0.00396729     
-0.00410156     -0.00411377     -0.00404053     -0.00402832     
-0.00400391     -0.00401611     -0.00390625     -0.00386963     
-0.00390625     -0.00401611     -0.00401611     -0.00389404     
-0.00402832     -0.00407715     -0.0041626     -0.00411377     
-0.0043457     -0.00440674     -0.00435791     -0.00437012     
-0.00446777     -0.00445557     -0.0045166     -0.00430908     
-0.00443115     -0.00441895     -0.00450439     -0.00438232     
-0.00438232     -0.00441895     -0.00445557     -0.00439453     
-0.00444336     -0.00447998     -0.00447998     -0.00443115     
-0.00445557     -0.00450439     -0.00457764     -0.00446777     
-0.00455322     -0.00463867     -0.00469971     -0.00473633     
-0.00465088     -0.00491943     -0.00478516     -0.00474854     
-0.00484619     -0.00476074     -0.00472412     -0.00460205     
-0.00454102     -0.00461426     -0.00440674     -0.00444336     
-0.00449219     -0.00446777     -0.00440674     -0.00435791     
-0.00423584     -0.00430908     -0.00441895     -0.00424805     
-0.00441895     -0.00437012     -0.00437012     -0.00439453     
-0.00437012     -0.00439453     -0.00444336     -0.0043335     
-0.00444336     -0.00439453     -0.00444336     -0.00426025     
-0.00428467     -0.00432129     -0.00432129     -0.00427246     
-0.00440674     -0.00450439     -0.00444336     -0.00447998     
-0.00452881     -0.00454102     -0.00458984     -0.00447998     
-0.00465088     -0.00461426     -0.00447998     -0.00452881     
-0.00445557     -0.00456543     -0.00446777     -0.00439453     
-0.00441895     -0.00445557     -0.00441895     -0.00427246     
-0.00423584     -0.00411377     -0.00401611     -0.00396729     
-0.00396729     -0.00389404     -0.0038208     -0.00369873     
-0.00372314     -0.00383301     -0.00377197     -0.00379639     
-0.00405273     -0.00402832     -0.00415039     -0.00413818     
-0.00427246     -0.00430908     -0.00435791     -0.0041748     
-0.00435791     -0.00428467     -0.00428467     -0.0041626     
-0.00411377     -0.00415039     -0.00413818     -0.00395508     
-0.00402832     -0.00400391     -0.00393066     -0.00390625     
-0.00402832     -0.00408936     -0.00407715     -0.00404053     
-0.00426025     -0.00429688     -0.00430908     -0.0043335     
-0.00429688     -0.0043335     -0.00426025     -0.00430908     
-0.0043335     -0.00430908     -0.00430908     -0.00424805     
-0.00423584     -0.00422363     -0.00423584     -0.00418701     
-0.0043335     -0.00437012     -0.0043335     -0.00450439     
-0.0045166     -0.00460205     -0.00457764     -0.00469971     
-0.00474854     -0.00478516     -0.00484619     -0.00477295     
-0.00480957     -0.00478516     -0.00478516     -0.00469971     
-0.00474854     -0.00477295     -0.00480957     -0.00465088     
-0.00472412     -0.00473633     -0.0046875     -0.00467529     
-0.00477295     -0.00483398     -0.0048584     -0.00484619     
-0.00487061     -0.0048584     -0.00483398     -0.0046875     
-0.00478516     -0.00479736     -0.00473633     -0.00463867     
-0.00471191     -0.00466309     -0.00456543     -0.00455322     
-0.00466309     -0.00482178     -0.00467529     -0.00477295     
-0.00477295     -0.00495605     -0.0050293     -0.00487061     
-0.00505371     -0.00496826     -0.00499268     -0.00487061     
-0.00479736     -0.00477295     -0.00462646     -0.00455322     
-0.00452881     -0.00443115     -0.00430908     -0.00427246     
-0.00427246     -0.00427246     -0.00418701     -0.00412598     
-0.00422363     -0.00427246     -0.00422363     -0.00412598     
-0.00421143     -0.00429688     -0.0043457     -0.00432129     
-0.00441895     -0.00454102     -0.00456543     -0.0045166     
-0.00457764     -0.00457764     -0.00458984     -0.00447998     
-0.00447998     -0.00439453     -0.00446777     -0.00421143     
-0.00418701     -0.0041748     -0.00411377     -0.00404053     
-0.00397949     -0.00404053     -0.00393066     -0.00396729     
-0.00388184     -0.00397949     -0.00385742     -0.00397949     
-0.00397949     -0.00410156     -0.00404053     -0.00404053     
-0.00412598     -0.00418701     -0.00406494     -0.00404053     
-0.00413818     -0.0041626     -0.00404053     -0.00395508     
-0.00391846     -0.00389404     -0.00379639     -0.00360107     
-0.00372314     -0.0036499     -0.00358887     -0.00349121     
-0.003479     -0.00349121     -0.00333252     -0.00338135     
-0.00352783     -0.00357666     -0.00356445     -0.00355225     
-0.00372314     -0.00380859     -0.00388184     -0.00400391     
-0.00410156     -0.00427246     -0.00429688     -0.00419922     
-0.0043457     -0.00429688     -0.00421143     -0.00415039     
-0.0041748     -0.00410156     -0.00401611     -0.00408936     
-0.00388184     -0.00393066     -0.00378418     -0.00393066     
-0.00383301     -0.00394287     -0.0039917     -0.00394287     
-0.0041626     -0.00405273     -0.00405273     -0.00412598     
-0.00421143     -0.00429688     -0.0041626     -0.00408936     
-0.00405273     -0.0041626     -0.00402832     -0.00380859     
-0.00391846     -0.00375977     -0.00371094     -0.00357666     
-0.00358887     -0.00362549     -0.00362549     -0.003479     
-0.00366211     -0.00375977     -0.00380859     -0.00372314     
-0.00390625     -0.00386963     -0.00386963     -0.00389404     
-0.00402832     -0.00402832     -0.00408936     -0.00401611     
-0.00407715     -0.0041626     -0.00422363     -0.00404053     
-0.00423584     -0.0043335     -0.00426025     -0.00411377     
-0.0041626     -0.00430908     -0.00415039     -0.00411377     
-0.0041748     -0.00432129     -0.0041626     -0.00424805     
-0.00432129     -0.00432129     -0.00435791     -0.00427246     
-0.00432129     -0.00443115     -0.00445557     -0.00443115     
-0.00435791     -0.00454102     -0.00445557     -0.00439453     
-0.00443115     -0.00441895     -0.00449219     -0.00428467     
-0.00435791     -0.00438232     -0.00423584     -0.00419922     
-0.00429688     -0.00428467     -0.00411377     -0.00404053     
-0.00410156     -0.00406494     -0.00388184     -0.00384521     
-0.00396729     -0.00391846     -0.00389404     -0.00378418     
-0.00386963     -0.00385742     -0.00384521     -0.00379639     
-0.00396729     -0.00390625     -0.00393066     -0.00391846     
-0.00404053     -0.0041626     -0.00404053     -0.00407715     

