Source : transient; Time : Wed Jun 14 05:22:31 2017
B0 = 3124.000000 Gauss, mw = 9.686280 GHz
 NDI-T2 sa261 20/2 42/25 523nm/1mJ
1 5000 -1.001e-06 8.997e-06 0 0
s                        V                                                 
-0.000427246     -0.000439453     -0.000427246     -0.00057373     
-0.00057373     -0.000561523     -0.000476074     -0.000354004     
-0.000476074     -0.000500488     -0.000158691     -0.000268555     
-0.000292969     -0.00020752     -8.54492e-05     -3.66211e-05     
-7.32422e-05     -6.10352e-05     -6.10352e-05     -3.66211e-05     
-0.00020752     -0.000268555     -0.00020752     -0.000195313     
-0.000292969     -0.000305176     -0.000170898     -0.000158691     
-0.000183105     -0.00012207     -4.88281e-05     1.2207e-05     
-9.76563e-05     -4.88281e-05     8.54492e-05     -2.44141e-05     
-0.000146484     -0.000134277     -0.000146484     4.88281e-05     
-0.000183105     -0.000195313     -0.00012207     -4.88281e-05     
-0.000109863     -0.000134277     -0.000158691     -0.00012207     
-0.00020752     -0.000317383     -0.00020752     -0.000292969     
-0.00045166     -0.000476074     -0.000305176     -0.000415039     
-0.000500488     -0.000476074     -0.000402832     -0.000366211     
-0.000341797     -0.000280762     -0.000146484     -1.2207e-05     
7.32422e-05     0.000146484     0.000378418     0.000500488     
0.00045166     0.000537109     0.000622559     0.000646973     
0.00057373     0.000463867     0.000427246     0.000244141     
4.88281e-05     -4.88281e-05     -0.00012207     -1.2207e-05     
-0.000244141     -0.000170898     -0.000109863     -0.00012207     
-0.000109863     -0.000134277     2.44141e-05     0.000183105     
0.000109863     0.000195313     0.000195313     0.000341797     
0.000219727     0.00020752     0.000292969     0.000463867     
0.000280762     0.000219727     0.000439453     0.00032959     
0.000219727     0.000195313     0.000244141     0.000366211     
0.00020752     0.000244141     0.00020752     0.000256348     
0.00020752     0.000183105     0.000317383     0.000341797     
0.000244141     0.000292969     0.000549316     0.000537109     
0.000415039     0.000488281     0.000610352     0.000793457     
0.000634766     0.000695801     0.000817871     0.000756836     
0.000634766     0.000585938     0.000683594     0.000549316     
0.000427246     0.000415039     0.000378418     0.000390625     
0.00012207     8.54492e-05     9.76563e-05     0.000146484     
2.44141e-05     -0.000109863     1.2207e-05     0.000134277     
-7.32422e-05     1.2207e-05     4.88281e-05     0.000183105     
0.00012207     0.000183105     0.000305176     0.000366211     
0.000439453     0.000390625     0.000427246     0.000549316     
0.000415039     0.000427246     0.000476074     0.000354004     
0.000292969     0.000219727     0.000195313     0.000219727     
0.00012207     3.66211e-05     0.000158691     0.000109863     
0     0     0.000134277     0.000134277     
9.76563e-05     0.000158691     0.000280762     0.000256348     
0.00032959     0.000341797     0.000427246     0.000476074     
0.000488281     0.000463867     0.000683594     0.000671387     
0.000524902     0.000598145     0.000524902     0.000598145     
0.000427246     0.000354004     0.000341797     0.000231934     
-9.76563e-05     -0.000134277     -0.000183105     -0.000219727     
-0.000439453     -0.000476074     -0.000427246     -0.000537109     
-0.000488281     -0.000415039     -0.000292969     -0.000280762     
-0.000231934     -0.000231934     -2.44141e-05     -6.10352e-05     
-0.000195313     -0.000195313     -6.10352e-05     2.44141e-05     
-0.000158691     -0.000158691     -7.32422e-05     -0.000183105     
-0.00020752     -0.000183105     -0.000109863     -1.2207e-05     
-0.000146484     -8.54492e-05     3.66211e-05     1.2207e-05     
-7.32422e-05     0     -2.44141e-05     -1.2207e-05     
-0.000134277     -0.000244141     -7.32422e-05     -0.000134277     
-0.000158691     -0.000231934     -0.000231934     1.2207e-05     
-8.54492e-05     -2.44141e-05     0.000170898     0.000134277     
0.000158691     0.000183105     0.000256348     0.000415039     
0.00020752     0.000292969     0.000354004     0.00032959     
9.76563e-05     0.000146484     0.000256348     0.000195313     
0.000134277     0     0.000109863     3.66211e-05     
-3.66211e-05     2.44141e-05     9.76563e-05     0.000195313     
0.000109863     0.00020752     0.000317383     0.000280762     
0.000219727     0.000195313     0.000292969     0.000378418     
0.00020752     0.000170898     0.00020752     0.000146484     
1.2207e-05     -1.2207e-05     -6.10352e-05     0     
-4.88281e-05     0     0.00012207     0.000195313     
0.00020752     0.000231934     0.000354004     0.000488281     
0.000463867     0.00057373     0.000622559     0.000537109     
0.000524902     0.000463867     0.00032959     0.000463867     
0.00032959     0.000280762     0.000317383     0.000354004     
0.000244141     0.000317383     0.000366211     0.000476074     
0.000354004     0.000402832     0.000463867     0.000354004     
0.000244141     0.000219727     0.000183105     8.54492e-05     
-1.2207e-05     -4.88281e-05     1.2207e-05     -7.32422e-05     
-8.54492e-05     -0.00012207     -2.44141e-05     2.44141e-05     
-6.10352e-05     1.2207e-05     0.000158691     0.000158691     
7.32422e-05     8.54492e-05     0.000244141     0.000292969     
0.000183105     0.000292969     0.000415039     0.00045166     
0.000366211     0.000402832     0.000549316     0.000561523     
0.000585938     0.000549316     0.000708008     0.00078125     
0.000646973     0.000720215     0.000817871     0.000805664     
0.000756836     0.000744629     0.000756836     0.000756836     
0.000610352     0.00057373     0.000683594     0.000732422     
0.000622559     0.000720215     0.000769043     0.000805664     
0.000817871     0.000793457     0.00090332     0.00090332     
0.000756836     0.000756836     0.000732422     0.000500488     
0.000280762     0.000219727     0.00012207     3.66211e-05     
-0.000170898     -0.000268555     -0.000305176     -0.000354004     
-0.00045166     -0.000415039     -0.000341797     -0.000256348     
-0.000317383     -0.000256348     -0.000134277     -0.000146484     
-0.00012207     -0.00012207     -9.76563e-05     7.32422e-05     
0     -0.000158691     4.88281e-05     9.76563e-05     
-0.000134277     -7.32422e-05     -1.2207e-05     -1.2207e-05     
-0.000134277     -0.000183105     -8.54492e-05     -8.54492e-05     
-0.000280762     -0.000280762     -0.000244141     -0.000170898     
-0.000305176     -0.000244141     -0.000305176     -0.00020752     
-0.000366211     -0.000390625     -0.000256348     -0.000292969     
-0.000341797     -0.000231934     -0.00020752     -9.76563e-05     
-0.00012207     -0.000109863     -2.44141e-05     0.000109863     
-6.10352e-05     3.66211e-05     0.000195313     1.2207e-05     
1.2207e-05     -3.66211e-05     3.66211e-05     3.66211e-05     
-3.66211e-05     -4.88281e-05     1.2207e-05     1.2207e-05     
-2.44141e-05     0     1.2207e-05     0.00012207     
0     2.44141e-05     0.000170898     7.32422e-05     
4.88281e-05     7.32422e-05     6.10352e-05     0.00012207     
-4.88281e-05     3.66211e-05     0.000146484     0.000170898     
0.000170898     0.000158691     0.000231934     0.000402832     
0.000305176     0.000354004     0.000415039     0.000390625     
0.000354004     0.000378418     0.000305176     0.000305176     
0.000280762     7.32422e-05     0.00020752     0.00012207     
1.2207e-05     2.44141e-05     0.000146484     0.000134277     
0     0     7.32422e-05     7.32422e-05     
-2.44141e-05     -0.00020752     -0.000109863     -0.000109863     
-0.000256348     -0.000305176     -9.76563e-05     -0.000280762     
-0.000463867     -0.000463867     -0.000366211     -0.000280762     
-0.000439453     -0.000476074     -0.000341797     -0.000366211     
-0.00045166     -0.000488281     -0.000427246     -0.000317383     
-0.000524902     -0.000354004     -0.000366211     -0.000317383     
-0.000244141     -0.000256348     -0.000183105     6.10352e-05     
-0.000158691     0.00012207     0.000183105     0.000244141     
0.000231934     0.000317383     0.000476074     0.000512695     
0.000488281     0.000512695     0.000744629     0.000585938     
0.00057373     0.000524902     0.000634766     0.000598145     
0.000500488     0.000354004     0.00045166     0.000341797     
0.00012207     9.76563e-05     -2.44141e-05     -1.2207e-05     
-0.000109863     -0.000146484     -1.2207e-05     -3.66211e-05     
-0.000109863     -0.000134277     8.54492e-05     0.00020752     
0.000134277     0.000280762     0.000415039     0.000378418     
0.000317383     0.000378418     0.000488281     0.000463867     
0.00020752     0.000244141     0.000415039     0.00045166     
0.000134277     0.000219727     0.000354004     0.000476074     
0.000354004     0.000537109     0.000622559     0.000744629     
0.000488281     0.000598145     0.000671387     0.00078125     
0.000500488     0.000512695     0.000585938     0.000415039     
0.00020752     4.88281e-05     0.00012207     -1.2207e-05     
-0.000280762     -0.000415039     -0.000439453     -0.000708008     
-0.000976563     -0.00128174     -0.00147705     -0.00168457     
-0.00203857     -0.00244141     -0.00268555     -0.00299072     
-0.00351563     -0.00383301     -0.00412598     -0.00449219     
-0.00496826     -0.00539551     -0.00571289     -0.00611572     
-0.00667725     -0.00709229     -0.00750732     -0.00782471     
-0.00837402     -0.00892334     -0.00927734     -0.00970459     
-0.0103149     -0.0107544     -0.0112427     -0.0115601     
-0.0120483     -0.0125854     -0.012915     -0.0132813     
-0.0137451     -0.0140747     -0.0144653     -0.0147095     
-0.0151855     -0.0154785     -0.0158203     -0.0162109     
-0.0165527     -0.0171021     -0.0173096     -0.0178101     
-0.0182495     -0.0186523     -0.0190674     -0.0195068     
-0.0199463     -0.0203613     -0.0206787     -0.0209961     
-0.0214355     -0.021875     -0.0220947     -0.0225586     
-0.0229126     -0.0233032     -0.0235962     -0.0239136     
-0.0244141     -0.0247925     -0.0250488     -0.0255005     
-0.0259399     -0.0262451     -0.0265503     -0.0268066     
-0.0272217     -0.0274414     -0.0275879     -0.0279419     
-0.0282593     -0.028479     -0.0287231     -0.0289307     
-0.0293579     -0.0296021     -0.0297729     -0.030127     
-0.0305542     -0.0308472     -0.0311157     -0.0312134     
-0.0316528     -0.0317627     -0.0319702     -0.0320801     
-0.0324219     -0.0325439     -0.0327515     -0.0328735     
-0.0330811     -0.0333984     -0.0334961     -0.0337646     
-0.0339966     -0.0342285     -0.0343506     -0.0344971     
-0.0348389     -0.0350464     -0.0351563     -0.0353394     
-0.0355957     -0.0357422     -0.0358032     -0.0359253     
-0.0362305     -0.0363647     -0.036377     -0.0365967     
-0.0368286     -0.0369751     -0.037146     -0.0372314     
-0.0375244     -0.0376587     -0.0376709     -0.0378296     
-0.0380615     -0.0381104     -0.038147     -0.0382324     
-0.0383301     -0.0383911     -0.0384766     -0.0385498     
-0.0386719     -0.0388428     -0.038916     -0.0389648     
-0.0391602     -0.0392334     -0.0393799     -0.0394043     
-0.0396606     -0.0397095     -0.0397827     -0.0397827     
-0.0399536     -0.0399902     -0.0399292     -0.0400024     
-0.0401367     -0.0401245     -0.0400391     -0.0401001     
-0.04021     -0.0403198     -0.04021     -0.0403442     
-0.0404297     -0.0404663     -0.0405518     -0.0405151     
-0.0406494     -0.040686     -0.0407227     -0.0406982     
-0.0409058     -0.0409668     -0.0408447     -0.0408325     
-0.0408936     -0.0409058     -0.0407349     -0.0406982     
-0.0406738     -0.0407227     -0.0404907     -0.0404175     
-0.0403931     -0.0404175     -0.0403076     -0.04021     
-0.0403076     -0.0402588     -0.0401978     -0.0400269     
-0.0401855     -0.0401123     -0.0400879     -0.0399292     
-0.0400757     -0.0399902     -0.0397949     -0.0396606     
-0.0397461     -0.0397095     -0.0395264     -0.0394897     
-0.0394653     -0.0395264     -0.0394653     -0.0394409     
-0.0394775     -0.0394409     -0.0393677     -0.0393677     
-0.0393433     -0.0392456     -0.0391602     -0.0389893     
-0.0390991     -0.0389282     -0.0387939     -0.0386963     
-0.0387817     -0.0387573     -0.0386597     -0.0386108     
-0.0387085     -0.0386719     -0.0384888     -0.0385498     
-0.038562     -0.0384399     -0.038208     -0.0380493     
-0.0379883     -0.0378418     -0.0376709     -0.0375     
-0.0373901     -0.0372559     -0.0370605     -0.036853     
-0.0367065     -0.0366821     -0.0364502     -0.0362671     
-0.0362793     -0.0361572     -0.0360474     -0.0358032     
-0.0358276     -0.0357178     -0.0356079     -0.0355957     
-0.0355713     -0.0355957     -0.0354004     -0.0353638     
-0.0352661     -0.0351685     -0.0348877     -0.0348389     
-0.0347534     -0.0345703     -0.0343262     -0.0340698     
-0.0339478     -0.0337524     -0.0334473     -0.0332642     
-0.0330811     -0.0329712     -0.0326416     -0.0324707     
-0.0324585     -0.0322144     -0.0319336     -0.0319092     
-0.0317871     -0.0317383     -0.0315796     -0.0314331     
-0.0315063     -0.0314331     -0.0311157     -0.0311768     
-0.0311646     -0.0310425     -0.0308716     -0.0307007     
-0.0307495     -0.0304443     -0.0302002     -0.0300659     
-0.0299561     -0.0296997     -0.0294678     -0.029126     
-0.0291382     -0.0290527     -0.0287964     -0.0286621     
-0.0286499     -0.0285889     -0.0284546     -0.0282349     
-0.0282593     -0.0281372     -0.0279419     -0.027832     
-0.0278687     -0.0276733     -0.0274048     -0.0272949     
-0.0273071     -0.0271729     -0.0269165     -0.0268066     
-0.0268188     -0.0266846     -0.0265625     -0.026355     
-0.0263916     -0.0264038     -0.0261475     -0.0260376     
-0.0259766     -0.0259521     -0.0257446     -0.0255859     
-0.0255249     -0.0254517     -0.0252075     -0.0250488     
-0.025     -0.0248779     -0.0245728     -0.0243408     
-0.024353     -0.0241089     -0.0239746     -0.0238281     
-0.0237793     -0.023584     -0.0234497     -0.0232666     
-0.0232788     -0.0230835     -0.0229004     -0.0228516     
-0.0227783     -0.0227905     -0.022583     -0.0223633     
-0.0225586     -0.0225098     -0.0222534     -0.0222656     
-0.0223145     -0.0222534     -0.0221558     -0.0221191     
-0.0221191     -0.0220947     -0.0219971     -0.0219116     
-0.0220337     -0.0219238     -0.0218262     -0.0217773     
-0.021814     -0.0216919     -0.0215698     -0.021521     
-0.0215698     -0.0216187     -0.0214355     -0.0213867     
-0.0215088     -0.0213989     -0.0213013     -0.0213013     
-0.0213745     -0.0213623     -0.0211548     -0.021106     
-0.0211304     -0.0210083     -0.0209595     -0.020813     
-0.0209229     -0.0208862     -0.0207397     -0.0206543     
-0.0207153     -0.02052     -0.0204102     -0.0202393     
-0.0203125     -0.0202148     -0.0198364     -0.0197266     
-0.0196167     -0.019458     -0.0192383     -0.0192993     
-0.019104     -0.0191284     -0.0189331     -0.0188232     
-0.0189575     -0.0188721     -0.0188232     -0.0188843     
-0.0188354     -0.0188232     -0.01875     -0.018689     
-0.0186035     -0.0187012     -0.0185913     -0.0186401     
-0.0186401     -0.0187256     -0.0187012     -0.0186768     
-0.0187622     -0.01875     -0.0187988     -0.0187256     
-0.0187256     -0.0187622     -0.0185913     -0.018457     
-0.0184937     -0.0184692     -0.0182983     -0.0183594     
-0.0183716     -0.0182495     -0.0183105     -0.0182983     
-0.018335     -0.0183838     -0.0182617     -0.0181641     
-0.0182617     -0.0181763     -0.0181641     -0.0180298     
-0.0180542     -0.0179443     -0.0178955     -0.0178101     
-0.0179077     -0.0179565     -0.0177734     -0.0177246     
-0.0178223     -0.0178101     -0.0177612     -0.0177734     
-0.0177734     -0.0177979     -0.0177734     -0.0177612     
-0.0178101     -0.0178223     -0.017749     -0.0179321     
-0.0179565     -0.0180664     -0.0179443     -0.0179688     
-0.0180664     -0.0181274     -0.018042     -0.0180298     
-0.0181396     -0.0182251     -0.0180786     -0.0181396     
-0.0182251     -0.0182617     -0.0181885     -0.0182129     
-0.018335     -0.0183472     -0.018396     -0.018335     
-0.0185059     -0.018457     -0.0184204     -0.0184326     
-0.0184937     -0.0185303     -0.0184937     -0.0183716     
-0.0185303     -0.0185181     -0.0183838     -0.0184937     
-0.0185181     -0.0185303     -0.018457     -0.0184326     
-0.0184448     -0.0185669     -0.0185181     -0.0186157     
-0.018689     -0.0188354     -0.01875     -0.0187622     
-0.0188843     -0.0188843     -0.0187744     -0.0187378     
-0.0188232     -0.0188721     -0.0187378     -0.018689     
-0.0187988     -0.0187866     -0.0186646     -0.0187256     
-0.0187744     -0.018811     -0.018689     -0.0187378     
-0.0188721     -0.0188599     -0.018811     -0.0189575     
-0.0189819     -0.0190063     -0.0189819     -0.0189941     
-0.0191528     -0.0189819     -0.0189941     -0.0189453     
-0.0189941     -0.0188721     -0.0188599     -0.0187988     
-0.0187988     -0.0186768     -0.018689     -0.0186157     
-0.0186646     -0.0186035     -0.0186035     -0.0185059     
-0.0186523     -0.0187256     -0.0185181     -0.0187012     
-0.018811     -0.0188721     -0.0188599     -0.0188599     
-0.0189453     -0.0190918     -0.0189331     -0.0189453     
-0.0190674     -0.0190552     -0.0189697     -0.0189453     
-0.019043     -0.0190308     -0.0189819     -0.0190186     
-0.0191284     -0.0192139     -0.0192139     -0.0192383     
-0.0193481     -0.0194946     -0.0194092     -0.0194458     
-0.0196167     -0.0195679     -0.0195435     -0.0193848     
-0.0193359     -0.0192993     -0.0192261     -0.0191162     
-0.0191284     -0.0190918     -0.0189453     -0.0188599     
-0.0189209     -0.0187744     -0.0187744     -0.0187256     
-0.0187988     -0.01875     -0.018689     -0.0185669     
-0.0186035     -0.0185791     -0.018457     -0.0184448     
-0.018457     -0.0185425     -0.0184448     -0.0184814     
-0.0185669     -0.0186279     -0.0184082     -0.0186157     
-0.0187012     -0.0187134     -0.01875     -0.018811     
-0.0188599     -0.0188965     -0.0187866     -0.0188477     
-0.0189087     -0.0189087     -0.0187256     -0.0186401     
-0.0187134     -0.0187134     -0.0184448     -0.0185181     
-0.0185303     -0.0185547     -0.0184692     -0.018396     
-0.0185303     -0.0185669     -0.0185059     -0.0184937     
-0.0186035     -0.0185669     -0.0186279     -0.0184692     
-0.0186157     -0.0185913     -0.0185425     -0.0185059     
-0.0184814     -0.0184448     -0.0184692     -0.0183228     
-0.0183716     -0.0183472     -0.0182007     -0.0182129     
-0.0182983     -0.0182861     -0.0182617     -0.0182495     
-0.0183228     -0.0184082     -0.0183594     -0.018396     
-0.0184204     -0.0185181     -0.0184204     -0.0183838     
-0.0184937     -0.018457     -0.0183716     -0.018335     
-0.018457     -0.0182861     -0.0181763     -0.0179688     
-0.0180054     -0.0179932     -0.0177124     -0.017688     
-0.0176636     -0.0174927     -0.0173584     -0.0172241     
-0.0172852     -0.0171509     -0.0169434     -0.01698     
-0.0170166     -0.0170532     -0.0169312     -0.0168701     
-0.0170654     -0.0170654     -0.0170044     -0.0170532     
-0.0171143     -0.0172119     -0.0171387     -0.0170654     
-0.0172241     -0.0171021     -0.0169678     -0.0168335     
-0.0168335     -0.0167969     -0.0166382     -0.0163818     
-0.0162476     -0.0164063     -0.0161011     -0.0160522     
-0.0160278     -0.0159546     -0.0157959     -0.0156982     
-0.0157349     -0.015686     -0.0155396     -0.0156006     
-0.0155762     -0.0155396     -0.0154297     -0.0153687     
-0.015564     -0.0154663     -0.0152466     -0.0153687     
-0.0153564     -0.0152832     -0.0151855     -0.0151367     
-0.0150879     -0.0151489     -0.014978     -0.0149292     
-0.014917     -0.0149658     -0.014856     -0.0146484     
-0.0147827     -0.0147217     -0.0145874     -0.0145508     
-0.0144897     -0.0144775     -0.0143799     -0.0141357     
-0.0142334     -0.0140747     -0.0139404     -0.0138794     
-0.0139404     -0.0139282     -0.0138306     -0.0138062     
-0.0139282     -0.0140137     -0.013855     -0.0139282     
-0.0140015     -0.0140137     -0.013916     -0.0138428     
-0.013916     -0.0139282     -0.0137207     -0.0137207     
-0.0138306     -0.0136475     -0.0136719     -0.0134644     
-0.0134888     -0.0134644     -0.0133301     -0.0132446     
-0.0132813     -0.0131714     -0.0129883     -0.0129272     
-0.012915     -0.012915     -0.0127441     -0.0128174     
-0.0128296     -0.0128174     -0.0127441     -0.0127319     
-0.0128418     -0.0127197     -0.0126099     -0.0125244     
-0.0126831     -0.0124634     -0.0123413     -0.0122803     
-0.0122559     -0.012146     -0.0119507     -0.011792     
-0.011853     -0.0118652     -0.0115845     -0.0114624     
-0.0115356     -0.0114502     -0.0112549     -0.0112671     
-0.0112915     -0.0113037     -0.0111572     -0.0111572     
-0.0112305     -0.0113159     -0.0112061     -0.0112915     
-0.0112427     -0.0113525     -0.0112671     -0.0112183     
-0.0113159     -0.0112793     -0.0111694     -0.0112305     
-0.0111816     -0.0111938     -0.0110962     -0.0110352     
-0.0110474     -0.0110962     -0.0109253     -0.0108765     
-0.0109253     -0.0108887     -0.01073     -0.0105713     
-0.0105957     -0.0105957     -0.0104004     -0.0103638     
-0.0104736     -0.0102661     -0.0103516     -0.0102295     
-0.0102905     -0.0103027     -0.0102905     -0.0102661     
-0.0104858     -0.0104492     -0.0105469     -0.0105103     
-0.0106567     -0.0107544     -0.0107788     -0.0107788     
-0.0109131     -0.0109131     -0.01073     -0.0107422     
-0.0107178     -0.0105225     -0.0103149     -0.0101807     
-0.0100708     -0.00992432     -0.00974121     -0.00959473     
-0.00957031     -0.00938721     -0.00928955     -0.00924072     
-0.00932617     -0.00928955     -0.00911865     -0.00908203     
-0.00926514     -0.00919189     -0.00915527     -0.00916748     
-0.00924072     -0.00924072     -0.00910645     -0.00897217     
-0.00914307     -0.00904541     -0.0088623     -0.009021     
-0.00904541     -0.00910645     -0.00924072     -0.00905762     
-0.00925293     -0.00930176     -0.00926514     -0.00938721     
-0.00947266     -0.00955811     -0.00958252     -0.00953369     
-0.00979004     -0.00970459     -0.00957031     -0.00957031     
-0.00963135     -0.00953369     -0.00952148     -0.00930176     
-0.00909424     -0.00924072     -0.0090332     -0.00888672     
-0.009021     -0.00887451     -0.00881348     -0.00871582     
-0.00883789     -0.00892334     -0.00881348     -0.00887451     
-0.00899658     -0.00904541     -0.00904541     -0.00908203     
-0.00919189     -0.00927734     -0.00915527     -0.00922852     
-0.00941162     -0.00950928     -0.00938721     -0.00936279     
-0.00947266     -0.00960693     -0.00950928     -0.00948486     
-0.00966797     -0.00965576     -0.00960693     -0.00955811     
-0.00970459     -0.00958252     -0.00959473     -0.00952148     
-0.00953369     -0.00955811     -0.00944824     -0.00928955     
-0.00938721     -0.00926514     -0.00921631     -0.0092041     
-0.00917969     -0.00916748     -0.00916748     -0.00914307     
-0.00927734     -0.00936279     -0.00926514     -0.00942383     
-0.00957031     -0.00964355     -0.00970459     -0.00968018     
-0.00981445     -0.0098877     -0.00975342     -0.00979004     
-0.00993652     -0.00976563     -0.00975342     -0.00964355     
-0.00968018     -0.00955811     -0.00947266     -0.00935059     
-0.00936279     -0.00944824     -0.00927734     -0.0092041     
-0.00933838     -0.00930176     -0.00926514     -0.00932617     
-0.00944824     -0.00947266     -0.00942383     -0.0095459     
-0.00964355     -0.00955811     -0.00968018     -0.00974121     
-0.0098877     -0.00982666     -0.00980225     -0.00983887     
-0.0098877     -0.00991211     -0.00985107     -0.00981445     
-0.0100464     -0.00997314     -0.00998535     -0.00983887     
-0.00987549     -0.00987549     -0.00983887     -0.0097168     
-0.00966797     -0.00959473     -0.00944824     -0.00919189     
-0.00935059     -0.00926514     -0.009021     -0.00911865     
-0.0092041     -0.00911865     -0.00914307     -0.00913086     
-0.0092041     -0.00933838     -0.00922852     -0.00927734     
-0.009375     -0.00936279     -0.00921631     -0.00926514     
-0.00930176     -0.00927734     -0.00922852     -0.00927734     
-0.009375     -0.00939941     -0.00949707     -0.00952148     
-0.00963135     -0.00976563     -0.0098877     -0.00987549     
-0.0100342     -0.0100586     -0.0101563     -0.0100464     
-0.010144     -0.0100952     -0.0100098     -0.00999756     
-0.00996094     -0.0098999     -0.00997314     -0.00975342     
-0.00983887     -0.00975342     -0.00964355     -0.00963135     
-0.00970459     -0.00960693     -0.00943604     -0.00947266     
-0.00938721     -0.00943604     -0.00919189     -0.00917969     
-0.00916748     -0.00924072     -0.00913086     -0.00898438     
-0.00914307     -0.00906982     -0.00889893     -0.00899658     
-0.00914307     -0.00925293     -0.00908203     -0.00911865     
-0.00921631     -0.00930176     -0.00922852     -0.00921631     
-0.00941162     -0.00933838     -0.00927734     -0.00921631     
-0.00935059     -0.00932617     -0.00917969     -0.00931396     
-0.00936279     -0.00946045     -0.00939941     -0.00930176     
-0.00957031     -0.00963135     -0.00947266     -0.0095459     
-0.00963135     -0.00963135     -0.00964355     -0.00948486     
-0.00953369     -0.00953369     -0.00938721     -0.00924072     
-0.00938721     -0.00927734     -0.00919189     -0.00909424     
-0.00906982     -0.00904541     -0.00889893     -0.00893555     
-0.00894775     -0.00889893     -0.00875244     -0.00866699     
-0.00877686     -0.00870361     -0.00872803     -0.00877686     
-0.0088623     -0.00906982     -0.00913086     -0.00916748     
-0.00942383     -0.00953369     -0.00955811     -0.00975342     
-0.00999756     -0.010022     -0.00999756     -0.0100464     
-0.0100952     -0.0100098     -0.00991211     -0.00980225     
-0.00982666     -0.00981445     -0.00957031     -0.00933838     
-0.00942383     -0.00925293     -0.00911865     -0.00909424     
-0.00904541     -0.00895996     -0.00898438     -0.00872803     
-0.00892334     -0.00889893     -0.00889893     -0.00880127     
-0.0088623     -0.00892334     -0.00889893     -0.00881348     
-0.00888672     -0.00897217     -0.00876465     -0.00897217     
-0.00891113     -0.00882568     -0.00887451     -0.00863037     
-0.00856934     -0.00865479     -0.00848389     -0.00825195     
-0.00834961     -0.00823975     -0.00817871     -0.0081665     
-0.00821533     -0.0081665     -0.00811768     -0.00826416     
-0.00828857     -0.00838623     -0.00836182     -0.00836182     
-0.00847168     -0.00852051     -0.00837402     -0.00838623     
-0.0085083     -0.00843506     -0.00828857     -0.00810547     
-0.00823975     -0.00811768     -0.00793457     -0.00793457     
-0.00803223     -0.00797119     -0.00783691     -0.0078125     
-0.00789795     -0.00792236     -0.00787354     -0.00782471     
-0.00797119     -0.00797119     -0.00784912     -0.00775146     
-0.00786133     -0.00784912     -0.00767822     -0.00756836     
-0.00756836     -0.00765381     -0.00739746     -0.00733643     
-0.00743408     -0.00732422     -0.0071167     -0.00717773     
-0.00726318     -0.00725098     -0.00722656     -0.00710449     
-0.00721436     -0.0072998     -0.00715332     -0.00716553     
-0.00722656     -0.00717773     -0.00704346     -0.00699463     
-0.00703125     -0.00697021     -0.00684814     -0.00690918     
-0.00698242     -0.00704346     -0.00692139     -0.00703125     
-0.00701904     -0.00714111     -0.0069458     -0.00708008     
-0.00723877     -0.00709229     -0.00704346     -0.00684814     
-0.00689697     -0.00678711     -0.00664063     -0.00649414     
-0.0065918     -0.00635986     -0.00625     -0.00603027     
-0.00612793     -0.0060791     -0.00587158     -0.00588379     
-0.00603027     -0.00606689     -0.00596924     -0.00603027     
-0.00623779     -0.00631104     -0.00632324     -0.0064209     
-0.00656738     -0.00666504     -0.00661621     -0.00654297     
-0.00670166     -0.00668945     -0.00654297     -0.00664063     
-0.0067627     -0.00675049     -0.00661621     -0.00661621     
-0.00670166     -0.00675049     -0.0065918     -0.00661621     
-0.00661621     -0.0065918     -0.00634766     -0.00631104     
-0.00627441     -0.00626221     -0.00611572     -0.00614014     
-0.00626221     -0.00617676     -0.00618896     -0.00614014     
-0.00635986     -0.00634766     -0.00627441     -0.00643311     
-0.00653076     -0.00646973     -0.00654297     -0.0064209     
-0.00657959     -0.00646973     -0.00633545     -0.00632324     
-0.00633545     -0.00621338     -0.00609131     -0.00601807     
-0.00593262     -0.00584717     -0.00574951     -0.00568848     
-0.00563965     -0.00567627     -0.00549316     -0.0055542     
-0.0055542     -0.00554199     -0.00549316     -0.00545654     
-0.00557861     -0.00559082     -0.00556641     -0.00546875     
-0.00561523     -0.00562744     -0.00544434     -0.00556641     
-0.00566406     -0.00567627     -0.00560303     -0.00556641     
-0.00567627     -0.00562744     -0.00561523     -0.00567627     
-0.00577393     -0.00583496     -0.00567627     -0.00556641     
-0.0057373     -0.00563965     -0.00557861     -0.00544434     
-0.00549316     -0.00544434     -0.00532227     -0.00515137     
-0.00518799     -0.00512695     -0.00515137     -0.00498047     
-0.00509033     -0.00510254     -0.00510254     -0.00498047     
-0.00511475     -0.0052002     -0.00507813     -0.0052002     
-0.0052002     -0.00524902     -0.00526123     -0.0052124     
-0.00537109     -0.00529785     -0.00515137     -0.00518799     
-0.00531006     -0.00532227     -0.00515137     -0.00515137     
-0.00523682     -0.00522461     -0.00509033     -0.00511475     
-0.00512695     -0.0052124     -0.00515137     -0.00512695     
-0.00527344     -0.00527344     -0.00524902     -0.00535889     
-0.00546875     -0.00540771     -0.00543213     -0.00535889     
-0.00540771     -0.0053833     -0.00533447     -0.00522461     
-0.00534668     -0.00534668     -0.00526123     -0.00517578     
-0.00528564     -0.00531006     -0.00531006     -0.00523682     
-0.00541992     -0.00540771     -0.0053833     -0.00527344     
-0.00554199     -0.00556641     -0.00549316     -0.00567627     
-0.00582275     -0.00588379     -0.00584717     -0.00593262     
-0.00611572     -0.00617676     -0.00605469     -0.00616455     
-0.00626221     -0.00625     -0.00616455     -0.00603027     
-0.00610352     -0.00611572     -0.00596924     -0.00603027     
-0.00609131     -0.0060791     -0.00598145     -0.00611572     
-0.00617676     -0.00622559     -0.00616455     -0.00622559     
-0.00631104     -0.00637207     -0.00629883     -0.00622559     
-0.00625     -0.00617676     -0.00601807     -0.00585938     
-0.00599365     -0.00583496     -0.0057251     -0.00557861     
-0.00567627     -0.00577393     -0.00557861     -0.0055542     
-0.00578613     -0.00571289     -0.0057251     -0.00561523     
-0.00579834     -0.00576172     -0.00561523     -0.00570068     
-0.00571289     -0.00578613     -0.00551758     -0.00548096     
-0.00552979     -0.00541992     -0.0052124     -0.0052002     
-0.00526123     -0.0052124     -0.00517578     -0.00507813     
-0.00526123     -0.00535889     -0.00539551     -0.00543213     
-0.00559082     -0.00579834     -0.00579834     -0.00574951     
-0.00595703     -0.00614014     -0.00603027     -0.00603027     
-0.00626221     -0.00627441     -0.00625     -0.00618896     
-0.00632324     -0.00628662     -0.00615234     -0.00621338     
-0.00620117     -0.00622559     -0.0060791     -0.00596924     
-0.00618896     -0.00604248     -0.005896     -0.00595703     
-0.00599365     -0.00588379     -0.00579834     -0.00554199     
-0.00565186     -0.00550537     -0.00531006     -0.00534668     
-0.0053833     -0.00549316     -0.00535889     -0.00531006     
-0.00535889     -0.00554199     -0.00544434     -0.00570068     
-0.00574951     -0.005896     -0.00587158     -0.00582275     
-0.0060791     -0.00606689     -0.00596924     -0.00598145     
-0.00614014     -0.00616455     -0.00616455     -0.00616455     
-0.00627441     -0.00638428     -0.00632324     -0.00633545     
-0.00649414     -0.00655518     -0.00646973     -0.00645752     
-0.00655518     -0.00657959     -0.00643311     -0.00644531     
-0.00632324     -0.00643311     -0.00629883     -0.00615234     
-0.00626221     -0.00629883     -0.00617676     -0.00598145     
-0.00620117     -0.00611572     -0.00604248     -0.00587158     
-0.00600586     -0.00596924     -0.00588379     -0.00579834     
-0.0059082     -0.00592041     -0.00576172     -0.0057373     
-0.00588379     -0.00584717     -0.00561523     -0.005896     
-0.00581055     -0.00576172     -0.00571289     -0.00574951     
-0.0057373     -0.00578613     -0.00570068     -0.0057251     
-0.00584717     -0.00577393     -0.00574951     -0.00568848     
-0.00571289     -0.00576172     -0.00574951     -0.00571289     
-0.00583496     -0.00584717     -0.00583496     -0.00576172     
-0.00598145     -0.00595703     -0.00582275     -0.00585938     
-0.00611572     -0.00603027     -0.00592041     -0.00593262     
-0.00603027     -0.00595703     -0.00583496     -0.00576172     
-0.00582275     -0.00582275     -0.00571289     -0.00556641     
-0.00562744     -0.00551758     -0.00548096     -0.00534668     
-0.00549316     -0.00544434     -0.00540771     -0.0053833     
-0.00545654     -0.00543213     -0.00533447     -0.00540771     
-0.00539551     -0.0053833     -0.00528564     -0.00516357     
-0.0052002     -0.00513916     -0.00496826     -0.00501709     
-0.00500488     -0.0050415     -0.0050293     -0.00493164     
-0.00505371     -0.00516357     -0.00507813     -0.00510254     
-0.00527344     -0.00533447     -0.00528564     -0.00527344     
-0.00540771     -0.00532227     -0.00531006     -0.00524902     
-0.0053833     -0.00541992     -0.0053833     -0.00529785     
-0.00543213     -0.00560303     -0.00543213     -0.00543213     
-0.0057373     -0.00568848     -0.0057373     -0.00571289     
-0.00588379     -0.00600586     -0.005896     -0.00592041     
-0.00616455     -0.00614014     -0.00610352     -0.00600586     
-0.00614014     -0.00604248     -0.00588379     -0.00581055     
-0.00577393     -0.00566406     -0.00534668     -0.00529785     
-0.00523682     -0.00517578     -0.00491943     -0.00494385     
-0.00487061     -0.00480957     -0.00484619     -0.00463867     
-0.00483398     -0.00496826     -0.00484619     -0.00487061     
-0.00495605     -0.0050415     -0.00500488     -0.0050415     
-0.00509033     -0.00511475     -0.00507813     -0.00515137     
-0.00513916     -0.00518799     -0.00517578     -0.00523682     
-0.00541992     -0.00533447     -0.00528564     -0.00540771     
-0.00551758     -0.00554199     -0.0055542     -0.0053833     
-0.00562744     -0.00557861     -0.00546875     -0.00543213     
-0.00554199     -0.00546875     -0.00526123     -0.00499268     
-0.00507813     -0.00507813     -0.00477295     -0.00461426     
-0.00463867     -0.00458984     -0.00446777     -0.00428467     
-0.00424805     -0.00428467     -0.00412598     -0.00412598     
-0.00424805     -0.00430908     -0.00422363     -0.0041626     
-0.00430908     -0.00429688     -0.00411377     -0.00422363     
-0.00426025     -0.00427246     -0.00421143     -0.00395508     
-0.00408936     -0.00407715     -0.00388184     -0.00383301     
-0.00379639     -0.00384521     -0.00389404     -0.00369873     
-0.00380859     -0.00389404     -0.00383301     -0.00391846     
-0.00402832     -0.00411377     -0.00419922     -0.00406494     
-0.00424805     -0.0041748     -0.0041748     -0.00426025     
-0.00421143     -0.00429688     -0.00422363     -0.00412598     
-0.0043457     -0.00419922     -0.00412598     -0.00407715     
-0.0041748     -0.00415039     -0.00410156     -0.00408936     
-0.00419922     -0.00419922     -0.00405273     -0.00421143     
-0.00432129     -0.00428467     -0.00438232     -0.00430908     
-0.0043457     -0.00438232     -0.00435791     -0.00427246     
-0.00441895     -0.00427246     -0.00421143     -0.0041748     
-0.00426025     -0.00415039     -0.00402832     -0.00413818     
-0.00412598     -0.0041626     -0.00410156     -0.00400391     
-0.00407715     -0.00404053     -0.00395508     -0.00400391     
-0.00402832     -0.00391846     -0.00394287     -0.00388184     
-0.00389404     -0.00383301     -0.00385742     -0.00375977     
-0.00383301     -0.00388184     -0.00377197     -0.00372314     
-0.0038208     -0.00388184     -0.00380859     -0.00380859     
-0.00396729     -0.00400391     -0.00385742     -0.0038208     
-0.00389404     -0.00394287     -0.00393066     -0.0039917     
-0.00395508     -0.00402832     -0.00400391     -0.00405273     
-0.00418701     -0.0041748     -0.00404053     -0.0041748     
-0.00435791     -0.00429688     -0.00426025     -0.00427246     
-0.0043457     -0.00438232     -0.00423584     -0.00430908     
-0.0043457     -0.00432129     -0.00422363     -0.00405273     
-0.00405273     -0.00404053     -0.00388184     -0.00384521     
-0.00380859     -0.00374756     -0.00372314     -0.00357666     
-0.00366211     -0.00368652     -0.00352783     -0.00350342     
-0.00375977     -0.0036377     -0.00367432     -0.00352783     
-0.00368652     -0.00369873     -0.00362549     -0.00361328     
-0.00380859     -0.00374756     -0.00388184     -0.00375977     
-0.00397949     -0.00407715     -0.00405273     -0.00408936     
-0.00422363     -0.00430908     -0.0041748     -0.00418701     
-0.00422363     -0.00421143     -0.00411377     -0.00397949     
-0.00402832     -0.00406494     -0.00394287     -0.00375977     
-0.00383301     -0.00375977     -0.00358887     -0.00360107     
-0.00357666     -0.00356445     -0.003479     -0.00332031     
-0.00340576     -0.00330811     -0.00325928     -0.00327148     
-0.00332031     -0.00328369     -0.00321045     -0.00327148     
-0.00344238     -0.0034668     -0.00336914     -0.00358887     
-0.00369873     -0.00372314     -0.00378418     -0.00369873     
-0.00394287     -0.00406494     -0.00380859     -0.00394287     
-0.00408936     -0.00406494     -0.00404053     -0.00389404     
-0.00411377     -0.00395508     -0.00401611     -0.00394287     
-0.00405273     -0.00411377     -0.0039917     -0.00395508     
-0.00401611     -0.00404053     -0.00385742     -0.00390625     
-0.00405273     -0.00394287     -0.00373535     -0.00374756     
-0.00388184     -0.00384521     -0.00374756     -0.00373535     
-0.00374756     -0.00378418     -0.00374756     -0.0036499     
-0.00372314     -0.0038208     -0.00372314     -0.00377197     
-0.00383301     -0.00384521     -0.00385742     -0.00391846     
-0.0039917     -0.00406494     -0.0039917     -0.00401611     
-0.00412598     -0.00411377     -0.00404053     -0.00386963     
-0.00394287     -0.00389404     -0.00388184     -0.00380859     
-0.00388184     -0.00388184     -0.00383301     -0.00372314     
-0.00386963     -0.00386963     -0.00383301     -0.00390625     
-0.00397949     -0.00393066     -0.00397949     -0.00386963     
-0.00401611     -0.00411377     -0.00391846     -0.00391846     
-0.00413818     -0.00419922     -0.00410156     -0.00415039     
-0.00419922     -0.00428467     -0.00427246     -0.00440674     
-0.00450439     -0.0045166     -0.00444336     -0.00446777     
-0.00452881     -0.00450439     -0.00444336     -0.00439453     
-0.00447998     -0.00457764     -0.00454102     -0.00449219     
-0.00458984     -0.00462646     -0.00449219     -0.00444336     
-0.00454102     -0.00443115     -0.00424805     -0.00415039     
-0.00411377     -0.00400391     -0.00380859     -0.00367432     
-0.00379639     -0.0036377     -0.0036499     -0.00349121     
-0.00369873     -0.00361328     -0.00362549     -0.00360107     
-0.00356445     -0.00356445     -0.00360107     -0.00352783     
-0.00358887     -0.00357666     -0.00358887     -0.00366211     
-0.00371094     -0.00388184     -0.00379639     -0.00380859     
-0.0039917     -0.0039917     -0.00393066     -0.00394287     
-0.00406494     -0.0039917     -0.00391846     -0.0038208     
-0.0038208     -0.00384521     -0.00360107     -0.00361328     
-0.00368652     -0.00362549     -0.00361328     -0.00369873     
-0.00378418     -0.00385742     -0.00383301     -0.00396729     
-0.00412598     -0.00424805     -0.00428467     -0.00426025     
-0.00443115     -0.00461426     -0.00450439     -0.00457764     
-0.00474854     -0.00474854     -0.00476074     -0.00463867     
-0.00474854     -0.00479736     -0.00469971     -0.00463867     
-0.00473633     -0.00476074     -0.00471191     -0.00461426     
-0.0046875     -0.00466309     -0.00458984     -0.00463867     
-0.00472412     -0.00476074     -0.00457764     -0.00460205     
-0.00469971     -0.00476074     -0.00467529     -0.00477295     
-0.00483398     -0.00501709     -0.00493164     -0.00493164     
-0.00509033     -0.00515137     -0.00506592     -0.00516357     
-0.00511475     -0.00512695     -0.00498047     -0.00490723     
-0.00494385     -0.00491943     -0.00473633     -0.00469971     
-0.00472412     -0.00462646     -0.00450439     -0.00443115     
-0.00441895     -0.00437012     -0.00427246     -0.00424805     
-0.00428467     -0.00419922     -0.00410156     -0.00393066     
-0.0041626     -0.00405273     -0.00391846     -0.00397949     
-0.00410156     -0.00406494     -0.00411377     -0.00407715     
-0.00428467     -0.00429688     -0.00422363     -0.00427246     
-0.0043457     -0.0043457     -0.00430908     -0.00412598     
-0.00412598     -0.00418701     -0.00405273     -0.00391846     
-0.0039917     -0.00400391     -0.00386963     -0.00378418     
-0.00378418     -0.00379639     -0.00374756     -0.00371094     
-0.0038208     -0.00388184     -0.00374756     -0.00374756     
-0.00380859     -0.00383301     -0.00369873     -0.00373535     
-0.0038208     -0.00390625     -0.0038208     -0.00371094     
-0.00384521     -0.00390625     -0.00373535     -0.00379639     
-0.00391846     -0.00391846     -0.00389404     -0.00379639     
-0.00386963     -0.00379639     -0.00380859     -0.00375977     
-0.00373535     -0.00373535     -0.00373535     -0.00349121     
-0.0036499     -0.00357666     -0.00349121     -0.00361328     
-0.00371094     -0.00383301     -0.00373535     -0.00369873     
-0.00384521     -0.00388184     -0.00372314     -0.00379639     
-0.00388184     -0.00391846     -0.00384521     -0.00372314     
-0.00375977     -0.00368652     -0.00352783     -0.00345459     
-0.00360107     -0.00350342     -0.00344238     -0.00335693     
-0.00341797     -0.00361328     -0.003479     -0.00351563     
-0.00366211     -0.00373535     -0.00373535     -0.00373535     
-0.00393066     -0.00397949     -0.00390625     -0.00393066     
-0.00396729     -0.00396729     -0.0038208     -0.00372314     
-0.00377197     -0.00362549     -0.00358887     -0.00352783     
-0.00362549     -0.00358887     -0.00352783     -0.0034668     
-0.00361328     -0.00350342     -0.00344238     -0.00340576     
-0.00349121     -0.00338135     -0.00328369     -0.00310059     
-0.00310059     -0.00307617     -0.00288086     -0.00280762     
-0.00273438     -0.00270996     -0.00257568     -0.00257568     
-0.00267334     -0.0026123     -0.00275879     -0.0027832     
-0.00296631     -0.00305176     -0.00313721     -0.00314941     
-0.00314941     -0.00327148     -0.00319824     -0.00318604     
-0.00325928     -0.00321045     -0.00302734     -0.00292969     
-0.00299072     -0.00300293     -0.00289307     -0.00286865     
-0.00294189     -0.00313721     -0.00302734     -0.00305176     
-0.00317383     -0.00324707     -0.00313721     -0.00317383     
-0.00325928     -0.00317383     -0.00316162     -0.00288086     
-0.00302734     -0.00296631     -0.00281982     -0.002771     
-0.00290527     -0.00281982     -0.00290527     -0.00275879     
-0.00294189     -0.00286865     -0.00286865     -0.0029541     
-0.00302734     -0.00316162     -0.00302734     -0.00306396     
-0.00317383     -0.00321045     -0.00311279     -0.00328369     
-0.00332031     -0.00338135     -0.00333252     -0.00324707     
-0.00341797     -0.00344238     -0.00322266     -0.00321045     
-0.00330811     -0.0032959     -0.00305176     -0.00288086     
-0.00290527     -0.00286865     -0.00263672     -0.00251465     
-0.00250244     -0.00251465     -0.00236816     -0.00229492     
-0.00252686     -0.00250244     -0.00244141     -0.00249023     
-0.00274658     -0.00280762     -0.00285645     -0.00286865     
-0.00311279     -0.00306396     -0.00299072     -0.00311279     
-0.00319824     -0.00300293     -0.00311279     -0.00290527     
-0.00302734     -0.00299072     -0.00301514     -0.00285645     
-0.00302734     -0.00316162     -0.00305176     -0.00305176     
-0.00303955     -0.00306396     -0.00292969     -0.0029541     
-0.00292969     -0.00290527     -0.00280762     -0.00270996     
-0.00280762     -0.002771     -0.00273438     -0.00284424     
-0.00289307     -0.00310059     -0.00311279     -0.00316162     
-0.00341797     -0.003479     -0.00343018     -0.00357666     
-0.0036377     -0.00379639     -0.00383301     -0.00378418     
-0.00377197     -0.00384521     -0.00371094     -0.00367432     
-0.00369873     -0.00368652     -0.00354004     -0.00341797     
-0.00354004     -0.00338135     -0.00322266     -0.00323486     
-0.00328369     -0.00327148     -0.00328369     -0.00302734     
-0.00324707     -0.00318604     -0.00305176     -0.00299072     
-0.00317383     -0.00313721     -0.00305176     -0.00296631     
-0.003125     -0.00305176     -0.00286865     -0.00302734     
-0.00308838     -0.00314941     -0.00313721     -0.00311279     
-0.00316162     -0.00334473     -0.00333252     -0.00327148     
-0.0034668     -0.00357666     -0.00350342     -0.00354004     
-0.00357666     -0.0036499     -0.00354004     -0.00352783     
-0.0036377     -0.00371094     -0.00357666     -0.00350342     
-0.0036377     -0.00366211     -0.003479     -0.00343018     
-0.00358887     -0.00358887     -0.00350342     -0.00336914     
-0.00344238     -0.00340576     -0.00332031     -0.00335693     
-0.00334473     -0.00338135     -0.00325928     -0.00322266     
-0.00336914     -0.00338135     -0.00340576     -0.00336914     
-0.00349121     -0.00350342     -0.003479     -0.00340576     
-0.00360107     -0.00341797     -0.00336914     -0.00334473     
-0.00333252     -0.00335693     -0.00311279     -0.00306396     
-0.00307617     -0.00302734     -0.00285645     -0.00286865     
-0.00294189     -0.00299072     -0.00294189     -0.00285645     
-0.00297852     -0.00299072     -0.00281982     -0.00284424     
-0.00292969     -0.0029541     -0.00273438     -0.00266113     
-0.00283203     -0.00285645     -0.00268555     -0.00268555     
-0.00269775     -0.00281982     -0.00275879     -0.00264893     
-0.00274658     -0.00280762     -0.00274658     -0.00269775     
-0.00284424     -0.00286865     -0.00286865     -0.00283203     
-0.00301514     -0.00306396     -0.00305176     -0.00307617     
-0.00321045     -0.00316162     -0.00307617     -0.003125     
-0.00305176     -0.00306396     -0.00291748     -0.00280762     
-0.00292969     -0.00294189     -0.00267334     -0.00268555     
-0.00267334     -0.002771     -0.00256348     -0.0026123     
-0.00264893     -0.00270996     -0.00268555     -0.0026001     
-0.00281982     -0.00283203     -0.00280762     -0.00296631     
-0.00311279     -0.00310059     -0.00322266     -0.00313721     
-0.0032959     -0.00343018     -0.00336914     -0.00334473     
-0.00352783     -0.00343018     -0.00328369     -0.00317383     
-0.00328369     -0.00323486     -0.00300293     -0.00299072     
-0.00308838     -0.00306396     -0.00299072     -0.00292969     
-0.00316162     -0.00306396     -0.00300293     -0.00314941     
-0.00330811     -0.00325928     -0.00341797     -0.00323486     
-0.00356445     -0.00357666     -0.00355225     -0.00361328     
-0.00360107     -0.00374756     -0.00372314     -0.00366211     
-0.0036377     -0.00377197     -0.00355225     -0.00360107     
-0.0036499     -0.00360107     -0.00338135     -0.00336914     
-0.003479     -0.00334473     -0.00322266     -0.00333252     
-0.00332031     -0.00341797     -0.00330811     -0.00325928     
-0.00338135     -0.00328369     -0.00305176     -0.00305176     
-0.00308838     -0.00301514     -0.00285645     -0.00268555     
-0.00272217     -0.00274658     -0.00256348     -0.00268555     
-0.00283203     -0.00292969     -0.00286865     -0.00283203     
-0.00306396     -0.00308838     -0.00318604     -0.00323486     
-0.00334473     -0.00338135     -0.0032959     -0.00328369     
-0.00343018     -0.0032959     -0.00325928     -0.00318604     
-0.00334473     -0.00328369     -0.003125     -0.00314941     
-0.00321045     -0.00327148     -0.00321045     -0.00332031     
-0.00339355     -0.00340576     -0.00340576     -0.00349121     
-0.00357666     -0.00366211     -0.00358887     -0.00357666     
-0.00368652     -0.00371094     -0.00366211     -0.00352783     
-0.00375977     -0.00378418     -0.0034668     -0.00357666     
-0.00362549     -0.00360107     -0.00344238     -0.00349121     
-0.00352783     -0.00339355     -0.00339355     -0.00339355     
-0.00341797     -0.00345459     -0.00335693     -0.00333252     
-0.003479     -0.00344238     -0.00336914     -0.00340576     
-0.0034668     -0.00332031     -0.00319824     -0.00303955     
-0.00313721     -0.00296631     -0.00279541     -0.00280762     
-0.00281982     -0.00272217     -0.00263672     -0.00245361     
-0.00264893     -0.00257568     -0.00253906     -0.00264893     
-0.0026001     -0.00273438     -0.00257568     -0.00255127     
-0.00263672     -0.00266113     -0.00247803     -0.00253906     
-0.0026001     -0.00255127     -0.00251465     -0.00234375     
-0.00246582     -0.00252686     -0.00241699     -0.00238037     
-0.0024292     -0.00249023     -0.00233154     -0.00224609     
-0.00236816     -0.00234375     -0.00219727     -0.00223389     
-0.00227051     -0.00229492     -0.00229492     -0.00220947     
-0.00235596     -0.00241699     -0.00241699     -0.00238037     
-0.00258789     -0.00246582     -0.00250244     -0.00234375     
-0.00247803     -0.00236816     -0.00229492     -0.00228271     
-0.0024292     -0.00230713     -0.00239258     -0.00223389     
-0.00241699     -0.00241699     -0.00238037     -0.00234375     
-0.00250244     -0.00257568     -0.00236816     -0.00236816     
-0.00240479     -0.00231934     -0.00209961     -0.00206299     
-0.00194092     -0.0019165     -0.00175781     -0.00166016     
-0.00178223     -0.00177002     -0.00163574     -0.00177002     
-0.00183105     -0.00202637     -0.0020874     -0.00202637     
-0.00218506     -0.00224609     -0.00217285     -0.00231934     
-0.00241699     -0.00234375     -0.00222168     -0.00218506     
-0.00235596     -0.00234375     -0.00223389     -0.00223389     
-0.00236816     -0.00233154     -0.00236816     -0.00227051     
-0.00247803     -0.00255127     -0.00246582     -0.00250244     
-0.00267334     -0.00275879     -0.00266113     -0.00255127     
-0.00272217     -0.00264893     -0.00253906     -0.00247803     
-0.00249023     -0.00240479     -0.00235596     -0.00224609     
-0.00230713     -0.00233154     -0.00227051     -0.00241699     
-0.00255127     -0.00262451     -0.00273438     -0.00283203     
-0.003125     -0.00318604     -0.00321045     -0.00328369     
-0.00349121     -0.003479     -0.00338135     -0.00327148     
-0.00333252     -0.00321045     -0.00289307     -0.00294189     
-0.00285645     -0.00268555     -0.00252686     -0.00235596     
-0.00235596     -0.00223389     -0.00201416     -0.00195313     
-0.00201416     -0.00196533     -0.00185547     -0.00168457     
-0.00195313     -0.00186768     -0.00189209     -0.00185547     
-0.00202637     -0.00211182     -0.00212402     -0.0020752     
-0.00228271     -0.00228271     -0.00231934     -0.00238037     
-0.00247803     -0.00241699     -0.00250244     -0.00244141     
-0.00256348     -0.00250244     -0.0024292     -0.00255127     
-0.00258789     -0.00273438     -0.00269775     -0.00270996     
-0.00273438     -0.00285645     -0.00273438     -0.00283203     
-0.00289307     -0.00286865     -0.00281982     -0.00289307     
-0.0029541     -0.00283203     -0.00270996     -0.00267334     
-0.00270996     -0.00272217     -0.00257568     -0.00252686     
-0.00258789     -0.0024292     -0.00230713     -0.00229492     
-0.00234375     -0.00229492     -0.00216064     -0.00211182     
-0.0020752     -0.00201416     -0.00198975     -0.00201416     
-0.00205078     -0.00209961     -0.00202637     -0.00200195     
-0.00218506     -0.00224609     -0.00222168     -0.00228271     
-0.00262451     -0.00267334     -0.00258789     -0.00256348     
-0.00273438     -0.00272217     -0.00255127     -0.00257568     
-0.00250244     -0.00255127     -0.00233154     -0.00220947     
-0.0022583     -0.00224609     -0.00205078     -0.0020752     
-0.0020752     -0.00216064     -0.00223389     -0.00217285     
-0.00220947     -0.00240479     -0.00233154     -0.00240479     
-0.00246582     -0.00244141     -0.00240479     -0.00239258     
-0.0024292     -0.00239258     -0.00231934     -0.00234375     
-0.00239258     -0.00240479     -0.00240479     -0.00233154     
-0.00244141     -0.00257568     -0.00267334     -0.00273438     
-0.0029541     -0.00300293     -0.00302734     -0.00301514     
-0.00319824     -0.00322266     -0.00316162     -0.00308838     
-0.00318604     -0.00300293     -0.00296631     -0.00281982     
-0.00280762     -0.0027832     -0.0026001     -0.0026123     
-0.00273438     -0.00272217     -0.00255127     -0.0026001     
-0.00269775     -0.00263672     -0.0026001     -0.00266113     
-0.00263672     -0.00272217     -0.00268555     -0.00258789     
-0.00280762     -0.00275879     -0.00258789     -0.00258789     
-0.00275879     -0.00275879     -0.00266113     -0.00266113     
-0.002771     -0.00279541     -0.00264893     -0.00275879     
-0.00285645     -0.00289307     -0.0027832     -0.00279541     
-0.00296631     -0.00291748     -0.00270996     -0.00279541     
-0.00279541     -0.00262451     -0.00252686     -0.00239258     
-0.00249023     -0.00233154     -0.00219727     -0.00213623     
-0.00217285     -0.00211182     -0.00200195     -0.00189209     
-0.00218506     -0.00213623     -0.0020874     -0.00231934     
-0.00245361     -0.00238037     -0.00247803     -0.00262451     
-0.00273438     -0.00288086     -0.00288086     -0.00283203     
-0.00288086     -0.00284424     -0.00274658     -0.00270996     
-0.0027832     -0.00267334     -0.0026123     -0.00263672     
-0.00266113     -0.00274658     -0.00262451     -0.00258789     
-0.00274658     -0.00275879     -0.00264893     -0.00272217     
-0.00285645     -0.00283203     -0.00269775     -0.00262451     
-0.00280762     -0.00269775     -0.0026001     -0.00267334     
-0.00269775     -0.00266113     -0.00257568     -0.00264893     
-0.00279541     -0.00275879     -0.00279541     -0.00281982     
-0.0029541     -0.00302734     -0.00297852     -0.00291748     
-0.00306396     -0.00301514     -0.00294189     -0.00289307     
-0.00289307     -0.00279541     -0.00268555     -0.00257568     
-0.00252686     -0.00249023     -0.00233154     -0.00234375     
-0.0024292     -0.00241699     -0.00224609     -0.00224609     
-0.00230713     -0.00236816     -0.00218506     -0.00228271     
-0.00236816     -0.00235596     -0.00231934     -0.00222168     
-0.00235596     -0.00239258     -0.00229492     -0.00218506     
-0.00227051     -0.00235596     -0.00219727     -0.00209961     
-0.00220947     -0.00228271     -0.00212402     -0.00212402     
-0.00218506     -0.00219727     -0.00213623     -0.00195313     
-0.00201416     -0.00198975     -0.00197754     -0.00183105     
-0.00203857     -0.00201416     -0.00198975     -0.00187988     
-0.00197754     -0.00206299     -0.00202637     -0.00196533     
-0.00209961     -0.00218506     -0.00209961     -0.00201416     
-0.00213623     -0.00217285     -0.00197754     -0.00206299     
-0.00213623     -0.00218506     -0.00209961     -0.00202637     
-0.00212402     -0.00212402     -0.00202637     -0.00205078     
-0.00209961     -0.00223389     -0.00217285     -0.00197754     
-0.00209961     -0.00228271     -0.00214844     -0.00222168     
-0.00249023     -0.00250244     -0.00256348     -0.00253906     
-0.00279541     -0.00285645     -0.0027832     -0.00290527     
-0.00303955     -0.00296631     -0.00290527     -0.00291748     
-0.0029541     -0.00290527     -0.00273438     -0.00275879     
-0.00279541     -0.00267334     -0.00263672     -0.00256348     
-0.00258789     -0.0026123     -0.0024292     -0.00250244     
-0.00264893     -0.00263672     -0.0026123     -0.00256348     
-0.00264893     -0.00270996     -0.00272217     -0.00269775     
-0.00283203     -0.0029541     -0.00275879     -0.00279541     
-0.00297852     -0.00297852     -0.00286865     -0.00286865     
-0.00294189     -0.00286865     -0.00281982     -0.00273438     
-0.00281982     -0.00284424     -0.00267334     -0.00275879     
-0.00280762     -0.0027832     -0.00266113     -0.00245361     
-0.00257568     -0.00250244     -0.00238037     -0.00240479     
-0.00234375     -0.0022583     -0.00213623     -0.00200195     
-0.00205078     -0.00197754     -0.00179443     -0.00181885     
-0.00183105     -0.00174561     -0.00174561     -0.00158691     
-0.00179443     -0.0017334     -0.0017334     -0.00174561     
-0.00187988     -0.00181885     -0.00185547     -0.00179443     
-0.00201416     -0.00195313     -0.00186768     -0.00185547     
-0.00202637     -0.00189209     -0.0019165     -0.0019165     
-0.00186768     -0.00198975     -0.00186768     -0.00187988     
-0.00197754     -0.00203857     -0.00194092     -0.00179443     
-0.00201416     -0.00194092     -0.00187988     -0.00185547     
-0.00185547     -0.0020752     -0.00200195     -0.0019043     
-0.00200195     -0.00213623     -0.00200195     -0.00213623     
-0.00227051     -0.00228271     -0.00235596     -0.00239258     
-0.00247803     -0.00255127     -0.0024292     -0.00236816     
-0.00241699     -0.00245361     -0.0022583     -0.00209961     
-0.00222168     -0.00201416     -0.0019165     -0.00180664     
-0.00186768     -0.00183105     -0.00178223     -0.00155029     
-0.0017334     -0.00170898     -0.00158691     -0.00168457     
-0.00178223     -0.00175781     -0.00178223     -0.00180664     
-0.0019043     -0.00195313     -0.00175781     -0.0019043     
-0.00201416     -0.00205078     -0.00197754     -0.00187988     
-0.00206299     -0.00206299     -0.00197754     -0.00200195     
-0.00211182     -0.00214844     -0.0020752     -0.00198975     
-0.00216064     -0.00214844     -0.00205078     -0.00212402     
-0.00217285     -0.00218506     -0.00206299     -0.00209961     
-0.00223389     -0.00218506     -0.00209961     -0.0020752     
-0.00220947     -0.00213623     -0.00209961     -0.00192871     
-0.00201416     -0.00197754     -0.00189209     -0.00177002     
-0.00195313     -0.00195313     -0.00178223     -0.00186768     
-0.00198975     -0.00192871     -0.00196533     -0.00196533     
-0.0020874     -0.00212402     -0.0020874     -0.00200195     
-0.00220947     -0.00214844     -0.0020874     -0.0020874     
-0.0020752     -0.00216064     -0.00203857     -0.00197754     
-0.00197754     -0.00198975     -0.00180664     -0.00194092     
-0.00198975     -0.00200195     -0.0019165     -0.00181885     
-0.00203857     -0.0020874     -0.00205078     -0.00213623     
-0.00223389     -0.00231934     -0.00220947     -0.00224609     
-0.0024292     -0.00241699     -0.00223389     -0.00222168     
-0.00222168     -0.00213623     -0.00205078     -0.00183105     
-0.00192871     -0.00177002     -0.00163574     -0.00159912     
-0.00178223     -0.00166016     -0.00166016     -0.00152588     
-0.00166016     -0.00162354     -0.00172119     -0.00175781     
-0.00192871     -0.00194092     -0.0019043     -0.00195313     
-0.00205078     -0.00200195     -0.00195313     -0.00196533     
-0.00211182     -0.00222168     -0.00192871     -0.00202637     
-0.00212402     -0.00218506     -0.00211182     -0.00209961     
-0.00217285     -0.0022583     -0.0022583     -0.00224609     
-0.00230713     -0.00224609     -0.0022583     -0.00229492     
-0.00251465     -0.00249023     -0.00246582     -0.00235596     
-0.00246582     -0.00251465     -0.00234375     -0.00236816     
-0.00244141     -0.00245361     -0.00240479     -0.00235596     
-0.00228271     -0.00220947     -0.0020752     -0.00218506     
-0.00223389     -0.00212402     -0.00211182     -0.00202637     
-0.00213623     -0.00214844     -0.00197754     -0.00198975     
-0.00214844     -0.00205078     -0.00201416     -0.0019043     
-0.00203857     -0.00206299     -0.00198975     -0.00187988     
-0.00197754     -0.00194092     -0.0019165     -0.00187988     
-0.00192871     -0.00198975     -0.00186768     -0.0019043     
-0.0019043     -0.00197754     -0.00186768     -0.00178223     
-0.00200195     -0.00200195     -0.00194092     -0.00214844     
-0.0022583     -0.00228271     -0.00240479     -0.00250244     
-0.00264893     -0.00280762     -0.00273438     -0.00289307     
-0.00305176     -0.00296631     -0.00288086     -0.00291748     
-0.00300293     -0.00290527     -0.00270996     -0.00270996     
-0.00269775     -0.00262451     -0.00252686     -0.00235596     
-0.00241699     -0.00229492     -0.00219727     -0.00214844     
-0.00216064     -0.0020752     -0.00212402     -0.0019043     
-0.0020752     -0.00198975     -0.00196533     -0.00198975     
-0.00198975     -0.00192871     -0.0019165     -0.0019165     
-0.00196533     -0.00200195     -0.00181885     -0.0019165     
-0.00195313     -0.00201416     -0.00192871     -0.00184326     
-0.00184326     -0.00183105     -0.00178223     -0.0017334     
-0.00181885     -0.00180664     -0.0017334     -0.00178223     
-0.00180664     -0.00180664     -0.00184326     -0.00198975     
-0.00194092     -0.0020752     -0.00196533     -0.00181885     
-0.00203857     -0.00201416     -0.00187988     -0.00178223     
-0.00186768     -0.00172119     -0.00153809     -0.0015625     
-0.00157471     -0.00144043     -0.00148926     -0.00136719     
-0.00144043     -0.00148926     -0.00142822     -0.00140381     
-0.00164795     -0.00166016     -0.00161133     -0.00168457     
-0.00200195     -0.0019165     -0.00192871     -0.00201416     
-0.00211182     -0.00197754     -0.00205078     -0.00209961     
-0.00205078     -0.00209961     -0.00196533     -0.0019165     
-0.00200195     -0.00187988     -0.0017334     -0.0019043     
-0.00197754     -0.00186768     -0.00189209     -0.00185547     
-0.00198975     -0.00203857     -0.00194092     -0.00197754     
-0.00214844     -0.0020874     -0.00196533     -0.00195313     
-0.00211182     -0.0020752     -0.00196533     -0.00203857     
-0.00211182     -0.00203857     -0.00194092     -0.00184326     
-0.00192871     -0.00192871     -0.0017334     -0.00166016     
-0.00184326     -0.00169678     -0.00166016     -0.00150146     
-0.00163574     -0.00167236     -0.00164795     -0.00168457     
-0.0019043     -0.00184326     -0.00185547     -0.00178223     
-0.00200195     -0.00192871     -0.00183105     -0.00179443     
-0.00196533     -0.00200195     -0.00174561     -0.00183105     
-0.00178223     -0.00185547     -0.00167236     -0.00169678     
-0.00180664     -0.00179443     -0.00169678     -0.00158691     
-0.00177002     -0.00174561     -0.00152588     -0.00153809     
-0.00164795     -0.00172119     -0.00152588     -0.00146484     
-0.00158691     -0.00159912     -0.00140381     -0.00151367     
-0.00172119     -0.00166016     -0.0017334     -0.00180664     
-0.00197754     -0.00216064     -0.00220947     -0.00238037     
-0.00252686     -0.00253906     -0.00274658     -0.00258789     
-0.00280762     -0.00281982     -0.00267334     -0.00263672     
-0.00262451     -0.00245361     -0.00240479     -0.00209961     
-0.00219727     -0.00202637     -0.00185547     -0.00175781     
-0.00174561     -0.00178223     -0.00164795     -0.0015625     
-0.00158691     -0.00161133     -0.00158691     -0.00167236     
-0.00172119     -0.00186768     -0.00180664     -0.00175781     
-0.00196533     -0.00200195     -0.00189209     -0.00200195     
-0.00194092     -0.00200195     -0.00198975     -0.00189209     
-0.0019043     -0.00179443     -0.00172119     -0.00168457     
-0.00175781     -0.00179443     -0.00170898     -0.00161133     
-0.00167236     -0.0017334     -0.00163574     -0.00166016     
-0.00179443     -0.00175781     -0.00170898     -0.00162354     
-0.00184326     -0.00177002     -0.00174561     -0.0017334     
-0.00186768     -0.00189209     -0.00179443     -0.00184326     
-0.00197754     -0.00186768     -0.00195313     -0.00196533     
-0.00218506     -0.00220947     -0.00228271     -0.00216064     
-0.00235596     -0.00239258     -0.00229492     -0.0024292     
-0.00256348     -0.00256348     -0.00241699     -0.00236816     
-0.00246582     -0.00239258     -0.00227051     -0.0022583     
-0.00239258     -0.00228271     -0.00216064     -0.00227051     
-0.00233154     -0.00223389     -0.00220947     -0.00223389     
-0.00229492     -0.00224609     -0.00214844     -0.00203857     
-0.0020874     -0.00196533     -0.00175781     -0.00168457     
-0.0017334     -0.00162354     -0.00142822     -0.00141602     
-0.00159912     -0.00155029     -0.00153809     -0.00151367     
-0.00168457     -0.00170898     -0.00168457     -0.00175781     
-0.00185547     -0.00174561     -0.00179443     -0.00183105     
-0.0019165     -0.00187988     -0.00179443     -0.0017334     
-0.00185547     -0.00183105     -0.00168457     -0.00179443     
-0.00180664     -0.00185547     -0.00170898     -0.00169678     
-0.00183105     -0.00185547     -0.00177002     -0.00180664     
-0.00196533     -0.0019043     -0.00187988     -0.00187988     
-0.0019165     -0.00202637     -0.0019043     -0.00183105     
-0.00186768     -0.0019043     -0.00177002     -0.00162354     
-0.00179443     -0.00174561     -0.0015625     -0.00158691     
-0.00158691     -0.00162354     -0.00157471     -0.00153809     
-0.00151367     -0.00159912     -0.00142822     -0.00133057     
-0.0013916     -0.00129395     -0.0012207     -0.0010376     
-0.00107422     -0.00107422     -0.000878906     -0.000830078     
-0.000927734     -0.000830078     -0.000830078     -0.00078125     
-0.000915527     -0.000891113     -0.000891113     -0.00090332     
-0.0010498     -0.00115967     -0.00108643     -0.00108643     
-0.00125732     -0.00130615     -0.00130615     -0.00141602     
-0.00145264     -0.00146484     -0.0015625     -0.00145264     
-0.00163574     -0.00162354     -0.00146484     -0.00164795     
-0.00175781     -0.00172119     -0.0017334     -0.00170898     
-0.00196533     -0.00187988     -0.00197754     -0.00209961     
-0.00220947     -0.00216064     -0.00218506     -0.00219727     
-0.00218506     -0.00214844     -0.00195313     -0.00189209     
-0.00195313     -0.00177002     -0.0017334     -0.00151367     
-0.00162354     -0.00157471     -0.00145264     -0.00152588     
-0.00162354     -0.00164795     -0.00169678     -0.00147705     
-0.00166016     -0.00175781     -0.00162354     -0.00169678     
-0.00183105     -0.00175781     -0.00180664     -0.00163574     
-0.00170898     -0.00179443     -0.00172119     -0.00178223     
-0.00174561     -0.00185547     -0.00179443     -0.00169678     
-0.00178223     -0.00181885     -0.00172119     -0.00178223     
-0.00186768     -0.00187988     -0.00179443     -0.00172119     
-0.00192871     -0.00184326     -0.00186768     -0.0019165     
-0.00192871     -0.0019165     -0.00197754     -0.00180664     
-0.00195313     -0.00195313     -0.00168457     -0.00181885     
-0.0019043     -0.00186768     -0.00172119     -0.00168457     
-0.00186768     -0.00179443     -0.00181885     -0.00189209     
-0.00189209     -0.0020752     -0.0020752     -0.00205078     
-0.00219727     -0.00224609     -0.00214844     -0.00218506     
-0.00214844     -0.00209961     -0.00205078     -0.00186768     
-0.00184326     -0.00178223     -0.00150146     -0.00158691     
-0.00166016     -0.00164795     -0.00151367     -0.00148926     
-0.00164795     -0.00163574     -0.0015625     -0.00169678     
-0.00186768     -0.00187988     -0.0017334     -0.00174561     
-0.00178223     -0.00184326     -0.00170898     -0.00170898     
-0.00181885     -0.00179443     -0.00174561     -0.00163574     
-0.00175781     -0.00175781     -0.00161133     -0.00163574     
-0.0017334     -0.00170898     -0.00161133     -0.00147705     
-0.00150146     -0.00140381     -0.00126953     -0.00114746     
-0.00131836     -0.0012085     -0.0010498     -0.00101318     
-0.00126953     -0.00114746     -0.00115967     -0.0012207     
-0.00131836     -0.00130615     -0.00131836     -0.00115967     
-0.00126953     -0.00114746     -0.00102539     -0.00107422     
-0.00101318     -0.00109863     -0.000964355     -0.000964355     
-0.00108643     -0.0010376     -0.000878906     -0.00107422     
-0.00118408     -0.00126953     -0.00119629     -0.0010498     
-0.00133057     -0.0013916     -0.00133057     -0.00146484     
-0.00155029     -0.00164795     -0.00163574     -0.00166016     
-0.00181885     -0.00189209     -0.00175781     -0.00183105     
-0.00192871     -0.00186768     -0.00189209     -0.00180664     
-0.00194092     -0.00194092     -0.00196533     -0.00206299     
-0.00205078     -0.00203857     -0.00222168     -0.0020752     
-0.00218506     -0.00220947     -0.00214844     -0.00205078     
-0.00209961     -0.00198975     -0.00189209     -0.00166016     
-0.0017334     -0.00159912     -0.00146484     -0.00148926     
-0.00151367     -0.00152588     -0.00141602     -0.0015625     
-0.00166016     -0.0017334     -0.00174561     -0.00183105     
-0.00197754     -0.00195313     -0.00198975     -0.0019165     
-0.00209961     -0.00198975     -0.00183105     -0.00189209     
-0.00197754     -0.00196533     -0.00195313     -0.00189209     
-0.00197754     -0.00197754     -0.0019165     -0.0019043     
-0.00186768     -0.00183105     -0.0017334     -0.00163574     
-0.00167236     -0.00152588     -0.00144043     -0.00137939     
-0.00142822     -0.00135498     -0.00134277     -0.00118408     
-0.00135498     -0.00133057     -0.00126953     -0.00133057     
-0.00150146     -0.00150146     -0.0013916     -0.0013916     
-0.00158691     -0.00159912     -0.00158691     -0.00145264     
-0.00157471     -0.00161133     -0.00147705     -0.00151367     
-0.00151367     -0.00151367     -0.00136719     -0.00151367     
-0.00155029     -0.00158691     -0.00153809     -0.00148926     
-0.00157471     -0.00161133     -0.00159912     -0.00163574     
-0.00163574     -0.00167236     -0.00155029     -0.00141602     
-0.00159912     -0.00142822     -0.0012207     -0.00137939     
-0.00147705     -0.00135498     -0.00125732     -0.0012207     
-0.00131836     -0.00137939     -0.00136719     -0.00129395     
-0.00141602     -0.00141602     -0.0013916     -0.00134277     
-0.00146484     -0.00137939     -0.00146484     -0.00150146     
-0.00157471     -0.00161133     -0.00158691     -0.00148926     
-0.0017334     -0.00164795     -0.00177002     -0.00169678     
-0.00181885     -0.00181885     -0.00184326     -0.00179443     
-0.0019043     -0.00192871     -0.00178223     -0.00183105     
-0.00187988     -0.00178223     -0.00174561     -0.00172119     
-0.0017334     -0.00164795     -0.00152588     -0.00142822     
-0.00155029     -0.00152588     -0.00141602     -0.00136719     
-0.00150146     -0.00153809     -0.00145264     -0.00146484     
-0.00155029     -0.00159912     -0.00164795     -0.00153809     
-0.00166016     -0.00162354     -0.0015625     -0.00158691     
-0.00166016     -0.00163574     -0.00146484     -0.00144043     
-0.0015625     -0.00150146     -0.00141602     -0.00137939     
-0.0015625     -0.00152588     -0.00135498     -0.00131836     
-0.00144043     -0.00129395     -0.0012085     -0.00114746     
-0.00128174     -0.00126953     -0.00113525     -0.0010498     
-0.00119629     -0.00123291     -0.00114746     -0.0012085     
-0.00133057     -0.0013916     -0.00128174     -0.00126953     
-0.00129395     -0.00128174     -0.00113525     -0.00113525     
-0.0012085     -0.00119629     -0.00107422     -0.00109863     
-0.00113525     -0.00114746     -0.00101318     -0.00102539     
-0.00118408     -0.00129395     -0.00133057     -0.00136719     
-0.00152588     -0.00164795     -0.00166016     -0.00163574     
-0.00178223     -0.0019043     -0.00180664     -0.00170898     
-0.00178223     -0.00183105     -0.00162354     -0.00157471     
-0.00163574     -0.00145264     -0.00151367     -0.00124512     
-0.0013916     -0.00134277     -0.0012207     -0.00124512     
-0.00134277     -0.00130615     -0.00130615     -0.00117188     
-0.00123291     -0.00131836     -0.0010376     -0.00108643     
-0.00126953     -0.00125732     -0.00118408     -0.00130615     
-0.00131836     -0.00142822     -0.0013916     -0.00142822     
-0.00150146     -0.00162354     -0.00153809     -0.00150146     
-0.00169678     -0.00168457     -0.0015625     -0.00161133     
-0.00178223     -0.00166016     -0.00163574     -0.00155029     
-0.00162354     -0.00169678     -0.00161133     -0.00164795     
-0.00169678     -0.00180664     -0.00163574     -0.00155029     
-0.00164795     -0.00167236     -0.00144043     -0.00145264     
-0.00158691     -0.0015625     -0.0015625     -0.00137939     
-0.00166016     -0.00158691     -0.00157471     -0.00162354     
-0.0017334     -0.00168457     -0.00174561     -0.00155029     
-0.00164795     -0.00157471     -0.00151367     -0.00144043     
-0.0015625     -0.0015625     -0.00136719     -0.00136719     
-0.00141602     -0.00135498     -0.00134277     -0.00140381     
-0.00152588     -0.00153809     -0.00147705     -0.00150146     
-0.00166016     -0.00161133     -0.00166016     -0.00159912     
-0.00162354     -0.00163574     -0.00145264     -0.00136719     
-0.00133057     -0.00126953     -0.00101318     -0.000952148     
-0.000976563     -0.000915527     -0.000793457     -0.00078125     
-0.000854492     -0.000866699     -0.000842285     -0.00090332     
-0.00100098     -0.00106201     -0.00108643     -0.0010376     
-0.00123291     -0.00119629     -0.00114746     -0.0012207     
-0.00131836     -0.00126953     -0.00117188     -0.00115967     
-0.00140381     -0.00131836     -0.00130615     -0.00130615     
-0.00141602     -0.00135498     -0.00128174     -0.00117188     
-0.00123291     -0.0012207     -0.000964355     -0.00107422     
-0.00111084     -0.00113525     -0.00101318     -0.0010376     
-0.000952148     -0.00112305     -0.000939941     -0.00101318     
-0.00111084     -0.00107422     -0.000927734     -0.000793457     
-0.000866699     -0.000793457     -0.00065918     -0.000610352     
-0.000646973     -0.000756836     -0.000598145     -0.000549316     
-0.000756836     -0.000744629     -0.000683594     -0.000915527     
-0.00109863     -0.0012085     -0.00114746     -0.00125732     
-0.00146484     -0.0015625     -0.00159912     -0.00166016     
-0.00181885     -0.00186768     -0.00175781     -0.00168457     
-0.00179443     -0.0017334     -0.00163574     -0.00163574     
-0.00177002     -0.00162354     -0.00153809     -0.00153809     
-0.00169678     -0.00164795     -0.00153809     -0.00166016     
-0.00172119     -0.00172119     -0.00167236     -0.00162354     
-0.00177002     -0.00178223     -0.00163574     -0.00166016     
-0.00172119     -0.00170898     -0.00172119     -0.00164795     
-0.00172119     -0.00178223     -0.00168457     -0.00172119     
-0.00170898     -0.00169678     -0.00157471     -0.00146484     
-0.0015625     -0.00152588     -0.00147705     -0.00150146     
-0.00146484     -0.00155029     -0.00158691     -0.00144043     
-0.00161133     -0.00174561     -0.00161133     -0.00163574     
-0.00178223     -0.00172119     -0.00175781     -0.00155029     
-0.00163574     -0.00158691     -0.00145264     -0.00140381     
-0.00148926     -0.00141602     -0.00142822     -0.00133057     
-0.00148926     -0.00141602     -0.00134277     -0.00147705     
-0.00157471     -0.00167236     -0.00155029     -0.00157471     
-0.00172119     -0.00174561     -0.00151367     -0.00152588     
-0.00162354     -0.00158691     -0.00150146     -0.00137939     
-0.00140381     -0.00141602     -0.0012085     -0.0012207     
-0.00131836     -0.00128174     -0.00113525     -0.0012085     
-0.00119629     -0.00118408     -0.00106201     -0.000952148     
-0.00112305     -0.00107422     -0.000952148     -0.000842285     
-0.000939941     -0.000952148     -0.000854492     -0.000805664     
-0.000854492     -0.000830078     -0.000878906     -0.00078125     
-0.000842285     -0.00098877     -0.000866699     -0.000915527     
-0.00113525     -0.0010498     -0.00112305     -0.00107422     
-0.00126953     -0.0012085     -0.00114746     -0.00115967     
-0.00125732     -0.00108643     -0.00111084     -0.000976563     
-0.000842285     -0.000915527     -0.000805664     -0.000793457     
-0.000744629     -0.000744629     -0.000646973     -0.000610352     
-0.000793457     -0.000817871     -0.000756836     -0.00090332     
-0.000939941     -0.0010376     -0.000976563     -0.000830078     
-0.00101318     -0.00100098     -0.00078125     -0.000866699     
-0.0010376     -0.000927734     -0.000842285     -0.00090332     
-0.000927734     -0.00106201     -0.00098877     -0.00108643     
-0.00112305     -0.00115967     -0.00119629     -0.00106201     
-0.00125732     -0.00108643     -0.00108643     -0.00112305     
-0.00111084     -0.00113525     -0.00114746     -0.0010376     
-0.00111084     -0.0010498     -0.00102539     -0.00098877     
-0.00100098     -0.00117188     -0.00109863     -0.00107422     
-0.00130615     -0.00134277     -0.00123291     -0.00136719     
-0.00144043     -0.00151367     -0.00152588     -0.00155029     
-0.00164795     -0.0017334     -0.00164795     -0.00174561     
-0.00181885     -0.00180664     -0.00174561     -0.00175781     
-0.00172119     -0.00177002     -0.0015625     -0.00148926     
-0.00155029     -0.00142822     -0.00130615     -0.00118408     
-0.0012207     -0.0012085     -0.00100098     -0.00114746     
-0.00125732     -0.00115967     -0.00111084     -0.00119629     
-0.00125732     -0.00123291     -0.0012207     -0.00118408     
-0.0013916     -0.0013916     -0.00133057     -0.00131836     
-0.00151367     -0.00145264     -0.00136719     -0.00140381     
-0.00151367     -0.00153809     -0.00140381     -0.00137939     
-0.00141602     -0.00137939     -0.00126953     -0.00141602     
-0.00137939     -0.00140381     -0.00124512     -0.00119629     
-0.00136719     -0.0013916     -0.00128174     -0.00135498     
-0.00140381     -0.00144043     -0.00146484     -0.00147705     
-0.00146484     -0.00151367     -0.00140381     -0.00148926     
-0.00151367     -0.00147705     -0.00150146     -0.00137939     
-0.00146484     -0.00146484     -0.00137939     -0.00133057     
-0.00135498     -0.00136719     -0.00131836     -0.00118408     
-0.0013916     -0.00140381     -0.00124512     -0.00128174     
-0.00137939     -0.00128174     -0.00126953     -0.00125732     
-0.00142822     -0.00141602     -0.00146484     -0.00146484     
-0.00162354     -0.0017334     -0.00179443     -0.00181885     
-0.00196533     -0.00194092     -0.00195313     -0.00202637     
-0.00213623     -0.00212402     -0.00194092     -0.00184326     

