Source : transient; Time : Wed Jun 14 07:41:21 2017
B0 = 3640.000000 Gauss, mw = 9.686281 GHz
 NDI-T2 sa261 20/2 42/25 523nm/1mJ
1 5000 -1.001e-06 8.997e-06 0 0
s                        V                                                 
-0.000305176     -0.000354004     -8.54492e-05     -0.000170898     
-0.000109863     -0.000183105     -8.54492e-05     0     
-0.000195313     -0.000183105     -9.76563e-05     -8.54492e-05     
-0.000134277     -0.000146484     -0.000109863     -7.32422e-05     
-0.000183105     -0.000280762     -0.000305176     -0.00020752     
-0.000317383     -0.000366211     -0.000354004     -0.000292969     
-0.000524902     -0.000585938     -0.000512695     -0.000512695     
-0.00065918     -0.000634766     -0.000488281     -0.000402832     
-0.000598145     -0.000463867     -0.000439453     -0.000268555     
-0.000366211     -0.000366211     -0.00020752     -0.000146484     
-0.000390625     -0.000390625     -0.000341797     -0.000244141     
-0.000292969     -0.00032959     -0.00020752     -0.000195313     
-0.000268555     -0.000244141     -0.000231934     -0.000183105     
-0.000195313     -0.000231934     -0.000109863     -0.000231934     
-0.000390625     -0.000317383     -0.000280762     -0.000244141     
-0.000341797     -0.000378418     -0.000256348     -0.000341797     
-0.00032959     -0.00045166     -0.000256348     -0.000378418     
-0.000341797     -0.000427246     -0.000390625     -0.00032959     
-0.00045166     -0.000537109     -0.000561523     -0.000463867     
-0.000537109     -0.000585938     -0.000524902     -0.000488281     
-0.000634766     -0.000561523     -0.000585938     -0.000463867     
-0.000476074     -0.000463867     -0.000390625     -0.000292969     
-0.00032959     -0.000378418     -0.000317383     -8.54492e-05     
-0.000195313     -0.000146484     -4.88281e-05     -1.2207e-05     
-7.32422e-05     -3.66211e-05     1.2207e-05     7.32422e-05     
0     -2.44141e-05     1.2207e-05     -4.88281e-05     
-9.76563e-05     -0.000231934     -0.000231934     -0.000183105     
-0.000366211     -0.000317383     -0.000341797     -0.000305176     
-0.000427246     -0.000415039     -0.000341797     -0.000280762     
-0.000280762     -0.000280762     -0.000170898     -0.000146484     
-0.000317383     -0.000317383     -0.000292969     -0.000244141     
-0.000366211     -0.000439453     -0.000341797     -0.000366211     
-0.000463867     -0.000610352     -0.000463867     -0.000341797     
-0.00045166     -0.00032959     -0.000305176     -0.000158691     
-0.000317383     -0.000183105     -7.32422e-05     -0.000109863     
-1.2207e-05     3.66211e-05     1.2207e-05     0.000170898     
0.000109863     3.66211e-05     2.44141e-05     3.66211e-05     
0     -0.000134277     -0.00012207     -9.76563e-05     
-0.000231934     -0.000463867     -0.000366211     -0.000439453     
-0.000610352     -0.00057373     -0.000732422     -0.000683594     
-0.000915527     -0.00107422     -0.0010376     -0.00112305     
-0.00114746     -0.00119629     -0.00101318     -0.00102539     
-0.00098877     -0.00101318     -0.000830078     -0.000646973     
-0.000634766     -0.000585938     -0.00045166     -0.000268555     
-0.000354004     -0.000439453     -0.000268555     -0.000317383     
-0.000415039     -0.000366211     -0.000402832     -0.000231934     
-0.000476074     -0.00057373     -0.000427246     -0.00045166     
-0.000512695     -0.000488281     -0.000402832     -0.000317383     
-0.000549316     -0.000317383     -0.000305176     -0.000158691     
-0.000158691     -6.10352e-05     0.000109863     0.00020752     
0.000170898     0.000183105     0.000427246     0.000463867     
0.000500488     0.000476074     0.000524902     0.000732422     
0.000476074     0.00045166     0.000561523     0.000488281     
0.000549316     0.000512695     0.00057373     0.000500488     
0.000512695     0.000268555     0.000390625     0.000341797     
0.000231934     0.000195313     0.00012207     2.44141e-05     
-0.00020752     -0.000280762     -0.000280762     -0.000341797     
-0.000427246     -0.000524902     -0.000476074     -0.000402832     
-0.000610352     -0.00057373     -0.000500488     -0.000476074     
-0.000476074     -0.000585938     -0.000439453     -0.000402832     
-0.000549316     -0.00057373     -0.000537109     -0.000439453     
-0.000488281     -0.000488281     -0.000463867     -0.00045166     
-0.000512695     -0.000598145     -0.000488281     -0.000476074     
-0.00057373     -0.000646973     -0.000524902     -0.000610352     
-0.000769043     -0.000695801     -0.000695801     -0.00057373     
-0.000549316     -0.000585938     -0.000415039     -0.000341797     
-0.000292969     -0.000378418     -0.000170898     -0.000183105     
-0.000134277     -0.000244141     0     8.54492e-05     
-9.76563e-05     -0.000109863     -8.54492e-05     6.10352e-05     
-8.54492e-05     -6.10352e-05     2.44141e-05     -1.2207e-05     
-0.000109863     -0.000183105     -0.00020752     -0.00012207     
-0.000280762     -0.000354004     -0.000317383     -0.000415039     
-0.000524902     -0.000488281     -0.000549316     -0.000439453     
-0.000500488     -0.000366211     -0.000354004     -0.000219727     
-0.000146484     -0.000134277     0.000109863     0.000183105     
0.000305176     0.000268555     0.000500488     0.000561523     
0.000476074     0.000500488     0.000439453     0.00057373     
0.000476074     0.000317383     0.000305176     0.000292969     
0.000183105     -0.00012207     -1.2207e-05     -0.000146484     
-0.000134277     -0.000341797     -0.000305176     -0.000390625     
-0.000549316     -0.000695801     -0.000610352     -0.000585938     
-0.000708008     -0.000634766     -0.000524902     -0.000415039     
-0.00045166     -0.000500488     -0.00032959     -0.000158691     
-0.000183105     -7.32422e-05     -7.32422e-05     0.000146484     
6.10352e-05     0.000158691     0.000268555     0.000280762     
0.00032959     0.000354004     0.000305176     0.000463867     
0.000341797     0.000158691     0.000231934     0.000280762     
0.00012207     3.66211e-05     0.000158691     0.000158691     
0     -8.54492e-05     0.000146484     4.88281e-05     
2.44141e-05     0.000183105     0.000219727     0.000354004     
0.000256348     0.00020752     0.000354004     0.000280762     
0.000280762     0.000256348     0.000463867     0.000317383     
0.000256348     0.000183105     0.000231934     0.000280762     
0.000244141     0.000280762     0.000305176     0.000463867     
0.000415039     0.000378418     0.000463867     0.000463867     
0.000463867     0.000561523     0.000561523     0.000695801     
0.000488281     0.000463867     0.000500488     0.000537109     
0.000366211     0.000183105     0.000158691     0.000231934     
-6.10352e-05     -0.000170898     -0.000170898     -0.000280762     
-0.00032959     -0.000390625     -0.000402832     -0.000341797     
-0.000439453     -0.000354004     -0.000231934     -0.000292969     
-0.00012207     -0.000170898     -7.32422e-05     7.32422e-05     
-0.000146484     -7.32422e-05     8.54492e-05     1.2207e-05     
0     1.2207e-05     0.000256348     0.000183105     
0.000146484     7.32422e-05     0.000317383     0.000292969     
0.000256348     0.000183105     0.000158691     0.000305176     
-1.2207e-05     1.2207e-05     4.88281e-05     2.44141e-05     
2.44141e-05     3.66211e-05     0.000146484     0.00032959     
7.32422e-05     0.000183105     0.000305176     0.000427246     
0.000402832     0.000439453     0.000634766     0.000708008     
0.000561523     0.000561523     0.000585938     0.000622559     
0.000622559     0.00057373     0.000646973     0.000524902     
0.000512695     0.000390625     0.000366211     0.000427246     
0.000427246     0.000317383     0.000488281     0.000427246     
0.000244141     0.000280762     0.000292969     0.000439453     
0.000366211     0.00032959     0.000427246     0.000415039     
0.000415039     0.00045166     0.000585938     0.00045166     
0.000524902     0.000427246     0.000537109     0.000537109     
0.000354004     0.000305176     0.000305176     0.000292969     
0.000170898     0.000170898     0.00020752     0.000219727     
0     3.66211e-05     -0.00012207     1.2207e-05     
-0.000146484     -0.00020752     -0.000146484     -0.000158691     
-0.000366211     -0.000390625     -0.000415039     -0.000366211     
-0.00045166     -0.00032959     -0.000366211     -0.000268555     
-0.000341797     -0.000354004     -0.000158691     -0.00020752     
-0.000195313     -0.000146484     4.88281e-05     0     
0.000134277     2.44141e-05     1.2207e-05     0.000195313     
0     1.2207e-05     0.00012207     3.66211e-05     
-9.76563e-05     -0.000183105     -2.44141e-05     -0.000183105     
-0.00020752     -0.000231934     -0.000146484     -0.000231934     
-0.000256348     -0.000292969     -0.00020752     -0.000134277     
-9.76563e-05     -7.32422e-05     4.88281e-05     0.000146484     
8.54492e-05     3.66211e-05     0.000305176     0.000378418     
0.00020752     0.000256348     0.000402832     0.000378418     
0.000195313     0.000231934     0.000268555     0.00032959     
0.000341797     0.000292969     0.00032959     0.000427246     
0.000244141     0.000256348     0.000390625     0.000402832     
0.000256348     0.000280762     0.000292969     0.00020752     
0.000109863     -6.10352e-05     0.000219727     0.000305176     
0.000219727     0.000427246     0.000622559     0.00108643     
0.00115967     0.00148926     0.00197754     0.00246582     
0.00280762     0.00318604     0.00386963     0.00422363     
0.00450439     0.00480957     0.00533447     0.00566406     
0.00585938     0.00620117     0.00646973     0.0069458     
0.00699463     0.00721436     0.00759277     0.00797119     
0.00809326     0.00844727     0.00880127     0.00922852     
0.00942383     0.00974121     0.0101807     0.0106567     
0.0110474     0.0113892     0.0119385     0.0123413     
0.0126831     0.013147     0.0136353     0.0140625     
0.0143188     0.0146851     0.0151367     0.0154541     
0.0156128     0.015918     0.0162842     0.0164917     
0.0167847     0.0168945     0.0170776     0.0174805     
0.0174561     0.0178101     0.0179688     0.0181885     
0.0182861     0.0184692     0.0187866     0.0189087     
0.019165     0.0191284     0.0194946     0.0197266     
0.0199707     0.0200928     0.0203491     0.0206665     
0.0207642     0.0210327     0.0213623     0.0217041     
0.0219604     0.0223022     0.0226196     0.0230469     
0.0230225     0.023291     0.0235474     0.0238403     
0.0239502     0.0241943     0.0243652     0.024707     
0.0247681     0.0250122     0.0252319     0.0255493     
0.0256836     0.0259277     0.0263062     0.0266113     
0.0266846     0.0269409     0.0271973     0.0275024     
0.0277344     0.0277832     0.028125     0.0282715     
0.0282959     0.0284302     0.0285278     0.028772     
0.0287964     0.028894     0.0291748     0.0293213     
0.0293579     0.02948     0.0298706     0.0299683     
0.030188     0.0302856     0.0305176     0.0307007     
0.0307007     0.0307495     0.0309326     0.0311157     
0.0310425     0.0310913     0.0311768     0.0312378     
0.0311646     0.0311157     0.0311768     0.031311     
0.0312622     0.0312988     0.0314331     0.0315063     
0.0315186     0.031543     0.0315674     0.0317749     
0.0316895     0.0316895     0.0318237     0.0318115     
0.0316406     0.031604     0.0316528     0.0317627     
0.0316895     0.0316528     0.0319092     0.0319824     
0.0320557     0.0321045     0.0322754     0.0325928     
0.0325684     0.0326782     0.0328735     0.0329224     
0.0329102     0.0327271     0.0328247     0.0327637     
0.0326172     0.0324463     0.0323975     0.0323486     
0.0321289     0.0319702     0.031958     0.0319458     
0.0318359     0.0318115     0.0318604     0.0318848     
0.0318481     0.0318604     0.031897     0.0319092     
0.0318481     0.0319702     0.0319092     0.031897     
0.0317993     0.0316895     0.0318359     0.0317627     
0.0316284     0.031604     0.031543     0.0316528     
0.031311     0.0312012     0.0312866     0.03125     
0.0311768     0.0309448     0.0309326     0.0310059     
0.0308594     0.0306152     0.0307251     0.0306885     
0.0305298     0.0305176     0.0304321     0.0304688     
0.0302856     0.0301025     0.0300537     0.029895     
0.0298828     0.0295776     0.0295776     0.0293945     
0.029187     0.028894     0.0289063     0.0287476     
0.02854     0.0284424     0.0282837     0.0282349     
0.0279297     0.0277344     0.0277222     0.0276733     
0.0275146     0.0274292     0.0273438     0.0273315     
0.0271362     0.0269531     0.0269653     0.0269897     
0.0267944     0.0268433     0.0269043     0.0268188     
0.0265991     0.0265381     0.0265747     0.0263794     
0.0262817     0.0261475     0.0260864     0.0259888     
0.0257813     0.0255981     0.025647     0.0255005     
0.0253784     0.0252319     0.0251709     0.0251465     
0.0247803     0.0247314     0.0246826     0.0245605     
0.0244507     0.0241455     0.0242065     0.0240601     
0.0239014     0.0236084     0.0235596     0.0234985     
0.02323     0.0230469     0.0229248     0.0228394     
0.0224243     0.0222168     0.0220947     0.0218994     
0.0217163     0.0214478     0.0213135     0.021167     
0.020752     0.0206299     0.02052     0.0203857     
0.0201904     0.0199463     0.0198853     0.019751     
0.0194824     0.019458     0.0192017     0.0191284     
0.0189575     0.0188354     0.0188477     0.0187134     
0.0186401     0.0185425     0.0186035     0.0186768     
0.0187012     0.0185913     0.0187622     0.0187622     
0.0186157     0.0186646     0.0185791     0.0186279     
0.0183838     0.0183105     0.018396     0.0181763     
0.018042     0.0178589     0.0178589     0.0177246     
0.017627     0.0175049     0.0174805     0.0173218     
0.0170166     0.0169434     0.0168701     0.0167603     
0.0165649     0.0164673     0.0164063     0.016333     
0.0161865     0.0161133     0.0160767     0.0161621     
0.0160156     0.015979     0.0160156     0.015979     
0.0157837     0.0156738     0.0157227     0.0156982     
0.0154175     0.0153442     0.015271     0.0151489     
0.0149292     0.0146851     0.0146851     0.014624     
0.0143799     0.0141968     0.0141479     0.0140137     
0.013916     0.0137085     0.013562     0.013501     
0.0132935     0.0131348     0.0130493     0.0130005     
0.012793     0.0125977     0.0125732     0.0124878     
0.0124268     0.0122314     0.0123535     0.0123657     
0.0122803     0.0122314     0.0123047     0.0123901     
0.0123901     0.012439     0.0124878     0.0126221     
0.0125366     0.0125732     0.0126587     0.0127686     
0.0126465     0.0127075     0.0127319     0.0127319     
0.0125244     0.0123657     0.0123779     0.0123901     
0.0121338     0.0119995     0.0118652     0.0118286     
0.0115234     0.0113525     0.0112793     0.0112549     
0.0110107     0.0109497     0.0109863     0.0110596     
0.0109619     0.010791     0.0109985     0.0109985     
0.0109985     0.0112549     0.0112305     0.0113037     
0.0112793     0.0113037     0.0113647     0.0112915     
0.0113525     0.0112549     0.0113892     0.0112915     
0.0111572     0.0110962     0.011145     0.0111328     
0.0111328     0.0111084     0.0111328     0.0111206     
0.0109741     0.0109985     0.0110229     0.0109497     
0.0108154     0.0109009     0.0108521     0.0108887     
0.0107178     0.01073     0.01073     0.010791     
0.0108032     0.0107056     0.0108643     0.0110107     
0.0108398     0.0109375     0.0110474     0.0110962     
0.0111938     0.0112061     0.0113403     0.0114014     
0.011377     0.0114502     0.0115967     0.0115967     
0.0117554     0.0115967     0.0117798     0.0118652     
0.0116943     0.011731     0.0118286     0.011853     
0.011792     0.0116577     0.0118774     0.011792     
0.0119019     0.0117065     0.011853     0.011792     
0.0118164     0.0116455     0.0116943     0.011792     
0.0115112     0.0114868     0.011438     0.0114136     
0.0114136     0.0112305     0.011438     0.011499     
0.0112671     0.0113647     0.0114624     0.0116577     
0.0116699     0.011731     0.0118164     0.0120117     
0.0119263     0.0120117     0.0121338     0.012207     
0.0121216     0.0122437     0.0122803     0.0122559     
0.012146     0.012146     0.0122192     0.0122803     
0.0123169     0.0121094     0.0122803     0.0123779     
0.0122803     0.0124023     0.0123657     0.0124878     
0.0124023     0.0124023     0.0125854     0.0125122     
0.0124512     0.0123291     0.0124756     0.0123657     
0.0124023     0.0123047     0.0122925     0.0123169     
0.0120483     0.0120605     0.0120972     0.0121948     
0.0121338     0.012146     0.0124023     0.0125244     
0.012439     0.0126465     0.0127563     0.0129395     
0.0130371     0.013147     0.0133057     0.0133911     
0.0132935     0.0132446     0.0133545     0.013501     
0.0133057     0.0133423     0.0133911     0.0134644     
0.0133667     0.0133179     0.0134277     0.0134644     
0.0134521     0.0134277     0.0135742     0.0135986     
0.0135498     0.0134521     0.0136108     0.0136719     
0.0135132     0.0135132     0.0135742     0.013623     
0.0134644     0.0133545     0.0134277     0.0133789     
0.0133423     0.0131226     0.0131958     0.0131592     
0.0129883     0.0129272     0.0129517     0.0130005     
0.0128906     0.0128784     0.0129395     0.0130127     
0.0129639     0.0128052     0.0128784     0.0130493     
0.0128662     0.0128052     0.0128174     0.0129517     
0.0127563     0.0127441     0.0127563     0.0127686     
0.012854     0.0128296     0.0128418     0.0130249     
0.0128418     0.0128296     0.0129517     0.012854     
0.0128418     0.012915     0.0128784     0.0129028     
0.012793     0.0127197     0.0128662     0.012793     
0.0127808     0.0128906     0.0128418     0.0128662     
0.012793     0.0127319     0.0128784     0.0128296     
0.0128052     0.0127686     0.0129395     0.0128662     
0.0128296     0.012793     0.0128174     0.012854     
0.0127808     0.0128418     0.0128418     0.012915     
0.0127441     0.0126831     0.0127808     0.0128418     
0.0127319     0.0128662     0.0128784     0.0129761     
0.012793     0.0128418     0.0129761     0.0129028     
0.0128784     0.0129028     0.0128784     0.0129517     
0.0127441     0.0127563     0.0126831     0.012793     
0.0127686     0.0126709     0.012793     0.0129639     
0.0127319     0.0127197     0.0128906     0.012915     
0.0128418     0.0127686     0.0128174     0.0129883     
0.0126221     0.012561     0.0125732     0.0125366     
0.0124023     0.0121704     0.0122681     0.012085     
0.0120483     0.0118896     0.0119019     0.0119263     
0.0118896     0.0117554     0.0117065     0.0118408     
0.0115723     0.0114746     0.0114258     0.0114258     
0.0113037     0.0111694     0.0112061     0.0112671     
0.0109619     0.0109863     0.0110718     0.0110107     
0.0108887     0.0108887     0.0109009     0.0109009     
0.0108032     0.0107544     0.0108154     0.0109253     
0.010791     0.010791     0.0109375     0.0109009     
0.0108154     0.0106323     0.0106079     0.0107056     
0.0105591     0.0103638     0.0104858     0.0102539     
0.00998535     0.00987549     0.00979004     0.00969238     
0.0095459     0.00932617     0.009375     0.00935059     
0.00917969     0.00906982     0.00910645     0.00898438     
0.0090332     0.00888672     0.00900879     0.00897217     
0.0088501     0.00891113     0.00898438     0.00919189     
0.00914307     0.00911865     0.00927734     0.00933838     
0.0092041     0.00924072     0.00921631     0.00922852     
0.00900879     0.00888672     0.0088623     0.00877686     
0.00858154     0.00842285     0.00843506     0.00831299     
0.00814209     0.0081665     0.00812988     0.00811768     
0.00802002     0.00797119     0.00803223     0.00797119     
0.0078125     0.0078125     0.00787354     0.00769043     
0.00758057     0.00734863     0.00732422     0.00738525     
0.00709229     0.00703125     0.00701904     0.00698242     
0.00678711     0.00670166     0.00688477     0.00679932     
0.00682373     0.00683594     0.00697021     0.00704346     
0.00708008     0.00700684     0.00710449     0.00733643     
0.00723877     0.00727539     0.00737305     0.00731201     
0.00727539     0.00720215     0.00718994     0.00734863     
0.0071167     0.00701904     0.00712891     0.00714111     
0.00678711     0.00670166     0.0067749     0.00664063     
0.00645752     0.0064209     0.00640869     0.00633545     
0.00605469     0.00599365     0.00600586     0.00594482     
0.00585938     0.00571289     0.00570068     0.00566406     
0.00552979     0.00541992     0.00545654     0.00532227     
0.00529785     0.00527344     0.00535889     0.00540771     
0.00531006     0.00527344     0.00540771     0.00549316     
0.00541992     0.00543213     0.00571289     0.00562744     
0.00561523     0.00557861     0.00571289     0.0057373     
0.00561523     0.00562744     0.0057373     0.00577393     
0.00563965     0.00561523     0.00578613     0.00571289     
0.00565186     0.0057373     0.0057251     0.00576172     
0.00556641     0.00550537     0.00548096     0.00552979     
0.00546875     0.00531006     0.00526123     0.00535889     
0.00511475     0.00511475     0.00509033     0.0052124     
0.00517578     0.00510254     0.00529785     0.00546875     
0.00534668     0.00529785     0.00545654     0.00548096     
0.00551758     0.00531006     0.00548096     0.00554199     
0.00524902     0.00523682     0.00524902     0.0052002     
0.00516357     0.00496826     0.00515137     0.00507813     
0.00500488     0.00483398     0.00494385     0.00490723     
0.0048584     0.00483398     0.00477295     0.00487061     
0.00473633     0.00462646     0.00467529     0.00478516     
0.00472412     0.00471191     0.00477295     0.00494385     
0.00483398     0.00489502     0.00493164     0.0050415     
0.00500488     0.0048584     0.00506592     0.0050415     
0.0048584     0.00479736     0.00487061     0.00490723     
0.00482178     0.00476074     0.00482178     0.00493164     
0.00480957     0.00483398     0.00487061     0.00493164     
0.00491943     0.00480957     0.00500488     0.00500488     
0.00478516     0.00477295     0.00474854     0.00482178     
0.00472412     0.00471191     0.00482178     0.00482178     
0.00476074     0.00474854     0.0050415     0.00515137     
0.00517578     0.00524902     0.00550537     0.00560303     
0.00548096     0.00563965     0.00577393     0.00588379     
0.00578613     0.005896     0.0059082     0.00587158     
0.0059082     0.0059082     0.00587158     0.00599365     
0.00593262     0.00593262     0.00593262     0.005896     
0.0059082     0.00583496     0.00583496     0.00587158     
0.00576172     0.00577393     0.00584717     0.00578613     
0.00559082     0.00554199     0.00560303     0.00560303     
0.00548096     0.00551758     0.00561523     0.00552979     
0.00559082     0.00548096     0.00548096     0.00563965     
0.00548096     0.00549316     0.00559082     0.00566406     
0.00566406     0.0055542     0.0057251     0.00585938     
0.005896     0.00578613     0.00595703     0.00600586     
0.00605469     0.00606689     0.00615234     0.00627441     
0.00611572     0.00618896     0.00628662     0.00643311     
0.00622559     0.00611572     0.00615234     0.00623779     
0.00603027     0.00603027     0.00604248     0.00592041     
0.00582275     0.00585938     0.00594482     0.00604248     
0.0059082     0.00606689     0.0060791     0.00625     
0.00603027     0.00609131     0.00623779     0.00631104     
0.00628662     0.00622559     0.00628662     0.00637207     
0.00627441     0.00618896     0.00634766     0.00628662     
0.00612793     0.00621338     0.00618896     0.00622559     
0.00617676     0.00610352     0.00614014     0.00620117     
0.00620117     0.00610352     0.00629883     0.00622559     
0.00614014     0.00615234     0.00621338     0.00617676     
0.00603027     0.00599365     0.00599365     0.00601807     
0.00578613     0.00570068     0.0057373     0.00581055     
0.00557861     0.00562744     0.00559082     0.00574951     
0.00556641     0.00556641     0.00568848     0.00584717     
0.00582275     0.00593262     0.00605469     0.00611572     
0.00606689     0.00604248     0.00609131     0.00605469     
0.0060791     0.00606689     0.00604248     0.00605469     
0.00587158     0.00587158     0.00601807     0.00601807     
0.00601807     0.00611572     0.00609131     0.00625     
0.00611572     0.00611572     0.00621338     0.00620117     
0.00620117     0.00603027     0.00618896     0.00618896     
0.00615234     0.00592041     0.00595703     0.00595703     
0.005896     0.00574951     0.00577393     0.00588379     
0.00549316     0.00549316     0.00556641     0.00559082     
0.00545654     0.00541992     0.00550537     0.00559082     
0.00545654     0.00552979     0.00556641     0.00561523     
0.0055542     0.00562744     0.00559082     0.00566406     
0.00552979     0.00541992     0.00540771     0.00552979     
0.00541992     0.00540771     0.00554199     0.00556641     
0.00551758     0.0055542     0.00561523     0.00567627     
0.00560303     0.00550537     0.0057373     0.00574951     
0.00563965     0.00565186     0.00568848     0.00583496     
0.0057373     0.00557861     0.00574951     0.00565186     
0.00559082     0.00540771     0.00552979     0.0053833     
0.00526123     0.00517578     0.00529785     0.00518799     
0.00494385     0.00496826     0.00499268     0.00495605     
0.00490723     0.00490723     0.00484619     0.00483398     
0.0046875     0.00469971     0.00463867     0.00482178     
0.00458984     0.00466309     0.00473633     0.00477295     
0.00457764     0.00454102     0.00457764     0.00457764     
0.00444336     0.00441895     0.00452881     0.00447998     
0.00428467     0.00430908     0.0043335     0.00435791     
0.00429688     0.0043457     0.00445557     0.00443115     
0.0043335     0.00423584     0.00430908     0.00430908     
0.0041748     0.00419922     0.00421143     0.00424805     
0.00412598     0.00406494     0.00424805     0.00426025     
0.00437012     0.00418701     0.00435791     0.00435791     
0.00424805     0.00402832     0.00408936     0.00411377     
0.00396729     0.00391846     0.00393066     0.00385742     
0.00374756     0.0036499     0.00372314     0.0038208     
0.00362549     0.00374756     0.00378418     0.00384521     
0.00369873     0.00366211     0.0038208     0.00389404     
0.00389404     0.00391846     0.00397949     0.00411377     
0.00395508     0.00394287     0.00400391     0.00400391     
0.00397949     0.00391846     0.00393066     0.00393066     
0.00383301     0.00361328     0.00378418     0.00373535     
0.0036499     0.00371094     0.00371094     0.00383301     
0.00361328     0.00357666     0.00368652     0.00371094     
0.00375977     0.00355225     0.00372314     0.00366211     
0.0036377     0.00349121     0.0036377     0.00367432     
0.00358887     0.00360107     0.00366211     0.00373535     
0.00350342     0.00349121     0.00351563     0.0032959     
0.00324707     0.00327148     0.00306396     0.00319824     
0.0029541     0.00284424     0.00288086     0.0029541     
0.00284424     0.00284424     0.00290527     0.00302734     
0.00296631     0.00296631     0.00307617     0.00313721     
0.00299072     0.00305176     0.00318604     0.00307617     
0.0029541     0.00284424     0.00285645     0.00273438     
0.00267334     0.00253906     0.00253906     0.0026001     
0.00231934     0.00227051     0.00236816     0.00240479     
0.00240479     0.00222168     0.0024292     0.00244141     
0.00234375     0.00219727     0.00231934     0.00224609     
0.00220947     0.00213623     0.00217285     0.00220947     
0.00201416     0.00212402     0.00213623     0.00223389     
0.00223389     0.00229492     0.0024292     0.0026123     
0.00245361     0.0026123     0.00270996     0.00289307     
0.00279541     0.00289307     0.00296631     0.00307617     
0.00291748     0.00291748     0.00302734     0.00300293     
0.00284424     0.00270996     0.00272217     0.00272217     
0.0024292     0.00233154     0.00223389     0.00217285     
0.00209961     0.00195313     0.00209961     0.00200195     
0.00180664     0.00189209     0.00183105     0.0019165     
0.00194092     0.00183105     0.0019165     0.00200195     
0.00185547     0.00170898     0.00184326     0.0019165     
0.00179443     0.00170898     0.00186768     0.00189209     
0.00179443     0.00180664     0.00177002     0.0019043     
0.0017334     0.00174561     0.00179443     0.00183105     
0.00163574     0.00170898     0.00167236     0.00177002     
0.00161133     0.00162354     0.00164795     0.00167236     
0.00147705     0.00152588     0.00153809     0.00162354     
0.00150146     0.00155029     0.00177002     0.00177002     
0.00172119     0.00180664     0.00192871     0.00203857     
0.00206299     0.00203857     0.00227051     0.00230713     
0.00240479     0.00238037     0.00247803     0.00257568     
0.00246582     0.00252686     0.00264893     0.00270996     
0.0026123     0.00236816     0.00245361     0.00249023     
0.00236816     0.00217285     0.00244141     0.00231934     
0.00217285     0.0020874     0.00209961     0.00219727     
0.00211182     0.00217285     0.0022583     0.00229492     
0.00222168     0.00228271     0.00234375     0.00247803     
0.0024292     0.00249023     0.00245361     0.00264893     
0.00245361     0.00241699     0.00255127     0.00257568     
0.00245361     0.00246582     0.00249023     0.00263672     
0.00247803     0.00244141     0.00258789     0.00252686     
0.00255127     0.00253906     0.00252686     0.00253906     
0.00240479     0.00228271     0.00241699     0.00240479     
0.0022583     0.00236816     0.00238037     0.00238037     
0.00230713     0.00233154     0.00236816     0.00238037     
0.00245361     0.00236816     0.00264893     0.00266113     
0.00255127     0.00253906     0.00272217     0.00273438     
0.00270996     0.00275879     0.00280762     0.00288086     
0.00285645     0.00281982     0.00288086     0.00292969     
0.00290527     0.00284424     0.0029541     0.00306396     
0.00283203     0.00289307     0.00305176     0.00308838     
0.00306396     0.003125     0.00317383     0.00335693     
0.00324707     0.00333252     0.00344238     0.00343018     
0.00349121     0.00343018     0.00354004     0.00352783     
0.00350342     0.00336914     0.00338135     0.00341797     
0.00345459     0.00330811     0.00345459     0.00352783     
0.00327148     0.00332031     0.00349121     0.0034668     
0.00349121     0.00345459     0.00367432     0.00355225     
0.00352783     0.00350342     0.00355225     0.00351563     
0.00352783     0.00343018     0.00340576     0.0034668     
0.00324707     0.00324707     0.00330811     0.00336914     
0.00336914     0.00323486     0.00341797     0.00356445     
0.00335693     0.00350342     0.00355225     0.00368652     
0.00358887     0.00371094     0.00377197     0.00383301     
0.00368652     0.0036499     0.0036499     0.00383301     
0.00358887     0.00350342     0.00358887     0.00349121     
0.00333252     0.00324707     0.00321045     0.00324707     
0.00303955     0.00283203     0.0029541     0.00290527     
0.00272217     0.00283203     0.00286865     0.00288086     
0.00299072     0.00292969     0.00305176     0.00311279     
0.00313721     0.003125     0.00328369     0.00323486     
0.00311279     0.00300293     0.00316162     0.00307617     
0.00281982     0.00280762     0.00283203     0.00291748     
0.00281982     0.002771     0.00291748     0.00292969     
0.002771     0.00289307     0.00288086     0.00300293     
0.00284424     0.00290527     0.00296631     0.00291748     
0.002771     0.00267334     0.00267334     0.00270996     
0.00264893     0.00266113     0.00270996     0.00269775     
0.00269775     0.00258789     0.00279541     0.00296631     
0.00290527     0.00302734     0.00322266     0.00330811     
0.00325928     0.00327148     0.00334473     0.003479     
0.00318604     0.00310059     0.00322266     0.00316162     
0.00290527     0.00285645     0.00286865     0.00275879     
0.00275879     0.00257568     0.00275879     0.00270996     
0.0026001     0.00245361     0.00249023     0.00262451     
0.00247803     0.00244141     0.00250244     0.00256348     
0.00249023     0.00239258     0.00241699     0.00251465     
0.00241699     0.00247803     0.00249023     0.00257568     
0.00234375     0.00228271     0.00249023     0.0024292     
0.00231934     0.00227051     0.00224609     0.00230713     
0.0020874     0.00212402     0.00212402     0.00211182     
0.0020874     0.00212402     0.00209961     0.00216064     
0.00214844     0.00201416     0.00220947     0.0022583     
0.00216064     0.00212402     0.00209961     0.00214844     
0.0019043     0.00181885     0.00180664     0.00167236     
0.00153809     0.00144043     0.00150146     0.00142822     
0.00131836     0.0012085     0.00134277     0.00136719     
0.00128174     0.00128174     0.00141602     0.00134277     
0.00124512     0.00118408     0.00123291     0.00126953     
0.00117188     0.00117188     0.0010376     0.00128174     
0.00114746     0.00106201     0.00112305     0.00119629     
0.00118408     0.0012207     0.00133057     0.00144043     
0.00129395     0.00141602     0.00161133     0.00166016     
0.00169678     0.00175781     0.00197754     0.00212402     
0.00205078     0.00205078     0.00224609     0.00222168     
0.00235596     0.00224609     0.00235596     0.00249023     
0.00219727     0.00220947     0.0022583     0.00222168     
0.00211182     0.00196533     0.00197754     0.00189209     
0.00180664     0.0015625     0.00162354     0.00163574     
0.0015625     0.00153809     0.00144043     0.00166016     
0.00145264     0.00137939     0.00151367     0.00151367     
0.00136719     0.00128174     0.00140381     0.00140381     
0.00115967     0.00107422     0.00101318     0.000976563     
0.000866699     0.000805664     0.000830078     0.000830078     
0.000683594     0.000732422     0.000695801     0.000805664     
0.000732422     0.000756836     0.000866699     0.00098877     
0.000927734     0.00090332     0.00111084     0.00124512     
0.00125732     0.00124512     0.00136719     0.00152588     
0.00130615     0.00133057     0.0012207     0.00124512     
0.00117188     0.00102539     0.00107422     0.00101318     
0.000976563     0.000793457     0.00100098     0.000854492     
0.00090332     0.000952148     0.00113525     0.00113525     
0.000964355     0.000976563     0.00111084     0.0012207     
0.00107422     0.00108643     0.00111084     0.00101318     
0.000854492     0.000854492     0.000732422     0.000830078     
0.000598145     0.000561523     0.000524902     0.00057373     
0.000463867     0.000463867     0.000524902     0.000598145     
0.000537109     0.000756836     0.000817871     0.00090332     
0.000939941     0.00100098     0.00106201     0.00111084     
0.00114746     0.00108643     0.00109863     0.00098877     
0.00098877     0.000854492     0.000878906     0.000915527     
0.000756836     0.000720215     0.000891113     0.000866699     
0.000805664     0.000610352     0.000817871     0.000805664     
0.000695801     0.000671387     0.000805664     0.000854492     
0.000830078     0.000756836     0.000866699     0.0010498     
0.000952148     0.00112305     0.00119629     0.00124512     
0.00117188     0.00123291     0.00130615     0.0013916     
0.00128174     0.00140381     0.00136719     0.00145264     
0.00133057     0.0012207     0.00130615     0.00131836     
0.00118408     0.00117188     0.00119629     0.00118408     
0.00109863     0.00106201     0.00115967     0.00119629     
0.00128174     0.0012085     0.00131836     0.0013916     
0.00147705     0.00136719     0.00155029     0.00161133     
0.00142822     0.00152588     0.00147705     0.00158691     
0.00137939     0.00124512     0.00131836     0.00118408     
0.00117188     0.000939941     0.0010376     0.00098877     
0.000915527     0.000915527     0.00102539     0.00101318     
0.00100098     0.00115967     0.00123291     0.00141602     
0.00133057     0.00135498     0.00150146     0.00151367     
0.00146484     0.00150146     0.00146484     0.00144043     
0.00136719     0.00140381     0.00135498     0.00136719     
0.00128174     0.00135498     0.00135498     0.00142822     
0.00123291     0.00133057     0.00145264     0.00145264     
0.00147705     0.00157471     0.00167236     0.00174561     
0.00163574     0.00172119     0.00187988     0.00197754     
0.00196533     0.00194092     0.00203857     0.00227051     
0.00205078     0.0020874     0.00214844     0.00228271     
0.00214844     0.00213623     0.00223389     0.00216064     
0.00212402     0.00195313     0.00205078     0.00200195     
0.00192871     0.00184326     0.00177002     0.0019043     
0.00167236     0.00169678     0.0017334     0.00186768     
0.00178223     0.00175781     0.00195313     0.00217285     
0.00201416     0.00206299     0.00224609     0.00227051     
0.00216064     0.00227051     0.00228271     0.0022583     
0.0020752     0.00196533     0.00184326     0.0019165     
0.00185547     0.00169678     0.00172119     0.0017334     
0.00152588     0.00146484     0.00148926     0.0015625     
0.00157471     0.00142822     0.0015625     0.00159912     
0.00145264     0.00152588     0.00148926     0.00162354     
0.00163574     0.00170898     0.00179443     0.00180664     
0.00181885     0.00168457     0.00192871     0.00189209     
0.00180664     0.00170898     0.00179443     0.00184326     
0.00162354     0.00167236     0.00161133     0.00168457     
0.00158691     0.00158691     0.00161133     0.00162354     
0.0015625     0.00158691     0.00150146     0.00162354     
0.00167236     0.00166016     0.00167236     0.00177002     
0.00158691     0.00150146     0.00159912     0.00163574     
0.00155029     0.0015625     0.0015625     0.00157471     
0.00142822     0.00133057     0.00148926     0.00157471     
0.00157471     0.00152588     0.00167236     0.00169678     
0.00172119     0.00162354     0.00167236     0.00184326     
0.00161133     0.00159912     0.00167236     0.00164795     
0.00161133     0.00137939     0.00147705     0.00136719     
0.00137939     0.00123291     0.00137939     0.00126953     
0.00126953     0.0012207     0.00125732     0.00142822     
0.00135498     0.00150146     0.00152588     0.00161133     
0.00155029     0.00153809     0.00162354     0.00163574     
0.00145264     0.00158691     0.00155029     0.00153809     
0.00130615     0.00123291     0.00115967     0.00126953     
0.00123291     0.00124512     0.00126953     0.00141602     
0.00114746     0.00114746     0.00129395     0.00136719     
0.00126953     0.00124512     0.00128174     0.00129395     
0.00114746     0.0010376     0.00114746     0.00112305     
0.00100098     0.00107422     0.00101318     0.00107422     
0.00101318     0.000976563     0.00115967     0.00118408     
0.00115967     0.00118408     0.00144043     0.0013916     
0.00133057     0.00131836     0.00141602     0.00148926     
0.00141602     0.00136719     0.00141602     0.00151367     
0.00135498     0.00135498     0.00141602     0.00145264     
0.00142822     0.00142822     0.00145264     0.00147705     
0.00133057     0.00130615     0.00130615     0.00142822     
0.00136719     0.00129395     0.00147705     0.00145264     
0.00129395     0.00141602     0.00133057     0.00130615     
0.00125732     0.00114746     0.00125732     0.00124512     
0.000976563     0.000915527     0.00098877     0.000976563     
0.00102539     0.000891113     0.000952148     0.0010498     
0.000830078     0.000915527     0.000964355     0.00098877     
0.00098877     0.000817871     0.00101318     0.00098877     
0.00098877     0.000952148     0.00108643     0.00117188     
0.00129395     0.00128174     0.00144043     0.00151367     
0.00150146     0.0015625     0.00151367     0.00161133     
0.00146484     0.00137939     0.00142822     0.00146484     
0.00123291     0.00131836     0.00131836     0.00136719     
0.00134277     0.00137939     0.00148926     0.00162354     
0.00142822     0.0015625     0.00157471     0.00163574     
0.00148926     0.00144043     0.00152588     0.00148926     
0.00130615     0.00117188     0.00119629     0.00130615     
0.0012207     0.00117188     0.00136719     0.0013916     
0.00133057     0.00164795     0.00163574     0.00175781     
0.00181885     0.00184326     0.0019043     0.00196533     
0.00192871     0.00170898     0.00185547     0.00183105     
0.00168457     0.00159912     0.00170898     0.00169678     
0.00147705     0.0015625     0.0015625     0.00158691     
0.00161133     0.0015625     0.00159912     0.00167236     
0.00162354     0.00150146     0.00155029     0.00169678     
0.00147705     0.00146484     0.00145264     0.00150146     
0.00119629     0.00119629     0.00131836     0.00125732     
0.00112305     0.00098877     0.00108643     0.00108643     
0.000878906     0.000805664     0.000854492     0.000756836     
0.000610352     0.000488281     0.000537109     0.000549316     
0.00045166     0.000280762     0.000305176     0.000524902     
0.000268555     0.000378418     0.000463867     0.000512695     
0.000463867     0.000366211     0.000671387     0.00065918     
0.000634766     0.000683594     0.00090332     0.000854492     
0.000805664     0.000720215     0.000854492     0.000817871     
0.000769043     0.000720215     0.000720215     0.000830078     
0.000683594     0.000598145     0.000732422     0.000756836     
0.00065918     0.000744629     0.000744629     0.000915527     
0.000695801     0.000695801     0.000756836     0.000854492     
0.000720215     0.000671387     0.000708008     0.000830078     
0.000524902     0.000476074     0.000537109     0.000500488     
0.000415039     0.000390625     0.00045166     0.000439453     
0.000341797     0.000268555     0.000366211     0.000402832     
0.000366211     0.000476074     0.00045166     0.000634766     
0.000476074     0.00045166     0.000537109     0.000463867     
0.000512695     0.000354004     0.000561523     0.000439453     
0.000341797     0.00020752     0.000244141     0.000219727     
8.54492e-05     0.00020752     0.000195313     0.000244141     
9.76563e-05     0.000146484     0.000170898     0.000170898     
7.32422e-05     3.66211e-05     -7.32422e-05     2.44141e-05     
-0.000219727     -0.000378418     -0.000280762     -0.000268555     
-0.000366211     -0.000427246     -0.00032959     -0.000292969     
-0.000415039     -0.000268555     -0.000158691     -4.88281e-05     
-2.44141e-05     0.000170898     0.000256348     0.00032959     
0.00020752     0.000256348     0.000427246     0.000390625     
0.000415039     0.000402832     0.000439453     0.000524902     
0.000305176     0.000231934     0.000292969     0.000427246     
0.000488281     0.000476074     0.000683594     0.000634766     
0.000671387     0.000671387     0.000964355     0.000854492     
0.000939941     0.000891113     0.00102539     0.00106201     
0.000878906     0.000830078     0.000915527     0.000842285     
0.000744629     0.000695801     0.000708008     0.000732422     
0.000537109     0.000537109     0.000488281     0.00057373     
0.000537109     0.000549316     0.000646973     0.000756836     
0.000610352     0.000732422     0.000732422     0.000976563     
0.00090332     0.000842285     0.00101318     0.00107422     
0.000915527     0.000976563     0.00114746     0.00113525     
0.0012085     0.0012085     0.00145264     0.00146484     
0.00136719     0.00148926     0.0015625     0.00162354     
0.00162354     0.00166016     0.00180664     0.00174561     
0.00172119     0.00152588     0.00168457     0.0015625     
0.00157471     0.00133057     0.0013916     0.00145264     
0.00119629     0.00123291     0.00114746     0.00118408     
0.00101318     0.00102539     0.0010498     0.00113525     
0.00098877     0.00101318     0.0010376     0.00108643     
0.000976563     0.00106201     0.00107422     0.00112305     
0.000964355     0.00098877     0.00101318     0.00112305     
0.00112305     0.00113525     0.00126953     0.00131836     
0.00137939     0.00133057     0.00161133     0.00172119     
0.00170898     0.0017334     0.00196533     0.0019165     
0.00185547     0.00168457     0.0017334     0.00166016     
0.00151367     0.00142822     0.00137939     0.00123291     
0.00108643     0.000866699     0.000866699     0.000769043     
0.000805664     0.000646973     0.00078125     0.000732422     
0.000769043     0.000817871     0.000805664     0.000976563     
0.000915527     0.00102539     0.00113525     0.00130615     
0.00113525     0.00112305     0.0012207     0.00129395     
0.00111084     0.00119629     0.00117188     0.0012207     
0.00101318     0.000939941     0.00098877     0.000952148     
0.000695801     0.000610352     0.000537109     0.000610352     
0.00032959     0.000341797     0.000439453     0.000366211     
0.000378418     0.000402832     0.000415039     0.000524902     
0.00045166     0.000231934     0.000390625     0.000366211     
0.000183105     0.00032959     0.000256348     0.000280762     
0.00020752     0.000170898     0.000354004     0.000378418     
0.000415039     0.000378418     0.000683594     0.000610352     
0.00057373     0.00057373     0.000671387     0.000683594     
0.00065918     0.000732422     0.000756836     0.00078125     
0.000671387     0.000756836     0.000842285     0.000854492     
0.000756836     0.000830078     0.000891113     0.00108643     
0.000842285     0.000866699     0.000915527     0.00102539     
0.00090332     0.000878906     0.000817871     0.000793457     
0.000610352     0.000585938     0.000500488     0.000524902     
0.000354004     0.000244141     0.000256348     0.000231934     
7.32422e-05     2.44141e-05     0.000195313     0.000134277     
9.76563e-05     0.000170898     0.000219727     0.000537109     
0.000268555     0.000280762     0.000488281     0.00065918     
0.000598145     0.000500488     0.000830078     0.000842285     
0.000927734     0.000805664     0.000964355     0.00100098     
0.00101318     0.00100098     0.00107422     0.00111084     
0.00090332     0.000854492     0.000805664     0.000830078     
0.000756836     0.000720215     0.000695801     0.000793457     
0.000549316     0.000683594     0.000744629     0.000830078     
0.000842285     0.000854492     0.0010376     0.00109863     
0.00101318     0.00102539     0.00108643     0.00117188     
0.00115967     0.0010376     0.00106201     0.00115967     
0.00107422     0.00098877     0.00101318     0.0010498     
0.000939941     0.000842285     0.00098877     0.000952148     
0.000805664     0.000732422     0.000598145     0.000598145     
0.000512695     0.000341797     0.000378418     0.000231934     
0.000146484     -9.76563e-05     6.10352e-05     0     
4.88281e-05     8.54492e-05     0.000170898     0.000231934     
0.000280762     0.000317383     0.000427246     0.000598145     
0.000549316     0.000537109     0.000695801     0.000695801     
0.000549316     0.000427246     0.00032959     0.000439453     
0.000317383     0.000244141     0.000256348     0.000268555     
0.000183105     0.000158691     0.000256348     0.000244141     
0.000219727     0.000341797     0.000463867     0.000488281     
0.00045166     0.000402832     0.000476074     0.000500488     
0.000415039     0.000415039     0.000585938     0.000537109     
0.000561523     0.000378418     0.000427246     0.000622559     
0.000512695     0.000561523     0.000683594     0.000610352     
0.000598145     0.000439453     0.000524902     0.000585938     
0.000549316     0.000378418     0.000476074     0.000415039     
0.000244141     0.000231934     0.000195313     0.000256348     
0.000109863     0.000134277     0.000231934     0.000317383     
0.000183105     0.000183105     0.000219727     0.000415039     
0.00032959     0.000476074     0.000476074     0.000646973     
0.000524902     0.000646973     0.000793457     0.00078125     
0.000805664     0.000830078     0.000891113     0.0010498     
0.000854492     0.000769043     0.000830078     0.00090332     
0.000769043     0.00078125     0.000842285     0.00078125     
0.000805664     0.000610352     0.000671387     0.000720215     
0.000634766     0.000646973     0.00065918     0.00065918     
0.000561523     0.000488281     0.000585938     0.000549316     
0.000524902     0.00045166     0.000634766     0.000610352     
0.000488281     0.000439453     0.00065918     0.000585938     
0.000512695     0.000549316     0.000585938     0.000622559     
0.000415039     0.00032959     0.000402832     0.00045166     
0.000268555     0.000244141     0.000341797     0.000378418     
0.000219727     0.000305176     0.000317383     0.000427246     
0.000317383     0.000305176     0.00032959     0.000463867     
0.000305176     0.00032959     0.000463867     0.00057373     
0.00057373     0.00065918     0.000878906     0.00101318     
0.000927734     0.00100098     0.00129395     0.00124512     
0.00124512     0.00125732     0.00135498     0.00140381     
0.00111084     0.00100098     0.00106201     0.000976563     
0.000878906     0.000561523     0.000683594     0.00057373     
0.00045166     0.000292969     0.000524902     0.00045166     
0.000463867     0.000512695     0.000500488     0.000634766     
0.000427246     0.000402832     0.000524902     0.000549316     
0.000488281     0.000427246     0.000476074     0.000512695     
0.000292969     0.000354004     0.000305176     0.000476074     
0.000256348     0.000280762     0.000280762     0.00032959     
0.000195313     0.000158691     0.000170898     0.000305176     
0.000292969     0.000231934     0.000305176     0.000378418     
0.000256348     0.000256348     0.000378418     0.000415039     
0.000439453     0.000354004     0.000610352     0.00057373     
0.00045166     0.000524902     0.000549316     0.000585938     
0.000549316     0.000500488     0.000561523     0.000427246     
0.000390625     0.000244141     0.000402832     0.000292969     
0.000195313     0.000146484     0.000134277     9.76563e-05     
-4.88281e-05     -0.000134277     -8.54492e-05     -2.44141e-05     
-8.54492e-05     -0.00020752     -3.66211e-05     -4.88281e-05     
-0.000109863     3.66211e-05     1.2207e-05     8.54492e-05     
0.000170898     0.000158691     0.000158691     0.000317383     
0.000244141     0.000158691     0.000317383     0.000439453     
0.000341797     0.000549316     0.00057373     0.00065918     
0.000524902     0.000585938     0.000585938     0.000598145     
0.00045166     0.000512695     0.000524902     0.000280762     
0.000305176     9.76563e-05     0.000146484     0.000219727     
8.54492e-05     0.000146484     0.000231934     0.000244141     
0.000256348     0.000244141     0.000402832     0.000439453     
0.000537109     0.000549316     0.000732422     0.000830078     
0.000805664     0.000830078     0.000817871     0.00106201     
0.0010376     0.00112305     0.0012085     0.00123291     
0.00117188     0.00108643     0.00114746     0.00118408     
0.000915527     0.000878906     0.000915527     0.000878906     
0.000683594     0.000622559     0.000561523     0.000622559     
0.000537109     0.000427246     0.000488281     0.000598145     
0.000390625     0.00032959     0.000390625     0.00032959     
0.000256348     0.000158691     0.000109863     3.66211e-05     
-7.32422e-05     -0.000305176     -0.000183105     -0.000268555     
-0.000415039     -0.000231934     -0.00020752     -4.88281e-05     
-0.000134277     -3.66211e-05     0.000183105     0.000183105     
0.00020752     0.000231934     0.000415039     0.000305176     
0.000280762     0.000256348     0.000231934     0.000183105     
0.000146484     2.44141e-05     2.44141e-05     7.32422e-05     
-0.000158691     -0.000170898     0     0     
-6.10352e-05     2.44141e-05     9.76563e-05     0.000305176     
7.32422e-05     0.000170898     0.000195313     0.000244141     
0.000183105     0.00012207     0.000219727     0.000231934     
0     1.2207e-05     0.000146484     0.000158691     
0.00020752     0.00012207     0.000268555     0.000292969     
0.000317383     0.000256348     0.000317383     0.000170898     
0.00032959     9.76563e-05     0.000134277     0.000244141     
7.32422e-05     -1.2207e-05     3.66211e-05     9.76563e-05     
4.88281e-05     -4.88281e-05     0.000158691     0.000146484     
0.000170898     2.44141e-05     0.000219727     0.00012207     
1.2207e-05     6.10352e-05     7.32422e-05     0.000109863     
-3.66211e-05     -3.66211e-05     -3.66211e-05     0.000183105     
9.76563e-05     8.54492e-05     0.00012207     0.000244141     
9.76563e-05     0.000146484     0.000158691     0.00012207     
0.000134277     9.76563e-05     4.88281e-05     0.000134277     
-1.2207e-05     3.66211e-05     8.54492e-05     0.000231934     
0.000158691     0.000109863     0.000256348     0.00012207     
1.2207e-05     -4.88281e-05     -9.76563e-05     -0.000158691     
-0.000280762     -0.000500488     -0.000500488     -0.000695801     
-0.000939941     -0.000817871     -0.000830078     -0.00078125     
-0.000769043     -0.000732422     -0.000476074     -0.000378418     
-0.000427246     -0.000402832     -0.000158691     -0.000134277     
-3.66211e-05     -0.00012207     2.44141e-05     0.00012207     
2.44141e-05     1.2207e-05     9.76563e-05     0.000219727     
0.000134277     0.000134277     0.000305176     0.000244141     
0.000109863     0.00012207     0.000109863     0.000231934     
0.000219727     0.000170898     0.000219727     0.000292969     
0.000244141     0.00012207     0.00032959     0.00045166     
0.000292969     0.000402832     0.000598145     0.000671387     
0.000512695     0.000476074     0.000585938     0.000549316     
0.000463867     0.000390625     0.000415039     0.000427246     
0.000292969     0.000146484     6.10352e-05     9.76563e-05     
-7.32422e-05     -0.000231934     -0.00020752     -0.000244141     
-0.000390625     -0.000634766     -0.000610352     -0.000683594     
-0.000720215     -0.000854492     -0.000805664     -0.000878906     
-0.000952148     -0.00101318     -0.000939941     -0.000878906     
-0.00090332     -0.000817871     -0.000732422     -0.000634766     
-0.000732422     -0.000683594     -0.000500488     -0.000354004     
-0.000476074     -0.000244141     -0.000256348     -0.000109863     
-0.00020752     -0.000219727     -0.000170898     -0.00020752     
-0.00032959     -0.000292969     -0.000280762     -0.000219727     
-0.000524902     -0.000561523     -0.00045166     -0.000378418     
-0.000390625     -0.000549316     -0.000378418     -0.00032959     
-0.000402832     -0.000537109     -0.00032959     -0.000305176     
-0.000415039     -0.000354004     -0.000378418     -0.000268555     
-0.000366211     -0.000439453     -0.000219727     -0.000195313     
-0.000146484     -0.000158691     0.000134277     0.000134277     
8.54492e-05     4.88281e-05     0.000170898     9.76563e-05     
-3.66211e-05     0     4.88281e-05     -4.88281e-05     
-0.000170898     -0.00032959     -9.76563e-05     -0.000195313     
-0.000219727     -0.000146484     -0.000183105     -0.000109863     
-0.000146484     -0.000146484     -0.00012207     -8.54492e-05     
-0.000146484     -0.000134277     0     -1.2207e-05     
-0.000158691     -9.76563e-05     -0.000158691     -0.000134277     
-0.000146484     -0.00012207     -6.10352e-05     0     
-0.000134277     -8.54492e-05     9.76563e-05     6.10352e-05     
9.76563e-05     0.000134277     0.000146484     0.000402832     
0.000183105     0.00020752     0.000231934     0.000183105     
0.000183105     8.54492e-05     0.000134277     1.2207e-05     
7.32422e-05     -0.00012207     1.2207e-05     1.2207e-05     
2.44141e-05     3.66211e-05     0.00012207     0.000244141     
9.76563e-05     0.000146484     0.000244141     0.000244141     
0.000134277     2.44141e-05     4.88281e-05     8.54492e-05     
-0.000170898     -0.000134277     -0.00012207     -8.54492e-05     
-0.00020752     -0.000183105     -0.00012207     -3.66211e-05     
-0.000170898     -0.00012207     -4.88281e-05     9.76563e-05     
1.2207e-05     0     0.000158691     0.000158691     
4.88281e-05     9.76563e-05     0.000317383     0.000439453     
0.00045166     0.000366211     0.000720215     0.00078125     
0.000683594     0.000793457     0.00078125     0.00100098     
0.00090332     0.000842285     0.00101318     0.000976563     
0.00090332     0.000769043     0.000927734     0.000830078     
0.000793457     0.000708008     0.000769043     0.000732422     
0.000463867     0.000415039     0.000415039     0.000402832     
0.000256348     0.000109863     6.10352e-05     8.54492e-05     
-0.000183105     -0.000146484     -0.000305176     -0.000366211     
-0.000488281     -0.000500488     -0.00057373     -0.000524902     
-0.000671387     -0.000793457     -0.000708008     -0.000622559     
-0.000683594     -0.00065918     -0.00057373     -0.000537109     
-0.000524902     -0.000512695     -0.000366211     -0.000280762     
-0.000305176     -0.00032959     -0.00012207     -6.10352e-05     
-8.54492e-05     -9.76563e-05     1.2207e-05     0.000183105     
4.88281e-05     6.10352e-05     8.54492e-05     0.000109863     
0     -0.000244141     -0.000146484     -0.000256348     
-0.000268555     -0.000415039     -0.000427246     -0.000463867     
-0.000634766     -0.000695801     -0.000756836     -0.000634766     
-0.000683594     -0.000671387     -0.000622559     -0.000537109     
-0.00057373     -0.000585938     -0.000524902     -0.000439453     
-0.000463867     -0.00045166     -0.000390625     -0.000427246     
-0.000561523     -0.000512695     -0.000512695     -0.000476074     
-0.000500488     -0.00057373     -0.000549316     -0.000500488     
-0.000646973     -0.000793457     -0.00057373     -0.00045166     
-0.000524902     -0.000561523     -0.000524902     -0.000341797     
-0.000366211     -0.000549316     -0.000195313     -0.000292969     
-0.000354004     -0.000134277     -0.00012207     -8.54492e-05     
-0.000109863     -0.00012207     -3.66211e-05     -7.32422e-05     
-4.88281e-05     -0.000158691     -7.32422e-05     -9.76563e-05     
-0.000231934     -0.000354004     -0.000244141     -0.000268555     
-0.000415039     -0.00045166     -0.000402832     -0.000341797     
-0.000671387     -0.000671387     -0.000634766     -0.000512695     
-0.000732422     -0.00065918     -0.000708008     -0.000524902     
-0.00065918     -0.000732422     -0.000744629     -0.000561523     
-0.000561523     -0.000720215     -0.000512695     -0.000415039     
-0.000610352     -0.000439453     -0.000292969     -0.000292969     
-0.000158691     -0.000146484     1.2207e-05     0.00012207     
2.44141e-05     -7.32422e-05     6.10352e-05     4.88281e-05     
0     -8.54492e-05     -0.00012207     -0.000134277     
-0.000402832     -0.000427246     -0.000463867     -0.000524902     
-0.000585938     -0.000695801     -0.00065918     -0.000769043     
-0.000793457     -0.000854492     -0.000842285     -0.000793457     
-0.000769043     -0.000927734     -0.000769043     -0.000732422     
-0.000805664     -0.000695801     -0.000561523     -0.00045166     
-0.000427246     -0.000415039     -0.000317383     -0.000183105     
-0.000280762     -0.000158691     -0.000183105     -9.76563e-05     
-0.000195313     -0.000317383     -0.000219727     -0.000292969     
-0.000415039     -0.000439453     -0.000512695     -0.000439453     
-0.00057373     -0.000585938     -0.000463867     -0.000476074     
-0.000549316     -0.000561523     -0.00045166     -0.000366211     
-0.000378418     -0.000476074     -0.000305176     -0.000317383     
-0.00045166     -0.000366211     -0.000402832     -0.000280762     
-0.000280762     -0.00045166     -0.000317383     -0.000366211     
-0.00045166     -0.000561523     -0.000354004     -0.00032959     
-0.000415039     -0.000463867     -0.000341797     -0.000354004     
-0.000439453     -0.000463867     -0.000427246     -0.000305176     
-0.000354004     -0.000341797     -0.000231934     -0.000170898     
-0.00020752     -9.76563e-05     -0.00012207     0.00012207     
0     -1.2207e-05     3.66211e-05     0.000134277     
-0.000134277     -0.000256348     -0.000256348     -0.000231934     
-0.000524902     -0.000598145     -0.000585938     -0.000610352     
-0.000830078     -0.00078125     -0.000622559     -0.000537109     
-0.000598145     -0.000500488     -0.000195313     -0.000170898     
-0.00012207     -0.000146484     0     4.88281e-05     
-2.44141e-05     -4.88281e-05     3.66211e-05     2.44141e-05     
-4.88281e-05     -0.000219727     -9.76563e-05     -0.00020752     
-0.000109863     -0.000183105     -4.88281e-05     -1.2207e-05     
-2.44141e-05     0     6.10352e-05     0.000134277     
7.32422e-05     0.000170898     0.000231934     0.000256348     
0.000158691     3.66211e-05     0.00012207     9.76563e-05     
0     7.32422e-05     3.66211e-05     0.00012207     
-4.88281e-05     -4.88281e-05     8.54492e-05     0.000146484     
0     1.2207e-05     0.00012207     0.000195313     
3.66211e-05     -3.66211e-05     3.66211e-05     0.000158691     
0     -3.66211e-05     2.44141e-05     4.88281e-05     
-1.2207e-05     -0.000183105     -0.000109863     -9.76563e-05     
-0.000195313     -0.000158691     -0.000146484     -6.10352e-05     
-0.000244141     -0.000292969     -0.000134277     -0.000170898     
-0.000109863     -0.000244141     -7.32422e-05     -0.000219727     
-0.00032959     -0.000415039     -0.000305176     -0.000256348     
-0.000463867     -0.000390625     -0.000317383     -0.000268555     
-0.000524902     -0.000500488     -0.000427246     -0.000476074     
-0.000537109     -0.000439453     -0.000476074     -0.000390625     
-0.000549316     -0.000463867     -0.000439453     -0.000366211     
-0.000427246     -0.000305176     -0.000170898     -0.000170898     
-0.000292969     -0.000268555     -0.000183105     -0.000183105     
-0.000183105     -0.000231934     -0.000183105     -0.000231934     
-0.000402832     -0.000354004     -0.000341797     -0.000390625     
-0.000280762     -0.000317383     -0.000231934     -3.66211e-05     
-0.000134277     -0.00012207     -9.76563e-05     2.44141e-05     
3.66211e-05     2.44141e-05     0.000244141     0.000183105     
0.000183105     3.66211e-05     0.000183105     0.00020752     
0.000134277     7.32422e-05     6.10352e-05     2.44141e-05     
-4.88281e-05     -0.00020752     -0.000219727     -0.000158691     
-0.000134277     -0.000305176     -0.000305176     -0.000170898     
-0.000292969     -0.000268555     -0.000244141     -0.000109863     
-0.000231934     -0.000231934     -0.000244141     -0.000146484     
-0.000366211     -0.000488281     -0.000488281     -0.00045166     
-0.000622559     -0.000744629     -0.000683594     -0.000756836     
-0.00090332     -0.000891113     -0.000915527     -0.000891113     
-0.000854492     -0.000927734     -0.000732422     -0.000793457     
-0.000927734     -0.00078125     -0.000878906     -0.000732422     
-0.000878906     -0.000842285     -0.000646973     -0.000683594     
-0.000769043     -0.000830078     -0.000695801     -0.00065918     
-0.000732422     -0.000683594     -0.000634766     -0.000683594     
-0.00078125     -0.000793457     -0.000769043     -0.000756836     
-0.000842285     -0.000842285     -0.000866699     -0.000793457     
-0.000976563     -0.000976563     -0.000939941     -0.000793457     
-0.000939941     -0.000854492     -0.000769043     -0.000598145     
-0.00065918     -0.000683594     -0.000439453     -0.00032959     
-0.000305176     -0.000219727     -4.88281e-05     6.10352e-05     
-6.10352e-05     -4.88281e-05     2.44141e-05     6.10352e-05     
-6.10352e-05     -6.10352e-05     -4.88281e-05     1.2207e-05     
3.66211e-05     -0.000158691     -0.000134277     7.32422e-05     
-4.88281e-05     7.32422e-05     8.54492e-05     7.32422e-05     
4.88281e-05     -4.88281e-05     0.00012207     4.88281e-05     
0     -9.76563e-05     0     -8.54492e-05     
-0.000183105     -0.000195313     -0.00012207     -8.54492e-05     
-0.00020752     -7.32422e-05     -2.44141e-05     1.2207e-05     
-4.88281e-05     -0.000158691     -8.54492e-05     -0.000134277     
-0.000231934     -0.000341797     -0.00032959     -0.000341797     
-0.000598145     -0.000744629     -0.000610352     -0.00065918     
-0.00078125     -0.000744629     -0.000769043     -0.000524902     
-0.000683594     -0.000732422     -0.000500488     -0.000366211     
-0.000390625     -0.000427246     -0.000256348     -0.00020752     
-0.00020752     -0.00032959     -0.000183105     -7.32422e-05     
-0.00020752     -7.32422e-05     -0.000158691     -7.32422e-05     
-0.000256348     -0.00032959     -0.000219727     -0.000292969     
-0.000256348     -0.000378418     -0.000244141     -0.00020752     
-0.000390625     -0.000488281     -0.000341797     -0.000341797     
-0.000488281     -0.000585938     -0.000500488     -0.000427246     
-0.000598145     -0.000646973     -0.000512695     -0.000537109     
-0.000598145     -0.000524902     -0.00057373     -0.000439453     
-0.000500488     -0.000463867     -0.000415039     -0.000195313     
-0.000244141     -0.000219727     -4.88281e-05     0.00012207     
-8.54492e-05     2.44141e-05     0.000183105     0.000170898     
0.000195313     0.000317383     0.000378418     0.000402832     
0.000256348     0.00020752     0.000305176     0.000292969     
0.000341797     0.000231934     0.000219727     0.000268555     
7.32422e-05     8.54492e-05     0.000109863     9.76563e-05     
3.66211e-05     -0.00012207     0     -4.88281e-05     
-0.00012207     -0.00032959     -0.000170898     -0.000268555     
-0.000305176     -0.000280762     -0.000268555     -0.000219727     
-0.000317383     -0.000317383     -0.000244141     -0.000280762     
-0.000256348     -0.000305176     -0.000268555     -0.000146484     
-0.000476074     -0.000390625     -0.000402832     -0.000341797     
-0.000402832     -0.000439453     -0.000219727     -0.000146484     
-0.000292969     -0.000256348     -0.00012207     -8.54492e-05     
-2.44141e-05     0     0.00012207     0.00012207     
0.000109863     0     2.44141e-05     0.000146484     
0.000146484     -4.88281e-05     0.000183105     0.000244141     
2.44141e-05     0.00012207     8.54492e-05     0.000195313     
0.000195313     0.000170898     0.000402832     0.000268555     
0.000219727     6.10352e-05     0.000231934     3.66211e-05     
0     -8.54492e-05     2.44141e-05     -6.10352e-05     
-0.000268555     -0.000378418     -0.000390625     -0.000366211     
-0.000476074     -0.000476074     -0.000427246     -0.000439453     
-0.000476074     -0.000378418     -0.000415039     -0.000170898     
-0.00020752     -0.00020752     -4.88281e-05     -2.44141e-05     
-2.44141e-05     -4.88281e-05     4.88281e-05     9.76563e-05     
6.10352e-05     9.76563e-05     0.000219727     0.000292969     
0.000219727     0.00012207     0.000292969     0.000317383     
0.00020752     0.000244141     0.000305176     0.000231934     
0.000183105     2.44141e-05     2.44141e-05     -4.88281e-05     
-0.000244141     -0.000292969     -0.000268555     -0.000402832     
-0.000463867     -0.000634766     -0.000537109     -0.000524902     
-0.000476074     -0.000500488     -0.000305176     -0.000183105     
-0.000109863     -0.00012207     7.32422e-05     0.000256348     
0.000244141     0.000341797     0.000476074     0.000488281     
0.000354004     0.000109863     0.000183105     0.00012207     
-6.10352e-05     -0.000158691     -0.000219727     -0.00020752     
-0.000488281     -0.000561523     -0.000500488     -0.00045166     
-0.000561523     -0.000537109     -0.000512695     -0.000305176     
-0.000354004     -0.000390625     -0.000183105     -0.000134277     
-0.000183105     -0.000195313     -0.000158691     -8.54492e-05     
-0.000183105     -0.000317383     -0.000109863     -0.000146484     
-0.000268555     -0.000158691     -0.000134277     -7.32422e-05     
-0.000268555     -0.000280762     -0.000170898     -0.000219727     
-0.000170898     -0.000305176     -0.000158691     -0.000244141     
-0.000268555     -0.000378418     -0.000292969     -0.000256348     
-0.000305176     -0.00020752     -0.000268555     -0.000170898     
-0.000158691     -0.000183105     -8.54492e-05     -0.000109863     
-0.000109863     -0.000170898     -0.000195313     -8.54492e-05     
-0.000268555     -0.00032959     -0.000170898     -0.000231934     
-0.000341797     -0.00032959     -0.000341797     -0.000244141     
-0.000402832     -0.000415039     -0.000354004     -0.00032959     
-0.000317383     -0.000366211     -0.000195313     -0.000268555     
-0.000463867     -0.000476074     -0.000366211     -0.000341797     
-0.000415039     -0.000463867     -0.000402832     -0.000231934     
-0.000378418     -0.000366211     -0.00032959     -0.000317383     
-0.000268555     -0.000244141     -4.88281e-05     -0.000109863     
-1.2207e-05     -0.00012207     0     1.2207e-05     
7.32422e-05     6.10352e-05     -2.44141e-05     0.000195313     
-3.66211e-05     1.2207e-05     3.66211e-05     6.10352e-05     
6.10352e-05     -4.88281e-05     9.76563e-05     9.76563e-05     
-9.76563e-05     -8.54492e-05     -0.00012207     -0.000183105     
-0.000390625     -0.000402832     -0.00032959     -0.000415039     
-0.000683594     -0.00065918     -0.000646973     -0.000500488     
-0.000610352     -0.000561523     -0.000378418     -0.00032959     
-0.000305176     -0.000317383     -9.76563e-05     2.44141e-05     
-3.66211e-05     -8.54492e-05     0.00012207     9.76563e-05     
-3.66211e-05     -3.66211e-05     -9.76563e-05     -8.54492e-05     
-0.000256348     -0.000378418     -0.000244141     -0.000305176     
-0.000366211     -0.000598145     -0.000402832     -0.000549316     
-0.000598145     -0.000671387     -0.00057373     -0.000524902     
-0.000878906     -0.000878906     -0.000915527     -0.000927734     
-0.00108643     -0.00108643     -0.00106201     -0.00117188     
-0.00128174     -0.00128174     -0.00140381     -0.00125732     
-0.00137939     -0.00129395     -0.00125732     -0.00124512     
-0.00135498     -0.00129395     -0.00124512     -0.00117188     
-0.00119629     -0.0010498     -0.000891113     -0.000842285     
-0.000878906     -0.000793457     -0.000622559     -0.000537109     
-0.000500488     -0.000512695     -0.000402832     -0.000512695     
-0.000500488     -0.000549316     -0.000561523     -0.000415039     
-0.000634766     -0.000488281     -0.000476074     -0.000427246     
-0.00045166     -0.000476074     -0.000366211     -0.000354004     
-0.000317383     -0.000549316     -0.000341797     -0.000354004     
-0.000427246     -0.000524902     -0.000500488     -0.000390625     
-0.00045166     -0.000524902     -0.000402832     -0.000415039     
-0.000427246     -0.00057373     -0.000512695     -0.000427246     
-0.000622559     -0.000683594     -0.000769043     -0.000756836     
-0.000952148     -0.00112305     -0.0010376     -0.00107422     
-0.00115967     -0.00115967     -0.00101318     -0.000939941     
-0.00101318     -0.000952148     -0.000671387     -0.000646973     
-0.000524902     -0.000402832     -0.000292969     -8.54492e-05     
-0.00012207     -0.000134277     0.000158691     0.000195313     
0.00020752     0.000231934     0.000256348     0.000292969     
9.76563e-05     -4.88281e-05     7.32422e-05     -0.00012207     
-0.000170898     -0.000341797     -0.000292969     -0.000378418     
-0.000524902     -0.000610352     -0.000439453     -0.000366211     
-0.000378418     -0.000354004     -0.000195313     -8.54492e-05     
-0.000158691     -9.76563e-05     -1.2207e-05     3.66211e-05     
-0.000109863     -6.10352e-05     -0.000170898     -9.76563e-05     
-0.000341797     -0.000427246     -0.000476074     -0.000500488     
-0.000634766     -0.000683594     -0.000646973     -0.000634766     
-0.000915527     -0.000830078     -0.000793457     -0.000793457     
-0.000805664     -0.00078125     -0.000732422     -0.000610352     
-0.00065918     -0.00065918     -0.000512695     -0.000427246     
-0.000402832     -0.000354004     -0.000256348     -0.000146484     
-0.000244141     -0.000231934     -0.000109863     -1.2207e-05     
0     -4.88281e-05     0.00012207     8.54492e-05     
3.66211e-05     -0.000109863     -1.2207e-05     -7.32422e-05     
-0.000109863     -0.00020752     -0.000256348     -0.000158691     
-0.000415039     -0.000512695     -0.000354004     -0.000354004     
-0.000488281     -0.000500488     -0.000390625     -0.000219727     
-0.000378418     -0.000378418     -0.000280762     -0.000268555     
-0.000317383     -0.000280762     -0.000268555     -0.000219727     
-0.000354004     -0.000427246     -0.000488281     -0.00032959     
-0.000463867     -0.000524902     -0.000488281     -0.000476074     
-0.000671387     -0.00065918     -0.000830078     -0.00078125     
-0.000817871     -0.00098877     -0.000817871     -0.000866699     
-0.00102539     -0.000891113     -0.000805664     -0.000683594     
-0.000622559     -0.000683594     -0.000402832     -0.000415039     
-0.000512695     -0.000476074     -0.000280762     -0.000292969     
-0.000268555     -0.000415039     -0.000317383     -0.000280762     
-0.000512695     -0.000500488     -0.000524902     -0.000354004     
-0.000439453     -0.00045166     -0.000292969     -0.000134277     
-0.000256348     -0.000158691     -0.00020752     8.54492e-05     
0     -2.44141e-05     8.54492e-05     0.000146484     
1.2207e-05     -0.000134277     -4.88281e-05     -4.88281e-05     
-0.000170898     -0.000134277     -0.000109863     -1.2207e-05     
-0.000134277     -8.54492e-05     8.54492e-05     7.32422e-05     
-2.44141e-05     -0.000109863     3.66211e-05     -2.44141e-05     
-8.54492e-05     -0.000268555     -0.000268555     -9.76563e-05     
-0.000341797     -0.000378418     -0.000268555     -0.000268555     
-0.00032959     -0.000390625     -0.00020752     -0.00020752     
-0.000231934     -0.000378418     -0.000158691     -0.000219727     
-0.00045166     -0.000390625     -0.000439453     -0.000415039     
-0.000500488     -0.000524902     -0.000622559     -0.000463867     
-0.000646973     -0.00065918     -0.000695801     -0.000537109     
-0.000756836     -0.000720215     -0.000732422     -0.000646973     
-0.000866699     -0.000830078     -0.000695801     -0.00065918     
-0.000769043     -0.000671387     -0.000585938     -0.000463867     
-0.000524902     -0.000561523     -0.000341797     -0.000366211     
-0.000305176     -0.000256348     -0.000195313     -0.000146484     
-0.000183105     -0.000292969     -0.000134277     -0.000158691     
-0.000231934     -0.000195313     -0.000292969     -0.000195313     
-0.00032959     -0.000463867     -0.000366211     -0.000537109     
-0.000585938     -0.000683594     -0.000549316     -0.000769043     
-0.00078125     -0.000939941     -0.000915527     -0.000891113     
-0.000939941     -0.000964355     -0.0010498     -0.000939941     
-0.00109863     -0.00112305     -0.00111084     -0.000939941     
-0.00107422     -0.000964355     -0.000891113     -0.000817871     
-0.000915527     -0.000830078     -0.000793457     -0.000598145     
-0.000646973     -0.000634766     -0.00045166     -0.00032959     
-0.000524902     -0.000463867     -0.000390625     -0.000402832     
-0.000390625     -0.000378418     -0.00032959     -0.000366211     
-0.000488281     -0.000646973     -0.000439453     -0.000524902     
-0.000622559     -0.000769043     -0.00078125     -0.000622559     
-0.000939941     -0.000927734     -0.000915527     -0.000866699     
-0.000854492     -0.000915527     -0.000695801     -0.000756836     
-0.000695801     -0.000708008     -0.00057373     -0.000512695     
-0.000476074     -0.000549316     -0.000341797     -0.000231934     
-0.000427246     -0.000366211     -0.000268555     -0.000231934     
-0.000292969     -0.000341797     -0.000268555     -0.000219727     
-0.000524902     -0.000439453     -0.000305176     -0.000415039     
-0.000488281     -0.00045166     -0.000439453     -0.000427246     
-0.000463867     -0.000476074     -0.000537109     -0.000378418     
-0.000415039     -0.000476074     -0.000390625     -0.000390625     
-0.000463867     -0.000537109     -0.000402832     -0.000402832     
-0.000427246     -0.000463867     -0.00032959     -0.000427246     
-0.000524902     -0.000622559     -0.000549316     -0.000537109     
-0.000598145     -0.000598145     -0.000488281     -0.00045166     
-0.00065918     -0.000671387     -0.000488281     -0.000537109     
-0.000500488     -0.000476074     -0.000354004     -0.00032959     
-0.000390625     -0.00032959     -0.000244141     -0.000134277     
-0.00012207     -9.76563e-05     8.54492e-05     8.54492e-05     
0     1.2207e-05     9.76563e-05     0.000219727     
7.32422e-05     7.32422e-05     0.000146484     7.32422e-05     
2.44141e-05     -0.000134277     -0.000134277     -2.44141e-05     
-0.00020752     -0.000134277     -0.000109863     -7.32422e-05     
-0.000158691     -0.000158691     -8.54492e-05     -0.000146484     
-0.00020752     -0.000268555     -3.66211e-05     -0.000305176     
-0.000354004     -0.000500488     -0.00057373     -0.000585938     
-0.000830078     -0.000830078     -0.000805664     -0.000842285     
-0.000891113     -0.00100098     -0.000830078     -0.000756836     
-0.000732422     -0.000805664     -0.000585938     -0.000439453     
-0.000463867     -0.000402832     -0.000244141     -8.54492e-05     
-0.000109863     3.66211e-05     7.32422e-05     0.000170898     
0.00012207     7.32422e-05     0.000134277     0.000146484     
1.2207e-05     0.000219727     0.000170898     0.000134277     
4.88281e-05     0.000109863     1.2207e-05     0     
-2.44141e-05     -0.00012207     -0.000183105     -0.000146484     
-0.000366211     -0.000561523     -0.000500488     -0.000439453     
-0.000646973     -0.000793457     -0.00065918     -0.000695801     
-0.000805664     -0.000927734     -0.000646973     -0.000720215     
-0.000830078     -0.00065918     -0.000561523     -0.000512695     
-0.000646973     -0.000537109     -0.000439453     -0.000549316     
-0.000463867     -0.000671387     -0.000512695     -0.000512695     
-0.000671387     -0.000756836     -0.000646973     -0.000622559     
-0.000622559     -0.000646973     -0.000537109     -0.000415039     
-0.000524902     -0.000500488     -0.000378418     -0.000378418     
-0.000378418     -0.000292969     -0.000244141     -0.000195313     
-0.000402832     -0.000341797     -0.000378418     -0.000268555     
-0.000341797     -0.000415039     -0.000292969     -0.000280762     
-0.00045166     -0.000402832     -0.000292969     -0.000317383     
-0.000463867     -0.00057373     -0.00045166     -0.000415039     

