Source : transient; Time : Wed Jun 14 05:35:15 2017
B0 = 3764.000000 Gauss, mw = 9.686280 GHz
 NDI-T2 sa261 20/2 42/25 523nm/1mJ
1 5000 -1.001e-06 8.997e-06 0 0
s                        V                                                 
-0.000219727     -0.000183105     -0.000158691     -0.000292969     
-0.000341797     -0.000195313     -0.000244141     -0.000146484     
-0.000256348     -9.76563e-05     -9.76563e-05     -0.00012207     
0     7.32422e-05     0.000170898     0.000231934     
0.000268555     0.000341797     0.000341797     0.000341797     
0.00020752     0.000231934     0.000256348     0.00020752     
0.000109863     0.000146484     8.54492e-05     -1.2207e-05     
-7.32422e-05     6.10352e-05     3.66211e-05     4.88281e-05     
-2.44141e-05     0.000109863     0.000231934     9.76563e-05     
6.10352e-05     0.000292969     0.000219727     0.000292969     
0.00020752     0.000354004     0.000231934     0.000292969     
0.000280762     0.000427246     0.000378418     0.000378418     
0.000305176     0.000354004     0.000378418     0.000231934     
0.000146484     0.000219727     0.000231934     0.000146484     
3.66211e-05     0.000134277     3.66211e-05     2.44141e-05     
-2.44141e-05     9.76563e-05     0.000195313     0.000170898     
0.000256348     0.000415039     0.000537109     0.000549316     
0.00057373     0.000634766     0.000744629     0.000610352     
0.000549316     0.000476074     0.000427246     0.000158691     
0     0     -9.76563e-05     -4.88281e-05     
-0.000195313     -8.54492e-05     -1.2207e-05     -0.00012207     
0     8.54492e-05     7.32422e-05     0.000158691     
0.000183105     0.000305176     0.000292969     0.000390625     
0.000268555     0.000366211     0.000256348     0.000354004     
0.00020752     0.000341797     0.000341797     0.000219727     
0.000170898     0.000292969     0.000219727     0.00032959     
0.000195313     0.000341797     0.000317383     0.000439453     
0.00032959     0.00057373     0.000646973     0.000634766     
0.000708008     0.00078125     0.000939941     0.00090332     
0.000830078     0.000842285     0.000952148     0.000854492     
0.000793457     0.000854492     0.000878906     0.000708008     
0.000695801     0.000708008     0.00078125     0.000805664     
0.000708008     0.000891113     0.000952148     0.000854492     
0.000939941     0.00100098     0.00106201     0.0010376     
0.00098877     0.00106201     0.00111084     0.00125732     
0.0010498     0.00119629     0.00112305     0.00128174     
0.00117188     0.00128174     0.00113525     0.00112305     
0.00107422     0.0010376     0.000976563     0.000976563     
0.000793457     0.000817871     0.000830078     0.000634766     
0.000671387     0.000805664     0.000695801     0.000695801     
0.000708008     0.000793457     0.000842285     0.00078125     
0.000744629     0.000939941     0.000939941     0.000939941     
0.00098877     0.00090332     0.00107422     0.00100098     
0.00101318     0.00111084     0.00109863     0.00100098     
0.00109863     0.00115967     0.0012207     0.00100098     
0.000927734     0.00107422     0.000976563     0.000805664     
0.000769043     0.000817871     0.000695801     0.000549316     
0.000415039     0.00057373     0.000488281     0.000500488     
0.000341797     0.000500488     0.00045166     0.000415039     
0.000500488     0.000732422     0.000744629     0.000634766     
0.000830078     0.000939941     0.000915527     0.000866699     
0.000854492     0.000891113     0.000842285     0.000854492     
0.000646973     0.000756836     0.000732422     0.000610352     
0.000598145     0.000683594     0.000683594     0.000671387     
0.000622559     0.000744629     0.000817871     0.000732422     
0.000708008     0.000793457     0.000817871     0.000671387     
0.000598145     0.000598145     0.000524902     0.000476074     
0.000390625     0.000354004     0.000354004     0.000427246     
0.000354004     0.000415039     0.000476074     0.00045166     
0.000488281     0.00065918     0.000622559     0.000720215     
0.000598145     0.000756836     0.000708008     0.000610352     
0.00057373     0.000708008     0.000695801     0.000671387     
0.000610352     0.000561523     0.00065918     0.000512695     
0.000463867     0.000598145     0.000598145     0.000537109     
0.000524902     0.000708008     0.000610352     0.000671387     
0.000585938     0.000695801     0.000732422     0.000769043     
0.000732422     0.000769043     0.000744629     0.000695801     
0.000585938     0.000610352     0.000634766     0.000646973     
0.00065918     0.000634766     0.000695801     0.000646973     
0.000683594     0.000830078     0.000927734     0.000964355     
0.000952148     0.00119629     0.00124512     0.00113525     
0.0012207     0.00135498     0.00130615     0.00136719     
0.00131836     0.00142822     0.00134277     0.00131836     
0.0012207     0.00136719     0.00129395     0.00117188     
0.000939941     0.00101318     0.000769043     0.000549316     
0.000402832     0.000366211     0.00012207     6.10352e-05     
-0.000158691     -0.000219727     -0.000256348     -0.000366211     
-0.000427246     -0.000268555     -0.000195313     -0.000219727     
-0.000195313     -2.44141e-05     0.000134277     0.000244141     
0.000244141     0.000378418     0.000634766     0.000598145     
0.000585938     0.000756836     0.000842285     0.000793457     
0.000805664     0.000891113     0.000976563     0.000878906     
0.000854492     0.000891113     0.000854492     0.000842285     
0.000720215     0.000683594     0.000671387     0.000610352     
0.000415039     0.000439453     0.000390625     0.000354004     
8.54492e-05     0.000170898     0.000195313     0.000170898     
0     0.000158691     0     -3.66211e-05     
-9.76563e-05     -6.10352e-05     -0.000109863     -0.000183105     
-0.000219727     -0.00012207     -0.000109863     -0.000170898     
-0.000146484     -4.88281e-05     -0.000109863     -4.88281e-05     
-8.54492e-05     -1.2207e-05     0     -7.32422e-05     
-2.44141e-05     0.000158691     0.000158691     0.00012207     
0.000170898     0.000305176     0.000354004     0.000317383     
0.000488281     0.00045166     0.000476074     0.000622559     
0.00057373     0.000598145     0.000671387     0.000695801     
0.000671387     0.00078125     0.000854492     0.000793457     
0.00078125     0.000866699     0.000793457     0.000769043     
0.000756836     0.000891113     0.000732422     0.000866699     
0.000585938     0.000634766     0.000537109     0.000561523     
0.000341797     0.000390625     0.000390625     0.00032959     
0.000268555     0.000439453     0.000390625     0.000402832     
0.000354004     0.000598145     0.000500488     0.000598145     
0.000463867     0.000683594     0.000622559     0.000390625     
0.000476074     0.000439453     0.000488281     0.000415039     
0.000354004     0.000341797     0.000390625     0.000341797     
0.00032959     0.000427246     0.000378418     0.000390625     
0.000390625     0.000512695     0.000537109     0.000427246     
0.000415039     0.000561523     0.000549316     0.00057373     
0.000439453     0.000634766     0.000622559     0.000512695     
0.00057373     0.000610352     0.000585938     0.000598145     
0.00045166     0.000622559     0.000561523     0.000549316     
0.000537109     0.000756836     0.000708008     0.00078125     
0.000756836     0.000842285     0.000927734     0.00078125     
0.000842285     0.00098877     0.000927734     0.00090332     
0.000756836     0.000939941     0.000891113     0.000756836     
0.000744629     0.000671387     0.000720215     0.000646973     
0.000463867     0.000561523     0.000585938     0.000415039     
0.000341797     0.000317383     0.000268555     0.000231934     
6.10352e-05     4.88281e-05     0.000158691     -2.44141e-05     
-9.76563e-05     1.2207e-05     3.66211e-05     0.000134277     
1.2207e-05     0.000231934     0.000292969     0.000317383     
0.000488281     0.000610352     0.000720215     0.000939941     
0.000891113     0.00115967     0.00111084     0.00114746     
0.00111084     0.00126953     0.0012085     0.00117188     
0.00101318     0.00106201     0.00107422     0.000842285     
0.000817871     0.000866699     0.000939941     0.000842285     
0.00078125     0.000805664     0.000817871     0.000708008     
0.00057373     0.00078125     0.000585938     0.000524902     
0.000463867     0.000549316     0.000561523     0.00045166     
0.00032959     0.000354004     0.000537109     0.000415039     
0.000402832     0.000512695     0.000500488     0.000415039     
0.000500488     0.000585938     0.000622559     0.000549316     
0.000378418     0.000561523     0.00045166     0.000341797     
0.000317383     0.000341797     0.000378418     0.000378418     
0.000341797     0.00057373     0.000549316     0.000622559     
0.000537109     0.000830078     0.000830078     0.000878906     
0.000842285     0.000952148     0.000891113     0.000817871     
0.000671387     0.000561523     0.000598145     0.000500488     
0.000305176     0.000463867     0.000488281     0.000354004     
0.000463867     0.000805664     0.000891113     0.00123291     
0.00151367     0.00202637     0.00252686     0.00292969     
0.00341797     0.00410156     0.00461426     0.00510254     
0.00557861     0.00611572     0.0065918     0.00701904     
0.00736084     0.00783691     0.00827637     0.00864258     
0.00904541     0.00950928     0.0098877     0.0102905     
0.0107422     0.0111938     0.0116333     0.0121094     
0.0125122     0.0130249     0.0135132     0.0138428     
0.0142578     0.0148071     0.0152222     0.0157471     
0.01604     0.0166016     0.0169922     0.0172974     
0.0177368     0.0181519     0.0185669     0.01875     
0.019043     0.0195557     0.0197754     0.0200195     
0.0202393     0.0206299     0.0210205     0.0213013     
0.021521     0.0219604     0.0222168     0.0223755     
0.0227661     0.0230225     0.0233398     0.0236572     
0.0239136     0.0242554     0.0245361     0.0248535     
0.0250488     0.0255493     0.0259155     0.0262573     
0.0265137     0.0269653     0.0273804     0.0276611     
0.0279175     0.0283447     0.0286499     0.0288696     
0.0290527     0.0293701     0.0296753     0.0297974     
0.0299072     0.0302124     0.0303711     0.0306885     
0.0307373     0.0311523     0.0312744     0.0315308     
0.0315918     0.0320313     0.0320801     0.032373     
0.0325439     0.0327026     0.0329956     0.0331055     
0.0333984     0.0336548     0.0338257     0.0340698     
0.0341553     0.034436     0.0345093     0.034729     
0.0348145     0.0351074     0.0353149     0.0353394     
0.0354736     0.0357788     0.0359985     0.0359741     
0.0362427     0.0365601     0.0366089     0.0367798     
0.0369385     0.0371826     0.0373535     0.0373901     
0.0375     0.0377808     0.0378906     0.0379272     
0.0380371     0.0382446     0.0383301     0.0383423     
0.0383301     0.0384399     0.038501     0.0385498     
0.0384644     0.0385864     0.038501     0.038562     
0.0385132     0.0385864     0.0386108     0.0386108     
0.0384277     0.0387451     0.0387695     0.038623     
0.0386963     0.0388794     0.0389771     0.0388916     
0.0388062     0.0388916     0.0388672     0.0387451     
0.0387085     0.0388428     0.0388306     0.0387817     
0.0386963     0.0388428     0.0388306     0.0389038     
0.0389404     0.0390381     0.0391357     0.0391968     
0.0392578     0.0393555     0.0393921     0.0392822     
0.0393188     0.0392944     0.0393311     0.0392334     
0.039209     0.039209     0.0390991     0.0389771     
0.0388794     0.0389526     0.0388428     0.0387817     
0.0386353     0.0386841     0.038562     0.0384766     
0.0383667     0.0385132     0.0383179     0.0382446     
0.0380859     0.0381714     0.0380737     0.0379272     
0.0377808     0.0376831     0.0374512     0.0373291     
0.0370239     0.0369873     0.0368164     0.0365845     
0.0364014     0.0364258     0.0362183     0.0361694     
0.0359253     0.0359863     0.0359863     0.0358398     
0.0357056     0.0357422     0.0356201     0.0354248     
0.0352539     0.0351318     0.0350098     0.0347046     
0.0345337     0.034436     0.0342407     0.0339844     
0.0338135     0.0337769     0.0336548     0.0335083     
0.0333862     0.0333618     0.033313     0.0331909     
0.0331299     0.0330933     0.0330811     0.0330078     
0.0328979     0.0329346     0.0327759     0.0328491     
0.032605     0.032605     0.0325195     0.0322998     
0.0320068     0.0320068     0.0317627     0.0315552     
0.0313232     0.0311157     0.0309082     0.0305664     
0.030249     0.0301758     0.029834     0.0297241     
0.0293335     0.0293091     0.0291382     0.0289551     
0.0288696     0.0287354     0.0286377     0.0285156     
0.0283203     0.0284546     0.0284058     0.0281006     
0.0281128     0.028064     0.0279785     0.027771     
0.0275635     0.027478     0.0274536     0.0271118     
0.0269287     0.0268433     0.0267334     0.0265259     
0.0262695     0.0262817     0.0261108     0.0259399     
0.025708     0.0256592     0.0254883     0.0254395     
0.0251587     0.025     0.0248901     0.0247314     
0.0244873     0.0243896     0.0241577     0.0241699     
0.0238892     0.0238892     0.0238037     0.0235474     
0.0234009     0.0234497     0.0233887     0.0232178     
0.0230103     0.0230347     0.0228271     0.0226563     
0.0224121     0.0223755     0.0221802     0.0219482     
0.0217163     0.0215332     0.0214844     0.0213257     
0.0211792     0.0210938     0.0209839     0.0209106     
0.0208252     0.0208252     0.020874     0.0207764     
0.0206421     0.0206787     0.0206177     0.0205933     
0.0204468     0.0204956     0.0204102     0.0202637     
0.020166     0.0202148     0.0200439     0.0200195     
0.0197632     0.0197754     0.0196289     0.0194702     
0.0193237     0.0192017     0.0191895     0.0190918     
0.01875     0.0187378     0.0187134     0.0185913     
0.0184326     0.0184937     0.0183716     0.0182617     
0.0181152     0.0180054     0.0178833     0.0177979     
0.0174805     0.0175171     0.0174072     0.0171875     
0.0171021     0.0169556     0.0169434     0.0167969     
0.016687     0.0165894     0.0166504     0.0164795     
0.0164429     0.0164185     0.016394     0.0162231     
0.0160645     0.0160645     0.0160278     0.0158203     
0.0156372     0.0156738     0.015564     0.0154175     
0.015332     0.015271     0.0152954     0.0151855     
0.0151245     0.0152954     0.0152344     0.0152588     
0.0151611     0.0154297     0.0153931     0.0154053     
0.0154175     0.015564     0.0154663     0.0153687     
0.0154175     0.0153809     0.0154175     0.015332     
0.0151733     0.0151978     0.0152222     0.0151611     
0.0151733     0.015332     0.0152466     0.0153687     
0.0154175     0.0154907     0.0156006     0.0154785     
0.015625     0.0156982     0.0155884     0.0155762     
0.0156006     0.0156128     0.0154785     0.0153809     
0.0153931     0.0153687     0.0153931     0.015271     
0.0151733     0.0151611     0.0151001     0.0149902     
0.014917     0.0150635     0.0150513     0.0149902     
0.0150513     0.0151489     0.0151489     0.0151978     
0.0151489     0.0153564     0.015332     0.015332     
0.0153564     0.0154907     0.0154175     0.0154053     
0.0153076     0.0153809     0.0154907     0.0154419     
0.0155029     0.0155762     0.0156006     0.015564     
0.0155884     0.0157227     0.0157959     0.0157593     
0.0157104     0.0159058     0.0158936     0.0157349     
0.0157837     0.0157715     0.0157837     0.0157104     
0.015625     0.015686     0.0155884     0.0154663     
0.0153931     0.0153809     0.0154053     0.0152344     
0.0151855     0.0153198     0.015332     0.0152222     
0.0151978     0.0153687     0.0154175     0.0153442     
0.0154175     0.0154663     0.0154907     0.0155518     
0.0155518     0.0157593     0.0157227     0.0158447     
0.0158447     0.0161255     0.0161743     0.0161987     
0.0162964     0.0165527     0.0165039     0.0166382     
0.0165771     0.0166992     0.0167358     0.0166504     
0.0165649     0.016626     0.0166016     0.0165527     
0.0164917     0.0166016     0.0166016     0.0165771     
0.0165527     0.016687     0.0167847     0.0167236     
0.0167847     0.0169556     0.0170044     0.0170654     
0.0171509     0.0172241     0.017395     0.0174683     
0.0174561     0.0176392     0.0177002     0.0175537     
0.0176514     0.0178589     0.0179199     0.0179077     
0.0178711     0.018103     0.0181274     0.0181519     
0.0182251     0.0184326     0.0185303     0.0185547     
0.0186401     0.0187744     0.018689     0.0187744     
0.0187012     0.0187866     0.0187134     0.018689     
0.0185059     0.0184937     0.0185669     0.018396     
0.0183716     0.0184082     0.0183838     0.0185181     
0.0184814     0.0185181     0.0186157     0.0186646     
0.0185425     0.0187744     0.0187866     0.01875     
0.0187134     0.0187256     0.0187134     0.0186401     
0.0184937     0.0185425     0.0185791     0.0184204     
0.0183838     0.018335     0.018335     0.0183228     
0.0183105     0.0183838     0.0183594     0.0184692     
0.0185303     0.0186279     0.0185913     0.0186279     
0.0186035     0.018689     0.0187012     0.0187622     
0.0186157     0.0187988     0.0187988     0.0186646     
0.0186279     0.0188232     0.0187622     0.018811     
0.0186768     0.0188477     0.0187256     0.0187256     
0.0186646     0.0186035     0.0186646     0.0184692     
0.0183105     0.0182983     0.0182739     0.018103     
0.0180054     0.0180542     0.0178833     0.0178467     
0.0177124     0.0177734     0.0178467     0.017688     
0.0177368     0.0178345     0.0178711     0.017981     
0.0179565     0.0179932     0.0181641     0.018042     
0.0181519     0.0182007     0.0182617     0.0183105     
0.0180908     0.0181885     0.0180908     0.0180054     
0.0178833     0.0179443     0.017688     0.017627     
0.0173828     0.0173462     0.0170532     0.0169922     
0.0169189     0.0169189     0.0168091     0.0169189     
0.0169067     0.0170898     0.0171265     0.0171875     
0.0171509     0.0173828     0.0173828     0.0173096     
0.017334     0.017395     0.0173706     0.0171631     
0.0171143     0.017041     0.0170288     0.0168335     
0.0165649     0.0166748     0.0165161     0.0163208     
0.0162598     0.0164063     0.0163208     0.016272     
0.0161987     0.0162354     0.0162842     0.0160278     
0.0160278     0.0161011     0.0161499     0.0159302     
0.0158447     0.0158203     0.0158447     0.015625     
0.0154419     0.0154663     0.0153931     0.0152344     
0.0150635     0.0149658     0.014978     0.0147949     
0.014624     0.0146851     0.014502     0.0144653     
0.0142944     0.0143799     0.014209     0.0141479     
0.0140137     0.0140991     0.0139526     0.0140259     
0.0139893     0.0139282     0.0139893     0.0140259     
0.0139771     0.0140991     0.0141479     0.0140503     
0.0140381     0.0141602     0.0139893     0.0140137     
0.0139526     0.0139282     0.0139526     0.0138062     
0.0135864     0.0136597     0.0137085     0.0134766     
0.0133911     0.0134277     0.0133545     0.0132935     
0.0132813     0.0132813     0.0133423     0.0131348     
0.013208     0.0132813     0.0132568     0.0132813     
0.0131714     0.0132202     0.0131958     0.0130005     
0.0129272     0.0129028     0.0127441     0.0127197     
0.0125366     0.0125122     0.0123779     0.0123413     
0.0120972     0.0121826     0.0121338     0.0121094     
0.0118286     0.0120239     0.0119507     0.0118286     
0.0117676     0.0118774     0.0116699     0.0116943     
0.0115112     0.0115723     0.011499     0.0114258     
0.0111694     0.0113281     0.0111572     0.011145     
0.0110718     0.0110474     0.0110107     0.0109863     
0.0109131     0.0109741     0.0110474     0.0109131     
0.0109497     0.0109863     0.0109863     0.0108521     
0.0109375     0.0109741     0.0109863     0.0109375     
0.0108643     0.0109985     0.0109619     0.010791     
0.0107422     0.0109253     0.0108643     0.0106445     
0.0106567     0.0106323     0.0105103     0.010437     
0.0102295     0.0102539     0.0101929     0.0101318     
0.00997314     0.0100464     0.00993652     0.00985107     
0.00976563     0.00986328     0.00992432     0.00981445     
0.00977783     0.00983887     0.00987549     0.00961914     
0.00965576     0.00974121     0.00961914     0.00964355     
0.00953369     0.00953369     0.00947266     0.00939941     
0.00938721     0.00942383     0.00935059     0.00936279     
0.00942383     0.00943604     0.00961914     0.00952148     
0.00959473     0.00974121     0.00977783     0.00974121     
0.00964355     0.00977783     0.009729     0.00959473     
0.00953369     0.00968018     0.00949707     0.00939941     
0.00941162     0.00941162     0.00933838     0.00933838     
0.00917969     0.009375     0.00924072     0.00926514     
0.00917969     0.00917969     0.00914307     0.00915527     
0.00895996     0.00906982     0.00911865     0.00899658     
0.00892334     0.00910645     0.00916748     0.00915527     
0.0092041     0.00931396     0.00931396     0.00928955     
0.00928955     0.00944824     0.00938721     0.00926514     
0.00928955     0.00932617     0.00931396     0.00928955     
0.00914307     0.0092041     0.00921631     0.00913086     
0.00908203     0.00913086     0.00915527     0.00913086     
0.00906982     0.00913086     0.00911865     0.0090332     
0.009021     0.00899658     0.00887451     0.0088623     
0.00882568     0.00881348     0.00882568     0.00870361     
0.00866699     0.00877686     0.00877686     0.00871582     
0.00856934     0.00875244     0.00865479     0.00870361     
0.00866699     0.00882568     0.00875244     0.00883789     
0.00894775     0.00893555     0.00910645     0.00910645     
0.00908203     0.00924072     0.00924072     0.00927734     
0.0092041     0.00933838     0.00917969     0.00911865     
0.00900879     0.00909424     0.00906982     0.00897217     
0.00889893     0.0090332     0.00904541     0.00899658     
0.00900879     0.00904541     0.00921631     0.00919189     
0.00913086     0.00911865     0.00925293     0.00905762     
0.00905762     0.00917969     0.00917969     0.00915527     
0.00913086     0.00926514     0.00933838     0.00930176     
0.009375     0.00949707     0.00960693     0.0097168     
0.00965576     0.00986328     0.00974121     0.00970459     
0.0097168     0.00977783     0.00964355     0.00965576     
0.00942383     0.00948486     0.00939941     0.0092041     
0.00915527     0.00922852     0.00915527     0.00910645     
0.0090332     0.00915527     0.00924072     0.00915527     
0.00910645     0.00936279     0.00936279     0.009375     
0.00952148     0.00965576     0.00974121     0.00983887     
0.00987549     0.00999756     0.0100952     0.0101318     
0.0101685     0.0102905     0.0104248     0.0103882     
0.0104126     0.0104736     0.0105469     0.0104492     
0.0104248     0.0105713     0.0104614     0.0103271     
0.0101929     0.0102417     0.0102417     0.00993652     
0.00986328     0.00983887     0.00965576     0.00965576     
0.00944824     0.00957031     0.00939941     0.00948486     
0.00946045     0.00964355     0.0097168     0.00983887     
0.00991211     0.0101318     0.0103394     0.0105103     
0.0104858     0.0106812     0.0108643     0.0107422     
0.0107666     0.0109741     0.0107544     0.0108398     
0.0108887     0.0108765     0.0109619     0.0108032     
0.0109009     0.0110474     0.0110962     0.0110474     
0.011145     0.0110962     0.0111084     0.0109985     
0.0109497     0.0109619     0.0109497     0.0107178     
0.0106812     0.0105713     0.0104614     0.010376     
0.0101685     0.0102661     0.010144     0.0101318     
0.010022     0.010083     0.0100952     0.010083     
0.0100708     0.0101807     0.0101318     0.0102905     
0.0101685     0.0103271     0.0104004     0.0103149     
0.0102417     0.0105103     0.010498     0.0105347     
0.0105713     0.0105957     0.01073     0.0106934     
0.0107056     0.0106812     0.0107178     0.0108032     
0.0105957     0.01073     0.0107544     0.0106689     
0.0106079     0.0106079     0.0107666     0.0107422     
0.0106323     0.0107178     0.0107666     0.0106812     
0.0106323     0.0107544     0.0107666     0.0106079     
0.0106567     0.0107178     0.0107178     0.0105225     
0.010498     0.0105835     0.0105591     0.010437     
0.010376     0.0103638     0.0103516     0.0101685     
0.010144     0.0101685     0.0100586     0.0101318     
0.0100586     0.0101196     0.0100342     0.0101196     
0.0100098     0.0101807     0.010083     0.0101074     
0.0100342     0.0101318     0.010083     0.00997314     
0.00993652     0.00999756     0.00983887     0.00986328     
0.00958252     0.0097168     0.0095459     0.00939941     
0.00922852     0.00919189     0.0092041     0.00905762     
0.00889893     0.0090332     0.00895996     0.0088501     
0.00887451     0.00898438     0.00895996     0.00891113     
0.00894775     0.00894775     0.009021     0.009021     
0.00893555     0.00898438     0.00899658     0.0090332     
0.00891113     0.009021     0.00899658     0.00881348     
0.0088623     0.00883789     0.0086792     0.00875244     
0.00859375     0.00863037     0.00848389     0.0085083     
0.00841064     0.00847168     0.00842285     0.00845947     
0.0083374     0.00842285     0.00856934     0.00836182     
0.00847168     0.00861816     0.00853271     0.00870361     
0.00871582     0.00872803     0.00876465     0.0088501     
0.00872803     0.00888672     0.00882568     0.00872803     
0.00871582     0.0086792     0.00865479     0.00837402     
0.00830078     0.00826416     0.00822754     0.00803223     
0.00789795     0.00786133     0.00794678     0.00772705     
0.0076416     0.00772705     0.00773926     0.00776367     
0.00760498     0.00766602     0.00769043     0.00760498     
0.00753174     0.00761719     0.00756836     0.00749512     
0.00743408     0.00744629     0.00736084     0.00737305     
0.00716553     0.00738525     0.0072998     0.0072998     
0.00718994     0.00731201     0.00722656     0.00731201     
0.0072998     0.00727539     0.00737305     0.00742188     
0.0072998     0.0074707     0.00753174     0.0074707     
0.0074707     0.0076416     0.00740967     0.00750732     
0.00737305     0.00734863     0.00737305     0.00718994     
0.00718994     0.00722656     0.00709229     0.00705566     
0.00697021     0.0069458     0.00701904     0.00681152     
0.00673828     0.00675049     0.00672607     0.00650635     
0.00645752     0.0064209     0.00649414     0.00631104     
0.00615234     0.00631104     0.00631104     0.00629883     
0.00629883     0.00643311     0.00653076     0.00643311     
0.00635986     0.00655518     0.00657959     0.00666504     
0.00643311     0.00657959     0.00667725     0.00653076     
0.00633545     0.00649414     0.00639648     0.00627441     
0.00625     0.00620117     0.00620117     0.00612793     
0.00601807     0.00611572     0.00615234     0.00621338     
0.00603027     0.00616455     0.00621338     0.0060791     
0.00604248     0.00603027     0.00605469     0.00585938     
0.00571289     0.00574951     0.00576172     0.00552979     
0.00552979     0.00559082     0.00567627     0.0055542     
0.00570068     0.00568848     0.00570068     0.00563965     
0.00562744     0.00574951     0.0057251     0.00557861     
0.00560303     0.00562744     0.00557861     0.00545654     
0.00543213     0.00548096     0.00543213     0.00541992     
0.00524902     0.00545654     0.00543213     0.00532227     
0.00534668     0.00548096     0.0053833     0.00546875     
0.00548096     0.00557861     0.00561523     0.00559082     
0.00560303     0.00574951     0.00577393     0.00562744     
0.00557861     0.00567627     0.00560303     0.00556641     
0.00551758     0.00551758     0.00557861     0.00551758     
0.00541992     0.00540771     0.00545654     0.00528564     
0.00526123     0.00517578     0.0052002     0.0052124     
0.00515137     0.00526123     0.00528564     0.00522461     
0.00526123     0.00535889     0.00545654     0.00554199     
0.00546875     0.00574951     0.00571289     0.00571289     
0.00583496     0.00585938     0.00588379     0.005896     
0.00585938     0.00599365     0.00582275     0.00594482     
0.00583496     0.00592041     0.0059082     0.00598145     
0.00581055     0.00598145     0.00598145     0.00587158     
0.00595703     0.00603027     0.00606689     0.00609131     
0.00610352     0.00621338     0.00628662     0.00634766     
0.00625     0.00639648     0.00645752     0.00644531     
0.00651855     0.00655518     0.00667725     0.00655518     
0.0065918     0.0065918     0.00661621     0.00650635     
0.00640869     0.00632324     0.00623779     0.00600586     
0.0059082     0.00587158     0.00570068     0.00563965     
0.00548096     0.00546875     0.00548096     0.00544434     
0.00537109     0.00540771     0.0055542     0.00559082     
0.00560303     0.00568848     0.00584717     0.005896     
0.00588379     0.00606689     0.00609131     0.00621338     
0.00611572     0.00628662     0.00626221     0.00620117     
0.00618896     0.00631104     0.00634766     0.00629883     
0.00621338     0.00637207     0.00649414     0.00644531     
0.00645752     0.00673828     0.00679932     0.00695801     
0.00710449     0.00726318     0.00738525     0.00731201     
0.00738525     0.00756836     0.00750732     0.0074707     
0.00736084     0.00737305     0.00725098     0.00701904     
0.00698242     0.00693359     0.00689697     0.0067627     
0.00667725     0.00679932     0.00679932     0.00684814     
0.0067627     0.00690918     0.00701904     0.00701904     
0.00708008     0.00710449     0.00718994     0.00715332     
0.0071167     0.00722656     0.00720215     0.00723877     
0.0071167     0.00722656     0.00726318     0.00721436     
0.00717773     0.00725098     0.00733643     0.00733643     
0.00739746     0.00753174     0.0076416     0.00758057     
0.00769043     0.00780029     0.00783691     0.00791016     
0.00767822     0.00778809     0.00772705     0.00750732     
0.0074707     0.00740967     0.00727539     0.00712891     
0.00697021     0.00690918     0.00681152     0.00662842     
0.00650635     0.006604     0.00655518     0.00651855     
0.00657959     0.00664063     0.00666504     0.00661621     
0.00666504     0.00682373     0.00695801     0.00690918     
0.00683594     0.00692139     0.00700684     0.00686035     
0.0067749     0.00693359     0.00693359     0.00698242     
0.00683594     0.00704346     0.00709229     0.00700684     
0.00698242     0.00708008     0.00704346     0.00722656     
0.00715332     0.00722656     0.0072876     0.00714111     
0.00709229     0.00723877     0.00721436     0.00718994     
0.00706787     0.00727539     0.00717773     0.00716553     
0.00718994     0.00723877     0.00722656     0.00717773     
0.00709229     0.00717773     0.00710449     0.00712891     
0.00705566     0.00715332     0.00709229     0.00706787     
0.00708008     0.00698242     0.00705566     0.00687256     
0.00690918     0.00683594     0.00682373     0.00679932     
0.00672607     0.00673828     0.00668945     0.00665283     
0.00653076     0.00670166     0.00661621     0.00670166     
0.00666504     0.00678711     0.0067749     0.00687256     
0.00679932     0.00697021     0.00699463     0.00712891     
0.00679932     0.00701904     0.00704346     0.00679932     
0.00679932     0.00688477     0.00683594     0.00678711     
0.00670166     0.0067627     0.0067627     0.00678711     
0.00666504     0.00693359     0.00687256     0.00679932     
0.00684814     0.00684814     0.00687256     0.00683594     
0.00675049     0.00679932     0.00673828     0.00664063     
0.00648193     0.00653076     0.00656738     0.0064209     
0.00615234     0.00620117     0.00622559     0.00611572     
0.00605469     0.00605469     0.00609131     0.00600586     
0.00604248     0.00609131     0.00614014     0.0060791     
0.00601807     0.00618896     0.00610352     0.00610352     
0.00596924     0.00610352     0.00593262     0.0059082     
0.00574951     0.00579834     0.00563965     0.0055542     
0.00548096     0.00548096     0.00545654     0.00545654     
0.00539551     0.00552979     0.0055542     0.0055542     
0.00556641     0.00576172     0.00567627     0.00576172     
0.00560303     0.00562744     0.00568848     0.00556641     
0.00549316     0.00563965     0.00550537     0.0055542     
0.00550537     0.00557861     0.00565186     0.00559082     
0.00559082     0.00568848     0.00577393     0.0057373     
0.00560303     0.00562744     0.00568848     0.00566406     
0.00552979     0.00560303     0.00554199     0.00546875     
0.00534668     0.00516357     0.00512695     0.00505371     
0.0048584     0.00488281     0.00472412     0.00476074     
0.00454102     0.00462646     0.0046875     0.00465088     
0.00462646     0.00484619     0.00483398     0.0048584     
0.00488281     0.00501709     0.00499268     0.00498047     
0.00495605     0.00507813     0.00501709     0.00507813     
0.0048584     0.00496826     0.00489502     0.00471191     
0.00488281     0.00480957     0.00474854     0.00473633     
0.0046875     0.00469971     0.00472412     0.00458984     
0.00461426     0.00469971     0.00473633     0.00466309     
0.00463867     0.00488281     0.00487061     0.00474854     
0.00478516     0.00495605     0.00488281     0.00489502     
0.00482178     0.00491943     0.00493164     0.00491943     
0.00490723     0.00498047     0.00506592     0.00513916     
0.00496826     0.00510254     0.00512695     0.00512695     
0.00499268     0.00512695     0.00498047     0.00494385     
0.00489502     0.00493164     0.00490723     0.00480957     
0.00482178     0.00490723     0.00490723     0.00489502     
0.00495605     0.00517578     0.00518799     0.00507813     
0.00517578     0.00528564     0.00535889     0.00541992     
0.00529785     0.00537109     0.00540771     0.0052002     
0.00517578     0.00507813     0.0050293     0.00493164     
0.00476074     0.00466309     0.00457764     0.0045166     
0.00440674     0.00437012     0.00429688     0.00430908     
0.00432129     0.00435791     0.00441895     0.00437012     
0.00439453     0.00444336     0.00449219     0.00450439     
0.00437012     0.00452881     0.00445557     0.00449219     
0.00440674     0.00461426     0.0045166     0.00458984     
0.00444336     0.00461426     0.00467529     0.00455322     
0.00450439     0.00465088     0.00457764     0.00460205     
0.00449219     0.00458984     0.00456543     0.00466309     
0.00457764     0.00476074     0.00476074     0.00474854     
0.00478516     0.00489502     0.00490723     0.00479736     
0.00479736     0.00491943     0.00493164     0.00494385     
0.00493164     0.00500488     0.00507813     0.00498047     
0.00509033     0.00518799     0.00511475     0.0052124     
0.00523682     0.00528564     0.00526123     0.00522461     
0.0052124     0.00528564     0.0053833     0.00522461     
0.00515137     0.0052002     0.00501709     0.00501709     
0.0048584     0.00496826     0.00489502     0.00480957     
0.00469971     0.00477295     0.00463867     0.00450439     
0.00454102     0.00467529     0.00467529     0.00457764     
0.00454102     0.00478516     0.00480957     0.00471191     
0.00474854     0.00494385     0.00491943     0.0048584     
0.00479736     0.00489502     0.00491943     0.00474854     
0.00474854     0.00487061     0.00483398     0.00479736     
0.0048584     0.00495605     0.00501709     0.00499268     
0.00510254     0.00517578     0.00524902     0.00526123     
0.00523682     0.00531006     0.00539551     0.00537109     
0.00523682     0.0053833     0.00537109     0.00541992     
0.00531006     0.00529785     0.00535889     0.00528564     
0.00517578     0.00526123     0.00511475     0.00523682     
0.00500488     0.00512695     0.0050415     0.00501709     
0.00483398     0.00498047     0.00490723     0.00491943     
0.00491943     0.00499268     0.00498047     0.00515137     
0.00509033     0.00522461     0.00527344     0.00533447     
0.00531006     0.00551758     0.00552979     0.00557861     
0.00566406     0.00584717     0.00588379     0.00606689     
0.00598145     0.00617676     0.00617676     0.00606689     
0.0060791     0.00618896     0.00625     0.00600586     
0.00585938     0.00594482     0.00587158     0.00561523     
0.00550537     0.00556641     0.00554199     0.00548096     
0.00544434     0.00548096     0.00567627     0.00556641     
0.00563965     0.00582275     0.00592041     0.00609131     
0.00600586     0.00626221     0.00616455     0.00627441     
0.00617676     0.00633545     0.00631104     0.00629883     
0.00626221     0.00632324     0.00627441     0.00620117     
0.00612793     0.00617676     0.00618896     0.00617676     
0.00595703     0.00612793     0.00604248     0.00598145     
0.00592041     0.00601807     0.00605469     0.00595703     
0.00598145     0.00603027     0.00603027     0.00599365     
0.00603027     0.00605469     0.00614014     0.00606689     
0.00598145     0.00600586     0.00599365     0.00583496     
0.00583496     0.00593262     0.00587158     0.0059082     
0.00579834     0.00596924     0.00593262     0.00583496     
0.0059082     0.00604248     0.00592041     0.00600586     
0.0059082     0.00595703     0.00593262     0.00587158     
0.00585938     0.00600586     0.00593262     0.00594482     
0.00576172     0.00594482     0.00596924     0.00585938     
0.00585938     0.00588379     0.00595703     0.00582275     
0.00577393     0.00568848     0.00565186     0.00559082     
0.00526123     0.0053833     0.00537109     0.0052002     
0.00509033     0.00510254     0.00499268     0.00494385     
0.00494385     0.0048584     0.00484619     0.0046875     
0.00461426     0.00477295     0.00474854     0.00460205     
0.00465088     0.00473633     0.00483398     0.00483398     
0.00491943     0.00509033     0.0052124     0.00524902     
0.00524902     0.00541992     0.00554199     0.00552979     
0.00539551     0.00550537     0.00541992     0.00537109     
0.00526123     0.00534668     0.00523682     0.0052124     
0.00516357     0.00528564     0.0052002     0.00517578     
0.00513916     0.00516357     0.0052124     0.00515137     
0.00505371     0.00513916     0.00509033     0.00493164     
0.00484619     0.00498047     0.0048584     0.00491943     
0.00483398     0.00487061     0.00493164     0.00489502     
0.00487061     0.00513916     0.0050293     0.00498047     
0.0050293     0.00495605     0.00495605     0.00482178     
0.0046875     0.00461426     0.0045166     0.0043457     
0.00422363     0.00413818     0.0041626     0.00406494     
0.00405273     0.00413818     0.00412598     0.00423584     
0.00423584     0.00444336     0.0045166     0.00454102     
0.00461426     0.00469971     0.00467529     0.00478516     
0.00462646     0.00472412     0.00469971     0.00458984     
0.00443115     0.00454102     0.00449219     0.00437012     
0.00435791     0.00430908     0.0043335     0.00423584     
0.00421143     0.0041748     0.00421143     0.00424805     
0.00405273     0.00427246     0.00427246     0.00411377     
0.00422363     0.00429688     0.00430908     0.0043457     
0.00421143     0.00428467     0.00440674     0.00419922     
0.00413818     0.00421143     0.00418701     0.00400391     
0.00401611     0.00407715     0.00400391     0.00391846     
0.00389404     0.00405273     0.00400391     0.00401611     
0.00391846     0.0039917     0.00404053     0.00397949     
0.00393066     0.00404053     0.00397949     0.00406494     
0.00390625     0.00404053     0.00396729     0.00395508     
0.00393066     0.00406494     0.00393066     0.00402832     
0.00404053     0.00413818     0.00419922     0.0041626     
0.00411377     0.00428467     0.00430908     0.00428467     
0.00429688     0.00441895     0.00438232     0.00444336     
0.00440674     0.00440674     0.00445557     0.00440674     
0.00437012     0.00438232     0.0043457     0.00418701     
0.00412598     0.00400391     0.00402832     0.00389404     
0.00383301     0.0038208     0.00375977     0.00368652     
0.0036499     0.00378418     0.00377197     0.0038208     
0.00384521     0.00397949     0.00404053     0.00396729     
0.00400391     0.00415039     0.00411377     0.00421143     
0.0039917     0.00411377     0.00408936     0.0039917     
0.0038208     0.00383301     0.00380859     0.00374756     
0.00355225     0.00362549     0.00356445     0.00341797     
0.00325928     0.00333252     0.00330811     0.00333252     
0.00327148     0.00335693     0.00340576     0.00349121     
0.00344238     0.00372314     0.00375977     0.00373535     
0.00383301     0.00383301     0.00395508     0.00396729     
0.00388184     0.00391846     0.00394287     0.00390625     
0.00377197     0.00378418     0.00391846     0.00375977     
0.00385742     0.00395508     0.00396729     0.0039917     
0.00396729     0.00413818     0.00412598     0.00412598     
0.00407715     0.00421143     0.0041748     0.00413818     
0.00410156     0.00418701     0.00412598     0.00400391     
0.00389404     0.00404053     0.00397949     0.00400391     
0.00388184     0.00400391     0.00394287     0.00396729     
0.00400391     0.00406494     0.00412598     0.00407715     
0.00408936     0.0041748     0.00402832     0.00400391     
0.00393066     0.00415039     0.00390625     0.00394287     
0.00386963     0.00395508     0.00401611     0.00375977     
0.00383301     0.00386963     0.00379639     0.00377197     
0.00377197     0.00368652     0.00375977     0.00367432     
0.00377197     0.00378418     0.00386963     0.00380859     
0.00386963     0.00389404     0.00390625     0.00390625     
0.00394287     0.00397949     0.00404053     0.00408936     
0.00402832     0.00408936     0.00412598     0.00413818     
0.00415039     0.00429688     0.0041626     0.00432129     
0.00418701     0.0043335     0.00430908     0.00428467     
0.00418701     0.0043457     0.0043335     0.00438232     
0.00441895     0.00443115     0.00449219     0.00440674     
0.00435791     0.00443115     0.00443115     0.00441895     
0.00424805     0.00430908     0.0043457     0.0041748     
0.00411377     0.00419922     0.00423584     0.00426025     
0.00422363     0.00429688     0.00456543     0.00458984     
0.00467529     0.00480957     0.00490723     0.00487061     
0.00478516     0.00488281     0.0048584     0.00487061     
0.00461426     0.00465088     0.00463867     0.0045166     
0.00429688     0.00429688     0.00424805     0.00408936     
0.00400391     0.00423584     0.00411377     0.00404053     
0.00397949     0.0041626     0.00407715     0.00410156     
0.00410156     0.00418701     0.00419922     0.0041626     
0.00407715     0.00421143     0.0041748     0.00406494     
0.00413818     0.00419922     0.0041626     0.00410156     
0.00404053     0.0041626     0.00393066     0.00388184     
0.00386963     0.00386963     0.00394287     0.00388184     
0.00384521     0.00394287     0.00402832     0.0039917     
0.00408936     0.00419922     0.00418701     0.00419922     
0.0041626     0.00423584     0.00432129     0.00419922     
0.00413818     0.00423584     0.00422363     0.00427246     
0.00411377     0.00426025     0.00430908     0.00423584     
0.00427246     0.00439453     0.00439453     0.00437012     
0.0043457     0.00445557     0.00445557     0.00449219     
0.00429688     0.00445557     0.00441895     0.00445557     
0.00429688     0.00449219     0.0045166     0.00439453     
0.00445557     0.00449219     0.00446777     0.00440674     
0.0043457     0.00435791     0.00429688     0.00427246     
0.00412598     0.00421143     0.00406494     0.00396729     
0.00396729     0.00385742     0.00380859     0.00378418     
0.00375977     0.00378418     0.0038208     0.00391846     
0.0038208     0.00394287     0.00412598     0.00405273     
0.00410156     0.00419922     0.00418701     0.00429688     
0.00412598     0.0041626     0.00419922     0.00395508     
0.00395508     0.00390625     0.00390625     0.00385742     
0.00369873     0.00384521     0.00380859     0.00373535     
0.00374756     0.00393066     0.00389404     0.00407715     
0.0039917     0.00427246     0.00422363     0.0043335     
0.00432129     0.00438232     0.00445557     0.00445557     
0.00437012     0.00443115     0.00446777     0.0043335     
0.00422363     0.00439453     0.00430908     0.0043335     
0.00432129     0.00435791     0.00450439     0.00449219     
0.00452881     0.00469971     0.00477295     0.00480957     
0.00478516     0.00471191     0.00482178     0.00469971     
0.0046875     0.00457764     0.00457764     0.00449219     
0.00439453     0.00440674     0.00432129     0.00429688     
0.00422363     0.00423584     0.00410156     0.00412598     
0.00400391     0.00408936     0.00404053     0.00394287     
0.00388184     0.00405273     0.00402832     0.00407715     
0.00397949     0.00413818     0.0041748     0.00423584     
0.00406494     0.00421143     0.00439453     0.00430908     
0.00435791     0.00446777     0.00456543     0.00445557     
0.00452881     0.00460205     0.00467529     0.0046875     
0.00437012     0.00452881     0.00443115     0.00418701     
0.00412598     0.00411377     0.00396729     0.00404053     
0.00380859     0.00384521     0.00390625     0.00386963     
0.00386963     0.00405273     0.00415039     0.00423584     
0.00423584     0.00440674     0.00452881     0.00449219     
0.00445557     0.00456543     0.00456543     0.00444336     
0.00435791     0.00441895     0.00432129     0.00412598     
0.00393066     0.00408936     0.00393066     0.00390625     
0.00368652     0.00385742     0.00374756     0.0036377     
0.00367432     0.00380859     0.00373535     0.0038208     
0.00388184     0.00388184     0.00397949     0.00389404     
0.00377197     0.00385742     0.00388184     0.00374756     
0.0034668     0.00360107     0.00340576     0.00324707     
0.00307617     0.00300293     0.00303955     0.00286865     
0.00270996     0.00291748     0.00300293     0.00288086     
0.00297852     0.00307617     0.00318604     0.00322266     
0.00324707     0.00323486     0.00344238     0.00333252     
0.00338135     0.00351563     0.00358887     0.0036377     
0.00358887     0.00374756     0.00377197     0.00373535     
0.00377197     0.00385742     0.00391846     0.00388184     
0.00377197     0.00393066     0.00380859     0.00378418     
0.0036499     0.00379639     0.00369873     0.00362549     
0.00349121     0.0034668     0.00349121     0.0032959     
0.00319824     0.00330811     0.00324707     0.00311279     
0.00301514     0.00300293     0.0029541     0.00291748     
0.00281982     0.0029541     0.00285645     0.00280762     
0.0027832     0.00288086     0.00301514     0.00292969     
0.00290527     0.003125     0.00316162     0.00307617     
0.00307617     0.00319824     0.00322266     0.00307617     
0.00310059     0.00316162     0.00325928     0.00310059     
0.00294189     0.003125     0.00303955     0.00300293     
0.00302734     0.00316162     0.00330811     0.0032959     
0.00322266     0.00341797     0.00350342     0.00345459     
0.00341797     0.00362549     0.00361328     0.00368652     
0.00350342     0.00369873     0.0036377     0.00355225     
0.003479     0.00351563     0.00355225     0.00351563     
0.00345459     0.00355225     0.00360107     0.00356445     
0.00354004     0.00374756     0.0036499     0.00369873     
0.00361328     0.0036499     0.0036377     0.00352783     
0.003479     0.00357666     0.003479     0.00344238     
0.00328369     0.00345459     0.00344238     0.00330811     
0.00335693     0.00336914     0.00340576     0.00334473     
0.00330811     0.00335693     0.0032959     0.00322266     
0.00316162     0.00330811     0.00332031     0.00330811     
0.00325928     0.00344238     0.0034668     0.00343018     
0.00334473     0.0036377     0.00358887     0.0036377     
0.00356445     0.0038208     0.00380859     0.00379639     
0.00375977     0.00383301     0.00393066     0.00388184     
0.00386963     0.00397949     0.00396729     0.00395508     
0.00401611     0.00411377     0.00410156     0.00412598     
0.00402832     0.00418701     0.0041748     0.00401611     
0.00411377     0.00406494     0.00402832     0.00407715     
0.00394287     0.00394287     0.00395508     0.00373535     
0.0036499     0.00369873     0.00361328     0.00350342     
0.00335693     0.00334473     0.00332031     0.00324707     
0.00316162     0.00328369     0.00332031     0.00334473     
0.00332031     0.00334473     0.00341797     0.00340576     
0.00336914     0.0034668     0.00350342     0.00350342     
0.00343018     0.00362549     0.00372314     0.00373535     
0.00361328     0.00396729     0.00395508     0.0039917     
0.00396729     0.00408936     0.00415039     0.00400391     
0.00389404     0.00400391     0.00383301     0.00371094     
0.00351563     0.00354004     0.00339355     0.00325928     
0.00303955     0.00311279     0.003125     0.00303955     
0.00297852     0.00314941     0.00330811     0.00330811     
0.00344238     0.00367432     0.00391846     0.00396729     
0.00413818     0.00435791     0.00454102     0.00461426     
0.00457764     0.00476074     0.00483398     0.00478516     
0.00458984     0.00463867     0.00456543     0.00445557     
0.00428467     0.00419922     0.00408936     0.00402832     
0.00383301     0.00395508     0.00369873     0.00352783     
0.00351563     0.00369873     0.00356445     0.00354004     
0.0034668     0.00371094     0.00369873     0.00361328     
0.00383301     0.00388184     0.00388184     0.00393066     
0.00389404     0.00389404     0.00393066     0.00379639     
0.00368652     0.00386963     0.00372314     0.00351563     
0.00343018     0.00344238     0.00350342     0.00351563     
0.00350342     0.00355225     0.00366211     0.00368652     
0.00368652     0.00388184     0.00404053     0.00397949     
0.00401611     0.00405273     0.00418701     0.00419922     
0.00406494     0.0041748     0.00412598     0.00406494     
0.00400391     0.00395508     0.00393066     0.00384521     
0.00374756     0.00375977     0.00374756     0.00373535     
0.0034668     0.00366211     0.00366211     0.00374756     
0.00367432     0.00385742     0.00390625     0.00385742     
0.00389404     0.0039917     0.00402832     0.00400391     
0.0039917     0.00394287     0.0039917     0.00390625     
0.00389404     0.0039917     0.0038208     0.00388184     
0.00385742     0.00379639     0.00384521     0.00373535     
0.00384521     0.00386963     0.00388184     0.00374756     
0.00385742     0.00386963     0.0038208     0.00372314     
0.00373535     0.00375977     0.00372314     0.0036499     
0.00356445     0.00358887     0.003479     0.00336914     
0.00321045     0.00324707     0.00318604     0.00301514     
0.00288086     0.0029541     0.00289307     0.00285645     
0.00280762     0.00300293     0.00303955     0.00313721     
0.00301514     0.00324707     0.00330811     0.00325928     
0.00323486     0.00336914     0.00340576     0.00340576     
0.00330811     0.00343018     0.00343018     0.00336914     
0.00333252     0.00343018     0.00332031     0.00345459     
0.00322266     0.00344238     0.00344238     0.00344238     
0.00339355     0.00344238     0.00351563     0.00343018     
0.00338135     0.00355225     0.00358887     0.00344238     
0.00345459     0.00355225     0.00369873     0.00345459     
0.00344238     0.00357666     0.00357666     0.00350342     
0.0034668     0.00355225     0.00355225     0.00352783     
0.00355225     0.00362549     0.00371094     0.0036499     
0.00369873     0.00385742     0.0039917     0.00400391     
0.00388184     0.00413818     0.00413818     0.0039917     
0.00394287     0.00413818     0.00402832     0.00395508     
0.00375977     0.00380859     0.00380859     0.0036499     
0.00357666     0.00374756     0.00375977     0.00372314     
0.00360107     0.00379639     0.00372314     0.00375977     
0.00368652     0.0036499     0.00368652     0.00361328     
0.00350342     0.00352783     0.00355225     0.00344238     
0.00334473     0.00334473     0.00340576     0.00338135     
0.00334473     0.00340576     0.00350342     0.00341797     
0.00343018     0.00358887     0.00362549     0.00351563     
0.0034668     0.00357666     0.00351563     0.00336914     
0.00334473     0.00334473     0.00323486     0.00327148     
0.00316162     0.00325928     0.00314941     0.00317383     
0.00310059     0.00323486     0.0032959     0.00327148     
0.00321045     0.00340576     0.00343018     0.00330811     
0.0032959     0.00343018     0.00341797     0.00335693     
0.00330811     0.00338135     0.00336914     0.00332031     
0.00323486     0.00334473     0.00327148     0.00318604     
0.00314941     0.00313721     0.00317383     0.00316162     
0.00318604     0.00332031     0.00335693     0.00341797     
0.00343018     0.00352783     0.00358887     0.00356445     
0.00367432     0.00375977     0.00379639     0.00383301     
0.00375977     0.00378418     0.00373535     0.00368652     
0.00360107     0.0036499     0.00352783     0.00362549     
0.00352783     0.00358887     0.00351563     0.00350342     
0.00343018     0.00352783     0.00339355     0.00340576     
0.00333252     0.00344238     0.0032959     0.0032959     
0.00324707     0.00322266     0.00325928     0.00324707     
0.00317383     0.00334473     0.0032959     0.00324707     
0.00323486     0.00334473     0.00325928     0.00336914     
0.00332031     0.00334473     0.00338135     0.00330811     
0.00316162     0.00333252     0.00328369     0.00317383     
0.00310059     0.003125     0.00321045     0.00306396     
0.00289307     0.00307617     0.00313721     0.00306396     
0.00307617     0.00322266     0.00328369     0.00321045     
0.00314941     0.0032959     0.00334473     0.00318604     
0.00307617     0.00307617     0.00303955     0.00289307     
0.00273438     0.00274658     0.00264893     0.00263672     
0.00255127     0.00255127     0.00257568     0.00263672     
0.00246582     0.00252686     0.00263672     0.0026123     
0.00256348     0.00266113     0.0026123     0.0026001     
0.00258789     0.00272217     0.00267334     0.00267334     
0.0026001     0.00272217     0.00279541     0.00272217     
0.00284424     0.00294189     0.00303955     0.00321045     
0.00311279     0.00335693     0.00334473     0.0032959     
0.00345459     0.00357666     0.00358887     0.00356445     
0.0036499     0.00371094     0.00375977     0.00369873     
0.00369873     0.0038208     0.00377197     0.00377197     
0.00367432     0.00379639     0.00380859     0.00368652     
0.00357666     0.00375977     0.00371094     0.0036499     
0.00352783     0.00377197     0.00373535     0.00371094     
0.00358887     0.00385742     0.00374756     0.00380859     
0.00389404     0.00389404     0.00391846     0.00388184     
0.00389404     0.00397949     0.00400391     0.00411377     
0.00402832     0.00419922     0.00415039     0.0041626     
0.00407715     0.00404053     0.00405273     0.00404053     
0.00390625     0.00395508     0.00394287     0.00378418     
0.00375977     0.00380859     0.00375977     0.00362549     
0.00356445     0.00350342     0.00355225     0.00351563     
0.00341797     0.00352783     0.0034668     0.00343018     
0.00335693     0.00355225     0.00351563     0.00350342     
0.00351563     0.00355225     0.00366211     0.00375977     
0.0036499     0.00374756     0.00379639     0.00373535     
0.00367432     0.00385742     0.00368652     0.00367432     
0.00355225     0.00366211     0.00368652     0.00334473     
0.00336914     0.00333252     0.0032959     0.00323486     
0.00310059     0.00323486     0.00330811     0.00328369     
0.00313721     0.00328369     0.00335693     0.00332031     
0.00323486     0.00324707     0.00335693     0.00323486     
0.00308838     0.00324707     0.00332031     0.00325928     
0.00317383     0.00334473     0.00335693     0.00328369     
0.00328369     0.00332031     0.00323486     0.00328369     
0.00325928     0.0032959     0.00327148     0.00322266     
0.00321045     0.0032959     0.00330811     0.00317383     
0.00322266     0.00333252     0.0032959     0.00328369     
0.00325928     0.00341797     0.00340576     0.00345459     
0.00330811     0.00344238     0.00343018     0.00334473     
0.00334473     0.00340576     0.00341797     0.00332031     
0.00338135     0.003479     0.00340576     0.00325928     
0.00317383     0.00334473     0.00319824     0.00325928     
0.00313721     0.00313721     0.003125     0.00302734     
0.00303955     0.00316162     0.00318604     0.00323486     
0.003125     0.00324707     0.00340576     0.00341797     
0.00345459     0.00356445     0.00375977     0.00371094     
0.0036499     0.00379639     0.00383301     0.00372314     
0.00361328     0.00374756     0.0036377     0.00358887     
0.003479     0.0036499     0.00343018     0.00335693     
0.00328369     0.00338135     0.00328369     0.00333252     
0.00322266     0.00349121     0.00345459     0.0034668     
0.00338135     0.00357666     0.00357666     0.00351563     
0.00352783     0.00352783     0.00351563     0.0034668     
0.00338135     0.00345459     0.00336914     0.00332031     
0.00324707     0.00336914     0.00334473     0.00321045     
0.00322266     0.00324707     0.00328369     0.00328369     
0.00322266     0.00333252     0.00350342     0.00332031     
0.00332031     0.00343018     0.00343018     0.00336914     
0.0034668     0.00356445     0.00360107     0.00352783     
0.0034668     0.00358887     0.00361328     0.00358887     
0.00358887     0.0036377     0.00362549     0.00356445     
0.00349121     0.00372314     0.00360107     0.00360107     
0.00357666     0.00362549     0.00355225     0.00357666     
0.00345459     0.00362549     0.00345459     0.00345459     
0.00338135     0.00338135     0.00333252     0.00321045     
0.00318604     0.00325928     0.00323486     0.00328369     
0.00318604     0.00328369     0.00322266     0.00318604     
0.00307617     0.00323486     0.00319824     0.00305176     
0.003125     0.00323486     0.00319824     0.00316162     
0.00308838     0.00330811     0.00333252     0.00323486     
0.00328369     0.00330811     0.00344238     0.00335693     
0.00332031     0.003479     0.0034668     0.00344238     
0.00340576     0.00355225     0.00356445     0.003479     
0.0034668     0.00360107     0.00352783     0.00350342     
0.00327148     0.00355225     0.00333252     0.00325928     
0.00318604     0.00325928     0.00324707     0.00318604     
0.00308838     0.00323486     0.00325928     0.00308838     
0.00317383     0.0032959     0.00322266     0.00323486     
0.00318604     0.00336914     0.00330811     0.00336914     
0.00330811     0.00350342     0.00343018     0.00335693     
0.00340576     0.00336914     0.00335693     0.00322266     
0.00323486     0.00317383     0.00323486     0.00321045     
0.00306396     0.00316162     0.00314941     0.003125     
0.00306396     0.00325928     0.00324707     0.00314941     
0.00314941     0.00324707     0.00324707     0.0032959     
0.00323486     0.00330811     0.00340576     0.00333252     
0.00322266     0.00330811     0.00330811     0.00313721     
0.00291748     0.003125     0.00289307     0.00280762     
0.00270996     0.00275879     0.00251465     0.00240479     
0.00234375     0.00227051     0.00233154     0.00229492     
0.00219727     0.00235596     0.00250244     0.00234375     
0.00227051     0.00262451     0.00258789     0.00262451     
0.00253906     0.00266113     0.00285645     0.00270996     
0.0026001     0.00284424     0.00279541     0.00288086     
0.00280762     0.002771     0.002771     0.00268555     
0.00264893     0.00272217     0.00283203     0.00267334     
0.00268555     0.00273438     0.00279541     0.00274658     
0.00266113     0.00285645     0.00284424     0.00280762     
0.00285645     0.00285645     0.00274658     0.00266113     
0.00262451     0.00280762     0.0026123     0.0026123     
0.00250244     0.00266113     0.00268555     0.00269775     
0.0026001     0.0027832     0.00289307     0.0027832     
0.00288086     0.00296631     0.00300293     0.00307617     
0.00310059     0.00313721     0.00322266     0.00330811     
0.00324707     0.00339355     0.00341797     0.00334473     
0.0032959     0.00332031     0.00339355     0.00335693     
0.00318604     0.00317383     0.00311279     0.00290527     
0.00274658     0.002771     0.00262451     0.00238037     
0.0022583     0.00219727     0.00212402     0.00200195     
0.0019043     0.00202637     0.00189209     0.00197754     
0.00195313     0.00205078     0.00216064     0.0022583     
0.00238037     0.00257568     0.00267334     0.00286865     
0.00279541     0.00310059     0.00306396     0.003125     
0.00314941     0.00323486     0.003125     0.00311279     
0.00305176     0.00311279     0.00296631     0.00285645     
0.00286865     0.002771     0.00273438     0.00273438     
0.00262451     0.00272217     0.00263672     0.00250244     
0.00257568     0.00269775     0.00274658     0.00263672     
0.00268555     0.00286865     0.00289307     0.00288086     
0.00294189     0.00289307     0.0029541     0.00292969     
0.00289307     0.00289307     0.0029541     0.0027832     
0.00262451     0.002771     0.0027832     0.00272217     
0.0026123     0.00275879     0.00281982     0.00269775     
0.00272217     0.00280762     0.00285645     0.00275879     
0.00270996     0.00292969     0.00268555     0.00273438     
0.00256348     0.00269775     0.00255127     0.0026123     
0.0024292     0.0024292     0.00247803     0.00229492     
0.00233154     0.00240479     0.00235596     0.00239258     
0.00219727     0.00247803     0.00244141     0.00239258     
0.00235596     0.00252686     0.00250244     0.00236816     
0.00234375     0.00241699     0.00235596     0.00233154     
0.00227051     0.00235596     0.00234375     0.0022583     
0.00228271     0.00234375     0.00238037     0.0022583     
0.00233154     0.00240479     0.00249023     0.00246582     
0.00241699     0.00253906     0.00246582     0.00244141     
0.00247803     0.0026001     0.00269775     0.0026123     
0.0026123     0.00269775     0.00266113     0.00258789     
0.00258789     0.002771     0.00264893     0.00266113     
0.00257568     0.00267334     0.00257568     0.00245361     
0.00240479     0.00241699     0.00250244     0.00235596     
0.00231934     0.00245361     0.00247803     0.00239258     
0.00227051     0.00255127     0.00245361     0.00253906     
0.00251465     0.00255127     0.00266113     0.00255127     
0.00258789     0.00279541     0.00273438     0.00279541     
0.00273438     0.00272217     0.00280762     0.00264893     
0.0026123     0.00266113     0.00264893     0.00252686     
0.00250244     0.00247803     0.0024292     0.00245361     
0.00244141     0.00252686     0.00257568     0.00258789     
0.00269775     0.0027832     0.0029541     0.00299072     
0.00294189     0.00311279     0.00311279     0.00316162     
0.00301514     0.00310059     0.00302734     0.00292969     
0.00275879     0.00279541     0.00273438     0.0026001     
0.00247803     0.00244141     0.00239258     0.00218506     
0.00213623     0.00220947     0.00203857     0.00217285     
0.00196533     0.00209961     0.0022583     0.00212402     
0.00220947     0.00239258     0.00244141     0.00257568     
0.00246582     0.0027832     0.00279541     0.00269775     
0.00272217     0.00292969     0.00289307     0.00266113     
0.00281982     0.00279541     0.00286865     0.00279541     
0.00266113     0.00284424     0.00272217     0.00281982     
0.00273438     0.00275879     0.00275879     0.00270996     
0.00269775     0.0027832     0.00279541     0.00291748     
0.00270996     0.00290527     0.00286865     0.00279541     
0.00275879     0.00300293     0.00273438     0.00281982     
0.00272217     0.00279541     0.00285645     0.002771     
0.002771     0.00289307     0.00297852     0.00301514     
0.00290527     0.00310059     0.00302734     0.00300293     
0.00296631     0.00307617     0.00305176     0.00297852     
0.00279541     0.0029541     0.00281982     0.00267334     
0.00268555     0.00268555     0.00273438     0.00281982     
0.00283203     0.00284424     0.00310059     0.00300293     
0.00296631     0.00330811     0.00330811     0.00335693     
0.00324707     0.00334473     0.00334473     0.00305176     
0.00310059     0.00297852     0.00291748     0.00274658     
0.00251465     0.00256348     0.00236816     0.00228271     
0.00229492     0.00238037     0.00229492     0.00227051     
0.00220947     0.00236816     0.00241699     0.00231934     
0.00231934     0.00236816     0.00241699     0.00252686     
0.00241699     0.00252686     0.00253906     0.00257568     
0.00250244     0.00268555     0.00273438     0.0026001     
0.00269775     0.00273438     0.00266113     0.0026001     
0.00253906     0.00251465     0.00244141     0.00233154     
0.00227051     0.00217285     0.00227051     0.0020874     
0.00216064     0.00218506     0.00223389     0.00238037     
0.00247803     0.00266113     0.00284424     0.00288086     
0.00294189     0.00313721     0.00322266     0.00318604     
0.00316162     0.00325928     0.00319824     0.00300293     
0.00296631     0.00308838     0.00301514     0.00302734     
0.00286865     0.00307617     0.00299072     0.00296631     
0.00292969     0.00307617     0.00308838     0.00306396     
0.0029541     0.00318604     0.00318604     0.00311279     
0.00318604     0.00327148     0.00318604     0.00330811     
0.00310059     0.003125     0.00310059     0.00285645     
0.002771     0.00272217     0.00255127     0.00235596     
0.00223389     0.00213623     0.0020752     0.0019165     
0.00187988     0.00195313     0.00203857     0.00200195     
0.0019165     0.0020752     0.0020874     0.00205078     
0.0020874     0.00229492     0.0022583     0.00229492     
0.00238037     0.00241699     0.00246582     0.00250244     
0.00257568     0.002771     0.00269775     0.00289307     
0.00285645     0.0029541     0.00300293     0.00291748     
0.00284424     0.00299072     0.00297852     0.00286865     
0.00279541     0.00288086     0.00288086     0.00280762     
0.00275879     0.00284424     0.00281982     0.00284424     
0.00263672     0.00286865     0.00289307     0.00274658     
0.002771     0.00285645     0.00285645     0.00289307     
0.0027832     0.0029541     0.00292969     0.00280762     
0.00290527     0.00291748     0.00291748     0.00280762     
0.00273438     0.00274658     0.0027832     0.00257568     
0.00250244     0.00257568     0.00250244     0.00256348     
0.00245361     0.00253906     0.00249023     0.00244141     
0.00247803     0.00263672     0.00266113     0.00270996     
0.00262451     0.00279541     0.00272217     0.0027832     
0.00284424     0.00292969     0.00283203     0.00285645     
0.00273438     0.00280762     0.00285645     0.00262451     
0.00253906     0.00252686     0.00249023     0.00245361     
0.00234375     0.0024292     0.00229492     0.00229492     
0.00224609     0.00233154     0.00236816     0.00230713     
0.0022583     0.00245361     0.00250244     0.00236816     
0.00234375     0.00256348     0.0026123     0.00258789     
0.00256348     0.00268555     0.00270996     0.00264893     
0.00270996     0.00286865     0.00274658     0.00273438     
0.00270996     0.00272217     0.00267334     0.00257568     
0.00251465     0.00263672     0.00268555     0.0026001     
0.00246582     0.00258789     0.00247803     0.00252686     
0.00231934     0.00239258     0.00234375     0.00228271     
0.00209961     0.0022583     0.00220947     0.00203857     
0.00200195     0.00217285     0.0020874     0.0020752     
0.00205078     0.00216064     0.00218506     0.00223389     
0.00213623     0.00246582     0.00239258     0.00240479     
0.00245361     0.00263672     0.00269775     0.00264893     
0.00264893     0.00283203     0.00283203     0.00284424     
0.00281982     0.00294189     0.00290527     0.00280762     
0.00285645     0.00299072     0.00299072     0.0029541     
0.00285645     0.003125     0.00306396     0.00296631     
0.00286865     0.00296631     0.0029541     0.00294189     
0.0027832     0.00290527     0.00289307     0.00284424     
0.002771     0.00292969     0.00291748     0.00292969     
0.00285645     0.00297852     0.00297852     0.00300293     
0.00296631     0.00305176     0.00316162     0.003125     
0.00305176     0.00328369     0.0032959     0.00313721     
0.00307617     0.003125     0.00297852     0.00288086     
0.00280762     0.00281982     0.00274658     0.00264893     
0.00270996     0.00269775     0.00258789     0.00255127     
0.00256348     0.00252686     0.00252686     0.00256348     
0.00258789     0.00251465     0.0026001     0.00253906     
0.00257568     0.00257568     0.00256348     0.00250244     
0.00253906     0.00272217     0.00267334     0.00267334     
0.00267334     0.002771     0.00280762     0.00264893     
0.00258789     0.00274658     0.00263672     0.00272217     
0.00266113     0.00273438     0.00285645     0.00284424     
0.00268555     0.00289307     0.00285645     0.00272217     
0.00268555     0.00283203     0.00284424     0.0027832     
0.00272217     0.00286865     0.00289307     0.00294189     
0.00269775     0.00296631     0.00289307     0.00273438     
0.00272217     0.00286865     0.00281982     0.00280762     
0.00273438     0.0027832     0.00275879     0.00262451     
0.00270996     0.00268555     0.002771     0.00279541     
0.00279541     0.00279541     0.00288086     0.00280762     
0.00272217     0.002771     0.00266113     0.00269775     
0.00253906     0.00256348     0.00249023     0.00231934     
0.00222168     0.00240479     0.00217285     0.00224609     
0.00218506     0.00229492     0.00227051     0.00228271     
0.00233154     0.00253906     0.00250244     0.00258789     
0.00263672     0.00290527     0.00284424     0.00288086     
0.0029541     0.00311279     0.00310059     0.00305176     
0.00303955     0.00325928     0.00307617     0.00305176     
0.00303955     0.00307617     0.00302734     0.00284424     
0.00283203     0.00284424     0.00288086     0.00267334     
0.00255127     0.00263672     0.0026001     0.00241699     
0.00241699     0.00246582     0.00244141     0.00229492     
0.00222168     0.00244141     0.0024292     0.00247803     
0.00241699     0.00258789     0.00268555     0.0026123     
0.00264893     0.00280762     0.00273438     0.00280762     
0.00268555     0.00270996     0.00266113     0.00270996     
0.00258789     0.0026123     0.00262451     0.00273438     
0.0026001     0.0027832     0.00294189     0.00274658     
0.002771     0.00284424     0.00292969     0.00279541     
0.00280762     0.00279541     0.002771     0.00269775     
0.0026001     0.00275879     0.00280762     0.00286865     
0.00285645     0.00290527     0.00306396     0.00310059     
0.00306396     0.00324707     0.00338135     0.00335693     
0.0032959     0.00339355     0.003479     0.00333252     
0.00322266     0.00325928     0.00322266     0.00318604     
0.00294189     0.00300293     0.00286865     0.00274658     
0.00263672     0.00266113     0.00264893     0.00255127     
0.00249023     0.0026001     0.00247803     0.00229492     
0.00223389     0.00236816     0.00228271     0.00218506     
0.00206299     0.00223389     0.00219727     0.00214844     
0.00218506     0.00228271     0.00227051     0.00239258     
0.00230713     0.00247803     0.00258789     0.00252686     
0.00249023     0.00262451     0.00252686     0.00250244     
0.00246582     0.00240479     0.00240479     0.00222168     
0.00224609     0.00236816     0.00229492     0.00229492     
0.00228271     0.00230713     0.00231934     0.00224609     
0.00229492     0.00234375     0.00234375     0.00227051     
0.00217285     0.00223389     0.00224609     0.00212402     
0.0020752     0.00227051     0.00216064     0.00220947     
0.0020752     0.00227051     0.00223389     0.00218506     
0.00216064     0.00223389     0.00222168     0.0022583     
0.0020752     0.00222168     0.00214844     0.00203857     
0.00197754     0.00205078     0.00196533     0.00187988     
0.00175781     0.00183105     0.00180664     0.00177002     
0.00172119     0.00185547     0.00185547     0.00195313     
0.00184326     0.00200195     0.00213623     0.00211182     
0.00213623     0.00223389     0.00236816     0.00228271     
0.00227051     0.00240479     0.00238037     0.00236816     
0.00236816     0.00246582     0.00252686     0.00255127     
0.0026123     0.00268555     0.00273438     0.00270996     
0.00273438     0.00296631     0.00283203     0.00294189     
0.00291748     0.00286865     0.00285645     0.00274658     
0.00266113     0.002771     0.00258789     0.0026001     
0.00238037     0.00251465     0.00240479     0.00236816     
0.00240479     0.00266113     0.00263672     0.00268555     
0.00279541     0.00288086     0.00292969     0.00285645     
0.00290527     0.0029541     0.00292969     0.00286865     
0.0026123     0.00275879     0.00263672     0.0024292     
0.00241699     0.00247803     0.00253906     0.00247803     
0.00238037     0.00262451     0.00264893     0.0026001     
0.00263672     0.0027832     0.00280762     0.00279541     
0.00286865     0.00284424     0.0029541     0.00283203     
0.00280762     0.00294189     0.00284424     0.00288086     
0.00274658     0.00288086     0.00289307     0.00275879     
0.00280762     0.00286865     0.00269775     0.00268555     
0.0026123     0.00273438     0.00262451     0.00257568     
0.00249023     0.00251465     0.00245361     0.00244141     
0.00230713     0.0024292     0.00233154     0.00222168     
0.00234375     0.00244141     0.00236816     0.00234375     
0.00231934     0.00239258     0.00236816     0.00228271     
0.00222168     0.0024292     0.00233154     0.00216064     
0.0022583     0.00229492     0.00224609     0.00233154     
0.00222168     0.00241699     0.00253906     0.00247803     
0.00241699     0.00255127     0.00264893     0.00238037     
0.00245361     0.00252686     0.0026123     0.00249023     
0.00240479     0.00253906     0.00250244     0.00244141     
0.00231934     0.00247803     0.00258789     0.00245361     
0.00236816     0.00252686     0.00262451     0.00257568     
0.00249023     0.0026123     0.00268555     0.00266113     
0.00258789     0.00266113     0.00266113     0.00255127     
0.00255127     0.00251465     0.00255127     0.00250244     
0.00238037     0.00249023     0.00246582     0.00240479     
0.0024292     0.00247803     0.00245361     0.00253906     
0.00249023     0.00258789     0.00267334     0.00258789     
0.0026123     0.00269775     0.0026123     0.0026001     
0.00266113     0.00264893     0.00269775     0.00274658     
0.00266113     0.00273438     0.00280762     0.00279541     
0.00264893     0.00283203     0.00284424     0.00280762     
0.00273438     0.00279541     0.00286865     0.00273438     
0.00267334     0.00269775     0.00256348     0.00245361     
0.0022583     0.00222168     0.00205078     0.00200195     
0.00178223     0.00181885     0.00181885     0.00177002     
0.00161133     0.00183105     0.00186768     0.00185547     

