Source : transient; Time : Wed Jun 14 06:48:11 2017
B0 = 3692.000000 Gauss, mw = 9.686281 GHz
 NDI-T2 sa261 20/2 42/25 523nm/1mJ
1 5000 -1.001e-06 8.997e-06 0 0
s                        V                                                 
-6.10352e-05     -8.54492e-05     -0.000158691     -0.000183105     
-0.00020752     -0.000146484     -9.76563e-05     -9.76563e-05     
-0.000109863     6.10352e-05     6.10352e-05     0.00012207     
0.000268555     0.000354004     0.000463867     0.000463867     
0.000488281     0.000549316     0.00057373     0.000634766     
0.00057373     0.000646973     0.000695801     0.000585938     
0.000537109     0.000463867     0.000500488     0.000439453     
0.000317383     0.000158691     0.000268555     4.88281e-05     
9.76563e-05     1.2207e-05     -6.10352e-05     -0.000109863     
-0.000231934     -0.000219727     -0.000219727     -0.000256348     
-0.00032959     -0.000366211     -0.000366211     -0.000256348     
-0.000354004     -0.000268555     -0.000195313     -0.000109863     
-0.000109863     -1.2207e-05     2.44141e-05     0.000158691     
0.000134277     0.000292969     0.000427246     0.000378418     
0.00045166     0.000512695     0.000549316     0.000585938     
0.000598145     0.000598145     0.00065918     0.000524902     
0.000610352     0.00057373     0.000598145     0.000561523     
0.000488281     0.000561523     0.000598145     0.00057373     
0.000488281     0.000500488     0.000524902     0.000524902     
0.000476074     0.000463867     0.000463867     0.000439453     
0.000366211     0.000231934     0.00032959     0.00012207     
0.000134277     9.76563e-05     0.000134277     0.000109863     
3.66211e-05     0.000146484     0.000256348     0.000231934     
0.000268555     0.000476074     0.000549316     0.000622559     
0.000622559     0.000634766     0.000732422     0.000598145     
0.000646973     0.00057373     0.000524902     0.000354004     
0.000244141     8.54492e-05     4.88281e-05     -1.2207e-05     
-0.000256348     -0.000244141     -0.000354004     -0.000341797     
-0.000390625     -0.000305176     -0.000280762     -0.000268555     
-0.000195313     -0.000134277     -3.66211e-05     -3.66211e-05     
-0.000158691     -6.10352e-05     0     3.66211e-05     
2.44141e-05     0.000134277     0.000366211     0.000268555     
0.000366211     0.00032959     0.000427246     0.000476074     
0.00057373     0.000488281     0.000646973     0.000610352     
0.000537109     0.000561523     0.000585938     0.000512695     
0.000512695     0.000390625     0.000610352     0.000524902     
0.000476074     0.000427246     0.000500488     0.00057373     
0.000524902     0.000561523     0.000585938     0.00057373     
0.000549316     0.000500488     0.00045166     0.000354004     
0.000256348     0.000268555     0.000170898     0.00012207     
6.10352e-05     4.88281e-05     0     -3.66211e-05     
-7.32422e-05     -8.54492e-05     -6.10352e-05     2.44141e-05     
-0.000109863     0     -2.44141e-05     -4.88281e-05     
0     0.000146484     0.00012207     0.000183105     
0.000195313     0.000244141     0.000378418     0.000244141     
0.000390625     0.000366211     0.000500488     0.00032959     
0.000463867     0.000402832     0.000341797     0.000268555     
0.000244141     0.000231934     0.000305176     0.000195313     
0.000170898     0.000231934     0.000231934     0.000219727     
0.000402832     0.000415039     0.000402832     0.00045166     
0.000500488     0.000402832     0.000549316     0.000512695     
0.000390625     0.000378418     0.000390625     0.000268555     
9.76563e-05     0.000170898     7.32422e-05     1.2207e-05     
-0.00012207     -7.32422e-05     -6.10352e-05     2.44141e-05     
-4.88281e-05     -6.10352e-05     0     1.2207e-05     
3.66211e-05     0.000158691     0.000195313     0.000219727     
0.000183105     0.000195313     0.00032959     0.000280762     
0.000268555     0.00020752     0.000390625     0.000219727     
0.000170898     0.000146484     0.00020752     0.000195313     
7.32422e-05     6.10352e-05     0.000146484     6.10352e-05     
0.000134277     7.32422e-05     0     0.000109863     
-3.66211e-05     1.2207e-05     0     -7.32422e-05     
-0.000158691     -0.000366211     -0.000366211     -0.000500488     
-0.000720215     -0.000634766     -0.000610352     -0.000708008     
-0.000708008     -0.000598145     -0.000598145     -0.000512695     
-0.000439453     -0.000280762     -0.000195313     -0.00012207     
-4.88281e-05     -2.44141e-05     6.10352e-05     9.76563e-05     
6.10352e-05     8.54492e-05     9.76563e-05     0.00012207     
1.2207e-05     6.10352e-05     0.00012207     6.10352e-05     
0.00012207     0.000146484     0.000231934     0.00020752     
0.000244141     0.000268555     0.000378418     0.000231934     
0.000341797     0.000415039     0.000366211     0.000280762     
0.000402832     0.000341797     0.000390625     0.000378418     
0.000354004     0.000427246     0.000439453     0.000463867     
0.000476074     0.000366211     0.000512695     0.000512695     
0.000463867     0.000415039     0.000463867     0.000524902     
0.00045166     0.000476074     0.000366211     0.00045166     
0.000390625     0.000390625     0.000463867     0.000415039     
0.000366211     0.000610352     0.000537109     0.000500488     
0.000561523     0.000598145     0.000671387     0.000585938     
0.000585938     0.000549316     0.00057373     0.000439453     
0.000341797     0.000268555     0.000219727     6.10352e-05     
6.10352e-05     1.2207e-05     0.000134277     -2.44141e-05     
4.88281e-05     -6.10352e-05     0.000170898     0.000158691     
0.00012207     0.000146484     0.000244141     0.000268555     
0.000280762     0.00020752     0.000366211     0.000402832     
0.00032959     0.000280762     0.000341797     0.000317383     
0.000292969     0.000292969     0.000354004     0.000268555     
0.000231934     0.00032959     0.000390625     0.00032959     
0.000292969     0.000354004     0.000366211     0.000280762     
0.000317383     0.000292969     0.000317383     0.000244141     
0.00020752     0.000183105     0.000183105     0.000231934     
0.000146484     0.000170898     0.000219727     0.000231934     
0.000195313     0.000170898     0.000158691     0.000134277     
0.00012207     9.76563e-05     2.44141e-05     -8.54492e-05     
-1.2207e-05     2.44141e-05     1.2207e-05     -0.00020752     
3.66211e-05     -1.2207e-05     -1.2207e-05     0.00012207     
0.000170898     0.000195313     0.000354004     0.000378418     
0.000341797     0.000439453     0.000488281     0.000402832     
0.00045166     0.000415039     0.000439453     0.000366211     
0.00020752     0.00020752     0.000219727     0.000134277     
6.10352e-05     0.00012207     0.000170898     0.000146484     
9.76563e-05     0.000158691     0.00020752     0.000158691     
0.000219727     0.000231934     0.000341797     0.000268555     
0.000231934     0.000268555     0.000305176     0.00020752     
0.000195313     0.000231934     0.000280762     0.000292969     
0.000341797     0.000305176     0.000415039     0.000427246     
0.000610352     0.000537109     0.000732422     0.000732422     
0.000720215     0.000830078     0.000854492     0.000854492     
0.000842285     0.000817871     0.000817871     0.000744629     
0.000744629     0.000683594     0.000598145     0.000610352     
0.000622559     0.000561523     0.000646973     0.000610352     
0.000610352     0.000646973     0.000561523     0.000695801     
0.000512695     0.000610352     0.000646973     0.000512695     
0.000537109     0.000463867     0.000378418     0.000354004     
0.000280762     0.000256348     0.000256348     0.000268555     
0.000280762     0.000219727     0.000317383     0.000292969     
0.000366211     0.000390625     0.00045166     0.000463867     
0.000390625     0.000524902     0.000500488     0.000439453     
0.000415039     0.000439453     0.000585938     0.000439453     
0.000476074     0.000390625     0.000463867     0.000354004     
0.000427246     0.000463867     0.000537109     0.000500488     
0.000439453     0.000598145     0.000598145     0.00057373     
0.000537109     0.000622559     0.000500488     0.000537109     
0.000463867     0.000390625     0.000378418     0.000292969     
0.000317383     0.00020752     0.000183105     0.000268555     
0.00020752     0.000231934     0.000280762     0.000268555     
0.000280762     0.000366211     0.000439453     0.000390625     
0.000512695     0.000524902     0.00045166     0.000500488     
0.000537109     0.000463867     0.000488281     0.000476074     
0.000280762     0.000305176     0.000268555     0.000146484     
2.44141e-05     0     1.2207e-05     -0.000146484     
-0.000170898     -0.000231934     -0.00012207     -0.000341797     
-0.000231934     -0.000317383     -0.000256348     -0.000244141     
-0.000366211     -0.000280762     -0.000170898     -0.000219727     
-0.000219727     -0.000244141     -0.000170898     -0.000134277     
-0.000256348     -0.000195313     -0.000268555     -0.000146484     
-0.000170898     -0.000195313     -0.000109863     -6.10352e-05     
-8.54492e-05     7.32422e-05     0.000146484     0.000292969     
0.000427246     0.000732422     0.0010376     0.00135498     
0.00168457     0.00205078     0.00250244     0.00288086     
0.00335693     0.00391846     0.00444336     0.00488281     
0.0053833     0.00584717     0.00633545     0.00684814     
0.00720215     0.00777588     0.00823975     0.00858154     
0.00913086     0.00948486     0.00985107     0.0102417     
0.0106079     0.0109375     0.0112671     0.0114746     
0.0118164     0.0120728     0.0123413     0.0126587     
0.0130249     0.013269     0.0136597     0.0139526     
0.01427     0.0145386     0.0148438     0.015271     
0.015625     0.0160522     0.0164429     0.0167847     
0.0172485     0.0175415     0.0180908     0.0185547     
0.0189697     0.0194702     0.0198486     0.0202026     
0.0205566     0.0209106     0.021228     0.0215698     
0.0219238     0.0221924     0.0224976     0.0228149     
0.0231323     0.0234619     0.0237671     0.0241211     
0.0244019     0.0247925     0.0251709     0.0254028     
0.0256958     0.0259644     0.0263062     0.0266113     
0.02677     0.0269531     0.0273193     0.0275146     
0.0276367     0.0277832     0.0279663     0.028186     
0.0283203     0.0285278     0.0286743     0.0287964     
0.0290527     0.0291626     0.0293091     0.0296387     
0.0297607     0.0299927     0.0302734     0.0305176     
0.0307129     0.030896     0.0312378     0.0314819     
0.0315674     0.0318726     0.0321777     0.0323608     
0.0325562     0.0327637     0.0329956     0.0330811     
0.0332397     0.0334595     0.0336426     0.0338501     
0.0339844     0.0341309     0.0343994     0.0344727     
0.0346191     0.0347656     0.0349609     0.0350952     
0.0351196     0.0352417     0.0353516     0.0354248     
0.0354614     0.0355225     0.0356567     0.0356201     
0.0358521     0.035791     0.0358765     0.0359375     
0.0361328     0.0362793     0.0364624     0.0365112     
0.0367065     0.0368652     0.0368774     0.0369873     
0.0370361     0.037207     0.0371826     0.0371216     
0.0370361     0.0369873     0.0369019     0.0368164     
0.0367188     0.0366577     0.0366211     0.0365845     
0.0365356     0.0365845     0.0365234     0.0366699     
0.0367432     0.0368652     0.0370483     0.0370361     
0.0371704     0.0371948     0.0372437     0.037207     
0.0372681     0.037146     0.0371826     0.0370972     
0.0369751     0.0369385     0.0369141     0.0368896     
0.0368286     0.0368164     0.0369385     0.0369629     
0.0369873     0.0370117     0.0371582     0.0370728     
0.0372192     0.0370972     0.037146     0.0370361     
0.0369751     0.036853     0.0367798     0.0366577     
0.036499     0.0363159     0.0361694     0.0361084     
0.0358887     0.0356323     0.0356201     0.0354858     
0.0354126     0.0353516     0.0352661     0.0352783     
0.0352295     0.0351563     0.0351929     0.0352539     
0.0351074     0.0350952     0.0351196     0.0350464     
0.0349609     0.0348267     0.0348022     0.0345947     
0.0344849     0.0343262     0.0342041     0.0339111     
0.0336914     0.0335327     0.0333008     0.0332031     
0.0329712     0.0328125     0.0327759     0.0325928     
0.0324829     0.032312     0.032251     0.0320313     
0.0318848     0.0316162     0.031665     0.0313721     
0.0312256     0.0310669     0.0309082     0.0307129     
0.0306396     0.0304321     0.0303711     0.0301758     
0.0300171     0.0300171     0.0298828     0.0298462     
0.0297974     0.0297241     0.0297607     0.0295898     
0.0293701     0.0292969     0.0292114     0.0290405     
0.0287964     0.0286743     0.0284302     0.0283569     
0.0281006     0.0278564     0.0278198     0.0276367     
0.027478     0.0273315     0.0271973     0.0270264     
0.0269409     0.0267212     0.0266235     0.0264526     
0.0262451     0.0261353     0.0259888     0.0258179     
0.0256348     0.0255615     0.0253784     0.0251465     
0.0250854     0.0248657     0.0247803     0.0244507     
0.0243896     0.0242065     0.0240723     0.023999     
0.0238403     0.0238647     0.0237671     0.0237549     
0.0237549     0.0236328     0.0235962     0.0236328     
0.0234863     0.0234131     0.0233887     0.0231812     
0.0229858     0.0228516     0.0226929     0.0223999     
0.022168     0.0219971     0.021814     0.0215942     
0.0213257     0.0212402     0.0209839     0.0209961     
0.0208984     0.0207764     0.0208008     0.0207764     
0.0206665     0.0205688     0.0206177     0.0206299     
0.02052     0.0204346     0.0203735     0.0202881     
0.0201416     0.0200073     0.0198486     0.0196167     
0.019519     0.0191528     0.0190918     0.0187622     
0.018689     0.0182983     0.0182251     0.0179688     
0.0178223     0.0177002     0.0175903     0.0174561     
0.0174561     0.0174194     0.0174072     0.0173706     
0.0173218     0.0174683     0.0173706     0.017334     
0.017395     0.0172974     0.0173096     0.0172119     
0.0171509     0.0171509     0.0170288     0.0169556     
0.0168457     0.0166992     0.0165649     0.0165161     
0.016272     0.0161255     0.0161011     0.0158569     
0.0157837     0.015686     0.015686     0.0154907     
0.0155151     0.0154663     0.0155273     0.0154419     
0.0153809     0.0154419     0.0154907     0.0155151     
0.0154175     0.0153931     0.0154785     0.0153442     
0.015271     0.0151733     0.0151978     0.0151001     
0.0151489     0.0149902     0.0150635     0.0150269     
0.0149658     0.014917     0.0149414     0.0148682     
0.0148682     0.0147583     0.0146973     0.0145752     
0.0144409     0.0144775     0.0144043     0.01427     
0.0142334     0.0141968     0.0141968     0.0141235     
0.0139893     0.0140381     0.0139526     0.0138428     
0.0137939     0.0137329     0.013623     0.013501     
0.0133911     0.0133301     0.0133667     0.0133179     
0.0132446     0.0132813     0.0132202     0.013208     
0.013208     0.0131836     0.013208     0.0132935     
0.0132935     0.0133667     0.0133667     0.0133789     
0.0134644     0.0133911     0.0134277     0.0133301     
0.0134033     0.0132446     0.0133423     0.0131104     
0.0130859     0.0130005     0.0128418     0.0126709     
0.0126831     0.0126343     0.0126953     0.0125854     
0.0124634     0.0127197     0.0125732     0.0127686     
0.0127197     0.0128418     0.0128906     0.0130127     
0.0130493     0.0131714     0.0132324     0.0133667     
0.0133423     0.0134644     0.0135498     0.0136719     
0.0136963     0.0136353     0.0136841     0.0137451     
0.0137329     0.0137573     0.0138306     0.0139282     
0.0139526     0.0140259     0.0140625     0.014209     
0.0142578     0.01427     0.0143555     0.0143555     
0.0142578     0.0142822     0.0142212     0.0141479     
0.0139893     0.0138428     0.0138428     0.0137573     
0.0136108     0.0134766     0.0135254     0.0134888     
0.0135132     0.013562     0.0137085     0.0137817     
0.0138916     0.0138916     0.0140503     0.014209     
0.0143188     0.0144165     0.0146362     0.0147705     
0.0148926     0.0150879     0.0151978     0.0152344     
0.0153564     0.0155029     0.0155884     0.0155396     
0.0156128     0.0156006     0.0156616     0.0156738     
0.0156494     0.0156372     0.0156982     0.0156006     
0.0155884     0.0155884     0.0157227     0.0157349     
0.0156738     0.0157593     0.0157471     0.0159302     
0.0159546     0.0159058     0.0159668     0.0159546     
0.0160645     0.0160645     0.0161133     0.0159302     
0.015979     0.0159546     0.0159668     0.0159058     
0.0158936     0.0158325     0.0158936     0.0157715     
0.015686     0.0156738     0.0156982     0.0156616     
0.0155762     0.0156616     0.0156128     0.0156372     
0.015625     0.015564     0.015625     0.0155762     
0.0155518     0.0155518     0.0155273     0.0155273     
0.015564     0.0156494     0.0156982     0.0156738     
0.0157104     0.0158081     0.0158691     0.0160034     
0.0160156     0.01604     0.0160645     0.0161743     
0.0162354     0.0162842     0.0163452     0.0164795     
0.016333     0.0164795     0.0165771     0.0166138     
0.0165649     0.016626     0.0166992     0.0166748     
0.0167236     0.0166016     0.0167114     0.0166138     
0.0165649     0.0164185     0.0164795     0.0164673     
0.0163696     0.0163208     0.0163452     0.0163086     
0.016333     0.0163452     0.0164429     0.0165894     
0.0165771     0.0166016     0.0167114     0.0167358     
0.0167725     0.0167969     0.0168701     0.0168579     
0.0168457     0.0169189     0.0169312     0.0168335     
0.0168335     0.0168579     0.0168335     0.0167847     
0.0167725     0.0166626     0.0166748     0.0166138     
0.0165527     0.0164307     0.0164063     0.0163452     
0.0162842     0.0162598     0.016272     0.0162354     
0.0162231     0.016272     0.0163818     0.016333     
0.0163086     0.0163574     0.0162598     0.0161987     
0.0161377     0.0160034     0.0160156     0.0158813     
0.0157959     0.0156738     0.0155884     0.0154907     
0.0154785     0.015332     0.0154053     0.0151611     
0.0151367     0.0151001     0.0150269     0.0149902     
0.0148682     0.014856     0.0149414     0.0147705     
0.0148193     0.0147827     0.0146729     0.0147217     
0.014624     0.0145996     0.0145386     0.0145874     
0.0145264     0.014563     0.0145264     0.0143921     
0.0144531     0.0144531     0.0144653     0.0144287     
0.0143799     0.0142944     0.0142456     0.0142334     
0.0141602     0.0140991     0.0139893     0.0139648     
0.0138672     0.0137939     0.0137695     0.0136963     
0.0136108     0.013623     0.0136475     0.0136475     
0.0135986     0.0135254     0.013623     0.0136108     
0.0135132     0.0136108     0.0136841     0.0135132     
0.0135986     0.0135986     0.0134277     0.0134155     
0.013269     0.0131592     0.0130981     0.0129272     
0.0128296     0.0127319     0.0125977     0.0125     
0.0124146     0.0121948     0.0121582     0.012085     
0.0119873     0.0120117     0.0119019     0.0119141     
0.0117676     0.011792     0.0117676     0.0117798     
0.0116211     0.0114868     0.0115234     0.011377     
0.0113159     0.0112183     0.0110962     0.0110718     
0.0109375     0.0109253     0.010791     0.0107422     
0.0107422     0.0107788     0.0109009     0.0107666     
0.0108765     0.0108521     0.0108032     0.0107422     
0.0108521     0.0108276     0.0108398     0.0107666     
0.0106934     0.0106812     0.0105957     0.0106201     
0.0105347     0.0105835     0.0104614     0.0104126     
0.0103882     0.0104004     0.010376     0.0102783     
0.0103027     0.0103149     0.0102783     0.0102051     
0.0101685     0.0101196     0.00999756     0.00994873     
0.00979004     0.00977783     0.00969238     0.00955811     
0.00950928     0.00943604     0.009375     0.00922852     
0.00917969     0.00909424     0.00914307     0.00905762     
0.00899658     0.0090332     0.00913086     0.00906982     
0.00910645     0.00915527     0.00931396     0.00933838     
0.00933838     0.00926514     0.00942383     0.00944824     
0.00948486     0.00936279     0.00949707     0.00935059     
0.0092041     0.00915527     0.00916748     0.00898438     
0.00891113     0.00883789     0.00870361     0.00860596     
0.00843506     0.00847168     0.00844727     0.00826416     
0.0081543     0.00809326     0.00799561     0.00783691     
0.00777588     0.00772705     0.00762939     0.00751953     
0.00751953     0.00738525     0.00733643     0.00738525     
0.00734863     0.0072876     0.00733643     0.00734863     
0.00737305     0.00734863     0.00755615     0.00755615     
0.00767822     0.00766602     0.0076416     0.00776367     
0.00772705     0.00777588     0.00786133     0.00775146     
0.00771484     0.00766602     0.00761719     0.0072876     
0.00739746     0.00721436     0.00725098     0.00704346     
0.00705566     0.00693359     0.00689697     0.00689697     
0.00688477     0.00693359     0.00698242     0.00701904     
0.00695801     0.00710449     0.00712891     0.0071167     
0.00704346     0.00709229     0.00716553     0.00698242     
0.00699463     0.00690918     0.00689697     0.00670166     
0.00668945     0.0065918     0.00651855     0.00649414     
0.00626221     0.00622559     0.00615234     0.00620117     
0.00610352     0.00620117     0.00627441     0.00621338     
0.00635986     0.00643311     0.00649414     0.00666504     
0.00665283     0.00668945     0.00675049     0.00670166     
0.006604     0.00661621     0.0065918     0.00646973     
0.00651855     0.00640869     0.00661621     0.00639648     
0.00644531     0.0064209     0.00666504     0.00670166     
0.00667725     0.00682373     0.00699463     0.00693359     
0.00700684     0.00695801     0.00688477     0.00695801     
0.00686035     0.00686035     0.00687256     0.0067749     
0.0067749     0.0067627     0.0067749     0.00682373     
0.00689697     0.0069458     0.00716553     0.00716553     
0.00725098     0.00742188     0.00750732     0.00756836     
0.00756836     0.0076416     0.00778809     0.00777588     
0.00769043     0.00783691     0.00773926     0.00771484     
0.00778809     0.00777588     0.00783691     0.00769043     
0.00771484     0.00782471     0.00773926     0.00770264     
0.00778809     0.0078125     0.00783691     0.00776367     
0.00788574     0.00772705     0.00777588     0.00776367     
0.00772705     0.00772705     0.0078125     0.00775146     
0.00783691     0.00773926     0.00783691     0.00782471     
0.00782471     0.0078125     0.00792236     0.00791016     
0.00794678     0.00800781     0.00795898     0.00800781     
0.00805664     0.00812988     0.00811768     0.00810547     
0.00802002     0.00806885     0.0081543     0.00806885     
0.00799561     0.00814209     0.00803223     0.0079834     
0.00782471     0.00788574     0.00778809     0.00769043     
0.00765381     0.00754395     0.00749512     0.00751953     
0.00736084     0.00734863     0.00743408     0.00744629     
0.0074585     0.00750732     0.00758057     0.00775146     
0.0078125     0.00783691     0.00792236     0.00791016     
0.00804443     0.00804443     0.00825195     0.00819092     
0.0081543     0.00820313     0.00817871     0.00817871     
0.00821533     0.0081665     0.00820313     0.00826416     
0.00823975     0.00817871     0.00828857     0.00831299     
0.00831299     0.00828857     0.00827637     0.00825195     
0.00822754     0.00821533     0.0081543     0.00804443     
0.00795898     0.00794678     0.00789795     0.00778809     
0.00767822     0.00765381     0.00762939     0.00755615     
0.00749512     0.00758057     0.00755615     0.00756836     
0.00755615     0.00755615     0.00758057     0.0076416     
0.00751953     0.00756836     0.00758057     0.0074707     
0.00750732     0.00750732     0.00756836     0.00742188     
0.00749512     0.00754395     0.00760498     0.0076416     
0.00771484     0.00775146     0.00788574     0.00802002     
0.00812988     0.00825195     0.00845947     0.00845947     
0.00858154     0.00876465     0.00875244     0.00895996     
0.00897217     0.00908203     0.00924072     0.00916748     
0.0092041     0.00926514     0.00914307     0.00916748     
0.00914307     0.00915527     0.00897217     0.00897217     
0.00880127     0.00866699     0.00858154     0.00856934     
0.00847168     0.00848389     0.00847168     0.00842285     
0.00843506     0.0083374     0.00834961     0.0083252     
0.00825195     0.0083374     0.00819092     0.00814209     
0.00812988     0.00802002     0.00811768     0.00803223     
0.00797119     0.00800781     0.00808105     0.00787354     
0.00795898     0.00789795     0.00792236     0.00788574     
0.00778809     0.00772705     0.00778809     0.00771484     
0.00776367     0.00762939     0.00770264     0.00784912     
0.00773926     0.00773926     0.00777588     0.00783691     
0.00789795     0.00782471     0.00772705     0.00780029     
0.00771484     0.00754395     0.00758057     0.00754395     
0.00743408     0.00748291     0.00736084     0.00732422     
0.00733643     0.00732422     0.0072998     0.00720215     
0.00709229     0.00714111     0.0071167     0.00705566     
0.00706787     0.00706787     0.0071167     0.00704346     
0.00699463     0.00704346     0.00704346     0.00698242     
0.00705566     0.00697021     0.00704346     0.00690918     
0.00692139     0.00681152     0.00688477     0.00672607     
0.00682373     0.00664063     0.00664063     0.00661621     
0.00653076     0.00656738     0.00651855     0.0064209     
0.00644531     0.00640869     0.00648193     0.00649414     
0.00648193     0.00645752     0.00651855     0.006604     
0.00657959     0.00656738     0.00653076     0.00655518     
0.00650635     0.00656738     0.00656738     0.00656738     
0.00648193     0.00649414     0.00645752     0.00638428     
0.00637207     0.00635986     0.00617676     0.00617676     
0.00615234     0.00604248     0.00616455     0.00600586     
0.005896     0.00593262     0.00593262     0.00588379     
0.00581055     0.00581055     0.00583496     0.00577393     
0.0057251     0.00567627     0.00579834     0.00571289     
0.00581055     0.00576172     0.00576172     0.00574951     
0.0057373     0.00570068     0.0057373     0.00559082     
0.00557861     0.00546875     0.00566406     0.00561523     
0.00549316     0.00548096     0.00552979     0.00550537     
0.00544434     0.00545654     0.0053833     0.00540771     
0.0052124     0.00526123     0.00513916     0.00507813     
0.00501709     0.00493164     0.00494385     0.0048584     
0.00466309     0.00465088     0.00462646     0.00447998     
0.00445557     0.00443115     0.00440674     0.0043335     
0.00426025     0.00428467     0.00428467     0.00435791     
0.00439453     0.00444336     0.00454102     0.00456543     
0.00469971     0.00471191     0.00483398     0.00473633     
0.00493164     0.00489502     0.00496826     0.00498047     
0.00509033     0.00506592     0.00495605     0.00506592     
0.00501709     0.00493164     0.00484619     0.00474854     
0.00472412     0.00463867     0.00443115     0.00423584     
0.0041626     0.00410156     0.00400391     0.00378418     
0.00378418     0.00374756     0.00367432     0.00361328     
0.00362549     0.00352783     0.00360107     0.00356445     
0.00354004     0.00362549     0.00356445     0.00355225     
0.00360107     0.0036377     0.00371094     0.00373535     
0.00375977     0.00389404     0.00384521     0.00389404     
0.00395508     0.00406494     0.00415039     0.0041626     
0.00406494     0.00413818     0.00421143     0.00412598     
0.00415039     0.00407715     0.0041748     0.00406494     
0.0039917     0.00390625     0.00404053     0.00397949     
0.00395508     0.00395508     0.00411377     0.00410156     
0.00410156     0.00411377     0.00415039     0.00423584     
0.00430908     0.00422363     0.00430908     0.00428467     
0.00435791     0.00426025     0.00426025     0.00422363     
0.00421143     0.00413818     0.00415039     0.00410156     
0.00393066     0.00375977     0.00380859     0.00373535     
0.00360107     0.00352783     0.00356445     0.00351563     
0.00345459     0.0034668     0.00350342     0.00354004     
0.00356445     0.00366211     0.00374756     0.00377197     
0.00372314     0.00383301     0.00383301     0.00379639     
0.00383301     0.00380859     0.00383301     0.00378418     
0.00373535     0.00367432     0.0038208     0.00371094     
0.00373535     0.00375977     0.00378418     0.00380859     
0.00384521     0.00380859     0.00390625     0.00385742     
0.00390625     0.00402832     0.00401611     0.00404053     
0.00415039     0.00406494     0.00413818     0.00418701     
0.00421143     0.00413818     0.00419922     0.00415039     
0.00408936     0.00408936     0.00400391     0.00412598     
0.00396729     0.00411377     0.00406494     0.00401611     
0.0041626     0.00413818     0.00411377     0.00421143     
0.00418701     0.00418701     0.00424805     0.00424805     
0.00426025     0.00410156     0.00407715     0.0041626     
0.00396729     0.00383301     0.00405273     0.00386963     
0.00385742     0.00372314     0.00378418     0.00377197     
0.00369873     0.00372314     0.00386963     0.00390625     
0.00390625     0.00394287     0.00404053     0.00406494     
0.00410156     0.00412598     0.0041626     0.00424805     
0.00418701     0.00424805     0.00435791     0.00429688     
0.00424805     0.00437012     0.00439453     0.00432129     
0.00438232     0.00446777     0.00456543     0.00465088     
0.00477295     0.00477295     0.00490723     0.00500488     
0.00491943     0.00494385     0.0050293     0.0050293     
0.00479736     0.00489502     0.00484619     0.00476074     
0.00472412     0.00467529     0.00461426     0.00455322     
0.00446777     0.00450439     0.00445557     0.00439453     
0.00447998     0.00440674     0.00441895     0.00437012     
0.00458984     0.00455322     0.00458984     0.00454102     
0.00457764     0.00449219     0.00457764     0.00455322     
0.00454102     0.00452881     0.00449219     0.00445557     
0.00440674     0.00444336     0.00430908     0.0043457     
0.00432129     0.00428467     0.00427246     0.00426025     
0.00426025     0.00410156     0.00419922     0.00428467     
0.00424805     0.0041748     0.00413818     0.00432129     
0.00428467     0.00437012     0.00445557     0.00456543     
0.00452881     0.00461426     0.00469971     0.00483398     
0.00490723     0.00494385     0.00510254     0.00506592     
0.00496826     0.0050415     0.00505371     0.00495605     
0.00498047     0.00499268     0.00499268     0.00496826     
0.00499268     0.00494385     0.00513916     0.00499268     
0.00511475     0.0050415     0.00512695     0.00516357     
0.00505371     0.00507813     0.00506592     0.00500488     
0.00491943     0.00471191     0.00465088     0.00465088     
0.00447998     0.00445557     0.00438232     0.00428467     
0.00422363     0.00426025     0.00426025     0.00419922     
0.00423584     0.00435791     0.00444336     0.0045166     
0.00457764     0.00465088     0.00479736     0.00479736     
0.00488281     0.00499268     0.00501709     0.00500488     
0.00496826     0.00487061     0.00480957     0.0046875     
0.00449219     0.00450439     0.00438232     0.00424805     
0.00408936     0.00407715     0.00408936     0.00408936     
0.0041748     0.00421143     0.00439453     0.00429688     
0.00449219     0.00447998     0.00466309     0.0045166     
0.00469971     0.00478516     0.00467529     0.00474854     
0.0046875     0.00471191     0.00473633     0.00458984     
0.00452881     0.00460205     0.00454102     0.00446777     
0.00450439     0.00438232     0.00443115     0.00450439     
0.00445557     0.00455322     0.00461426     0.00467529     
0.00463867     0.00471191     0.00471191     0.0046875     
0.00463867     0.00466309     0.00469971     0.00455322     
0.00454102     0.00445557     0.00447998     0.00438232     
0.00441895     0.00438232     0.00438232     0.00428467     
0.00428467     0.00424805     0.00426025     0.00427246     
0.0041626     0.00401611     0.00404053     0.00390625     
0.00384521     0.00361328     0.00358887     0.00345459     
0.0032959     0.00318604     0.00310059     0.00301514     
0.00289307     0.00300293     0.00299072     0.00297852     
0.00291748     0.00292969     0.00297852     0.00307617     
0.00303955     0.00307617     0.00313721     0.00322266     
0.00318604     0.00328369     0.00336914     0.00352783     
0.00345459     0.00377197     0.0038208     0.00395508     
0.00412598     0.00422363     0.0043457     0.00430908     
0.00435791     0.00430908     0.00422363     0.00418701     
0.00408936     0.00394287     0.00389404     0.00374756     
0.00366211     0.00356445     0.00340576     0.0034668     
0.00339355     0.00341797     0.00339355     0.00336914     
0.00336914     0.00334473     0.00340576     0.0032959     
0.00338135     0.00321045     0.00332031     0.00313721     
0.00321045     0.00319824     0.00314941     0.00318604     
0.003125     0.00318604     0.00336914     0.00330811     
0.00333252     0.00343018     0.00335693     0.00339355     
0.00338135     0.00336914     0.00338135     0.00339355     
0.00323486     0.00334473     0.0032959     0.00328369     
0.00321045     0.00321045     0.00318604     0.00319824     
0.00310059     0.00319824     0.00317383     0.00311279     
0.00306396     0.00314941     0.00323486     0.00319824     
0.00318604     0.00322266     0.00341797     0.00341797     
0.00340576     0.00340576     0.00344238     0.00352783     
0.00338135     0.00338135     0.00333252     0.00322266     
0.003125     0.00308838     0.00311279     0.00291748     
0.0029541     0.00285645     0.00279541     0.00269775     
0.00262451     0.00263672     0.0026123     0.00238037     
0.00246582     0.00241699     0.00245361     0.00252686     
0.00247803     0.00253906     0.00275879     0.00272217     
0.00281982     0.00286865     0.00290527     0.00292969     
0.00290527     0.00292969     0.00301514     0.00292969     
0.00291748     0.00296631     0.00291748     0.00291748     
0.00294189     0.00291748     0.00283203     0.00290527     
0.00279541     0.00274658     0.00279541     0.00272217     
0.0026123     0.00263672     0.00267334     0.00251465     
0.0024292     0.00245361     0.00239258     0.00234375     
0.00238037     0.00234375     0.00239258     0.00240479     
0.00246582     0.00241699     0.00253906     0.00251465     
0.0026123     0.00263672     0.00270996     0.00275879     
0.00280762     0.00272217     0.00291748     0.00291748     
0.00274658     0.0027832     0.00288086     0.002771     
0.00273438     0.00268555     0.00274658     0.00267334     
0.00270996     0.00263672     0.00273438     0.00283203     
0.002771     0.00283203     0.00285645     0.00291748     
0.00291748     0.0029541     0.00306396     0.00303955     
0.00301514     0.00307617     0.00299072     0.00285645     
0.00288086     0.00286865     0.00289307     0.00280762     
0.00270996     0.00272217     0.00272217     0.00267334     
0.00268555     0.00272217     0.00281982     0.00258789     
0.00272217     0.00262451     0.00275879     0.00266113     
0.00266113     0.00263672     0.00272217     0.00258789     
0.00255127     0.00258789     0.00257568     0.00245361     
0.00253906     0.00245361     0.00244141     0.00255127     
0.00246582     0.00241699     0.00253906     0.00252686     
0.00251465     0.00253906     0.00253906     0.00257568     
0.00250244     0.00250244     0.0026001     0.0026001     
0.00246582     0.00258789     0.00262451     0.00263672     
0.00263672     0.00280762     0.00286865     0.0027832     
0.00285645     0.00296631     0.00302734     0.00302734     
0.00303955     0.00301514     0.00296631     0.00291748     
0.00288086     0.00289307     0.0027832     0.00270996     
0.00268555     0.00257568     0.00266113     0.00258789     
0.00267334     0.00255127     0.00270996     0.00274658     
0.00286865     0.00299072     0.00306396     0.00314941     
0.00328369     0.00334473     0.00349121     0.003479     
0.00360107     0.00366211     0.0036499     0.00368652     
0.00374756     0.00371094     0.00379639     0.00377197     
0.00372314     0.0036499     0.00368652     0.00367432     
0.00352783     0.0034668     0.00338135     0.00339355     
0.00318604     0.00306396     0.00303955     0.00297852     
0.00280762     0.00279541     0.00283203     0.00274658     
0.00268555     0.00270996     0.00274658     0.00280762     
0.00272217     0.00281982     0.00280762     0.00286865     
0.00289307     0.00284424     0.00306396     0.00296631     
0.00299072     0.00299072     0.00311279     0.00297852     
0.00308838     0.00306396     0.00305176     0.00306396     
0.00303955     0.00311279     0.00317383     0.003125     
0.00324707     0.00325928     0.00332031     0.00334473     
0.00335693     0.0034668     0.00357666     0.00352783     
0.00355225     0.00345459     0.003479     0.0034668     
0.00345459     0.00343018     0.00340576     0.00341797     
0.00340576     0.003479     0.00341797     0.00339355     
0.00341797     0.00340576     0.00341797     0.00332031     
0.00333252     0.00324707     0.00336914     0.00330811     
0.0032959     0.00330811     0.00333252     0.00325928     
0.00327148     0.00319824     0.00317383     0.00310059     
0.00306396     0.00299072     0.00307617     0.00291748     
0.00300293     0.00286865     0.00300293     0.00284424     
0.00291748     0.00291748     0.00303955     0.00296631     
0.00306396     0.00311279     0.00311279     0.00303955     
0.00306396     0.00313721     0.00314941     0.00311279     
0.00302734     0.00307617     0.00306396     0.00301514     
0.00286865     0.00284424     0.00283203     0.00270996     
0.00269775     0.00258789     0.00255127     0.00249023     
0.00236816     0.00244141     0.00258789     0.00253906     
0.00253906     0.00266113     0.00269775     0.00274658     
0.00279541     0.00297852     0.00305176     0.00316162     
0.003125     0.00339355     0.00341797     0.0034668     
0.00341797     0.0034668     0.00355225     0.00345459     
0.00343018     0.00338135     0.00357666     0.003479     
0.00345459     0.00333252     0.00356445     0.00354004     
0.00349121     0.00339355     0.00349121     0.00355225     
0.003479     0.00334473     0.00335693     0.00349121     
0.00339355     0.00328369     0.00341797     0.00341797     
0.00339355     0.00340576     0.00352783     0.00354004     
0.00352783     0.00358887     0.00367432     0.00357666     
0.00354004     0.0036377     0.00357666     0.00354004     
0.00343018     0.00344238     0.0034668     0.00334473     
0.00330811     0.0032959     0.00340576     0.00328369     
0.00330811     0.00324707     0.00317383     0.00317383     
0.00301514     0.00297852     0.00289307     0.00281982     
0.002771     0.00266113     0.00266113     0.00249023     
0.00263672     0.00247803     0.00250244     0.00251465     
0.00251465     0.00256348     0.00253906     0.00245361     
0.00257568     0.00252686     0.00253906     0.00245361     
0.0024292     0.00255127     0.00241699     0.00250244     
0.00256348     0.00249023     0.0026123     0.00262451     
0.00268555     0.00273438     0.00269775     0.00266113     
0.00258789     0.00256348     0.00258789     0.00250244     
0.00228271     0.00234375     0.00231934     0.00214844     
0.00212402     0.00212402     0.00211182     0.00213623     
0.00219727     0.00212402     0.00217285     0.00224609     
0.00224609     0.00228271     0.00234375     0.0022583     
0.00220947     0.00228271     0.00239258     0.00231934     
0.00234375     0.00234375     0.00251465     0.00241699     
0.00247803     0.00238037     0.00252686     0.00246582     
0.00240479     0.00233154     0.00235596     0.00235596     
0.00238037     0.00220947     0.00228271     0.00234375     
0.00224609     0.00241699     0.00238037     0.00239258     
0.0024292     0.00234375     0.00235596     0.00238037     
0.00224609     0.00219727     0.00235596     0.0022583     
0.00213623     0.00223389     0.00213623     0.00214844     
0.00211182     0.0020752     0.00206299     0.00214844     
0.00206299     0.00212402     0.00211182     0.00213623     
0.00228271     0.00223389     0.00235596     0.00238037     
0.00233154     0.00227051     0.00239258     0.0024292     
0.0024292     0.00231934     0.00236816     0.00235596     
0.00235596     0.00224609     0.00229492     0.0020874     
0.0020874     0.00214844     0.00202637     0.00200195     
0.00196533     0.00195313     0.00180664     0.00167236     
0.00148926     0.0015625     0.00150146     0.00141602     
0.00133057     0.00119629     0.0012085     0.0012207     
0.00107422     0.00112305     0.00124512     0.00125732     
0.0012085     0.00125732     0.00126953     0.00144043     
0.00136719     0.00142822     0.00145264     0.00155029     
0.00152588     0.00159912     0.00162354     0.00159912     
0.00166016     0.00168457     0.00170898     0.00177002     
0.00164795     0.00175781     0.00180664     0.00181885     
0.00170898     0.00181885     0.0019043     0.00185547     
0.0019043     0.00175781     0.00184326     0.00180664     
0.00179443     0.00168457     0.00175781     0.00174561     
0.00158691     0.00162354     0.00168457     0.00159912     
0.00157471     0.00147705     0.00148926     0.00151367     
0.00134277     0.00133057     0.00128174     0.00118408     
0.00113525     0.00113525     0.00112305     0.00115967     
0.00115967     0.00128174     0.0013916     0.00146484     
0.00150146     0.00174561     0.00183105     0.00183105     
0.00196533     0.00194092     0.00196533     0.00214844     
0.00201416     0.00201416     0.00216064     0.00218506     
0.00216064     0.00214844     0.00213623     0.00224609     
0.00216064     0.00228271     0.00227051     0.00217285     
0.00217285     0.00219727     0.00216064     0.00198975     
0.00203857     0.00196533     0.00201416     0.00180664     
0.00185547     0.00178223     0.00183105     0.00174561     
0.00167236     0.00166016     0.00175781     0.00157471     
0.00161133     0.00169678     0.00161133     0.00162354     
0.00168457     0.00168457     0.00178223     0.00177002     
0.00167236     0.00163574     0.00174561     0.00174561     
0.00170898     0.00174561     0.00180664     0.00175781     
0.00161133     0.00168457     0.00168457     0.00172119     
0.00175781     0.00187988     0.0019043     0.00184326     
0.00202637     0.00214844     0.00216064     0.00227051     
0.00218506     0.00233154     0.00241699     0.00239258     
0.00239258     0.00231934     0.00241699     0.00234375     
0.0022583     0.0022583     0.00235596     0.00227051     
0.00229492     0.0022583     0.00246582     0.00255127     
0.00257568     0.00262451     0.00279541     0.00273438     
0.00283203     0.00279541     0.00284424     0.00285645     
0.00266113     0.00268555     0.00267334     0.00262451     
0.00247803     0.00244141     0.0024292     0.00239258     
0.00231934     0.00238037     0.0024292     0.00241699     
0.00229492     0.00223389     0.00224609     0.00217285     
0.00206299     0.00198975     0.00192871     0.00189209     
0.00169678     0.00159912     0.00166016     0.00166016     
0.00166016     0.0017334     0.00175781     0.00180664     
0.00185547     0.00205078     0.00206299     0.00214844     
0.00235596     0.00239258     0.00253906     0.00256348     
0.00268555     0.0026123     0.00279541     0.00273438     
0.00275879     0.00274658     0.00284424     0.00273438     
0.00269775     0.00264893     0.00269775     0.00262451     
0.00257568     0.00256348     0.00252686     0.00246582     
0.00250244     0.00247803     0.00235596     0.00247803     
0.00233154     0.00230713     0.00228271     0.00224609     
0.00212402     0.00206299     0.0020752     0.00195313     
0.00192871     0.00187988     0.00197754     0.00195313     
0.00183105     0.00186768     0.00187988     0.00197754     
0.00206299     0.00209961     0.00216064     0.00216064     
0.00219727     0.00212402     0.0020874     0.00223389     
0.0020874     0.00203857     0.00217285     0.0020874     
0.00209961     0.00198975     0.00212402     0.00200195     
0.00201416     0.00213623     0.00217285     0.00216064     
0.00212402     0.00218506     0.00219727     0.00217285     
0.00227051     0.00217285     0.00216064     0.00223389     
0.00211182     0.0020752     0.00203857     0.00202637     
0.00194092     0.00196533     0.00185547     0.00179443     
0.00172119     0.00175781     0.00172119     0.00172119     
0.00162354     0.00161133     0.00163574     0.00167236     
0.00168457     0.00163574     0.0017334     0.00177002     
0.00181885     0.00189209     0.0019165     0.00202637     
0.00209961     0.00223389     0.00231934     0.00235596     
0.0024292     0.00262451     0.00253906     0.0026123     
0.00275879     0.00269775     0.00262451     0.00269775     
0.00270996     0.00267334     0.00269775     0.0026123     
0.00255127     0.00244141     0.00256348     0.00246582     
0.00244141     0.00235596     0.00239258     0.00240479     
0.00235596     0.00235596     0.00218506     0.00233154     
0.00234375     0.00227051     0.0024292     0.00236816     
0.00239258     0.00247803     0.00249023     0.00249023     
0.00258789     0.0026123     0.0026123     0.00267334     
0.00258789     0.00263672     0.0026001     0.00262451     
0.00253906     0.00247803     0.00247803     0.0024292     
0.00236816     0.00231934     0.00222168     0.00229492     
0.00216064     0.00212402     0.00212402     0.00217285     
0.00209961     0.00213623     0.00216064     0.0020752     
0.00214844     0.00203857     0.00224609     0.00209961     
0.00220947     0.00212402     0.00218506     0.00206299     
0.00202637     0.00206299     0.0020874     0.0020752     
0.00198975     0.0019165     0.00184326     0.00197754     
0.00195313     0.00186768     0.00194092     0.00201416     
0.00196533     0.0019165     0.0020874     0.00197754     
0.00197754     0.00194092     0.00205078     0.00195313     
0.00186768     0.00184326     0.00172119     0.00169678     
0.00164795     0.00152588     0.00155029     0.00144043     
0.00130615     0.00136719     0.00144043     0.00131836     
0.00131836     0.00144043     0.00147705     0.00146484     
0.00147705     0.00145264     0.00150146     0.00150146     
0.00155029     0.00144043     0.00162354     0.00157471     
0.00153809     0.00141602     0.0015625     0.00152588     
0.00151367     0.00141602     0.00137939     0.00133057     
0.0013916     0.00134277     0.00144043     0.00131836     
0.00140381     0.00155029     0.00157471     0.00166016     
0.00170898     0.00177002     0.00187988     0.00189209     
0.00203857     0.00206299     0.00219727     0.00217285     
0.00213623     0.00217285     0.00212402     0.00213623     
0.0019043     0.00187988     0.00184326     0.00177002     
0.00169678     0.00164795     0.00167236     0.00162354     
0.00164795     0.00164795     0.00180664     0.00184326     
0.00187988     0.00211182     0.00216064     0.00227051     
0.00239258     0.00241699     0.00257568     0.0026123     
0.00262451     0.00252686     0.0026001     0.00241699     
0.0024292     0.00239258     0.0024292     0.00233154     
0.00212402     0.00223389     0.00213623     0.00195313     
0.00189209     0.00184326     0.0017334     0.00167236     
0.00157471     0.00150146     0.00152588     0.00146484     
0.00148926     0.00145264     0.00155029     0.00157471     
0.00145264     0.00150146     0.00161133     0.00159912     
0.00153809     0.00164795     0.00168457     0.00161133     
0.00155029     0.00153809     0.00153809     0.00147705     
0.00144043     0.00140381     0.00140381     0.00142822     
0.00126953     0.00134277     0.00142822     0.00137939     
0.00135498     0.00146484     0.00153809     0.00157471     
0.00162354     0.00159912     0.00164795     0.00164795     
0.00172119     0.00161133     0.00177002     0.00155029     
0.00157471     0.00159912     0.00146484     0.00146484     
0.00155029     0.00151367     0.00159912     0.00159912     
0.00162354     0.0017334     0.00185547     0.00184326     
0.00195313     0.00205078     0.00200195     0.00197754     
0.00198975     0.00197754     0.00201416     0.00196533     
0.00200195     0.00187988     0.00179443     0.00186768     
0.00164795     0.00164795     0.00163574     0.00161133     
0.00144043     0.00144043     0.00144043     0.00134277     
0.00130615     0.00124512     0.00131836     0.00126953     
0.00126953     0.00135498     0.00137939     0.00135498     
0.00141602     0.0015625     0.00161133     0.00168457     
0.0017334     0.00180664     0.00194092     0.00200195     
0.00214844     0.00206299     0.00217285     0.00222168     
0.00213623     0.00229492     0.00220947     0.00212402     
0.00212402     0.00198975     0.0019165     0.00186768     
0.00175781     0.00169678     0.00166016     0.00159912     
0.00164795     0.00153809     0.00151367     0.00153809     
0.00157471     0.00152588     0.00162354     0.00150146     
0.0015625     0.00159912     0.00157471     0.00162354     
0.00157471     0.00172119     0.00177002     0.00168457     
0.00167236     0.0017334     0.0017334     0.00175781     
0.00172119     0.00174561     0.00181885     0.00170898     
0.0017334     0.00178223     0.00177002     0.00179443     
0.00183105     0.00178223     0.00183105     0.00177002     
0.00180664     0.00167236     0.00178223     0.00163574     
0.00159912     0.00151367     0.00161133     0.0015625     
0.00148926     0.00162354     0.00164795     0.00162354     
0.00172119     0.00186768     0.0019043     0.00194092     
0.00198975     0.00189209     0.00197754     0.00200195     
0.0019043     0.00194092     0.00195313     0.00194092     
0.00195313     0.0019165     0.00192871     0.0019043     
0.00179443     0.00197754     0.00183105     0.00170898     
0.00168457     0.00155029     0.00158691     0.00146484     
0.00144043     0.00153809     0.00152588     0.00157471     
0.00170898     0.00181885     0.00196533     0.00202637     
0.00205078     0.00216064     0.00219727     0.00218506     
0.00220947     0.00203857     0.00219727     0.00206299     
0.00196533     0.0019043     0.00189209     0.00183105     
0.00178223     0.00175781     0.00185547     0.00183105     
0.00172119     0.00179443     0.00189209     0.0019043     
0.00189209     0.00196533     0.00197754     0.00200195     
0.0020874     0.0020752     0.00216064     0.00218506     
0.00217285     0.00211182     0.00219727     0.00219727     
0.00213623     0.00220947     0.00212402     0.00202637     
0.00203857     0.00196533     0.00189209     0.00175781     
0.00170898     0.00157471     0.00150146     0.00140381     
0.00130615     0.00118408     0.00114746     0.00118408     
0.00107422     0.00112305     0.00114746     0.00115967     
0.00130615     0.00126953     0.00141602     0.00137939     
0.00151367     0.00162354     0.0017334     0.00169678     
0.00180664     0.0019043     0.00180664     0.00181885     
0.00178223     0.00179443     0.00192871     0.00186768     
0.00185547     0.00187988     0.00192871     0.00180664     
0.00179443     0.00185547     0.00187988     0.00178223     
0.0017334     0.00179443     0.00174561     0.0017334     
0.00170898     0.00166016     0.00175781     0.00169678     
0.00166016     0.00172119     0.00172119     0.00179443     
0.00183105     0.00186768     0.00205078     0.00209961     
0.00213623     0.00228271     0.00230713     0.00227051     
0.00222168     0.00223389     0.00234375     0.00219727     
0.00216064     0.00192871     0.00202637     0.00197754     
0.00197754     0.00184326     0.00205078     0.00201416     
0.00211182     0.00203857     0.00218506     0.00222168     
0.00220947     0.00227051     0.00228271     0.00224609     
0.00219727     0.00211182     0.00212402     0.00217285     
0.00195313     0.00198975     0.00195313     0.00189209     
0.00178223     0.00181885     0.00180664     0.00162354     
0.00164795     0.00161133     0.00153809     0.00147705     
0.00134277     0.00137939     0.00129395     0.00137939     
0.00137939     0.00141602     0.00151367     0.00148926     
0.00159912     0.00172119     0.00181885     0.00174561     
0.00180664     0.00187988     0.00192871     0.0019043     
0.0019165     0.00196533     0.00194092     0.00184326     
0.00192871     0.00179443     0.00196533     0.00186768     
0.00194092     0.0019165     0.00200195     0.00192871     
0.00201416     0.0020874     0.00216064     0.0020752     
0.00197754     0.00195313     0.00201416     0.00189209     
0.00175781     0.00177002     0.00175781     0.00159912     
0.00159912     0.00153809     0.00150146     0.00147705     
0.00137939     0.00141602     0.00141602     0.00134277     
0.00124512     0.00123291     0.00123291     0.00125732     
0.00117188     0.00113525     0.00125732     0.00118408     
0.00114746     0.0012085     0.0012207     0.00117188     
0.0012207     0.00117188     0.0012085     0.00118408     
0.00124512     0.00126953     0.0012085     0.00126953     
0.00137939     0.00150146     0.00162354     0.00161133     
0.00172119     0.00168457     0.00187988     0.00187988     
0.00192871     0.00185547     0.00196533     0.00183105     
0.00181885     0.00180664     0.00179443     0.00179443     
0.00169678     0.00175781     0.00174561     0.00184326     
0.00168457     0.0017334     0.00180664     0.00179443     
0.00169678     0.00168457     0.00175781     0.00170898     
0.00166016     0.00158691     0.00161133     0.0015625     
0.00147705     0.00151367     0.00147705     0.00150146     
0.00152588     0.00150146     0.00153809     0.00157471     
0.00162354     0.00157471     0.00161133     0.00161133     
0.00155029     0.00148926     0.00141602     0.00131836     
0.00123291     0.00119629     0.00107422     0.00106201     
0.00098877     0.000976563     0.000878906     0.000842285     
0.000964355     0.000830078     0.000878906     0.000878906     
0.000964355     0.000915527     0.00100098     0.000952148     
0.00100098     0.00107422     0.00109863     0.00109863     
0.00109863     0.00117188     0.0012207     0.00119629     
0.0012085     0.00128174     0.00141602     0.00146484     
0.00135498     0.00145264     0.00141602     0.00155029     
0.00147705     0.00152588     0.00164795     0.00162354     
0.00152588     0.00162354     0.00169678     0.00167236     
0.00175781     0.00181885     0.00180664     0.00189209     
0.00186768     0.00194092     0.0019043     0.00186768     
0.00177002     0.00169678     0.00168457     0.00158691     
0.00146484     0.00134277     0.00136719     0.0012207     
0.0012085     0.00118408     0.00134277     0.00134277     
0.00140381     0.00145264     0.00166016     0.00169678     
0.00174561     0.00187988     0.00203857     0.00198975     
0.00200195     0.00198975     0.0019165     0.00194092     
0.00170898     0.00168457     0.00164795     0.00152588     
0.00144043     0.00145264     0.00136719     0.00141602     
0.00147705     0.00148926     0.00148926     0.0015625     
0.00166016     0.00169678     0.0017334     0.00178223     
0.00181885     0.00183105     0.00186768     0.0019043     
0.00187988     0.00189209     0.00196533     0.00189209     
0.00181885     0.00170898     0.00164795     0.00167236     
0.00148926     0.00145264     0.00152588     0.00150146     
0.00141602     0.00144043     0.00152588     0.00150146     
0.00164795     0.00151367     0.00170898     0.00158691     
0.00170898     0.00175781     0.00178223     0.00184326     
0.00189209     0.00198975     0.00196533     0.00212402     
0.00200195     0.0020752     0.00209961     0.00209961     
0.0020752     0.00201416     0.00202637     0.00198975     
0.00195313     0.00196533     0.00189209     0.00178223     
0.00179443     0.00178223     0.00161133     0.00161133     
0.00157471     0.00158691     0.00142822     0.00141602     
0.00142822     0.00134277     0.00141602     0.00146484     
0.00144043     0.00141602     0.00147705     0.00150146     
0.00147705     0.00157471     0.00158691     0.00148926     
0.00155029     0.00147705     0.00168457     0.00151367     
0.00153809     0.00140381     0.00151367     0.00146484     
0.00152588     0.00145264     0.00146484     0.00153809     
0.00153809     0.00155029     0.00155029     0.00159912     
0.00158691     0.00151367     0.0015625     0.0015625     
0.00144043     0.00145264     0.00145264     0.00144043     
0.00137939     0.00142822     0.00144043     0.00140381     
0.00140381     0.0013916     0.00152588     0.00155029     
0.00146484     0.00166016     0.00175781     0.00178223     
0.00184326     0.0019165     0.00197754     0.00196533     
0.00196533     0.00202637     0.00198975     0.0019043     
0.0019043     0.00183105     0.00163574     0.00148926     
0.00146484     0.00136719     0.00126953     0.00119629     
0.00106201     0.00112305     0.00119629     0.00106201     
0.0012207     0.00129395     0.0013916     0.00135498     
0.00152588     0.00153809     0.00153809     0.00158691     
0.0015625     0.00150146     0.0015625     0.00142822     
0.00141602     0.00137939     0.00134277     0.00145264     
0.00133057     0.0013916     0.00148926     0.00144043     
0.00147705     0.00161133     0.00162354     0.00158691     
0.00157471     0.00155029     0.00162354     0.0015625     
0.00146484     0.0013916     0.0013916     0.00133057     
0.0012207     0.00117188     0.00111084     0.00111084     
0.00106201     0.00100098     0.00117188     0.00123291     
0.00119629     0.00128174     0.00135498     0.00140381     
0.00146484     0.00145264     0.00140381     0.00145264     
0.0013916     0.00134277     0.00140381     0.00125732     
0.00123291     0.00109863     0.00117188     0.00125732     
0.00119629     0.0012085     0.00135498     0.00131836     
0.00141602     0.00136719     0.0013916     0.00145264     
0.00135498     0.00130615     0.00135498     0.00130615     
0.00135498     0.00131836     0.00135498     0.00137939     
0.00130615     0.00135498     0.00151367     0.00147705     
0.00152588     0.00164795     0.00157471     0.00162354     
0.00158691     0.00162354     0.00153809     0.00151367     
0.00144043     0.0013916     0.00136719     0.00131836     
0.0012085     0.0010498     0.00101318     0.000878906     
0.000854492     0.000805664     0.000732422     0.000622559     
0.000622559     0.000610352     0.000610352     0.000476074     
0.000708008     0.000585938     0.00065918     0.000549316     
0.000708008     0.000671387     0.000708008     0.000683594     
0.000744629     0.000744629     0.000830078     0.000805664     
0.000769043     0.000866699     0.000854492     0.000854492     
0.00100098     0.00106201     0.00102539     0.00112305     
0.00114746     0.00119629     0.00125732     0.00114746     
0.00113525     0.00109863     0.00112305     0.00114746     
0.00100098     0.00111084     0.00112305     0.00109863     
0.00101318     0.00106201     0.00112305     0.00112305     
0.00106201     0.00106201     0.00113525     0.00108643     
0.000952148     0.00098877     0.000964355     0.000976563     
0.000842285     0.000842285     0.000927734     0.000915527     
0.00090332     0.000854492     0.00106201     0.00106201     
0.00117188     0.00128174     0.00140381     0.00146484     
0.00147705     0.00151367     0.00167236     0.00155029     
0.00153809     0.00151367     0.00146484     0.0015625     
0.00140381     0.0013916     0.00148926     0.00146484     
0.00145264     0.00142822     0.00152588     0.00148926     
0.00147705     0.0013916     0.00151367     0.00145264     
0.00145264     0.00148926     0.00144043     0.00144043     
0.00140381     0.00148926     0.00147705     0.0013916     
0.00134277     0.00129395     0.00128174     0.00118408     
0.00114746     0.00113525     0.0010376     0.000952148     
0.000854492     0.000793457     0.000708008     0.000439453     
0.000476074     0.000390625     0.000354004     0.000256348     
0.000219727     0.000146484     0.000366211     0.000317383     
0.000402832     0.000439453     0.000598145     0.000634766     
0.000683594     0.000830078     0.00098877     0.00098877     
0.00098877     0.00112305     0.00106201     0.00114746     
0.00112305     0.00106201     0.0010376     0.0010376     
0.00102539     0.00090332     0.000952148     0.000915527     
0.000830078     0.000817871     0.000793457     0.000915527     
0.000805664     0.000756836     0.000805664     0.00078125     
0.000842285     0.000756836     0.000817871     0.000817871     
0.000805664     0.00078125     0.000866699     0.000891113     
0.000854492     0.000927734     0.00101318     0.0010498     
0.00112305     0.00117188     0.00124512     0.00117188     
0.00126953     0.0012207     0.00124512     0.00113525     
0.00117188     0.00107422     0.00109863     0.00106201     
0.000976563     0.000976563     0.00107422     0.00098877     
0.00112305     0.00111084     0.00106201     0.00101318     
0.00098877     0.0010498     0.00106201     0.000939941     
0.000878906     0.000793457     0.00078125     0.000646973     
0.000610352     0.000622559     0.000683594     0.000646973     
0.000683594     0.000854492     0.00090332     0.00100098     
0.0010498     0.00114746     0.00128174     0.00129395     
0.00119629     0.00126953     0.00123291     0.00111084     
0.000976563     0.00102539     0.000842285     0.000793457     
0.000683594     0.000683594     0.000598145     0.00057373     
0.000549316     0.000524902     0.000610352     0.000671387     
0.000793457     0.000720215     0.00090332     0.000927734     
0.0010376     0.00101318     0.00108643     0.00100098     
0.000976563     0.00098877     0.00090332     0.00078125     
0.000561523     0.000646973     0.000512695     0.000488281     
0.000463867     0.000390625     0.000537109     0.000524902     
0.000524902     0.000671387     0.000695801     0.00078125     
0.000805664     0.000793457     0.000842285     0.000927734     
0.000939941     0.00090332     0.000952148     0.000927734     
0.000866699     0.000793457     0.000866699     0.000817871     
0.000891113     0.000793457     0.000952148     0.000952148     
0.000891113     0.000964355     0.00102539     0.00102539     
0.00113525     0.00126953     0.00136719     0.00134277     
0.00136719     0.0013916     0.00155029     0.0013916     
0.00141602     0.00153809     0.00145264     0.00145264     
0.00146484     0.00142822     0.00135498     0.00135498     
0.00142822     0.00133057     0.00133057     0.00141602     
0.00128174     0.00125732     0.00128174     0.00126953     
0.00128174     0.00128174     0.00129395     0.00130615     
0.00125732     0.00126953     0.00125732     0.00126953     
0.00130615     0.00135498     0.00125732     0.00131836     
0.00130615     0.00133057     0.0013916     0.00148926     
0.00141602     0.00153809     0.00161133     0.00162354     
0.00170898     0.00177002     0.0017334     0.00196533     
0.00180664     0.00189209     0.00189209     0.00179443     
0.00180664     0.00164795     0.00166016     0.00150146     
0.00144043     0.0013916     0.00142822     0.00123291     
0.0012207     0.00119629     0.00108643     0.0010498     
0.000976563     0.000891113     0.000976563     0.000769043     
0.000671387     0.000732422     0.000720215     0.00065918     
0.00057373     0.000695801     0.000817871     0.000866699     
0.000866699     0.000964355     0.0010376     0.00106201     
0.0010498     0.00113525     0.00123291     0.00126953     
0.0012207     0.00129395     0.00119629     0.00123291     
0.00129395     0.00123291     0.00125732     0.00130615     
0.00129395     0.00130615     0.00136719     0.00135498     
0.00141602     0.00150146     0.00162354     0.00169678     
0.00172119     0.00175781     0.00187988     0.00183105     
0.00184326     0.00180664     0.00183105     0.0017334     
0.00167236     0.00159912     0.00159912     0.00155029     
0.00134277     0.00136719     0.00141602     0.00126953     
0.0012207     0.00115967     0.00108643     0.00119629     
0.00102539     0.00098877     0.00106201     0.000976563     
0.000915527     0.000878906     0.000915527     0.000915527     
0.000817871     0.000891113     0.000976563     0.000927734     
0.000915527     0.000927734     0.000939941     0.000878906     
0.000891113     0.000830078     0.000915527     0.000878906     
0.000732422     0.000744629     0.000708008     0.000720215     
0.000695801     0.000585938     0.000610352     0.00057373     
0.000598145     0.000549316     0.000524902     0.00057373     
0.000622559     0.000622559     0.000769043     0.000683594     
0.000878906     0.00090332     0.000964355     0.00090332     
0.000927734     0.000952148     0.000817871     0.000769043     
0.000732422     0.000683594     0.000634766     0.000537109     
0.000476074     0.000378418     0.000427246     0.000378418     
0.000402832     0.000390625     0.000415039     0.000354004     
0.000341797     0.000488281     0.000488281     0.000561523     
0.000512695     0.000549316     0.000610352     0.000671387     
0.000720215     0.000805664     0.00090332     0.000854492     
0.000805664     0.000952148     0.00102539     0.00107422     
0.00112305     0.00114746     0.00126953     0.00134277     
0.00131836     0.00133057     0.00140381     0.00144043     
0.00146484     0.00145264     0.00162354     0.00164795     
0.00169678     0.0015625     0.00167236     0.00157471     
0.0015625     0.00151367     0.00144043     0.00137939     
0.00135498     0.00123291     0.00126953     0.00114746     
0.00117188     0.0010376     0.000939941     0.00107422     
0.000927734     0.000842285     0.000878906     0.000866699     
0.00090332     0.000952148     0.00100098     0.00102539     
0.00101318     0.000976563     0.00108643     0.00107422     
0.000964355     0.00107422     0.00098877     0.0010376     
0.000976563     0.00101318     0.00100098     0.00106201     
0.0010498     0.00108643     0.00123291     0.00129395     
0.00135498     0.0013916     0.00134277     0.0013916     
0.00129395     0.00133057     0.00130615     0.00119629     
0.00113525     0.00100098     0.000915527     0.00078125     
0.000793457     0.000646973     0.000708008     0.000500488     
0.000549316     0.000524902     0.000549316     0.000549316     
0.000524902     0.000561523     0.000622559     0.000585938     
0.000634766     0.000708008     0.000622559     0.00065918     
0.000683594     0.000646973     0.000842285     0.000830078     
0.000842285     0.000927734     0.000817871     0.000964355     
0.00102539     0.00098877     0.00102539     0.00101318     
0.00102539     0.00106201     0.00113525     0.00106201     
0.00102539     0.0010498     0.000976563     0.000854492     
0.000854492     0.000708008     0.000634766     0.000671387     
0.000512695     0.000537109     0.000500488     0.000415039     
0.000292969     0.000268555     0.000354004     0.000256348     
0.000317383     0.000256348     0.000476074     0.00032959     
0.000463867     0.000415039     0.000549316     0.000585938     
0.000646973     0.000720215     0.000817871     0.000842285     
0.000891113     0.000891113     0.000927734     0.00102539     
0.0010498     0.00112305     0.00128174     0.00131836     
0.00119629     0.00126953     0.00128174     0.0012085     
0.00118408     0.00125732     0.00124512     0.0012207     
0.0012085     0.00123291     0.00123291     0.00124512     
0.0012207     0.00117188     0.00124512     0.00130615     
0.00123291     0.0012085     0.00124512     0.00115967     
0.00113525     0.00115967     0.00113525     0.0010498     
0.00102539     0.00098877     0.000939941     0.000756836     
0.000793457     0.000744629     0.000585938     0.000500488     
0.000549316     0.000378418     0.000378418     0.000292969     
0.000244141     0.00020752     0.000134277     0.000146484     
0.000146484     0.000109863     6.10352e-05     0.000158691     
6.10352e-05     8.54492e-05     0.00020752     0.00020752     
0.00020752     0.000280762     0.000366211     0.000415039     
0.000402832     0.000524902     0.000610352     0.00065918     
0.000720215     0.000842285     0.000830078     0.00101318     
0.000939941     0.00101318     0.00108643     0.00100098     
0.00108643     0.000976563     0.000854492     0.000817871     
0.000842285     0.000866699     0.000805664     0.000891113     
0.000830078     0.000793457     0.000878906     0.000952148     
0.000964355     0.00106201     0.00108643     0.00115967     
0.00108643     0.000939941     0.00115967     0.000952148     
0.000915527     0.000769043     0.000805664     0.000671387     
0.000598145     0.00045166     0.000439453     0.000305176     
0.000341797     0.000256348     0.000219727     0.000256348     
0.000183105     0.000146484     0.000134277     0.000170898     
0.00020752     0.000244141     0.00032959     0.000354004     
0.000390625     0.000488281     0.000549316     0.000695801     
0.00065918     0.000744629     0.000842285     0.000866699     
0.000952148     0.00106201     0.0010498     0.00106201     
0.00112305     0.00111084     0.00130615     0.0012207     
0.00125732     0.00137939     0.00140381     0.00141602     
0.00135498     0.00142822     0.0013916     0.00134277     
0.00125732     0.0012085     0.00102539     0.000915527     
0.000939941     0.000793457     0.00078125     0.000512695     
0.000561523     0.00057373     0.000500488     0.000476074     
0.000524902     0.000561523     0.000561523     0.000524902     
0.00057373     0.00065918     0.000708008     0.000793457     
0.000817871     0.000915527     0.000854492     0.00100098     
0.000976563     0.00098877     0.0010376     0.0010376     
0.00100098     0.00102539     0.000976563     0.000952148     
0.000878906     0.000842285     0.000830078     0.000817871     
0.000744629     0.000683594     0.000769043     0.00078125     
0.000744629     0.000756836     0.00078125     0.000854492     
0.000830078     0.000830078     0.00098877     0.000866699     
0.000854492     0.000817871     0.000939941     0.000793457     
0.000817871     0.000769043     0.000830078     0.000744629     
0.000793457     0.000805664     0.000878906     0.000915527     
0.000964355     0.00106201     0.00124512     0.00129395     
0.00135498     0.00144043     0.00155029     0.00157471     
0.00163574     0.00164795     0.0017334     0.00163574     
0.00164795     0.00164795     0.00158691     0.00162354     
0.00145264     0.00145264     0.00144043     0.00146484     
0.00150146     0.00135498     0.00126953     0.00130615     
0.00125732     0.0012085     0.00111084     0.00108643     
0.00098877     0.00090332     0.000964355     0.000842285     
0.000720215     0.000732422     0.000756836     0.000695801     
0.000744629     0.000830078     0.000756836     0.000769043     
0.000952148     0.000927734     0.0010498     0.000915527     
0.00108643     0.00100098     0.00111084     0.00102539     
0.00119629     0.00113525     0.0012085     0.0012207     
0.00113525     0.00115967     0.00128174     0.00114746     
0.00111084     0.00117188     0.00115967     0.00101318     
0.00102539     0.000952148     0.000939941     0.000830078     
0.000866699     0.000915527     0.000927734     0.000976563     
0.000976563     0.0010498     0.00106201     0.00126953     
0.00118408     0.00126953     0.00135498     0.00134277     
0.00137939     0.00133057     0.00131836     0.00125732     
0.00123291     0.0012085     0.00115967     0.00114746     
0.00102539     0.000976563     0.00102539     0.000952148     
0.000939941     0.000817871     0.00098877     0.000793457     
0.000793457     0.000744629     0.000805664     0.000683594     
0.000683594     0.000695801     0.000744629     0.000793457     
0.000720215     0.000732422     0.000854492     0.000939941     
0.00106201     0.0010376     0.00114746     0.00112305     
0.00113525     0.00125732     0.00124512     0.00124512     
0.00126953     0.00117188     0.00118408     0.00109863     
0.00111084     0.00112305     0.000915527     0.000793457     
0.000720215     0.000622559     0.000561523     0.000427246     
0.000292969     0.000195313     0.000231934     0.000158691     
9.76563e-05     0.000134277     0.00020752     0.000305176     
0.000292969     0.000317383     0.000292969     0.000378418     
0.00032959     0.000268555     0.000292969     0.000244141     
0.000292969     0.000158691     0.000158691     9.76563e-05     
0.00020752     0.000146484     0.000244141     0.000170898     
0.000341797     0.000256348     0.00032959     0.000415039     
0.000512695     0.000463867     0.000646973     0.000610352     
0.000622559     0.000708008     0.000634766     0.000610352     
0.00057373     0.00065918     0.000683594     0.000744629     
0.000695801     0.000732422     0.000793457     0.000817871     
0.000793457     0.00098877     0.00107422     0.00114746     
0.00109863     0.0012085     0.00124512     0.00129395     
0.00133057     0.0013916     0.00133057     0.00124512     
0.0012085     0.0012207     0.00124512     0.0012207     
0.00114746     0.00114746     0.00117188     0.0012085     
0.00111084     0.00111084     0.00117188     0.00124512     
0.00109863     0.00113525     0.00126953     0.000952148     
0.000952148     0.000830078     0.000805664     0.000610352     
0.000537109     0.000354004     0.000244141     0.000231934     
0.000109863     2.44141e-05     6.10352e-05     0.000170898     
0.000183105     0.000170898     0.000415039     0.000500488     
0.000598145     0.000561523     0.000708008     0.000805664     
0.000842285     0.000964355     0.0010376     0.00107422     
0.00109863     0.00119629     0.00115967     0.00124512     
0.00128174     0.00125732     0.00129395     0.00129395     
0.00113525     0.00114746     0.00118408     0.0010376     
0.000939941     0.000952148     0.000939941     0.000891113     
0.000793457     0.000805664     0.000830078     0.000708008     
0.000744629     0.000695801     0.000769043     0.000622559     
0.000695801     0.000512695     0.000512695     0.000366211     
0.000402832     0.000256348     0.000268555     0.00012207     
0.000195313     6.10352e-05     0.000134277     0.000158691     
0.000158691     0.000219727     0.000280762     0.000378418     
0.000463867     0.000463867     0.000561523     0.000598145     
0.00057373     0.000646973     0.000708008     0.000671387     
0.00065918     0.000622559     0.000683594     0.000708008     
0.000561523     0.000610352     0.00065918     0.000622559     
0.000598145     0.000488281     0.00057373     0.00057373     
0.000561523     0.000561523     0.000585938     0.000708008     
0.000598145     0.000695801     0.000720215     0.000683594     
0.000720215     0.000622559     0.000769043     0.000708008     
0.000622559     0.000598145     0.000598145     0.000390625     
0.000463867     0.000354004     0.000268555     0.000317383     
0.000268555     0.000244141     0.000280762     0.000378418     
0.000427246     0.000488281     0.000598145     0.000708008     
0.00065918     0.000866699     0.00100098     0.00106201     
0.00115967     0.00124512     0.00137939     0.00145264     
0.00136719     0.00140381     0.00144043     0.00124512     
0.00125732     0.00112305     0.00106201     0.000915527     
0.000805664     0.000732422     0.000646973     0.000549316     
0.000561523     0.000500488     0.000549316     0.000671387     
0.000634766     0.000646973     0.000622559     0.000732422     
0.000720215     0.000732422     0.000708008     0.000769043     
0.000622559     0.000585938     0.000585938     0.000463867     
0.000537109     0.000524902     0.000537109     0.000512695     
0.00065918     0.000720215     0.000720215     0.000708008     
0.000939941     0.000866699     0.00090332     0.000854492     
0.000842285     0.000927734     0.000756836     0.000744629     
0.000610352     0.000622559     0.000585938     0.000488281     

