Source : transient; Time : Wed Jun 14 06:26:12 2017
B0 = 3188.000000 Gauss, mw = 9.686280 GHz
 NDI-T2 sa261 20/2 42/25 523nm/1mJ
1 5000 -1.001e-06 8.997e-06 0 0
s                        V                                                 
-0.000402832     -0.000244141     -0.000268555     -9.76563e-05     
-0.00020752     -0.000158691     -3.66211e-05     0.000134277     
-2.44141e-05     0.000158691     0.000183105     0.000183105     
7.32422e-05     0.000170898     0.000183105     0.000146484     
6.10352e-05     6.10352e-05     0.000183105     -1.2207e-05     
-2.44141e-05     1.2207e-05     1.2207e-05     -0.000109863     
-6.10352e-05     -8.54492e-05     -0.000195313     -0.000195313     
-0.000415039     -0.000476074     -0.000415039     -0.000488281     
-0.000720215     -0.000695801     -0.000732422     -0.000854492     
-0.000891113     -0.000854492     -0.000744629     -0.00065918     
-0.000793457     -0.000695801     -0.000561523     -0.000561523     
-0.000585938     -0.000500488     -0.000378418     -0.000402832     
-0.000463867     -0.000341797     -0.000341797     -0.00032959     
-0.000366211     -0.000402832     -0.000341797     -0.000317383     
-0.000415039     -0.000280762     -0.000427246     -0.000354004     
-0.00045166     -0.000476074     -0.000476074     -0.000537109     
-0.000537109     -0.000488281     -0.000476074     -0.000549316     
-0.000500488     -0.000439453     -0.000280762     -0.000305176     
-0.000280762     -0.000219727     -7.32422e-05     -3.66211e-05     
-7.32422e-05     1.2207e-05     0.000158691     0.00012207     
8.54492e-05     0.000134277     0.00020752     0.000183105     
0.000146484     0.000109863     0.000256348     0.00012207     
0     -2.44141e-05     -4.88281e-05     -4.88281e-05     
-0.000183105     -0.000231934     -0.00012207     -0.000256348     
-0.000317383     -0.000305176     -0.000170898     -0.000134277     
-0.000341797     -0.000109863     3.66211e-05     0     
-4.88281e-05     8.54492e-05     0.000134277     0.000231934     
0.000134277     0.000195313     0.000305176     0.000354004     
0.000244141     0.000354004     0.000341797     0.000390625     
0.000341797     0.000292969     0.00045166     0.000292969     
0.000268555     0.00020752     0.000305176     3.66211e-05     
3.66211e-05     1.2207e-05     -7.32422e-05     -0.00012207     
-0.000134277     -0.000183105     -6.10352e-05     -3.66211e-05     
-8.54492e-05     0     0.000109863     2.44141e-05     
0.000109863     0.000256348     0.000354004     0.000292969     
0.000305176     0.000390625     0.000439453     0.000366211     
0.000402832     0.000354004     0.000463867     0.000427246     
0.000378418     0.000378418     0.000415039     0.00045166     
0.000317383     0.000341797     0.000463867     0.00032959     
0.000231934     0.000366211     0.000268555     0.000305176     
0.000170898     0.000366211     0.000268555     0.000183105     
9.76563e-05     0.000244141     0.000268555     0.000109863     
0.000244141     0.000244141     0.00020752     0.000195313     
0.000195313     0.000170898     0.000354004     0.000341797     
0.00020752     0.000366211     0.000500488     0.000366211     
0.000341797     0.000317383     0.00032959     0.000256348     
0.000109863     3.66211e-05     4.88281e-05     -0.000134277     
-0.000280762     -0.000292969     -0.000292969     -0.000195313     
-0.000317383     -0.000305176     -0.000109863     1.2207e-05     
-7.32422e-05     0.00012207     0.000268555     0.000354004     
0.000305176     0.000500488     0.000476074     0.000512695     
0.000402832     0.000439453     0.000439453     0.000378418     
0.00020752     0.000317383     0.000244141     0.000256348     
0.000195313     0.000292969     0.000341797     0.000378418     
0.00032959     0.000317383     0.000537109     0.000402832     
0.000402832     0.000476074     0.000610352     0.000390625     
0.000488281     0.000463867     0.000476074     0.000439453     
0.000415039     0.000341797     0.000488281     0.000439453     
0.000341797     0.000378418     0.000378418     0.000268555     
0.000256348     0.000256348     0.000366211     0.000354004     
0.000231934     0.000378418     0.000305176     0.000292969     
0.000354004     0.000402832     0.000354004     0.000402832     
0.000390625     0.000390625     0.000268555     0.000378418     
0.000268555     0.000354004     0.000280762     0.000195313     
4.88281e-05     0.000195313     0.000256348     0.000158691     
6.10352e-05     0.000244141     0.000244141     0.000341797     
0.000292969     0.000415039     0.000537109     0.000537109     
0.00065918     0.000549316     0.000708008     0.000622559     
0.000610352     0.00045166     0.000402832     0.000292969     
4.88281e-05     -8.54492e-05     -1.2207e-05     -0.000292969     
-0.000292969     -0.000366211     -0.000402832     -0.000415039     
-0.000463867     -0.000488281     -0.00032959     -0.000402832     
-0.00032959     -0.000268555     -0.000280762     -0.000256348     
-0.000390625     -0.000280762     -0.000134277     -0.000219727     
-0.000305176     -0.000341797     -0.000195313     -0.000134277     
-0.00032959     -0.000219727     -0.000183105     -8.54492e-05     
-0.000183105     -0.00012207     0     0.00012207     
-1.2207e-05     0.00012207     0.000158691     0.00012207     
7.32422e-05     0.000195313     0.000219727     0.000134277     
3.66211e-05     2.44141e-05     0.000268555     0.000146484     
7.32422e-05     0.000219727     0.000292969     0.000134277     
0.000146484     0.000219727     0.000268555     0.000183105     
0     8.54492e-05     0.000134277     1.2207e-05     
-6.10352e-05     -3.66211e-05     -9.76563e-05     -7.32422e-05     
-0.000158691     -0.000134277     -4.88281e-05     -9.76563e-05     
-0.000268555     -8.54492e-05     -8.54492e-05     -0.000219727     
-0.000256348     -0.000134277     -0.000183105     -0.000146484     
-0.000231934     -0.000256348     -0.000183105     -0.00020752     
-0.000317383     -0.000231934     -0.000244141     -0.000231934     
-0.000427246     -0.000366211     -0.000317383     -0.000439453     
-0.000500488     -0.000402832     -0.00032959     -0.000292969     
-0.000390625     -0.000280762     -0.000146484     -0.000231934     
-6.10352e-05     -8.54492e-05     -4.88281e-05     1.2207e-05     
0     -4.88281e-05     0.000244141     0.000134277     
3.66211e-05     0.000158691     0.000244141     0.000158691     
9.76563e-05     4.88281e-05     4.88281e-05     -1.2207e-05     
-7.32422e-05     -9.76563e-05     -2.44141e-05     -0.00012207     
-0.000183105     -0.000244141     -0.00020752     -0.000109863     
-0.000195313     -0.00020752     -3.66211e-05     -6.10352e-05     
-0.00012207     -4.88281e-05     0     -2.44141e-05     
-0.000109863     -2.44141e-05     -1.2207e-05     0     
-0.000109863     -0.00012207     -9.76563e-05     -6.10352e-05     
-0.000268555     -0.000219727     -0.000231934     -0.000183105     
-0.000378418     -0.000280762     -0.000390625     -0.000402832     
-0.000488281     -0.000488281     -0.000354004     -0.000488281     
-0.000537109     -0.000463867     -0.000292969     -0.00045166     
-0.000305176     -0.000256348     -0.000268555     -0.000231934     
-0.000256348     -0.000268555     -0.000195313     -0.000219727     
-0.00020752     -0.000195313     -0.000219727     -0.000268555     
-0.000280762     -0.000317383     -0.000219727     -0.000268555     
-0.000354004     -0.00020752     -0.000158691     -0.000268555     
-0.000231934     -0.000244141     -0.00020752     -0.000170898     
-0.000256348     -0.000231934     -0.000268555     -0.000231934     
-0.000390625     -0.000317383     -0.00032959     -0.000390625     
-0.000488281     -0.000317383     -0.000256348     -0.000256348     
-0.000366211     -0.000256348     -0.00020752     -0.000231934     
-0.000341797     -0.000256348     -0.000292969     -0.000402832     
-0.000390625     -0.000488281     -0.000390625     -0.000549316     
-0.000610352     -0.000695801     -0.000537109     -0.00065918     
-0.000720215     -0.000683594     -0.000463867     -0.000476074     
-0.000305176     -0.000292969     -7.32422e-05     3.66211e-05     
3.66211e-05     9.76563e-05     0.00032959     0.000219727     
0.000280762     0.000317383     0.00020752     0.000158691     
-4.88281e-05     -0.000158691     -3.66211e-05     -0.000170898     
-0.000378418     -0.000390625     -0.000244141     -0.000256348     
-0.000402832     -0.000195313     -4.88281e-05     8.54492e-05     
6.10352e-05     0.000231934     0.000378418     0.000463867     
0.000390625     0.000500488     0.000585938     0.000561523     
0.000341797     0.000439453     0.00045166     0.00020752     
0.000134277     -1.2207e-05     0.000244141     1.2207e-05     
-0.000109863     -2.44141e-05     0.000134277     -3.66211e-05     
-0.000109863     0     0.000158691     8.54492e-05     
0.000134277     0.000231934     0.000390625     0.000366211     
0.000268555     0.000415039     0.000427246     0.000476074     
0.000476074     0.000402832     0.000415039     0.000378418     
0.000256348     0.000366211     0.000305176     0.000292969     
0.000170898     0.000231934     0.000219727     0.000109863     
1.2207e-05     3.66211e-05     -6.10352e-05     -9.76563e-05     
-0.000378418     -0.000366211     -0.000488281     -0.000805664     
-0.00108643     -0.00123291     -0.00147705     -0.00185547     
-0.00235596     -0.00255127     -0.00299072     -0.00339355     
-0.00402832     -0.00455322     -0.00489502     -0.00557861     
-0.00601807     -0.00668945     -0.00721436     -0.00761719     
-0.00820313     -0.00882568     -0.00914307     -0.00969238     
-0.0102173     -0.0106201     -0.0109253     -0.0115723     
-0.0120361     -0.0124512     -0.0128296     -0.0131836     
-0.0137817     -0.0141968     -0.0145508     -0.0151123     
-0.0155518     -0.015979     -0.0163696     -0.0168091     
-0.0174683     -0.0177002     -0.0182251     -0.0186157     
-0.0191772     -0.0195679     -0.0198975     -0.0203857     
-0.0210083     -0.0212402     -0.0216431     -0.0220825     
-0.0226074     -0.0230469     -0.0233643     -0.0237549     
-0.024292     -0.0245483     -0.0249268     -0.0254395     
-0.0259033     -0.0262573     -0.0266357     -0.0270996     
-0.027478     -0.027832     -0.0280396     -0.0284668     
-0.028833     -0.0290894     -0.0292236     -0.0296387     
-0.029895     -0.0301636     -0.0304443     -0.0307739     
-0.031189     -0.031543     -0.0318237     -0.0322144     
-0.032605     -0.0329346     -0.033252     -0.0335449     
-0.0338501     -0.0341797     -0.0343384     -0.0346191     
-0.0350586     -0.0352295     -0.0354736     -0.0358032     
-0.0362549     -0.0363281     -0.0366577     -0.0369873     
-0.0372681     -0.0375122     -0.0377808     -0.0379517     
-0.0383179     -0.038501     -0.038623     -0.0388062     
-0.0391357     -0.0392578     -0.0394653     -0.0396118     
-0.0399902     -0.0401001     -0.0402954     -0.0405396     
-0.0408325     -0.0410522     -0.0411865     -0.0414917     
-0.0416748     -0.0419556     -0.0421021     -0.0423218     
-0.0425049     -0.0428223     -0.0428955     -0.0431152     
-0.0434082     -0.0435669     -0.0436401     -0.0438599     
-0.0439575     -0.0441284     -0.044104     -0.0441162     
-0.0442993     -0.0443359     -0.0442627     -0.0443848     
-0.0443848     -0.0443604     -0.0444702     -0.0444336     
-0.0446655     -0.0446533     -0.0446777     -0.0447144     
-0.0448364     -0.0449951     -0.0449829     -0.0451538     
-0.0453613     -0.0453613     -0.04552     -0.0456055     
-0.0457153     -0.0458008     -0.045813     -0.0458984     
-0.0460693     -0.0460449     -0.0460693     -0.0459229     
-0.0460938     -0.0459595     -0.0458862     -0.0459351     
-0.0459595     -0.0460571     -0.0457886     -0.0459717     
-0.0458984     -0.0458984     -0.0458496     -0.0460693     
-0.0460083     -0.0459839     -0.0460327     -0.0460571     
-0.0460693     -0.0460815     -0.0458374     -0.0458862     
-0.0459839     -0.045813     -0.0456543     -0.0455933     
-0.0455933     -0.0455322     -0.0454224     -0.0453613     
-0.0455566     -0.0453735     -0.0453613     -0.0454102     
-0.0454224     -0.0453491     -0.0453369     -0.0453979     
-0.0455444     -0.0453735     -0.0453857     -0.0453003     
-0.0453247     -0.0451294     -0.0450928     -0.0449341     
-0.044873     -0.0446899     -0.0445435     -0.0443726     
-0.0443237     -0.0441284     -0.0439941     -0.0438721     
-0.0437134     -0.0436523     -0.0434448     -0.0433594     
-0.0432739     -0.0432251     -0.0429565     -0.0428589     
-0.0428345     -0.0427856     -0.0424194     -0.0424438     
-0.0423828     -0.0422119     -0.0419678     -0.0420166     
-0.0419189     -0.041748     -0.0415039     -0.0414063     
-0.0413086     -0.0411621     -0.0408203     -0.0406982     
-0.0406372     -0.0403687     -0.0401367     -0.039856     
-0.0398438     -0.0395264     -0.0392456     -0.0391602     
-0.0391479     -0.0388916     -0.0386841     -0.0385742     
-0.0385864     -0.0383057     -0.0383057     -0.0381836     
-0.0381836     -0.0379639     -0.0378296     -0.0377686     
-0.0377686     -0.0375366     -0.0374023     -0.0372559     
-0.0373047     -0.0371094     -0.0369263     -0.0367676     
-0.0366211     -0.0366211     -0.0364502     -0.0362915     
-0.0362793     -0.0361206     -0.0359375     -0.0359863     
-0.0358521     -0.0357056     -0.0355713     -0.0354004     
-0.0353271     -0.0351807     -0.0348511     -0.0347778     
-0.0345215     -0.0343018     -0.0341431     -0.0340332     
-0.0339111     -0.0337891     -0.0334839     -0.0335449     
-0.0335938     -0.0333618     -0.0333496     -0.0332275     
-0.0332153     -0.03302     -0.0328857     -0.0328247     
-0.032666     -0.0324585     -0.0323486     -0.0320923     
-0.0320557     -0.0317383     -0.0315186     -0.0312866     
-0.0312378     -0.030957     -0.0307251     -0.0305786     
-0.0305542     -0.0301636     -0.0299438     -0.0297974     
-0.0297607     -0.0295288     -0.0292847     -0.0293091     
-0.0291504     -0.0290405     -0.0287964     -0.0287598     
-0.0286743     -0.0286011     -0.0283447     -0.0282837     
-0.0282959     -0.028125     -0.0278809     -0.0278442     
-0.0276245     -0.0275513     -0.0274292     -0.0271851     
-0.0271973     -0.027063     -0.0268677     -0.0268677     
-0.0267578     -0.0266602     -0.0266113     -0.0265137     
-0.0265747     -0.0264648     -0.0264404     -0.0263306     
-0.0263794     -0.0262817     -0.0260254     -0.0260376     
-0.026062     -0.0256836     -0.0255127     -0.0253906     
-0.0253052     -0.0250977     -0.0249756     -0.0247437     
-0.0248169     -0.0246338     -0.0243896     -0.0243286     
-0.0242432     -0.0241089     -0.023999     -0.023877     
-0.0238892     -0.0238892     -0.0235474     -0.0236328     
-0.0235229     -0.0234131     -0.0232422     -0.0232422     
-0.0229858     -0.0229492     -0.0227905     -0.022644     
-0.0225708     -0.0223999     -0.022229     -0.0222656     
-0.0223022     -0.022229     -0.0221558     -0.0222778     
-0.0223145     -0.0223633     -0.0223633     -0.0224854     
-0.0226318     -0.0226196     -0.022644     -0.0226563     
-0.0226807     -0.022644     -0.0227051     -0.0226929     
-0.0226563     -0.022583     -0.0225342     -0.0223877     
-0.0223755     -0.02229     -0.0222168     -0.0221558     
-0.0221802     -0.021875     -0.0218262     -0.0217773     
-0.0217407     -0.0215454     -0.021521     -0.0215088     
-0.0214966     -0.0213867     -0.0213257     -0.0213989     
-0.0212891     -0.0212646     -0.0212036     -0.0211792     
-0.0212036     -0.0212402     -0.0210083     -0.0210205     
-0.0212158     -0.0210815     -0.0210815     -0.0212891     
-0.0213257     -0.0214233     -0.0213989     -0.021521     
-0.0216919     -0.0217041     -0.0216064     -0.0217285     
-0.0218018     -0.0217285     -0.0216797     -0.0216309     
-0.0217041     -0.0216919     -0.0215576     -0.0215698     
-0.0215942     -0.0215698     -0.0214233     -0.0214233     
-0.0215088     -0.0214233     -0.0213501     -0.0212402     
-0.0213745     -0.0212769     -0.0212158     -0.021167     
-0.0213135     -0.0212524     -0.0212524     -0.0213379     
-0.02146     -0.0213135     -0.0213501     -0.02146     
-0.0214844     -0.0216309     -0.0213989     -0.0214966     
-0.0216064     -0.0216553     -0.0215088     -0.0216675     
-0.0216187     -0.0217896     -0.0218384     -0.0217773     
-0.0219604     -0.0220459     -0.0219849     -0.0220947     
-0.0221924     -0.0220947     -0.0221313     -0.0221069     
-0.0222046     -0.022168     -0.0219604     -0.0219238     
-0.0220459     -0.0218262     -0.0217407     -0.0217896     
-0.0219116     -0.021814     -0.0218018     -0.0217773     
-0.0218506     -0.0218628     -0.0219116     -0.0218628     
-0.0221069     -0.0220337     -0.0221191     -0.0221924     
-0.0223511     -0.0222412     -0.0222656     -0.0222656     
-0.0224121     -0.0222656     -0.0222412     -0.0222168     
-0.0221924     -0.0222046     -0.0219849     -0.0221069     
-0.0219482     -0.0219971     -0.021936     -0.0218262     
-0.0218872     -0.021936     -0.0218506     -0.0218262     
-0.0220215     -0.0219971     -0.0220093     -0.0221191     
-0.0221313     -0.0221802     -0.0222656     -0.0222656     
-0.0223267     -0.0223022     -0.0223267     -0.0223511     
-0.0224121     -0.0223145     -0.0223511     -0.0223267     
-0.0224976     -0.0224365     -0.0224487     -0.0225342     
-0.0227051     -0.0227051     -0.0226807     -0.0228516     
-0.0230713     -0.0230835     -0.0230957     -0.0230347     
-0.02323     -0.0232178     -0.023291     -0.0233032     
-0.0234741     -0.0234497     -0.0234375     -0.0234375     
-0.0235718     -0.0236084     -0.0236084     -0.0236694     
-0.0237305     -0.0238037     -0.0234741     -0.0236328     
-0.0236206     -0.0235107     -0.0233032     -0.0234131     
-0.02323     -0.0231201     -0.0230591     -0.0230591     
-0.0230347     -0.0229858     -0.0227417     -0.0228394     
-0.0229004     -0.0227783     -0.0226685     -0.0227051     
-0.0226929     -0.0225464     -0.022522     -0.0224487     
-0.0225586     -0.0224121     -0.0223633     -0.0223511     
-0.0224854     -0.0224731     -0.022583     -0.0226685     
-0.0228271     -0.0228271     -0.022937     -0.022937     
-0.0230957     -0.0231201     -0.0230225     -0.0230591     
-0.02323     -0.0230469     -0.0230225     -0.0229614     
-0.0229614     -0.0228882     -0.0228149     -0.0226807     
-0.0227539     -0.0226318     -0.0224731     -0.0224487     
-0.0223877     -0.0223633     -0.0222412     -0.022168     
-0.0221558     -0.0221436     -0.0219727     -0.0219971     
-0.0219849     -0.0219482     -0.0217285     -0.0217773     
-0.0217407     -0.0216675     -0.0215332     -0.0215088     
-0.0215698     -0.0214722     -0.0213623     -0.0213867     
-0.0213867     -0.0213135     -0.0212646     -0.0212891     
-0.0214355     -0.0214355     -0.0212524     -0.0213257     
-0.0214111     -0.0213867     -0.0212769     -0.0211914     
-0.0213257     -0.0212158     -0.021167     -0.0210815     
-0.0211426     -0.0209717     -0.0209351     -0.0209229     
-0.0209229     -0.020813     -0.0206543     -0.0205688     
-0.0206055     -0.0204468     -0.0203735     -0.0203003     
-0.0202637     -0.0202637     -0.0200928     -0.0202759     
-0.0202637     -0.0201294     -0.0199463     -0.020105     
-0.0200439     -0.0199585     -0.0199341     -0.0199097     
-0.0199097     -0.0198975     -0.0197388     -0.0199097     
-0.0199707     -0.0199341     -0.0198975     -0.0199829     
-0.020105     -0.020105     -0.0199585     -0.0200317     
-0.020166     -0.0200806     -0.0199829     -0.0199341     
-0.0199341     -0.0199829     -0.0198486     -0.0197388     
-0.0197266     -0.0196045     -0.0196533     -0.0195557     
-0.0197266     -0.0195557     -0.0194702     -0.0194458     
-0.0195801     -0.019397     -0.0193237     -0.0192627     
-0.0193481     -0.0191528     -0.0190796     -0.0189209     
-0.0189331     -0.0187256     -0.0185181     -0.0185425     
-0.0183838     -0.0182861     -0.0181396     -0.0181152     
-0.0180908     -0.018042     -0.0178711     -0.0177979     
-0.0179565     -0.0178223     -0.0177612     -0.0177734     
-0.0177979     -0.0177734     -0.0177246     -0.0175659     
-0.017749     -0.0176392     -0.0174316     -0.0175049     
-0.0174316     -0.0172974     -0.0171265     -0.0170166     
-0.0170654     -0.0168945     -0.016687     -0.0166138     
-0.0166626     -0.016626     -0.0165771     -0.0164551     
-0.0165894     -0.0163696     -0.0164673     -0.0164673     
-0.0164307     -0.0164307     -0.0163696     -0.0162598     
-0.0164307     -0.0162354     -0.0162598     -0.0160522     
-0.01604     -0.0159302     -0.0157715     -0.0157227     
-0.0156616     -0.0156128     -0.015332     -0.0153564     
-0.0153564     -0.0152344     -0.0150391     -0.0151733     
-0.014978     -0.0149414     -0.0148926     -0.0147583     
-0.0146606     -0.0146606     -0.0143799     -0.0143799     
-0.0143433     -0.0142944     -0.0142334     -0.0142212     
-0.0142334     -0.0141724     -0.014209     -0.0141724     
-0.0142944     -0.014209     -0.0142578     -0.0143677     
-0.0144897     -0.0143555     -0.0144287     -0.0144531     
-0.0145752     -0.0144775     -0.0145264     -0.0144653     
-0.0146362     -0.0145874     -0.0144897     -0.014502     
-0.0145142     -0.01427     -0.0143311     -0.0141479     
-0.0140137     -0.0138916     -0.0137939     -0.0136841     
-0.0136475     -0.0135254     -0.0133911     -0.0133179     
-0.013269     -0.0132813     -0.013147     -0.0130859     
-0.0130249     -0.0131104     -0.0128296     -0.0128906     
-0.0129883     -0.0129517     -0.0129272     -0.0130249     
-0.0131104     -0.0130737     -0.0130859     -0.0133179     
-0.0134155     -0.0134277     -0.0133789     -0.0134888     
-0.0135986     -0.0136719     -0.0135498     -0.0134766     
-0.0135498     -0.0134888     -0.0133423     -0.0133179     
-0.0133301     -0.013208     -0.0130859     -0.0128784     
-0.0130005     -0.0128784     -0.0128784     -0.0127441     
-0.0128418     -0.0128052     -0.0127319     -0.0127197     
-0.0128906     -0.0128052     -0.0129028     -0.0128174     
-0.0130737     -0.0130615     -0.0130493     -0.0131104     
-0.0131714     -0.0132324     -0.0130981     -0.013208     
-0.013208     -0.0131104     -0.0130005     -0.0130127     
-0.012915     -0.0127319     -0.0126831     -0.0125977     
-0.0125977     -0.0125     -0.0123169     -0.0123657     
-0.0123413     -0.0122925     -0.0123535     -0.0123047     
-0.0122681     -0.0124268     -0.0122803     -0.0123657     
-0.0124634     -0.0123901     -0.0124634     -0.0125122     
-0.0126343     -0.0126587     -0.0126465     -0.012793     
-0.0127686     -0.0127563     -0.0129028     -0.0127808     
-0.012915     -0.012854     -0.012854     -0.0127441     
-0.012793     -0.0126465     -0.0126099     -0.0125244     
-0.0125854     -0.0125244     -0.0124023     -0.0122925     
-0.0123901     -0.0123169     -0.0123413     -0.0123901     
-0.0123535     -0.0123901     -0.0122803     -0.0123535     
-0.0124512     -0.0124512     -0.0123535     -0.0124512     
-0.0126343     -0.0124878     -0.0124512     -0.0125366     
-0.0126099     -0.0126709     -0.0125488     -0.012561     
-0.0127441     -0.0127075     -0.0126099     -0.0127441     
-0.0127197     -0.0127563     -0.0126465     -0.0125732     
-0.0126831     -0.012561     -0.0123779     -0.0121948     
-0.0122192     -0.0121094     -0.0118652     -0.0118286     
-0.0119385     -0.0117188     -0.0116455     -0.0116943     
-0.0117798     -0.0118164     -0.0118164     -0.0119019     
-0.0120972     -0.0120239     -0.0120605     -0.0120361     
-0.0121704     -0.0121704     -0.0121094     -0.012146     
-0.0122803     -0.0123047     -0.0121338     -0.012207     
-0.0122681     -0.0122192     -0.0122314     -0.0123169     
-0.0124023     -0.0123047     -0.0123779     -0.0124268     
-0.0123779     -0.0123901     -0.0123291     -0.0122925     
-0.0123657     -0.0123169     -0.0122681     -0.0123901     
-0.0123657     -0.0124634     -0.0123901     -0.0125366     
-0.0127319     -0.0125977     -0.0126465     -0.0128418     
-0.012915     -0.0128784     -0.012854     -0.0129761     
-0.0130615     -0.0130371     -0.0130615     -0.0130615     
-0.0132202     -0.0130981     -0.0131104     -0.0130371     
-0.0130859     -0.0129639     -0.0129272     -0.0128662     
-0.012854     -0.0127319     -0.0127441     -0.0126465     
-0.0128662     -0.0128296     -0.0127808     -0.0129028     
-0.0128906     -0.0130615     -0.0131592     -0.0131714     
-0.0133057     -0.0133789     -0.0132202     -0.0134033     
-0.0134644     -0.013501     -0.0133789     -0.0134277     
-0.0135132     -0.0134033     -0.0133179     -0.013269     
-0.0132568     -0.0132324     -0.0130737     -0.0131226     
-0.0130493     -0.0130737     -0.0129883     -0.0128662     
-0.0129761     -0.0129395     -0.012915     -0.0129272     
-0.0130249     -0.0129639     -0.0128296     -0.012793     
-0.0129883     -0.0126831     -0.012793     -0.0127441     
-0.0126953     -0.0126953     -0.0127075     -0.0126709     
-0.0128052     -0.0128174     -0.0127808     -0.0129028     
-0.0130737     -0.0130859     -0.0131348     -0.013208     
-0.0131348     -0.0133545     -0.0131348     -0.0132813     
-0.0133423     -0.0132324     -0.0131226     -0.0132202     
-0.0130859     -0.0131226     -0.0130127     -0.0130005     
-0.0129639     -0.0130127     -0.0128296     -0.0128906     
-0.0128906     -0.0128662     -0.012793     -0.012915     
-0.0129272     -0.0129028     -0.0128052     -0.0128662     
-0.012915     -0.0127197     -0.0127075     -0.0127808     
-0.0126831     -0.0125122     -0.0124512     -0.0124634     
-0.0124268     -0.0122681     -0.0123169     -0.0122314     
-0.0123413     -0.0123657     -0.0123291     -0.0123169     
-0.0125     -0.0123779     -0.0123047     -0.0123291     
-0.0123657     -0.0122559     -0.0122192     -0.0121338     
-0.0121582     -0.0121216     -0.0119751     -0.0120483     
-0.012085     -0.0119995     -0.0119019     -0.0118896     
-0.0118896     -0.0120728     -0.0118164     -0.011792     
-0.0119385     -0.0118652     -0.0117188     -0.011792     
-0.0117676     -0.011731     -0.0117554     -0.0117188     
-0.0118408     -0.0117188     -0.0116821     -0.0116211     
-0.0116455     -0.0116089     -0.0114746     -0.0113525     
-0.0114136     -0.0112793     -0.0111694     -0.0110596     
-0.011084     -0.0110596     -0.0108643     -0.0108765     
-0.0110229     -0.0108154     -0.0108643     -0.0108643     
-0.0109009     -0.0107422     -0.0107422     -0.0106812     
-0.0107544     -0.0106689     -0.0105591     -0.0105469     
-0.0106934     -0.0105835     -0.0105957     -0.0105591     
-0.0107178     -0.0107178     -0.0106689     -0.0107422     
-0.0108154     -0.0107788     -0.0105957     -0.01073     
-0.0106812     -0.0106323     -0.0105591     -0.0104858     
-0.0104736     -0.0104248     -0.0102051     -0.0102295     
-0.0102417     -0.0100586     -0.00994873     -0.00996094     
-0.0098999     -0.00976563     -0.00969238     -0.00976563     
-0.00985107     -0.00975342     -0.00987549     -0.00993652     
-0.00998535     -0.00999756     -0.0101318     -0.0101807     
-0.0102661     -0.0104126     -0.0103638     -0.0103271     
-0.0105103     -0.0105347     -0.0104858     -0.0104858     
-0.0105225     -0.010498     -0.0103882     -0.0102661     
-0.0103638     -0.010144     -0.010022     -0.0100098     
-0.010022     -0.00987549     -0.00959473     -0.00969238     
-0.00958252     -0.00968018     -0.00948486     -0.00957031     
-0.00961914     -0.009729     -0.00957031     -0.00958252     
-0.00983887     -0.00980225     -0.00966797     -0.00982666     
-0.00980225     -0.00976563     -0.00961914     -0.00966797     
-0.00949707     -0.00950928     -0.00936279     -0.00930176     
-0.00915527     -0.00908203     -0.00898438     -0.00883789     
-0.00894775     -0.00882568     -0.00860596     -0.00871582     
-0.00875244     -0.00865479     -0.00848389     -0.00861816     
-0.00872803     -0.00852051     -0.00845947     -0.00852051     
-0.00860596     -0.00841064     -0.0083252     -0.00831299     
-0.00837402     -0.00810547     -0.00804443     -0.00805664     
-0.00804443     -0.0079834     -0.00791016     -0.00794678     
-0.00794678     -0.00799561     -0.00791016     -0.00812988     
-0.00825195     -0.0083374     -0.00823975     -0.00852051     
-0.00854492     -0.00852051     -0.0086792     -0.00874023     
-0.00882568     -0.00880127     -0.00875244     -0.00888672     
-0.00888672     -0.00876465     -0.00878906     -0.00878906     
-0.00882568     -0.00875244     -0.00860596     -0.00853271     
-0.00853271     -0.00826416     -0.00820313     -0.0081665     
-0.00810547     -0.0079834     -0.00792236     -0.00786133     
-0.00782471     -0.00775146     -0.00778809     -0.00771484     
-0.00792236     -0.00786133     -0.00789795     -0.00788574     
-0.00799561     -0.00794678     -0.0079834     -0.00800781     
-0.00823975     -0.00805664     -0.00802002     -0.00814209     
-0.00826416     -0.0081665     -0.00805664     -0.00821533     
-0.00814209     -0.00811768     -0.00803223     -0.00804443     
-0.00797119     -0.00802002     -0.00786133     -0.00788574     
-0.00793457     -0.00808105     -0.00787354     -0.00797119     
-0.00804443     -0.00805664     -0.00799561     -0.0079834     
-0.00821533     -0.0081665     -0.00804443     -0.00806885     
-0.00808105     -0.00802002     -0.00806885     -0.00795898     
-0.00811768     -0.00811768     -0.00797119     -0.0081665     
-0.00831299     -0.0083374     -0.00834961     -0.0085083     
-0.00878906     -0.00875244     -0.00881348     -0.00887451     
-0.00893555     -0.0088623     -0.00887451     -0.00880127     
-0.00900879     -0.00881348     -0.0086792     -0.00860596     
-0.00865479     -0.00860596     -0.00847168     -0.0085083     
-0.00845947     -0.00858154     -0.00838623     -0.00845947     
-0.00858154     -0.00855713     -0.0085083     -0.00870361     
-0.00874023     -0.0086792     -0.00880127     -0.00887451     
-0.00893555     -0.00898438     -0.00893555     -0.00895996     
-0.00904541     -0.00893555     -0.00895996     -0.00891113     
-0.0088501     -0.00895996     -0.00888672     -0.00880127     
-0.00895996     -0.0088623     -0.00888672     -0.00895996     
-0.00899658     -0.00900879     -0.00899658     -0.00906982     
-0.00908203     -0.00905762     -0.00909424     -0.0090332     
-0.00919189     -0.00904541     -0.00900879     -0.0090332     
-0.00917969     -0.00894775     -0.00887451     -0.00882568     
-0.0088501     -0.00870361     -0.00863037     -0.00845947     
-0.00845947     -0.00839844     -0.0081665     -0.00822754     
-0.00809326     -0.00804443     -0.0079834     -0.00793457     
-0.00797119     -0.00794678     -0.00787354     -0.00793457     
-0.00805664     -0.00809326     -0.00797119     -0.00799561     
-0.0079834     -0.00810547     -0.00802002     -0.00795898     
-0.00809326     -0.00810547     -0.00799561     -0.00821533     
-0.00826416     -0.00834961     -0.00820313     -0.00827637     
-0.0085083     -0.00842285     -0.00834961     -0.00845947     
-0.00855713     -0.00864258     -0.00852051     -0.00854492     
-0.00855713     -0.00847168     -0.00834961     -0.00822754     
-0.00830078     -0.00822754     -0.00809326     -0.00805664     
-0.00811768     -0.00810547     -0.00806885     -0.00808105     
-0.00831299     -0.00837402     -0.00830078     -0.00848389     
-0.00860596     -0.00863037     -0.00847168     -0.00863037     
-0.0086792     -0.00861816     -0.00838623     -0.00858154     
-0.0085083     -0.00834961     -0.00839844     -0.00830078     
-0.00842285     -0.00842285     -0.00826416     -0.00841064     
-0.00847168     -0.00839844     -0.00852051     -0.00854492     
-0.00855713     -0.00860596     -0.00844727     -0.00853271     
-0.00860596     -0.0085083     -0.00852051     -0.0085083     
-0.00855713     -0.00844727     -0.00837402     -0.00837402     
-0.00834961     -0.00808105     -0.00810547     -0.00806885     
-0.00825195     -0.00819092     -0.00804443     -0.00820313     
-0.00834961     -0.00827637     -0.00834961     -0.00842285     
-0.00870361     -0.00852051     -0.00855713     -0.00860596     
-0.00869141     -0.00859375     -0.0085083     -0.00859375     
-0.00845947     -0.00853271     -0.00827637     -0.00821533     
-0.00823975     -0.00836182     -0.0081665     -0.00826416     
-0.00834961     -0.0083252     -0.00823975     -0.00844727     
-0.00837402     -0.00842285     -0.00836182     -0.00839844     
-0.0085083     -0.00841064     -0.00823975     -0.00834961     
-0.00823975     -0.00825195     -0.0081543     -0.00799561     
-0.00817871     -0.00804443     -0.00794678     -0.00791016     
-0.00799561     -0.00786133     -0.00778809     -0.0078125     
-0.00797119     -0.0079834     -0.00809326     -0.00819092     
-0.0083252     -0.00839844     -0.00845947     -0.00843506     
-0.00869141     -0.0086792     -0.00872803     -0.00861816     
-0.00874023     -0.00861816     -0.0085083     -0.00847168     
-0.00844727     -0.00839844     -0.00814209     -0.00814209     
-0.00810547     -0.00799561     -0.00792236     -0.00805664     
-0.00783691     -0.00789795     -0.00791016     -0.00788574     
-0.00788574     -0.00793457     -0.00789795     -0.00792236     
-0.00808105     -0.00802002     -0.00802002     -0.00805664     
-0.00814209     -0.00814209     -0.00804443     -0.0081543     
-0.00827637     -0.0081665     -0.00820313     -0.00800781     
-0.00812988     -0.00812988     -0.00806885     -0.00808105     
-0.00812988     -0.00811768     -0.00804443     -0.00808105     
-0.00823975     -0.00830078     -0.00823975     -0.00834961     
-0.00854492     -0.00852051     -0.00856934     -0.00861816     
-0.00869141     -0.00865479     -0.00856934     -0.00853271     
-0.00858154     -0.00849609     -0.00826416     -0.00827637     
-0.0081665     -0.00811768     -0.00808105     -0.00795898     
-0.00792236     -0.00799561     -0.00773926     -0.00773926     
-0.00775146     -0.0076416     -0.00742188     -0.0074707     
-0.00742188     -0.00725098     -0.00720215     -0.00701904     
-0.00709229     -0.00698242     -0.00682373     -0.00683594     
-0.00693359     -0.00687256     -0.00673828     -0.00673828     
-0.0069458     -0.00686035     -0.00683594     -0.00686035     
-0.00704346     -0.00698242     -0.00687256     -0.00699463     
-0.00706787     -0.00693359     -0.0069458     -0.00686035     
-0.00693359     -0.0069458     -0.00688477     -0.00683594     
-0.00698242     -0.00692139     -0.00690918     -0.00699463     
-0.00712891     -0.00703125     -0.00704346     -0.00703125     
-0.00701904     -0.0071167     -0.00686035     -0.00692139     
-0.00699463     -0.00678711     -0.00664063     -0.00679932     
-0.006604     -0.00655518     -0.00662842     -0.00668945     
-0.00661621     -0.00673828     -0.00672607     -0.00687256     
-0.00695801     -0.00695801     -0.00710449     -0.00714111     
-0.00722656     -0.00737305     -0.00732422     -0.00744629     
-0.00748291     -0.00743408     -0.00748291     -0.00750732     
-0.00753174     -0.00738525     -0.00737305     -0.00749512     
-0.00740967     -0.00727539     -0.00720215     -0.00717773     
-0.00727539     -0.00714111     -0.00706787     -0.00703125     
-0.00698242     -0.00689697     -0.00700684     -0.00693359     
-0.00695801     -0.00689697     -0.00687256     -0.00686035     
-0.0069458     -0.0067749     -0.0067627     -0.00690918     
-0.00675049     -0.00678711     -0.00670166     -0.00666504     
-0.00664063     -0.00667725     -0.00650635     -0.00661621     
-0.00675049     -0.006604     -0.00649414     -0.00655518     
-0.00655518     -0.00653076     -0.00628662     -0.00637207     
-0.00631104     -0.00615234     -0.00601807     -0.00606689     
-0.00600586     -0.00594482     -0.00599365     -0.00596924     
-0.00620117     -0.00615234     -0.00614014     -0.00621338     
-0.00631104     -0.00627441     -0.00625     -0.00618896     
-0.00635986     -0.00618896     -0.00615234     -0.00604248     
-0.00616455     -0.00600586     -0.005896     -0.00588379     
-0.00598145     -0.00577393     -0.00582275     -0.00581055     
-0.00588379     -0.00578613     -0.00574951     -0.0057373     
-0.00581055     -0.00584717     -0.00565186     -0.00583496     
-0.00587158     -0.00587158     -0.00584717     -0.00612793     
-0.0060791     -0.00614014     -0.00620117     -0.00626221     
-0.00627441     -0.00633545     -0.00618896     -0.00626221     
-0.00634766     -0.00614014     -0.00616455     -0.00616455     
-0.00606689     -0.00601807     -0.00592041     -0.00593262     
-0.00598145     -0.00587158     -0.00578613     -0.00583496     
-0.00578613     -0.00570068     -0.00560303     -0.00576172     
-0.00566406     -0.00556641     -0.0055542     -0.00550537     
-0.00556641     -0.00552979     -0.0055542     -0.00560303     
-0.00566406     -0.00561523     -0.00563965     -0.00567627     
-0.0057251     -0.00570068     -0.00566406     -0.00579834     
-0.00584717     -0.00582275     -0.00577393     -0.00588379     
-0.00581055     -0.00588379     -0.00579834     -0.00584717     
-0.00585938     -0.00599365     -0.00584717     -0.00596924     
-0.00603027     -0.00600586     -0.00600586     -0.00622559     
-0.00620117     -0.00631104     -0.00638428     -0.00628662     
-0.00645752     -0.00653076     -0.00646973     -0.00656738     
-0.00656738     -0.00657959     -0.00643311     -0.00644531     
-0.00654297     -0.00644531     -0.00637207     -0.00635986     
-0.00645752     -0.00640869     -0.00628662     -0.00633545     
-0.00645752     -0.00632324     -0.00638428     -0.00643311     
-0.00666504     -0.00653076     -0.00649414     -0.00648193     
-0.00668945     -0.00649414     -0.00653076     -0.00667725     
-0.00664063     -0.00657959     -0.00655518     -0.00657959     
-0.006604     -0.00671387     -0.00654297     -0.00655518     
-0.00678711     -0.00670166     -0.00657959     -0.00671387     
-0.00667725     -0.00671387     -0.00682373     -0.0067627     
-0.00675049     -0.0069458     -0.00681152     -0.00695801     
-0.00709229     -0.00698242     -0.00698242     -0.00703125     
-0.00699463     -0.00689697     -0.0067627     -0.00679932     
-0.00686035     -0.00668945     -0.00668945     -0.00665283     
-0.00672607     -0.00667725     -0.00678711     -0.00688477     
-0.00700684     -0.00689697     -0.00703125     -0.00701904     
-0.00715332     -0.00706787     -0.00704346     -0.00701904     
-0.00709229     -0.00692139     -0.0069458     -0.00690918     
-0.00681152     -0.00675049     -0.00666504     -0.00654297     
-0.0065918     -0.00637207     -0.00615234     -0.00625     
-0.00615234     -0.00615234     -0.00599365     -0.0060791     
-0.00606689     -0.00623779     -0.00616455     -0.00623779     
-0.00649414     -0.00646973     -0.00649414     -0.00662842     
-0.00668945     -0.00667725     -0.00664063     -0.00666504     
-0.00662842     -0.00667725     -0.00649414     -0.00657959     
-0.00654297     -0.00651855     -0.00646973     -0.00634766     
-0.00655518     -0.00646973     -0.00631104     -0.00621338     
-0.00640869     -0.00632324     -0.00623779     -0.00631104     
-0.00654297     -0.00628662     -0.00632324     -0.00633545     
-0.00645752     -0.00633545     -0.00639648     -0.00637207     
-0.00639648     -0.00633545     -0.00626221     -0.00627441     
-0.00646973     -0.00631104     -0.00637207     -0.00639648     
-0.0064209     -0.00639648     -0.00622559     -0.00638428     
-0.00645752     -0.00637207     -0.00622559     -0.00637207     
-0.00644531     -0.00649414     -0.00644531     -0.00646973     
-0.00665283     -0.00673828     -0.00662842     -0.00671387     
-0.00690918     -0.00672607     -0.00665283     -0.00682373     
-0.0067749     -0.00672607     -0.00661621     -0.00664063     
-0.00673828     -0.00661621     -0.00664063     -0.00656738     
-0.00657959     -0.00661621     -0.00670166     -0.00667725     
-0.00679932     -0.00682373     -0.00675049     -0.0067749     
-0.00692139     -0.00688477     -0.00693359     -0.00682373     
-0.00698242     -0.00683594     -0.00679932     -0.0067627     
-0.00686035     -0.00665283     -0.00654297     -0.0064209     
-0.00649414     -0.00631104     -0.00606689     -0.00616455     
-0.00606689     -0.00609131     -0.00606689     -0.00604248     
-0.00605469     -0.00609131     -0.00584717     -0.00588379     
-0.00594482     -0.00594482     -0.0059082     -0.00581055     
-0.00595703     -0.00585938     -0.00582275     -0.00581055     
-0.00587158     -0.00596924     -0.00584717     -0.00595703     
-0.00594482     -0.00605469     -0.00601807     -0.00598145     
-0.00618896     -0.00605469     -0.00600586     -0.00600586     
-0.00606689     -0.00609131     -0.00587158     -0.005896     
-0.00595703     -0.00579834     -0.0057251     -0.00568848     
-0.00582275     -0.00576172     -0.00583496     -0.00584717     
-0.00618896     -0.00614014     -0.00626221     -0.00634766     
-0.0065918     -0.00656738     -0.006604     -0.00687256     
-0.0069458     -0.00695801     -0.00686035     -0.00700684     
-0.00703125     -0.00692139     -0.00682373     -0.00708008     
-0.00683594     -0.00684814     -0.00682373     -0.00683594     
-0.0067627     -0.00675049     -0.00654297     -0.00653076     
-0.00644531     -0.00631104     -0.00617676     -0.00612793     
-0.00601807     -0.00594482     -0.00574951     -0.00585938     
-0.00587158     -0.00576172     -0.00583496     -0.00579834     
-0.00592041     -0.0059082     -0.00579834     -0.00593262     
-0.00606689     -0.00600586     -0.00599365     -0.00583496     
-0.00598145     -0.00588379     -0.0057373     -0.00570068     
-0.00577393     -0.00556641     -0.0055542     -0.0055542     
-0.00567627     -0.00548096     -0.00543213     -0.00545654     
-0.00554199     -0.00546875     -0.00526123     -0.00540771     
-0.00534668     -0.0052002     -0.0052002     -0.00512695     
-0.00507813     -0.00513916     -0.00493164     -0.00493164     
-0.0050415     -0.00495605     -0.00483398     -0.00494385     
-0.00491943     -0.00496826     -0.00484619     -0.00483398     
-0.00493164     -0.00490723     -0.00472412     -0.00484619     
-0.00479736     -0.00467529     -0.00466309     -0.00463867     
-0.00479736     -0.00476074     -0.00463867     -0.00473633     
-0.00489502     -0.00491943     -0.00488281     -0.00499268     
-0.00509033     -0.00496826     -0.00498047     -0.00490723     
-0.00495605     -0.00477295     -0.00479736     -0.00466309     
-0.00484619     -0.00472412     -0.00471191     -0.0046875     
-0.00484619     -0.00487061     -0.00478516     -0.0048584     
-0.0050415     -0.00510254     -0.00507813     -0.00516357     
-0.00533447     -0.00528564     -0.00515137     -0.00540771     
-0.00546875     -0.00540771     -0.00535889     -0.00540771     
-0.00549316     -0.00545654     -0.00532227     -0.00540771     
-0.00544434     -0.00541992     -0.00531006     -0.00533447     
-0.00531006     -0.00539551     -0.00526123     -0.00532227     
-0.00540771     -0.00529785     -0.00523682     -0.00533447     
-0.00533447     -0.00527344     -0.00537109     -0.00528564     
-0.00523682     -0.00539551     -0.00534668     -0.00523682     
-0.00533447     -0.00524902     -0.0052124     -0.00515137     
-0.0052124     -0.00499268     -0.00490723     -0.00471191     
-0.00471191     -0.00444336     -0.00430908     -0.00423584     
-0.00432129     -0.00413818     -0.00396729     -0.00411377     
-0.00405273     -0.00412598     -0.00418701     -0.00427246     
-0.00441895     -0.00457764     -0.00449219     -0.00469971     
-0.00490723     -0.00493164     -0.00484619     -0.00510254     
-0.00510254     -0.00516357     -0.00510254     -0.0050415     
-0.00512695     -0.0050293     -0.00487061     -0.00495605     
-0.00494385     -0.00493164     -0.00477295     -0.00477295     
-0.00499268     -0.00494385     -0.00478516     -0.00482178     
-0.00498047     -0.00493164     -0.00480957     -0.00483398     
-0.00490723     -0.00471191     -0.00469971     -0.0046875     
-0.00466309     -0.00460205     -0.00455322     -0.00454102     
-0.00458984     -0.00462646     -0.00466309     -0.0046875     
-0.00488281     -0.00493164     -0.00493164     -0.00501709     
-0.00509033     -0.00523682     -0.00511475     -0.00523682     
-0.00532227     -0.00532227     -0.00510254     -0.00517578     
-0.00507813     -0.00496826     -0.00483398     -0.00476074     
-0.00462646     -0.00461426     -0.0043457     -0.00440674     
-0.00439453     -0.00438232     -0.00440674     -0.00444336     
-0.00452881     -0.00467529     -0.00466309     -0.00482178     
-0.00496826     -0.00498047     -0.00499268     -0.00509033     
-0.00517578     -0.00522461     -0.00518799     -0.00537109     
-0.00545654     -0.00541992     -0.00557861     -0.00566406     
-0.00582275     -0.00571289     -0.00571289     -0.00574951     
-0.00585938     -0.0057373     -0.00566406     -0.00551758     
-0.00562744     -0.00550537     -0.00541992     -0.00532227     
-0.00540771     -0.00531006     -0.0052002     -0.00527344     
-0.00532227     -0.00528564     -0.00516357     -0.00523682     
-0.0052002     -0.00527344     -0.00509033     -0.00518799     
-0.00532227     -0.0052124     -0.00512695     -0.0052124     
-0.00523682     -0.0052002     -0.00507813     -0.00518799     
-0.00533447     -0.00524902     -0.00522461     -0.00543213     
-0.00537109     -0.00534668     -0.00529785     -0.00533447     
-0.00550537     -0.00533447     -0.00526123     -0.00523682     
-0.0052124     -0.00517578     -0.00500488     -0.00491943     
-0.00496826     -0.00482178     -0.00476074     -0.00476074     
-0.0048584     -0.00472412     -0.00473633     -0.00473633     
-0.00496826     -0.00499268     -0.00501709     -0.00515137     
-0.00532227     -0.00527344     -0.00524902     -0.00535889     
-0.00539551     -0.00548096     -0.00527344     -0.00537109     
-0.00550537     -0.00537109     -0.00522461     -0.00526123     
-0.00534668     -0.00526123     -0.00513916     -0.00510254     
-0.00511475     -0.00509033     -0.00490723     -0.0050415     
-0.00513916     -0.00507813     -0.00512695     -0.00527344     
-0.00522461     -0.0053833     -0.00533447     -0.00543213     
-0.00562744     -0.0055542     -0.0055542     -0.00551758     
-0.00557861     -0.00550537     -0.00551758     -0.00550537     
-0.00545654     -0.00532227     -0.00544434     -0.00535889     
-0.00539551     -0.00535889     -0.00541992     -0.00527344     
-0.00535889     -0.00533447     -0.00523682     -0.00518799     
-0.0052124     -0.00510254     -0.00498047     -0.00493164     
-0.0050293     -0.0048584     -0.00473633     -0.00487061     
-0.00487061     -0.00491943     -0.00499268     -0.00506592     
-0.00509033     -0.00537109     -0.00522461     -0.00524902     
-0.00540771     -0.0053833     -0.00535889     -0.00531006     
-0.00541992     -0.00537109     -0.00522461     -0.0052124     
-0.00526123     -0.00523682     -0.0050415     -0.00517578     
-0.0052124     -0.00509033     -0.00506592     -0.0050415     
-0.00516357     -0.0050415     -0.00511475     -0.00510254     
-0.00522461     -0.0052124     -0.00513916     -0.0052124     
-0.00537109     -0.00526123     -0.00527344     -0.00534668     
-0.00541992     -0.00537109     -0.00527344     -0.00524902     
-0.0053833     -0.00522461     -0.00515137     -0.00512695     
-0.00523682     -0.00515137     -0.00506592     -0.00515137     
-0.00513916     -0.00527344     -0.00507813     -0.00527344     
-0.00540771     -0.00543213     -0.00526123     -0.00551758     
-0.00550537     -0.00545654     -0.00535889     -0.00543213     
-0.00545654     -0.00527344     -0.00506592     -0.00512695     
-0.00510254     -0.00506592     -0.00491943     -0.0048584     
-0.00496826     -0.00494385     -0.00463867     -0.0046875     
-0.00480957     -0.00472412     -0.00471191     -0.00479736     
-0.00494385     -0.00490723     -0.00489502     -0.00512695     
-0.00522461     -0.00529785     -0.00529785     -0.0053833     
-0.00563965     -0.00565186     -0.00566406     -0.00566406     
-0.00576172     -0.00560303     -0.00562744     -0.00550537     
-0.00571289     -0.00550537     -0.00534668     -0.00532227     
-0.00531006     -0.00518799     -0.0050415     -0.0050415     
-0.00501709     -0.0050415     -0.00487061     -0.00494385     
-0.00483398     -0.00494385     -0.00490723     -0.00490723     
-0.00505371     -0.00501709     -0.00501709     -0.00499268     
-0.00501709     -0.00513916     -0.00499268     -0.00499268     
-0.00515137     -0.0050293     -0.0048584     -0.00482178     
-0.00480957     -0.00467529     -0.00458984     -0.00443115     
-0.00462646     -0.00445557     -0.0045166     -0.00450439     
-0.00461426     -0.00476074     -0.00473633     -0.00471191     
-0.00509033     -0.00505371     -0.00509033     -0.00509033     
-0.0052002     -0.00518799     -0.00518799     -0.00512695     
-0.00528564     -0.00517578     -0.00512695     -0.0050415     
-0.00511475     -0.00501709     -0.00495605     -0.00512695     
-0.0050293     -0.00499268     -0.00478516     -0.00496826     
-0.00494385     -0.00483398     -0.00467529     -0.00478516     
-0.0046875     -0.00465088     -0.00456543     -0.00458984     
-0.00456543     -0.0046875     -0.00454102     -0.00462646     
-0.00471191     -0.00466309     -0.00466309     -0.00472412     
-0.00472412     -0.00477295     -0.00467529     -0.00465088     
-0.00474854     -0.00461426     -0.00452881     -0.00457764     
-0.00440674     -0.00418701     -0.0041748     -0.00412598     
-0.00407715     -0.00391846     -0.00394287     -0.00386963     
-0.00394287     -0.00391846     -0.00390625     -0.00394287     
-0.00404053     -0.00405273     -0.00406494     -0.00406494     
-0.00421143     -0.00418701     -0.00412598     -0.0041748     
-0.00430908     -0.00423584     -0.00413818     -0.00432129     
-0.0043335     -0.00432129     -0.00437012     -0.00444336     
-0.00456543     -0.00472412     -0.00449219     -0.00462646     
-0.00482178     -0.00471191     -0.00460205     -0.0046875     
-0.00467529     -0.00462646     -0.0045166     -0.00437012     
-0.00455322     -0.00446777     -0.00423584     -0.00422363     
-0.00430908     -0.00413818     -0.00412598     -0.00401611     
-0.00411377     -0.00395508     -0.00383301     -0.00372314     
-0.00380859     -0.00361328     -0.00345459     -0.00351563     
-0.00374756     -0.003479     -0.00358887     -0.00355225     
-0.00384521     -0.00368652     -0.00368652     -0.00374756     
-0.00390625     -0.00388184     -0.00380859     -0.00388184     
-0.00402832     -0.00396729     -0.00384521     -0.00391846     
-0.00397949     -0.0039917     -0.0038208     -0.0039917     
-0.00408936     -0.00400391     -0.00391846     -0.00406494     
-0.00406494     -0.00400391     -0.00411377     -0.00401611     
-0.00413818     -0.00408936     -0.00402832     -0.00408936     
-0.00415039     -0.00396729     -0.00396729     -0.00402832     
-0.00401611     -0.00405273     -0.0039917     -0.00397949     
-0.00412598     -0.00405273     -0.00404053     -0.00405273     
-0.00423584     -0.0041626     -0.0041626     -0.00418701     
-0.00415039     -0.00412598     -0.00412598     -0.00400391     
-0.00418701     -0.00408936     -0.0039917     -0.00407715     
-0.0041626     -0.0039917     -0.00408936     -0.0041748     
-0.00437012     -0.0043335     -0.00449219     -0.00450439     
-0.00465088     -0.00462646     -0.00462646     -0.00483398     
-0.00479736     -0.00488281     -0.00471191     -0.00471191     
-0.00466309     -0.0046875     -0.00438232     -0.00439453     
-0.00449219     -0.00424805     -0.00406494     -0.00419922     
-0.00405273     -0.00402832     -0.00396729     -0.00402832     
-0.00429688     -0.00423584     -0.00418701     -0.0043457     
-0.00449219     -0.00450439     -0.00463867     -0.00466309     
-0.00484619     -0.00500488     -0.00484619     -0.00487061     
-0.00499268     -0.00496826     -0.00476074     -0.00472412     
-0.00495605     -0.00463867     -0.00447998     -0.00457764     
-0.00461426     -0.0045166     -0.00449219     -0.00454102     
-0.0046875     -0.00457764     -0.00463867     -0.00460205     
-0.00482178     -0.00471191     -0.00484619     -0.00487061     
-0.00496826     -0.00506592     -0.00487061     -0.00498047     
-0.00511475     -0.00506592     -0.00494385     -0.00493164     
-0.00493164     -0.00480957     -0.00472412     -0.00471191     
-0.00472412     -0.0046875     -0.00449219     -0.00454102     
-0.00466309     -0.00455322     -0.00458984     -0.00458984     
-0.00462646     -0.00469971     -0.00469971     -0.00471191     
-0.00496826     -0.00498047     -0.00498047     -0.0050415     
-0.00515137     -0.00513916     -0.00518799     -0.00523682     
-0.00526123     -0.00515137     -0.00510254     -0.00499268     
-0.00496826     -0.00477295     -0.00466309     -0.00462646     
-0.00461426     -0.00446777     -0.00439453     -0.00430908     
-0.00438232     -0.0041748     -0.00423584     -0.00422363     
-0.00435791     -0.00429688     -0.00430908     -0.00447998     
-0.00440674     -0.00452881     -0.00443115     -0.00462646     
-0.00467529     -0.0048584     -0.00471191     -0.00473633     
-0.00490723     -0.00484619     -0.00471191     -0.00473633     
-0.00473633     -0.00477295     -0.00458984     -0.00460205     
-0.0046875     -0.00456543     -0.00449219     -0.00456543     
-0.00452881     -0.00462646     -0.00472412     -0.00472412     
-0.00489502     -0.00483398     -0.00480957     -0.00488281     
-0.00499268     -0.00489502     -0.00482178     -0.00476074     
-0.00491943     -0.00454102     -0.00460205     -0.00457764     
-0.00458984     -0.00447998     -0.00445557     -0.0045166     
-0.00454102     -0.0045166     -0.00454102     -0.0045166     
-0.00472412     -0.00478516     -0.00466309     -0.00479736     
-0.00487061     -0.00498047     -0.00473633     -0.00490723     
-0.00498047     -0.00495605     -0.00477295     -0.00489502     
-0.0048584     -0.0048584     -0.00480957     -0.00472412     
-0.00476074     -0.00471191     -0.00462646     -0.00477295     
-0.00487061     -0.00467529     -0.0046875     -0.00478516     
-0.00476074     -0.00477295     -0.00466309     -0.00463867     
-0.00472412     -0.00452881     -0.00455322     -0.00447998     
-0.00456543     -0.00437012     -0.00428467     -0.00426025     
-0.00428467     -0.00429688     -0.00423584     -0.00419922     
-0.00428467     -0.00432129     -0.00428467     -0.00428467     
-0.00450439     -0.00441895     -0.00449219     -0.00455322     
-0.00462646     -0.00455322     -0.00454102     -0.00465088     
-0.00472412     -0.00463867     -0.0045166     -0.00474854     
-0.00469971     -0.00466309     -0.00466309     -0.0045166     
-0.0045166     -0.00450439     -0.00427246     -0.0041748     
-0.00419922     -0.00394287     -0.00379639     -0.00371094     
-0.00361328     -0.00361328     -0.00349121     -0.00344238     
-0.00366211     -0.00360107     -0.00351563     -0.00358887     
-0.00367432     -0.00371094     -0.00371094     -0.00360107     
-0.00372314     -0.00377197     -0.0036499     -0.00372314     
-0.00375977     -0.00379639     -0.00374756     -0.00371094     
-0.00383301     -0.00380859     -0.00377197     -0.00374756     
-0.00383301     -0.00368652     -0.00373535     -0.00366211     
-0.00386963     -0.00378418     -0.00377197     -0.00373535     
-0.00388184     -0.00383301     -0.00383301     -0.00390625     
-0.00405273     -0.00404053     -0.00407715     -0.00413818     
-0.0041748     -0.0041748     -0.00402832     -0.00424805     
-0.00429688     -0.00424805     -0.00410156     -0.00418701     
-0.00422363     -0.00413818     -0.00413818     -0.0041626     
-0.00426025     -0.00408936     -0.00407715     -0.00413818     
-0.00406494     -0.00407715     -0.00395508     -0.00404053     
-0.0039917     -0.00388184     -0.00386963     -0.00383301     
-0.00390625     -0.00380859     -0.0036377     -0.00369873     
-0.00374756     -0.00366211     -0.00368652     -0.00352783     
-0.00373535     -0.00354004     -0.00345459     -0.00345459     
-0.00357666     -0.00325928     -0.00321045     -0.003125     
-0.00319824     -0.00300293     -0.00290527     -0.00284424     
-0.00303955     -0.00294189     -0.0027832     -0.00292969     
-0.00290527     -0.00290527     -0.00286865     -0.00301514     
-0.00306396     -0.00316162     -0.00300293     -0.00303955     
-0.00321045     -0.00317383     -0.00299072     -0.003125     
-0.00314941     -0.00303955     -0.00302734     -0.00305176     
-0.003125     -0.00306396     -0.00297852     -0.00317383     
-0.00328369     -0.00333252     -0.00338135     -0.00336914     
-0.00368652     -0.00379639     -0.0038208     -0.00380859     
-0.00412598     -0.00412598     -0.00408936     -0.00428467     
-0.00444336     -0.00430908     -0.00422363     -0.00419922     
-0.00424805     -0.00410156     -0.0039917     -0.00390625     
-0.00393066     -0.00375977     -0.00375977     -0.00366211     
-0.00375977     -0.00368652     -0.00367432     -0.00368652     
-0.00373535     -0.00383301     -0.00371094     -0.00396729     
-0.00401611     -0.00397949     -0.00395508     -0.0041626     
-0.00419922     -0.00418701     -0.00421143     -0.0041626     
-0.00435791     -0.00439453     -0.0041748     -0.00429688     
-0.00430908     -0.0041626     -0.00410156     -0.00407715     
-0.00412598     -0.00407715     -0.00394287     -0.00394287     
-0.00407715     -0.00391846     -0.00393066     -0.00390625     
-0.00396729     -0.00391846     -0.00395508     -0.00402832     
-0.00405273     -0.00406494     -0.00402832     -0.00406494     
-0.00430908     -0.00412598     -0.00402832     -0.0041748     
-0.00424805     -0.00410156     -0.00405273     -0.00407715     
-0.0041626     -0.0039917     -0.00388184     -0.00391846     
-0.0039917     -0.00389404     -0.00384521     -0.00395508     
-0.00393066     -0.00401611     -0.00393066     -0.00400391     
-0.00404053     -0.00413818     -0.00389404     -0.00385742     
-0.00410156     -0.00393066     -0.00374756     -0.00385742     
-0.00384521     -0.00377197     -0.00369873     -0.00361328     
-0.0038208     -0.0036499     -0.00349121     -0.0036499     
-0.00371094     -0.00372314     -0.00362549     -0.00369873     
-0.00388184     -0.00379639     -0.00374756     -0.0038208     
-0.00397949     -0.00389404     -0.00377197     -0.00379639     
-0.00394287     -0.00380859     -0.00375977     -0.00373535     
-0.00386963     -0.00388184     -0.00379639     -0.00388184     
-0.00402832     -0.00394287     -0.00404053     -0.00410156     
-0.00418701     -0.00406494     -0.00410156     -0.0041748     
-0.00430908     -0.00428467     -0.00404053     -0.00426025     
-0.00427246     -0.00412598     -0.00410156     -0.00413818     
-0.0041626     -0.00412598     -0.00404053     -0.00407715     
-0.00408936     -0.00396729     -0.00401611     -0.00395508     
-0.00404053     -0.00402832     -0.00401611     -0.00405273     
-0.0041626     -0.0041748     -0.00407715     -0.00412598     
-0.0041626     -0.00412598     -0.00408936     -0.00419922     
-0.00411377     -0.00401611     -0.00397949     -0.00396729     
-0.00393066     -0.00386963     -0.00388184     -0.00377197     
-0.00389404     -0.00368652     -0.00367432     -0.00373535     
-0.00377197     -0.0036377     -0.00360107     -0.00369873     
-0.00378418     -0.00377197     -0.0038208     -0.00388184     
-0.0039917     -0.00407715     -0.00407715     -0.00423584     
-0.00415039     -0.00422363     -0.00421143     -0.00423584     
-0.00413818     -0.00423584     -0.00402832     -0.00397949     
-0.00401611     -0.00389404     -0.00369873     -0.00385742     
-0.00390625     -0.00379639     -0.00373535     -0.00383301     
-0.00401611     -0.00394287     -0.00396729     -0.0041748     
-0.00428467     -0.00415039     -0.00428467     -0.00426025     
-0.0043457     -0.00435791     -0.00423584     -0.00422363     
-0.00438232     -0.00427246     -0.00400391     -0.00406494     
-0.00408936     -0.00388184     -0.00372314     -0.00366211     
-0.0036499     -0.00357666     -0.00344238     -0.00341797     
-0.00354004     -0.00339355     -0.00344238     -0.0034668     
-0.00368652     -0.00368652     -0.00362549     -0.00374756     
-0.00386963     -0.00391846     -0.00371094     -0.00390625     
-0.00393066     -0.00383301     -0.00360107     -0.00375977     
-0.00378418     -0.00367432     -0.00362549     -0.00372314     
-0.00369873     -0.00374756     -0.00356445     -0.00366211     
-0.0036499     -0.00366211     -0.00367432     -0.00354004     
-0.00356445     -0.00358887     -0.00344238     -0.00349121     
-0.00358887     -0.003479     -0.00352783     -0.00358887     
-0.00367432     -0.00368652     -0.00371094     -0.00375977     
-0.00389404     -0.00406494     -0.00407715     -0.00411377     
-0.00432129     -0.00429688     -0.00427246     -0.00427246     
-0.00435791     -0.00428467     -0.00424805     -0.00411377     
-0.00428467     -0.00408936     -0.00412598     -0.00412598     
-0.00419922     -0.00411377     -0.00413818     -0.00419922     
-0.00418701     -0.00424805     -0.00426025     -0.00422363     
-0.00427246     -0.00429688     -0.00405273     -0.00418701     
-0.00424805     -0.00411377     -0.00397949     -0.00408936     
-0.00404053     -0.00401611     -0.00401611     -0.00388184     
-0.0039917     -0.00400391     -0.00379639     -0.00383301     
-0.00377197     -0.00377197     -0.00361328     -0.0034668     
-0.00358887     -0.00343018     -0.00319824     -0.00316162     
-0.003125     -0.00305176     -0.00281982     -0.00279541     
-0.00281982     -0.0026123     -0.00263672     -0.00246582     
-0.00258789     -0.00249023     -0.00251465     -0.00245361     
-0.00268555     -0.00266113     -0.00262451     -0.00269775     
-0.00289307     -0.00286865     -0.00303955     -0.00316162     
-0.00328369     -0.00344238     -0.00322266     -0.003479     
-0.003479     -0.00338135     -0.00332031     -0.00340576     
-0.00317383     -0.00302734     -0.00286865     -0.0027832     
-0.00268555     -0.00258789     -0.00233154     -0.00231934     
-0.00245361     -0.00229492     -0.00231934     -0.00245361     
-0.00264893     -0.00274658     -0.00279541     -0.00305176     
-0.00332031     -0.00338135     -0.00340576     -0.00371094     
-0.00377197     -0.00372314     -0.00375977     -0.00380859     
-0.00380859     -0.00373535     -0.00357666     -0.00336914     
-0.00339355     -0.00325928     -0.00317383     -0.00319824     
-0.00323486     -0.00308838     -0.00318604     -0.00323486     
-0.00340576     -0.00340576     -0.00344238     -0.00360107     
-0.00377197     -0.00394287     -0.00389404     -0.00407715     
-0.00419922     -0.00427246     -0.00424805     -0.0043335     
-0.00435791     -0.00445557     -0.00422363     -0.00421143     
-0.00422363     -0.00404053     -0.00385742     -0.0038208     
-0.00372314     -0.00366211     -0.00344238     -0.00330811     
-0.00336914     -0.00328369     -0.00301514     -0.00310059     
-0.00317383     -0.003125     -0.00302734     -0.00302734     
-0.00318604     -0.00325928     -0.00314941     -0.00321045     
-0.00340576     -0.00338135     -0.00332031     -0.003479     
-0.0036499     -0.00357666     -0.00367432     -0.00378418     
-0.00404053     -0.00396729     -0.00402832     -0.00405273     
-0.00419922     -0.00406494     -0.00408936     -0.00402832     
-0.00411377     -0.00396729     -0.00386963     -0.00383301     
-0.00372314     -0.00366211     -0.00350342     -0.00351563     
-0.00357666     -0.00349121     -0.00334473     -0.00361328     
-0.00349121     -0.00351563     -0.00352783     -0.00354004     
-0.00354004     -0.00356445     -0.00341797     -0.00345459     
-0.00355225     -0.00344238     -0.00338135     -0.003479     
-0.00345459     -0.00345459     -0.00332031     -0.00339355     
-0.00350342     -0.00340576     -0.00336914     -0.00341797     
-0.00355225     -0.00330811     -0.00333252     -0.00339355     
-0.00341797     -0.00334473     -0.00336914     -0.00338135     
-0.00361328     -0.003479     -0.00355225     -0.00358887     
-0.0038208     -0.00379639     -0.00372314     -0.00374756     
-0.00400391     -0.00397949     -0.0038208     -0.00385742     
-0.00396729     -0.00383301     -0.00367432     -0.00380859     
-0.00372314     -0.00360107     -0.00350342     -0.00344238     
-0.00344238     -0.00330811     -0.00318604     -0.00318604     
-0.00318604     -0.00324707     -0.00303955     -0.00319824     
-0.00324707     -0.0032959     -0.00334473     -0.00327148     
-0.00349121     -0.00351563     -0.00341797     -0.00356445     
-0.00368652     -0.00362549     -0.00354004     -0.0034668     
-0.00357666     -0.00350342     -0.00335693     -0.00334473     
-0.00335693     -0.00332031     -0.00325928     -0.00323486     
-0.00345459     -0.00334473     -0.00341797     -0.00352783     
-0.00367432     -0.00367432     -0.00377197     -0.00386963     
-0.00404053     -0.00400391     -0.00408936     -0.00404053     
-0.00406494     -0.00406494     -0.00401611     -0.0039917     
-0.0039917     -0.00412598     -0.00385742     -0.00391846     
-0.00397949     -0.00377197     -0.00358887     -0.00380859     
-0.00377197     -0.00368652     -0.00361328     -0.0036499     
-0.00369873     -0.00360107     -0.00351563     -0.00349121     
-0.00368652     -0.00361328     -0.00345459     -0.00358887     
-0.00358887     -0.00357666     -0.00338135     -0.003479     
-0.00355225     -0.00339355     -0.0032959     -0.00324707     
-0.00317383     -0.00318604     -0.00311279     -0.00310059     
-0.00308838     -0.00313721     -0.00322266     -0.00306396     
-0.0032959     -0.00330811     -0.00323486     -0.00322266     
-0.00344238     -0.00336914     -0.00344238     -0.00341797     
-0.00358887     -0.00345459     -0.00345459     -0.0034668     
-0.0036377     -0.00354004     -0.00338135     -0.00349121     
-0.0034668     -0.00344238     -0.00336914     -0.00340576     
-0.00338135     -0.0034668     -0.00323486     -0.00330811     
-0.00341797     -0.00338135     -0.0032959     -0.003479     
-0.00352783     -0.00349121     -0.00349121     -0.003479     
-0.00358887     -0.00357666     -0.00335693     -0.00344238     
-0.00345459     -0.00334473     -0.00324707     -0.00317383     
-0.00321045     -0.00317383     -0.00300293     -0.00306396     
-0.00311279     -0.00301514     -0.00290527     -0.00300293     
-0.00316162     -0.00310059     -0.00306396     -0.00317383     
-0.00335693     -0.00339355     -0.00335693     -0.00336914     
-0.00354004     -0.003479     -0.00343018     -0.0034668     
-0.00350342     -0.00343018     -0.00340576     -0.00333252     
-0.00344238     -0.0034668     -0.00330811     -0.00344238     
-0.00349121     -0.00343018     -0.00333252     -0.00344238     
-0.00332031     -0.00332031     -0.00327148     -0.00325928     
-0.00333252     -0.00333252     -0.00310059     -0.00319824     
-0.00324707     -0.00316162     -0.00314941     -0.00311279     
-0.00313721     -0.00313721     -0.00301514     -0.00302734     
-0.00310059     -0.00297852     -0.00297852     -0.00308838     
-0.00311279     -0.00299072     -0.00305176     -0.00307617     
-0.00314941     -0.00319824     -0.00319824     -0.00313721     
-0.00335693     -0.00336914     -0.00332031     -0.00330811     
-0.003479     -0.00345459     -0.00345459     -0.00340576     
-0.0036499     -0.00358887     -0.00358887     -0.00366211     
-0.00371094     -0.0036377     -0.00351563     -0.00372314     
-0.00367432     -0.0036499     -0.00360107     -0.00357666     
-0.00336914     -0.00344238     -0.00322266     -0.00325928     
-0.00339355     -0.00336914     -0.00328369     -0.00340576     
-0.00349121     -0.00358887     -0.00356445     -0.00361328     
-0.00384521     -0.00393066     -0.00375977     -0.00384521     
-0.00388184     -0.00393066     -0.00386963     -0.00375977     
-0.00390625     -0.00371094     -0.00352783     -0.00350342     
-0.00356445     -0.00336914     -0.00324707     -0.00316162     
-0.00323486     -0.00301514     -0.00300293     -0.00290527     
-0.00294189     -0.00285645     -0.00280762     -0.00263672     
-0.00284424     -0.002771     -0.00279541     -0.00275879     
-0.00288086     -0.00294189     -0.00290527     -0.00299072     
-0.00308838     -0.00323486     -0.00317383     -0.00327148     
-0.00333252     -0.00338135     -0.00323486     -0.00354004     
-0.00349121     -0.003479     -0.00344238     -0.00352783     
-0.003479     -0.00350342     -0.00339355     -0.00343018     
-0.00350342     -0.00345459     -0.00340576     -0.00341797     
-0.0034668     -0.00354004     -0.00333252     -0.00341797     
-0.00357666     -0.00340576     -0.0034668     -0.00350342     
-0.00356445     -0.00352783     -0.00354004     -0.00358887     
-0.00356445     -0.00362549     -0.0036499     -0.00357666     
-0.00368652     -0.00377197     -0.0036499     -0.00371094     
-0.00388184     -0.00374756     -0.00369873     -0.00374756     
-0.00391846     -0.0038208     -0.00380859     -0.0038208     
-0.00397949     -0.00384521     -0.00374756     -0.00394287     
-0.00373535     -0.00368652     -0.00355225     -0.00351563     
-0.00335693     -0.00338135     -0.00305176     -0.00306396     
-0.00311279     -0.00297852     -0.00288086     -0.00286865     
-0.00289307     -0.00288086     -0.00296631     -0.00299072     
-0.003125     -0.003125     -0.00317383     -0.00340576     
-0.003479     -0.00354004     -0.00361328     -0.00377197     
-0.00393066     -0.00394287     -0.00389404     -0.00391846     
-0.00400391     -0.00394287     -0.00366211     -0.00367432     
-0.00374756     -0.00344238     -0.00333252     -0.00323486     
-0.0032959     -0.00319824     -0.00308838     -0.00302734     
-0.00321045     -0.00297852     -0.00301514     -0.00308838     
-0.00316162     -0.00314941     -0.00319824     -0.00324707     
-0.00334473     -0.00338135     -0.00325928     -0.003479     
-0.00362549     -0.00360107     -0.0034668     -0.00368652     
-0.00371094     -0.00368652     -0.00360107     -0.0036499     
-0.00369873     -0.00369873     -0.00351563     -0.00366211     
-0.00367432     -0.00355225     -0.0034668     -0.0034668     
-0.003479     -0.00338135     -0.00314941     -0.00311279     
-0.00311279     -0.00288086     -0.00281982     -0.00270996     
-0.00268555     -0.00253906     -0.0024292     -0.00234375     
-0.00238037     -0.00234375     -0.00228271     -0.00224609     
-0.00246582     -0.00235596     -0.00239258     -0.00244141     
-0.00256348     -0.00262451     -0.00262451     -0.00269775     
-0.00283203     -0.002771     -0.00280762     -0.00286865     
-0.00291748     -0.00289307     -0.00280762     -0.00300293     
-0.00296631     -0.00300293     -0.00294189     -0.0029541     
-0.00291748     -0.00303955     -0.00284424     -0.00289307     
-0.0029541     -0.00288086     -0.00274658     -0.00289307     
-0.00284424     -0.002771     -0.00269775     -0.00285645     
-0.00286865     -0.00281982     -0.0027832     -0.00288086     
-0.00289307     -0.00294189     -0.00296631     -0.00299072     
-0.00307617     -0.00300293     -0.00291748     -0.00289307     
-0.00307617     -0.00299072     -0.00284424     -0.00284424     
-0.00296631     -0.00283203     -0.00286865     -0.00284424     
-0.00289307     -0.00297852     -0.00299072     -0.00294189     
-0.00307617     -0.00308838     -0.00303955     -0.00300293     
-0.003125     -0.00301514     -0.00292969     -0.00285645     
-0.00284424     -0.00285645     -0.00266113     -0.00273438     
-0.002771     -0.002771     -0.002771     -0.00279541     
-0.00286865     -0.00285645     -0.00284424     -0.00299072     
-0.00301514     -0.00303955     -0.0029541     -0.00301514     
-0.003125     -0.00299072     -0.00299072     -0.00301514     
-0.00306396     -0.00310059     -0.00305176     -0.00317383     
-0.00332031     -0.00328369     -0.0032959     -0.00339355     
-0.00334473     -0.00324707     -0.00319824     -0.00318604     
-0.00313721     -0.00297852     -0.00292969     -0.00281982     
-0.00286865     -0.00289307     -0.00275879     -0.00280762     
-0.00302734     -0.00291748     -0.00300293     -0.00310059     
-0.00324707     -0.00313721     -0.00319824     -0.00317383     
-0.00335693     -0.00319824     -0.00311279     -0.00318604     
-0.00307617     -0.00308838     -0.00296631     -0.00296631     
-0.00300293     -0.00311279     -0.00297852     -0.00307617     
-0.00318604     -0.00317383     -0.00310059     -0.0032959     
-0.0032959     -0.0032959     -0.00317383     -0.00324707     
-0.00328369     -0.00324707     -0.00307617     -0.00310059     
-0.00311279     -0.00305176     -0.00284424     -0.0027832     
-0.00290527     -0.00279541     -0.00263672     -0.00269775     
-0.00279541     -0.0027832     -0.00272217     -0.00263672     
-0.00288086     -0.0027832     -0.002771     -0.00289307     
-0.00299072     -0.00288086     -0.00296631     -0.00285645     
-0.00297852     -0.00283203     -0.00283203     -0.00273438     
-0.00292969     -0.00279541     -0.00268555     -0.00279541     
-0.00283203     -0.00289307     -0.00269775     -0.00285645     
-0.00301514     -0.00294189     -0.00290527     -0.003125     
-0.00318604     -0.00311279     -0.00313721     -0.00325928     
-0.00319824     -0.00318604     -0.00311279     -0.00306396     
-0.00305176     -0.00302734     -0.00294189     -0.00289307     
-0.00291748     -0.00288086     -0.00272217     -0.00275879     
-0.002771     -0.00270996     -0.00273438     -0.00275879     
-0.00274658     -0.00268555     -0.00279541     -0.00279541     
-0.00286865     -0.00280762     -0.00281982     -0.00279541     
-0.00288086     -0.0027832     -0.00270996     -0.00272217     
-0.00292969     -0.00268555     -0.0027832     -0.00284424     
-0.00301514     -0.0029541     -0.00300293     -0.00307617     
-0.00318604     -0.00319824     -0.00318604     -0.00336914     
-0.00330811     -0.00335693     -0.00330811     -0.00323486     
-0.00322266     -0.00327148     -0.00302734     -0.00299072     
-0.00324707     -0.00303955     -0.00285645     -0.00305176     
-0.00307617     -0.00301514     -0.00296631     -0.0029541     
-0.00310059     -0.00303955     -0.00294189     -0.00319824     
-0.00307617     -0.00305176     -0.00306396     -0.0029541     
-0.00310059     -0.00305176     -0.00310059     -0.00300293     
-0.00313721     -0.00308838     -0.00308838     -0.00316162     
-0.00322266     -0.00314941     -0.00323486     -0.003125     
-0.00325928     -0.00311279     -0.00302734     -0.00292969     
-0.00310059     -0.00296631     -0.00280762     -0.00281982     
-0.00290527     -0.00274658     -0.00266113     -0.00269775     
-0.00280762     -0.00289307     -0.0026001     -0.00290527     
-0.00291748     -0.00288086     -0.0027832     -0.00299072     
-0.00300293     -0.00296631     -0.00291748     -0.00291748     
-0.0029541     -0.00292969     -0.00284424     -0.00283203     
-0.00286865     -0.00288086     -0.00280762     -0.00285645     
-0.00294189     -0.00286865     -0.00274658     -0.00288086     
-0.00302734     -0.002771     -0.00281982     -0.00286865     
-0.00292969     -0.00283203     -0.00274658     -0.00280762     
-0.00297852     -0.00299072     -0.00297852     -0.00300293     
-0.00314941     -0.00313721     -0.00318604     -0.00330811     
-0.0034668     -0.00344238     -0.00341797     -0.00341797     
-0.00350342     -0.00351563     -0.00339355     -0.00335693     
-0.00339355     -0.00325928     -0.00319824     -0.00319824     
-0.00300293     -0.00302734     -0.00294189     -0.00280762     
-0.00279541     -0.00281982     -0.00253906     -0.0026123     
-0.00274658     -0.00253906     -0.00245361     -0.00263672     
-0.00263672     -0.00258789     -0.00269775     -0.0027832     
-0.00288086     -0.00292969     -0.00296631     -0.00301514     
-0.00310059     -0.00316162     -0.00307617     -0.00306396     
-0.00311279     -0.00301514     -0.00292969     -0.00288086     
-0.00284424     -0.00280762     -0.00273438     -0.00274658     
-0.00288086     -0.00281982     -0.00289307     -0.0029541     
-0.00310059     -0.00318604     -0.003125     -0.00303955     
-0.00323486     -0.00316162     -0.00313721     -0.00319824     
-0.00324707     -0.00327148     -0.00317383     -0.00313721     
-0.00313721     -0.00324707     -0.00303955     -0.00305176     
-0.00317383     -0.00300293     -0.00280762     -0.00308838     
-0.00290527     -0.00286865     -0.00286865     -0.00286865     
-0.00292969     -0.00291748     -0.00286865     -0.00297852     
-0.00291748     -0.00289307     -0.00285645     -0.00281982     
-0.00281982     -0.00283203     -0.00256348     -0.0026001     
-0.00267334     -0.00241699     -0.0024292     -0.00240479     
-0.0024292     -0.0024292     -0.00233154     -0.00244141     
-0.00263672     -0.00257568     -0.00269775     -0.0026001     
-0.00289307     -0.00281982     -0.00274658     -0.002771     
-0.0029541     -0.00274658     -0.00274658     -0.00266113     
-0.0027832     -0.00264893     -0.00264893     -0.00262451     
-0.00270996     -0.00256348     -0.00246582     -0.0026123     
-0.00267334     -0.00267334     -0.0026123     -0.00270996     
-0.00266113     -0.0027832     -0.0026123     -0.00272217     
-0.00289307     -0.00291748     -0.0027832     -0.00301514     
-0.00292969     -0.00300293     -0.00291748     -0.00285645     
-0.00291748     -0.00286865     -0.00269775     -0.00268555     
-0.00267334     -0.00267334     -0.00245361     -0.00244141     
-0.00244141     -0.00240479     -0.00227051     -0.00239258     
-0.00241699     -0.00239258     -0.00241699     -0.00245361     
-0.00263672     -0.00241699     -0.00251465     -0.00257568     
-0.00257568     -0.0026001     -0.00266113     -0.00269775     
-0.0027832     -0.00273438     -0.00268555     -0.00275879     
-0.00284424     -0.0027832     -0.00273438     -0.00274658     
-0.002771     -0.002771     -0.00249023     -0.00258789     
-0.00252686     -0.00247803     -0.00230713     -0.0024292     
-0.00233154     -0.00216064     -0.00222168     -0.00213623     
-0.00206299     -0.0020752     -0.00201416     -0.00209961     
-0.00219727     -0.00220947     -0.00217285     -0.00228271     
-0.00244141     -0.00252686     -0.00255127     -0.0027832     
-0.00306396     -0.00285645     -0.00290527     -0.00302734     
-0.00301514     -0.0029541     -0.00290527     -0.00292969     
-0.00289307     -0.00280762     -0.00264893     -0.002771     
-0.00280762     -0.00274658     -0.002771     -0.00267334     
-0.00292969     -0.00281982     -0.00283203     -0.00281982     
-0.00291748     -0.00289307     -0.00269775     -0.00266113     
-0.00285645     -0.00275879     -0.00257568     -0.00269775     
-0.00256348     -0.00262451     -0.0026001     -0.00270996     
-0.00262451     -0.00285645     -0.00268555     -0.00268555     
-0.00281982     -0.00280762     -0.00266113     -0.00279541     
-0.002771     -0.00268555     -0.0026123     -0.00252686     
-0.00263672     -0.00253906     -0.00236816     -0.00239258     
-0.00235596     -0.00229492     -0.00220947     -0.00220947     
-0.00233154     -0.00223389     -0.00218506     -0.00222168     
-0.00240479     -0.00233154     -0.00223389     -0.00234375     

