Source : transient; Time : Wed Jun 14 06:46:21 2017
B0 = 3208.000000 Gauss, mw = 9.686280 GHz
 NDI-T2 sa261 20/2 42/25 523nm/1mJ
1 5000 -1.001e-06 8.997e-06 0 0
s                        V                                                 
-0.000390625     -0.000292969     -0.000427246     -0.000402832     
-0.00045166     -0.000366211     -0.000354004     -0.00032959     
-0.000183105     -9.76563e-05     -0.000109863     1.2207e-05     
0.000244141     0.000170898     7.32422e-05     0.00012207     
0.000268555     0.000292969     0.00020752     0.000402832     
0.000305176     0.000292969     0.000292969     0.000268555     
0.000366211     0.000317383     0.000292969     0.000292969     
0.00032959     0.000134277     0.000146484     1.2207e-05     
4.88281e-05     0.000109863     -6.10352e-05     -1.2207e-05     
-0.00012207     -0.000146484     -0.000268555     -0.000170898     
-0.00020752     -0.000195313     -0.000354004     -0.000219727     
-0.000268555     -0.000341797     -0.000268555     -0.000183105     
-0.000170898     -4.88281e-05     -9.76563e-05     -1.2207e-05     
-8.54492e-05     -8.54492e-05     -1.2207e-05     -3.66211e-05     
2.44141e-05     -2.44141e-05     -0.000109863     -3.66211e-05     
-6.10352e-05     -0.000183105     -0.000280762     -0.000427246     
-0.000292969     -0.000366211     -0.000463867     -0.00045166     
-0.000537109     -0.00065918     -0.000671387     -0.000671387     
-0.000671387     -0.000512695     -0.000512695     -0.000500488     
-0.000354004     -0.000305176     -0.00020752     -4.88281e-05     
2.44141e-05     0.000146484     0.000244141     0.000244141     
0.000231934     0.00020752     0.000146484     0.000134277     
-7.32422e-05     1.2207e-05     -8.54492e-05     -0.000219727     
-0.000244141     -0.00032959     -0.000402832     -0.000537109     
-0.000402832     -0.000402832     -0.000488281     -0.000524902     
-0.000500488     -0.00057373     -0.000720215     -0.000634766     
-0.000695801     -0.000683594     -0.000598145     -0.00065918     
-0.000817871     -0.000854492     -0.00098877     -0.000817871     
-0.000842285     -0.000732422     -0.000891113     -0.000866699     
-0.00078125     -0.000817871     -0.000756836     -0.000769043     
-0.000830078     -0.000720215     -0.000683594     -0.000683594     
-0.000671387     -0.000708008     -0.000549316     -0.000524902     
-0.000439453     -0.000415039     -0.000280762     -0.00020752     
-0.00020752     -0.000183105     -0.000195313     -0.000109863     
-8.54492e-05     -8.54492e-05     -0.000183105     -0.000134277     
-6.10352e-05     -0.000256348     -0.000305176     -0.000244141     
-0.000231934     -0.000231934     -0.000146484     -4.88281e-05     
-0.000146484     -0.000146484     -0.000219727     -8.54492e-05     
-0.00012207     -2.44141e-05     -7.32422e-05     -1.2207e-05     
-9.76563e-05     -0.000219727     -0.000170898     -0.000195313     
-0.000268555     -0.000146484     -0.00020752     -0.000134277     
-0.00020752     -0.000219727     -0.000268555     -0.000219727     
-0.000280762     -0.000158691     -0.000231934     -0.000256348     
-0.00020752     -0.000183105     -0.000292969     -0.000280762     
-0.00012207     -0.000170898     -0.00020752     -0.000158691     
-1.2207e-05     -3.66211e-05     -2.44141e-05     -3.66211e-05     
0.00012207     0.000268555     8.54492e-05     0.000146484     
4.88281e-05     3.66211e-05     -3.66211e-05     -9.76563e-05     
-4.88281e-05     -0.000109863     -0.000170898     -0.000219727     
-0.000170898     -0.00020752     -0.000402832     -0.000280762     
-0.000231934     -0.000292969     -0.000305176     -0.000183105     
-0.000256348     -0.000305176     -0.000244141     -0.000268555     
-0.000317383     -0.000158691     -0.000280762     -0.000341797     
-0.000305176     -0.000354004     -0.000280762     -0.00020752     
-0.000195313     -0.000158691     -9.76563e-05     -6.10352e-05     
-8.54492e-05     -4.88281e-05     -4.88281e-05     4.88281e-05     
0.00012207     7.32422e-05     0.000170898     7.32422e-05     
0.000146484     0     0.00012207     -3.66211e-05     
-0.000109863     -6.10352e-05     -9.76563e-05     -4.88281e-05     
-4.88281e-05     -0.00012207     -0.000183105     -0.000183105     
-0.000134277     -0.000158691     -0.000170898     -0.000183105     
-0.000317383     -0.000354004     -0.000390625     -0.000378418     
-0.000427246     -0.000488281     -0.00057373     -0.000463867     
-0.00065918     -0.000598145     -0.00057373     -0.000524902     
-0.000439453     -0.000317383     -0.000292969     -0.000109863     
-6.10352e-05     -2.44141e-05     -6.10352e-05     8.54492e-05     
0.000134277     -2.44141e-05     -6.10352e-05     -3.66211e-05     
-8.54492e-05     -0.000280762     -0.000366211     -0.000292969     
-0.000390625     -0.000415039     -0.00032959     -0.000402832     
-0.000366211     -0.000402832     -0.000244141     -0.000219727     
-0.000183105     -3.66211e-05     -1.2207e-05     2.44141e-05     
0     0.000134277     -2.44141e-05     -1.2207e-05     
0.000134277     0.000134277     7.32422e-05     6.10352e-05     
4.88281e-05     4.88281e-05     0     -1.2207e-05     
0.000109863     7.32422e-05     4.88281e-05     0.000146484     
0.000183105     7.32422e-05     -2.44141e-05     0.000146484     
7.32422e-05     0.00012207     9.76563e-05     -1.2207e-05     
-6.10352e-05     -9.76563e-05     -0.000183105     -0.000231934     
-0.000183105     0     -9.76563e-05     -0.000183105     
0     -0.000109863     -0.00020752     -0.000195313     
-0.000231934     -0.000256348     -0.000292969     -0.000427246     
-0.000512695     -0.000646973     -0.000793457     -0.00090332     
-0.000817871     -0.000854492     -0.000866699     -0.000939941     
-0.000866699     -0.000854492     -0.00078125     -0.000756836     
-0.000732422     -0.000488281     -0.000598145     -0.000463867     
-0.000427246     -0.000500488     -0.000463867     -0.000354004     
-0.000244141     -0.000280762     -0.000158691     -0.000219727     
-0.000170898     -0.000244141     -0.000244141     -0.000183105     
-0.00020752     -8.54492e-05     -0.000183105     -0.000109863     
-0.000195313     -0.00020752     -0.000134277     -8.54492e-05     
-3.66211e-05     -2.44141e-05     9.76563e-05     0.000146484     
0.000305176     0.000244141     0.000183105     0.000378418     
0.000439453     0.000476074     0.000402832     0.000476074     
0.00045166     0.00032959     0.000317383     0.000256348     
0.000305176     0.000219727     0.000109863     1.2207e-05     
4.88281e-05     -3.66211e-05     -0.000158691     -0.000170898     
-0.000158691     -0.000195313     -0.00032959     -4.88281e-05     
-0.000231934     -0.00020752     -0.000134277     -0.00012207     
-0.000158691     -0.00012207     -0.000170898     -0.000158691     
-0.00012207     -0.000256348     -0.000317383     -0.000317383     
-0.000354004     -0.000317383     -0.000415039     -0.000341797     
-0.00045166     -0.000415039     -0.00032959     -0.000317383     
-0.000219727     -7.32422e-05     -0.000195313     -6.10352e-05     
-2.44141e-05     3.66211e-05     8.54492e-05     6.10352e-05     
6.10352e-05     0.000231934     0.000195313     0.000158691     
8.54492e-05     0.00012207     0.000158691     0.000158691     
0.000231934     0.000195313     0.000219727     0.000170898     
0.000256348     9.76563e-05     0.000134277     0.000109863     
7.32422e-05     0.000219727     6.10352e-05     9.76563e-05     
6.10352e-05     9.76563e-05     -8.54492e-05     0     
9.76563e-05     4.88281e-05     -2.44141e-05     8.54492e-05     
4.88281e-05     0     7.32422e-05     0.000146484     
0.000109863     0.000219727     0.000158691     0.000280762     
0.000268555     0.000317383     0.000219727     0.000231934     
0.00032959     0.000231934     0.000183105     0.000219727     
7.32422e-05     4.88281e-05     0     1.2207e-05     
-3.66211e-05     -0.000146484     -0.000170898     -0.00020752     
-0.000219727     -0.000415039     -0.000341797     -0.000378418     
-0.000402832     -0.000305176     -0.000341797     -0.000390625     
-0.000378418     -0.000415039     -0.000268555     -0.000341797     
-0.000231934     -0.00020752     -0.000231934     -0.000134277     
-0.000231934     -0.00012207     -0.000146484     -0.00012207     
-0.000170898     -1.2207e-05     0     3.66211e-05     
2.44141e-05     -4.88281e-05     -4.88281e-05     -6.10352e-05     
-3.66211e-05     0     0     -2.44141e-05     
-2.44141e-05     -9.76563e-05     -0.000219727     -6.10352e-05     
-0.000158691     -6.10352e-05     -8.54492e-05     -0.000134277     
-1.2207e-05     -8.54492e-05     -0.000109863     -0.000134277     
-3.66211e-05     3.66211e-05     -7.32422e-05     -3.66211e-05     
1.2207e-05     -0.000170898     -0.000231934     -0.000170898     
-0.000256348     -0.000170898     -0.000268555     -0.000317383     
-0.000378418     -0.000476074     -0.000512695     -0.000415039     
-0.000463867     -0.000585938     -0.000585938     -0.000598145     
-0.000610352     -0.000622559     -0.00065918     -0.000500488     
-0.000537109     -0.000439453     -0.000476074     -0.000305176     
-0.000280762     -0.000268555     -0.000268555     -0.000195313     
-0.000109863     -0.000183105     -0.000109863     -6.10352e-05     
-0.000146484     -0.000219727     -0.000268555     -0.000170898     
-0.000305176     -0.000231934     -0.000415039     -0.000488281     
-0.000622559     -0.000915527     -0.00114746     -0.00145264     
-0.00177002     -0.00209961     -0.00266113     -0.00310059     
-0.00349121     -0.00408936     -0.00456543     -0.0050415     
-0.00549316     -0.00600586     -0.00661621     -0.00698242     
-0.00744629     -0.00786133     -0.00831299     -0.0088501     
-0.00906982     -0.00953369     -0.0100098     -0.0105225     
-0.0109131     -0.0115601     -0.0120972     -0.0126099     
-0.0131958     -0.0136841     -0.0143677     -0.0148315     
-0.0153442     -0.0159546     -0.0165283     -0.0169556     
-0.0174683     -0.0178711     -0.0184326     -0.0188721     
-0.0192139     -0.0197632     -0.0203247     -0.020752     
-0.0211548     -0.0216309     -0.0220581     -0.0224609     
-0.022998     -0.0234131     -0.0239014     -0.0244019     
-0.0248047     -0.0251587     -0.0257324     -0.0260254     
-0.0265015     -0.0268799     -0.0272461     -0.0276001     
-0.0278931     -0.0281372     -0.0285034     -0.0287354     
-0.0291138     -0.0293579     -0.0297119     -0.0300537     
-0.0302612     -0.0305908     -0.0309082     -0.0312012     
-0.0315674     -0.0319336     -0.0322388     -0.0325562     
-0.0328125     -0.0331421     -0.0335449     -0.0338013     
-0.0341553     -0.0344727     -0.0349365     -0.0352539     
-0.035498     -0.0358276     -0.0362427     -0.0364624     
-0.0367676     -0.0371094     -0.0373291     -0.037561     
-0.0377441     -0.0380737     -0.0383423     -0.0384521     
-0.0387451     -0.0389404     -0.0392334     -0.0394043     
-0.0396118     -0.0398926     -0.0401123     -0.0402954     
-0.040625     -0.0407715     -0.0410767     -0.0411743     
-0.0413574     -0.0415894     -0.0417236     -0.0418701     
-0.0421143     -0.0423096     -0.0425415     -0.0427124     
-0.0428589     -0.0429443     -0.043103     -0.0433228     
-0.0435181     -0.0437134     -0.0438599     -0.0441528     
-0.0441528     -0.0443848     -0.0446167     -0.0446289     
-0.0446411     -0.0447388     -0.044873     -0.0447876     
-0.0447632     -0.0446411     -0.0447266     -0.0447266     
-0.044751     -0.044751     -0.044812     -0.0449463     
-0.0450073     -0.0450562     -0.0453125     -0.0454956     
-0.0456299     -0.0458008     -0.0460938     -0.0461182     
-0.0462402     -0.0463135     -0.04646     -0.0464233     
-0.0463745     -0.0463623     -0.0464111     -0.046228     
-0.0461548     -0.0460693     -0.0460083     -0.0459839     
-0.0458984     -0.0459717     -0.0459839     -0.0458984     
-0.0459717     -0.0459595     -0.0460693     -0.0460815     
-0.0461182     -0.0462646     -0.0461914     -0.0462524     
-0.0460693     -0.0459839     -0.0459473     -0.0458496     
-0.0456299     -0.04552     -0.0454102     -0.0453247     
-0.0452148     -0.0450073     -0.0450439     -0.0448608     
-0.0449219     -0.0450195     -0.0450317     -0.0449829     
-0.0449829     -0.0450684     -0.0450806     -0.0450073     
-0.0450317     -0.0449341     -0.0450073     -0.0447754     
-0.0446533     -0.0444092     -0.0443726     -0.044165     
-0.0440308     -0.0439941     -0.0438599     -0.0436157     
-0.0435303     -0.043396     -0.0432617     -0.0432129     
-0.0431152     -0.043042     -0.0430176     -0.0430054     
-0.0428711     -0.042688     -0.0427002     -0.0425171     
-0.0424194     -0.0423462     -0.0422363     -0.0420532     
-0.0419189     -0.0416748     -0.0415894     -0.0414795     
-0.041272     -0.0413086     -0.0411865     -0.0409546     
-0.0408569     -0.0407471     -0.0408447     -0.0406006     
-0.0406738     -0.040625     -0.0405518     -0.0405396     
-0.0404175     -0.0402466     -0.0401611     -0.0400391     
-0.0398438     -0.0397461     -0.0395996     -0.0394531     
-0.0392456     -0.0390137     -0.0389771     -0.0386475     
-0.0386719     -0.0385742     -0.0384033     -0.0381958     
-0.0380981     -0.0379272     -0.0378296     -0.0376709     
-0.0375     -0.0374512     -0.0373047     -0.0372192     
-0.0370239     -0.0369873     -0.0369019     -0.0368286     
-0.036792     -0.0367676     -0.0367798     -0.0366821     
-0.036499     -0.0362549     -0.0361206     -0.0359741     
-0.03573     -0.0355835     -0.0353394     -0.0351563     
-0.0348633     -0.0345459     -0.0344849     -0.0341797     
-0.0340454     -0.0337769     -0.0337891     -0.0334473     
-0.033252     -0.0329956     -0.0329224     -0.0326538     
-0.0324707     -0.0324341     -0.032312     -0.0321777     
-0.0320557     -0.0318848     -0.0317993     -0.0316895     
-0.031665     -0.0316284     -0.031604     -0.0314087     
-0.031311     -0.031189     -0.031189     -0.0308594     
-0.0307617     -0.0306885     -0.0304321     -0.0301514     
-0.0299438     -0.0298218     -0.0294922     -0.0292236     
-0.0291016     -0.0289917     -0.0287964     -0.0286011     
-0.0284302     -0.0283203     -0.0282471     -0.0282104     
-0.0280518     -0.0281128     -0.0281372     -0.0280518     
-0.0278809     -0.0279663     -0.0279419     -0.0278442     
-0.0278076     -0.0277954     -0.0279053     -0.0278076     
-0.0276978     -0.0275269     -0.0273804     -0.0272705     
-0.027124     -0.0269287     -0.0268188     -0.0266846     
-0.0263916     -0.0263062     -0.0261963     -0.0259766     
-0.0258911     -0.0258423     -0.0258911     -0.0256592     
-0.0255981     -0.0255127     -0.0254395     -0.0254395     
-0.0254395     -0.0253296     -0.0254028     -0.0253784     
-0.0252319     -0.0251831     -0.0250977     -0.025061     
-0.0249146     -0.0248657     -0.0247925     -0.0246826     
-0.0245239     -0.0243042     -0.0241699     -0.0239868     
-0.0238647     -0.0238037     -0.0236572     -0.0235229     
-0.0233154     -0.0231812     -0.0229736     -0.0228394     
-0.0226685     -0.0225708     -0.0224854     -0.0223022     
-0.0222046     -0.0220337     -0.0220459     -0.0218994     
-0.0218018     -0.0218872     -0.0219727     -0.0218994     
-0.0218994     -0.0218384     -0.021814     -0.021875     
-0.0218628     -0.021875     -0.0218872     -0.0217773     
-0.0218506     -0.0216431     -0.0217163     -0.0217285     
-0.0216797     -0.0217896     -0.0217529     -0.0217651     
-0.0217896     -0.0217041     -0.0217407     -0.0216797     
-0.021582     -0.0216431     -0.0216553     -0.0215698     
-0.0214478     -0.0214355     -0.0214844     -0.0213257     
-0.0213623     -0.0214478     -0.0214355     -0.0214844     
-0.0213257     -0.0214722     -0.0214966     -0.021582     
-0.0216064     -0.021814     -0.0218628     -0.0218872     
-0.0219849     -0.0219727     -0.0221313     -0.0220581     
-0.0220581     -0.0220703     -0.0220459     -0.0220215     
-0.0220215     -0.0218262     -0.0218994     -0.0218262     
-0.0217529     -0.0218628     -0.0219727     -0.0219482     
-0.0219849     -0.0219727     -0.0221313     -0.0220947     
-0.0221802     -0.0222656     -0.022229     -0.022229     
-0.0221436     -0.0221436     -0.0221924     -0.0221069     
-0.0220093     -0.0221069     -0.0220215     -0.021936     
-0.0218018     -0.0217529     -0.0218018     -0.0216187     
-0.0216675     -0.0216431     -0.0217163     -0.0216919     
-0.0217163     -0.0218262     -0.0218506     -0.0219482     
-0.0221313     -0.0223511     -0.0223877     -0.0225464     
-0.0226074     -0.0226685     -0.0227051     -0.0226318     
-0.0226685     -0.022644     -0.0226685     -0.0225342     
-0.0223877     -0.0223877     -0.02229     -0.0221802     
-0.0221802     -0.022168     -0.0220703     -0.0219727     
-0.0219971     -0.0219971     -0.021936     -0.0218628     
-0.0219971     -0.0219116     -0.0220093     -0.0220215     
-0.0219849     -0.0220337     -0.0220703     -0.0220581     
-0.0221436     -0.0222534     -0.0222412     -0.02229     
-0.0222412     -0.02229     -0.0223022     -0.0222412     
-0.0222412     -0.0222046     -0.0222656     -0.0220825     
-0.0220459     -0.0220215     -0.0220093     -0.0220703     
-0.0220093     -0.0221191     -0.022168     -0.0224243     
-0.0223267     -0.0224365     -0.022583     -0.0225342     
-0.0226196     -0.0227539     -0.0227905     -0.0227661     
-0.0227783     -0.0226685     -0.0227783     -0.0227661     
-0.0228271     -0.0228516     -0.0228882     -0.0229858     
-0.0229614     -0.0230591     -0.0232178     -0.0233032     
-0.0233398     -0.0234009     -0.0236694     -0.0235718     
-0.0236084     -0.0234985     -0.0235596     -0.0235596     
-0.0234985     -0.0234375     -0.0234863     -0.0233154     
-0.023291     -0.0231323     -0.0231934     -0.0232056     
-0.0231079     -0.0232056     -0.0232544     -0.0231445     
-0.0232178     -0.02323     -0.0232056     -0.0231934     
-0.0233521     -0.0233398     -0.0233643     -0.0234497     
-0.0234253     -0.0234985     -0.0233887     -0.0234131     
-0.0233887     -0.0235474     -0.0235474     -0.0234741     
-0.0235352     -0.0234863     -0.0235596     -0.0236206     
-0.023584     -0.0236572     -0.023645     -0.0235596     
-0.0235596     -0.0234985     -0.0233643     -0.0234253     
-0.0233276     -0.0233521     -0.0233643     -0.0233032     
-0.0233643     -0.0231812     -0.0232666     -0.0232788     
-0.0231689     -0.0232056     -0.0232056     -0.0231323     
-0.0230713     -0.0230957     -0.0230469     -0.0230103     
-0.0229126     -0.0230835     -0.0230591     -0.0230469     
-0.0229858     -0.0229492     -0.0230591     -0.0230469     
-0.022998     -0.0230347     -0.0229858     -0.0228882     
-0.0227661     -0.0227539     -0.0226807     -0.0226318     
-0.022644     -0.0227173     -0.0226074     -0.0226318     
-0.022644     -0.0226807     -0.0226929     -0.0226318     
-0.0227417     -0.0227783     -0.0227539     -0.0227905     
-0.0226929     -0.0226563     -0.0226196     -0.0224854     
-0.0224121     -0.0223755     -0.0222778     -0.022229     
-0.0221191     -0.0219482     -0.0220947     -0.0218506     
-0.021875     -0.0219482     -0.0219727     -0.0218872     
-0.0218262     -0.0217529     -0.0217529     -0.0217285     
-0.0215698     -0.0215576     -0.0214966     -0.0214966     
-0.0212769     -0.0212769     -0.0212158     -0.0210815     
-0.0210938     -0.0209839     -0.0211182     -0.0210205     
-0.0209839     -0.0210327     -0.0210815     -0.0210693     
-0.0210571     -0.0211914     -0.0211792     -0.0210938     
-0.0210327     -0.0208862     -0.020874     -0.0206909     
-0.0205688     -0.0203125     -0.0202637     -0.0200928     
-0.019873     -0.0196167     -0.0196655     -0.0195679     
-0.0194946     -0.0196167     -0.0196045     -0.0196167     
-0.0196045     -0.0196289     -0.0197266     -0.0196655     
-0.0197388     -0.019812     -0.0197998     -0.0197021     
-0.0196533     -0.0195068     -0.0194702     -0.0192871     
-0.0193115     -0.0192261     -0.0192017     -0.019043     
-0.0190186     -0.019043     -0.0189453     -0.0190063     
-0.0189331     -0.0189575     -0.0190186     -0.0188843     
-0.018811     -0.0186646     -0.0186523     -0.0186279     
-0.0183838     -0.0182983     -0.0180786     -0.0180298     
-0.0177002     -0.0175659     -0.0175171     -0.0173462     
-0.0172363     -0.0171387     -0.0171631     -0.0169922     
-0.0170654     -0.01698     -0.0170044     -0.0170288     
-0.0170654     -0.0171509     -0.0172607     -0.0172729     
-0.0171509     -0.0172607     -0.0173706     -0.0173828     
-0.0173462     -0.0173462     -0.0174561     -0.0172852     
-0.0172607     -0.0171753     -0.0171631     -0.0171143     
-0.017041     -0.0168457     -0.0168457     -0.0166992     
-0.0164795     -0.016394     -0.0162109     -0.0161133     
-0.0159912     -0.0159058     -0.0157593     -0.015686     
-0.0156494     -0.0155151     -0.0154663     -0.0155029     
-0.0154663     -0.0155884     -0.0155029     -0.0154907     
-0.0154297     -0.0155396     -0.015332     -0.0153198     
-0.015271     -0.015271     -0.0151978     -0.0151001     
-0.0151855     -0.0149414     -0.0151001     -0.0150879     
-0.0150513     -0.0150757     -0.0151489     -0.0151978     
-0.0152344     -0.0152222     -0.01521     -0.0151978     
-0.0152588     -0.0153442     -0.0153198     -0.015332     
-0.0153809     -0.015271     -0.0153198     -0.015271     
-0.0151001     -0.0151733     -0.0152466     -0.0150024     
-0.0149292     -0.0147095     -0.0146484     -0.0145386     
-0.0143921     -0.0144165     -0.0142822     -0.01427     
-0.0140747     -0.0140015     -0.0140625     -0.0139282     
-0.0139526     -0.0139893     -0.0139648     -0.0140381     
-0.0139526     -0.0140015     -0.0140381     -0.0141357     
-0.013916     -0.0141479     -0.0140503     -0.0140625     
-0.0139771     -0.0139282     -0.0139282     -0.0137817     
-0.013855     -0.0136353     -0.0135986     -0.0134399     
-0.0133667     -0.0131592     -0.0130981     -0.0130371     
-0.0130127     -0.0130127     -0.0130127     -0.0130615     
-0.0130127     -0.0129761     -0.013147     -0.0131592     
-0.013208     -0.0133423     -0.0133789     -0.0134277     
-0.0135986     -0.0135254     -0.0136719     -0.0136475     
-0.0136719     -0.0137207     -0.0136597     -0.0138428     
-0.0135864     -0.0135498     -0.0136841     -0.0134155     
-0.0134521     -0.0135498     -0.0135254     -0.013501     
-0.0134521     -0.0134277     -0.0133545     -0.0133179     
-0.013269     -0.0132935     -0.0130859     -0.0131104     
-0.0130249     -0.0128906     -0.0127441     -0.0126465     
-0.0127075     -0.0125732     -0.0125977     -0.0125732     
-0.0124634     -0.0124512     -0.0125488     -0.0125244     
-0.0125977     -0.0127075     -0.0126587     -0.0126709     
-0.0126953     -0.0127319     -0.0128296     -0.0126953     
-0.0127441     -0.0128296     -0.0128052     -0.0126953     
-0.0126465     -0.0126099     -0.0126221     -0.0125366     
-0.0125366     -0.0125732     -0.0125244     -0.0124878     
-0.0125732     -0.0124878     -0.0124756     -0.0125122     
-0.0123901     -0.0124023     -0.0124146     -0.0124512     
-0.0122925     -0.0122681     -0.0123535     -0.0122803     
-0.012207     -0.0123535     -0.0123413     -0.012439     
-0.012207     -0.0123413     -0.0124146     -0.0124023     
-0.0124146     -0.0125488     -0.0126709     -0.0125854     
-0.0126587     -0.0126343     -0.0126709     -0.0127686     
-0.0127319     -0.0129517     -0.0129517     -0.0128906     
-0.0128906     -0.0127808     -0.0129761     -0.0128784     
-0.0128662     -0.0128906     -0.0129761     -0.0129517     
-0.0130737     -0.0130615     -0.0131348     -0.0133179     
-0.0133789     -0.0133667     -0.013623     -0.0136597     
-0.0137695     -0.0137207     -0.0137573     -0.0138184     
-0.0137085     -0.0137939     -0.0138672     -0.0136963     
-0.0137085     -0.0135742     -0.0135498     -0.0134644     
-0.0133789     -0.0133911     -0.0133301     -0.013208     
-0.0130981     -0.0130859     -0.0130005     -0.0130005     
-0.0128906     -0.012915     -0.012854     -0.0129028     
-0.0129028     -0.0127075     -0.0128906     -0.0127808     
-0.0126831     -0.0128662     -0.0128662     -0.0128052     
-0.0127808     -0.012915     -0.0129272     -0.012915     
-0.0130493     -0.013208     -0.0133301     -0.0133057     
-0.0134277     -0.0134888     -0.0136108     -0.0137085     
-0.0138672     -0.0139038     -0.0139771     -0.0140503     
-0.0141235     -0.0141235     -0.0141846     -0.0142456     
-0.0141602     -0.0143188     -0.0142822     -0.0142334     
-0.0141602     -0.0141602     -0.0141235     -0.0140137     
-0.0140991     -0.0139404     -0.0139404     -0.0139893     
-0.013855     -0.0137085     -0.0136475     -0.0137573     
-0.0136475     -0.0136597     -0.0137451     -0.013623     
-0.0135132     -0.0134888     -0.0134644     -0.0133301     
-0.0134155     -0.0133423     -0.0132935     -0.0133057     
-0.0131958     -0.0130859     -0.0131836     -0.0131104     
-0.0130127     -0.0130249     -0.0130859     -0.0130981     
-0.0130371     -0.0130005     -0.0131592     -0.0130615     
-0.0131348     -0.0132202     -0.013269     -0.0133545     
-0.0133423     -0.0133789     -0.0135132     -0.0134277     
-0.0135376     -0.013562     -0.0135376     -0.013623     
-0.0135376     -0.0135498     -0.0136719     -0.0136597     
-0.0137695     -0.0138062     -0.0139038     -0.0139282     
-0.013916     -0.013916     -0.0139404     -0.0139648     
-0.0139648     -0.0139038     -0.0137939     -0.0138428     
-0.013623     -0.0134521     -0.0134277     -0.013269     
-0.0133789     -0.0133179     -0.0133667     -0.0132324     
-0.0131348     -0.0131592     -0.013208     -0.0129761     
-0.0130371     -0.0130737     -0.0130127     -0.0129517     
-0.0129272     -0.0128906     -0.0130005     -0.0128906     
-0.0130249     -0.0131104     -0.0132446     -0.0131958     
-0.0131836     -0.0131592     -0.0132446     -0.0131958     
-0.0130859     -0.0131226     -0.0131104     -0.0130249     
-0.012915     -0.0128662     -0.0128052     -0.0127075     
-0.0126831     -0.0127563     -0.0127808     -0.0126953     
-0.0127319     -0.0126465     -0.0127686     -0.0128418     
-0.0127441     -0.0128296     -0.0128906     -0.0129028     
-0.012793     -0.0127563     -0.0127319     -0.0126221     
-0.0124756     -0.0125244     -0.0125122     -0.0123535     
-0.0123047     -0.0120605     -0.0119751     -0.0119873     
-0.0119507     -0.0119019     -0.0119507     -0.0118774     
-0.011792     -0.0118286     -0.0117798     -0.0117188     
-0.0118042     -0.0118286     -0.0119385     -0.011792     
-0.0117676     -0.0117188     -0.0116577     -0.0116333     
-0.0115112     -0.0115112     -0.0116089     -0.0113647     
-0.0113403     -0.0112061     -0.0112549     -0.0112427     
-0.0110596     -0.011145     -0.0110229     -0.011084     
-0.0111084     -0.0109497     -0.0110107     -0.0109985     
-0.0110352     -0.0110107     -0.0110352     -0.0110352     
-0.0108887     -0.0108154     -0.01073     -0.0106567     
-0.0105591     -0.0105591     -0.0105957     -0.010437     
-0.0104736     -0.0104248     -0.010498     -0.0105225     
-0.0105225     -0.0105957     -0.0105713     -0.0105713     
-0.0105957     -0.0105957     -0.0105591     -0.0105713     
-0.0105225     -0.0105835     -0.010791     -0.0106201     
-0.0107544     -0.0105591     -0.0106445     -0.0106689     
-0.0106445     -0.0107422     -0.0108032     -0.0106934     
-0.0107178     -0.0105469     -0.0106567     -0.0105835     
-0.0105103     -0.0106201     -0.010498     -0.0104492     
-0.0104248     -0.0103271     -0.0104248     -0.0103394     
-0.0102539     -0.0103149     -0.0102295     -0.0103027     
-0.0100952     -0.0100464     -0.0100464     -0.0100586     
-0.00985107     -0.0098877     -0.0098999     -0.00977783     
-0.00966797     -0.00963135     -0.00968018     -0.00948486     
-0.00960693     -0.00949707     -0.00957031     -0.00955811     
-0.00944824     -0.00933838     -0.00946045     -0.00957031     
-0.00933838     -0.00938721     -0.00955811     -0.00948486     
-0.00936279     -0.00933838     -0.00947266     -0.00936279     
-0.00948486     -0.00961914     -0.00965576     -0.0097168     
-0.009729     -0.00969238     -0.00981445     -0.00983887     
-0.00987549     -0.00987549     -0.00979004     -0.00979004     
-0.00965576     -0.00950928     -0.00949707     -0.00938721     
-0.00943604     -0.00927734     -0.00927734     -0.00927734     
-0.00926514     -0.00926514     -0.00922852     -0.00933838     
-0.00933838     -0.00943604     -0.00935059     -0.00932617     
-0.00928955     -0.00928955     -0.00911865     -0.00898438     
-0.00898438     -0.00882568     -0.00881348     -0.00874023     
-0.00859375     -0.00856934     -0.00853271     -0.00839844     
-0.00837402     -0.0085083     -0.00852051     -0.00844727     
-0.00847168     -0.00847168     -0.00863037     -0.00853271     
-0.00869141     -0.00874023     -0.00882568     -0.0088623     
-0.00887451     -0.00895996     -0.00900879     -0.00900879     
-0.00905762     -0.00914307     -0.00899658     -0.00893555     
-0.00883789     -0.00877686     -0.00878906     -0.00870361     
-0.00854492     -0.00853271     -0.00856934     -0.00845947     
-0.00837402     -0.00830078     -0.00831299     -0.00830078     
-0.0081665     -0.00821533     -0.00820313     -0.00819092     
-0.00817871     -0.00820313     -0.00820313     -0.00819092     
-0.00826416     -0.0083374     -0.00843506     -0.00836182     
-0.00847168     -0.00842285     -0.00845947     -0.00841064     
-0.00841064     -0.00842285     -0.00843506     -0.00841064     
-0.00822754     -0.00822754     -0.00821533     -0.00811768     
-0.00808105     -0.00810547     -0.00812988     -0.00808105     
-0.00808105     -0.00804443     -0.0081665     -0.00812988     
-0.0081665     -0.00810547     -0.00831299     -0.00838623     
-0.00823975     -0.00827637     -0.00838623     -0.00844727     
-0.00849609     -0.0085083     -0.00856934     -0.00854492     
-0.00856934     -0.00865479     -0.00869141     -0.00861816     
-0.00876465     -0.00891113     -0.00874023     -0.0088623     
-0.00877686     -0.00888672     -0.00889893     -0.00882568     
-0.00893555     -0.0088501     -0.00887451     -0.00875244     
-0.00875244     -0.00863037     -0.00866699     -0.00852051     
-0.00853271     -0.00860596     -0.00859375     -0.0085083     
-0.00849609     -0.00847168     -0.00842285     -0.00848389     
-0.00863037     -0.00861816     -0.00866699     -0.00860596     
-0.0086792     -0.00863037     -0.00861816     -0.00861816     
-0.00855713     -0.00872803     -0.00854492     -0.00848389     
-0.00859375     -0.00853271     -0.00845947     -0.00841064     
-0.00849609     -0.00858154     -0.00852051     -0.0085083     
-0.00839844     -0.00838623     -0.00843506     -0.00838623     
-0.00843506     -0.00845947     -0.0085083     -0.00854492     
-0.00834961     -0.00839844     -0.00839844     -0.00849609     
-0.00828857     -0.00844727     -0.00859375     -0.00852051     
-0.00853271     -0.00858154     -0.00875244     -0.00863037     
-0.00872803     -0.0088623     -0.00895996     -0.00894775     
-0.00897217     -0.00899658     -0.00906982     -0.00904541     
-0.00910645     -0.00919189     -0.00931396     -0.00931396     
-0.00927734     -0.00928955     -0.00946045     -0.00930176     
-0.00922852     -0.00941162     -0.00936279     -0.00927734     
-0.00922852     -0.00904541     -0.00911865     -0.00904541     
-0.00904541     -0.0090332     -0.00892334     -0.00894775     
-0.0088501     -0.00877686     -0.00872803     -0.00869141     
-0.00876465     -0.00877686     -0.00882568     -0.00878906     
-0.00871582     -0.00876465     -0.00874023     -0.00872803     
-0.00870361     -0.00882568     -0.00875244     -0.00881348     
-0.00875244     -0.00875244     -0.00871582     -0.00866699     
-0.00882568     -0.00883789     -0.00898438     -0.00900879     
-0.0090332     -0.00914307     -0.00926514     -0.00927734     
-0.00935059     -0.00948486     -0.00946045     -0.00943604     
-0.00941162     -0.00928955     -0.00930176     -0.00921631     
-0.00916748     -0.009021     -0.00897217     -0.0088623     
-0.00866699     -0.00866699     -0.00860596     -0.00859375     
-0.0085083     -0.00852051     -0.00860596     -0.0086792     
-0.00860596     -0.00870361     -0.0088623     -0.0088501     
-0.00898438     -0.00908203     -0.00916748     -0.00921631     
-0.00936279     -0.00931396     -0.00936279     -0.00925293     
-0.0092041     -0.00921631     -0.00904541     -0.0090332     
-0.00888672     -0.00888672     -0.00866699     -0.00863037     
-0.00849609     -0.00848389     -0.00855713     -0.00838623     
-0.00854492     -0.00836182     -0.00839844     -0.00849609     
-0.00844727     -0.00849609     -0.00852051     -0.00863037     
-0.00853271     -0.00852051     -0.00848389     -0.00842285     
-0.00845947     -0.00836182     -0.00834961     -0.0081665     
-0.00821533     -0.0079834     -0.00800781     -0.00800781     
-0.00786133     -0.00789795     -0.0079834     -0.00795898     
-0.00788574     -0.00800781     -0.00795898     -0.00794678     
-0.00789795     -0.00794678     -0.00794678     -0.00788574     
-0.00782471     -0.00776367     -0.00778809     -0.0078125     
-0.00783691     -0.00803223     -0.00811768     -0.00822754     
-0.00820313     -0.00838623     -0.00849609     -0.00855713     
-0.0086792     -0.00878906     -0.00893555     -0.00900879     
-0.00906982     -0.00895996     -0.00908203     -0.00906982     
-0.00914307     -0.00919189     -0.0092041     -0.00910645     
-0.00910645     -0.00906982     -0.00889893     -0.00882568     
-0.00891113     -0.00882568     -0.0086792     -0.00844727     
-0.0085083     -0.00810547     -0.00811768     -0.00795898     
-0.00775146     -0.00782471     -0.00773926     -0.00766602     
-0.00766602     -0.00770264     -0.0078125     -0.0078125     
-0.00784912     -0.00806885     -0.00811768     -0.00814209     
-0.0081543     -0.00819092     -0.00825195     -0.00819092     
-0.0081543     -0.00811768     -0.00806885     -0.00797119     
-0.00776367     -0.00766602     -0.00755615     -0.00751953     
-0.00732422     -0.00732422     -0.00727539     -0.00720215     
-0.00723877     -0.00717773     -0.00732422     -0.00725098     
-0.00743408     -0.00743408     -0.00750732     -0.00754395     
-0.00748291     -0.00748291     -0.00761719     -0.00751953     
-0.0074585     -0.00754395     -0.00765381     -0.00748291     
-0.00751953     -0.00732422     -0.00743408     -0.00733643     
-0.00743408     -0.00749512     -0.00751953     -0.00756836     
-0.00759277     -0.0074707     -0.00749512     -0.00754395     
-0.00760498     -0.00753174     -0.00744629     -0.00742188     
-0.00739746     -0.00727539     -0.00723877     -0.00718994     
-0.00718994     -0.00720215     -0.00726318     -0.00725098     
-0.00725098     -0.00727539     -0.00731201     -0.00742188     
-0.00734863     -0.00753174     -0.00748291     -0.00756836     
-0.00743408     -0.00736084     -0.00743408     -0.0074707     
-0.00748291     -0.00740967     -0.00756836     -0.00765381     
-0.00756836     -0.00740967     -0.00744629     -0.00742188     
-0.00731201     -0.00727539     -0.0071167     -0.00701904     
-0.00684814     -0.00673828     -0.0067749     -0.00656738     
-0.00649414     -0.00656738     -0.00654297     -0.00648193     
-0.00643311     -0.00644531     -0.00656738     -0.00657959     
-0.00664063     -0.00672607     -0.00687256     -0.00688477     
-0.0069458     -0.00699463     -0.00700684     -0.0071167     
-0.00715332     -0.00715332     -0.00725098     -0.0072876     
-0.0072876     -0.00714111     -0.00717773     -0.00710449     
-0.00700684     -0.00700684     -0.00686035     -0.0067627     
-0.00653076     -0.006604     -0.00649414     -0.00637207     
-0.00635986     -0.00632324     -0.00638428     -0.00627441     
-0.00628662     -0.00621338     -0.00616455     -0.00620117     
-0.00628662     -0.00628662     -0.00623779     -0.00635986     
-0.00618896     -0.00606689     -0.00615234     -0.00612793     
-0.00600586     -0.00606689     -0.00614014     -0.00592041     
-0.00594482     -0.00596924     -0.00585938     -0.00593262     
-0.00601807     -0.00606689     -0.00606689     -0.00605469     
-0.00606689     -0.00606689     -0.00615234     -0.00628662     
-0.00631104     -0.00634766     -0.0064209     -0.00648193     
-0.00650635     -0.00648193     -0.00643311     -0.00634766     
-0.00634766     -0.0064209     -0.00623779     -0.00635986     
-0.00614014     -0.00621338     -0.00617676     -0.00616455     
-0.00625     -0.00626221     -0.00634766     -0.00643311     
-0.00648193     -0.00635986     -0.00650635     -0.006604     
-0.00655518     -0.00664063     -0.00668945     -0.00665283     
-0.00655518     -0.00673828     -0.00668945     -0.00670166     
-0.0067749     -0.00686035     -0.00693359     -0.00688477     
-0.00701904     -0.00697021     -0.00695801     -0.00697021     
-0.00693359     -0.00693359     -0.00695801     -0.00687256     
-0.00681152     -0.00664063     -0.00667725     -0.00665283     
-0.00650635     -0.00666504     -0.00666504     -0.00664063     
-0.006604     -0.0065918     -0.00675049     -0.0067749     
-0.00682373     -0.00689697     -0.00699463     -0.00704346     
-0.00693359     -0.00697021     -0.00698242     -0.00697021     
-0.00684814     -0.00703125     -0.00703125     -0.00690918     
-0.00681152     -0.0067627     -0.00683594     -0.00673828     
-0.00675049     -0.00661621     -0.0065918     -0.00656738     
-0.00650635     -0.00633545     -0.00640869     -0.00634766     
-0.00625     -0.00629883     -0.00633545     -0.00635986     
-0.00628662     -0.00626221     -0.00635986     -0.00634766     
-0.00644531     -0.00656738     -0.006604     -0.006604     
-0.00673828     -0.0067627     -0.00686035     -0.0067627     
-0.00688477     -0.00693359     -0.00687256     -0.00699463     
-0.00697021     -0.00693359     -0.00693359     -0.00681152     
-0.00697021     -0.00690918     -0.00698242     -0.00701904     
-0.00692139     -0.0069458     -0.00695801     -0.00710449     
-0.00704346     -0.00722656     -0.00721436     -0.00733643     
-0.00721436     -0.00706787     -0.00717773     -0.00708008     
-0.0071167     -0.0069458     -0.00709229     -0.00698242     
-0.00675049     -0.00673828     -0.00681152     -0.00666504     
-0.0065918     -0.0065918     -0.00653076     -0.00644531     
-0.00654297     -0.00649414     -0.00649414     -0.00646973     
-0.00653076     -0.00655518     -0.00655518     -0.00650635     
-0.00646973     -0.00646973     -0.00650635     -0.0064209     
-0.00638428     -0.00643311     -0.00632324     -0.00629883     
-0.00618896     -0.00620117     -0.00611572     -0.00611572     
-0.00611572     -0.00612793     -0.00620117     -0.00620117     
-0.00611572     -0.00626221     -0.00634766     -0.00632324     
-0.00633545     -0.00646973     -0.00653076     -0.00662842     
-0.00653076     -0.00657959     -0.00671387     -0.0067749     
-0.0067749     -0.00692139     -0.00689697     -0.00689697     
-0.00688477     -0.0067627     -0.00686035     -0.00678711     
-0.00668945     -0.00666504     -0.00662842     -0.00662842     
-0.00650635     -0.00643311     -0.0064209     -0.00639648     
-0.00644531     -0.00640869     -0.00653076     -0.00649414     
-0.00649414     -0.006604     -0.00654297     -0.00668945     
-0.00668945     -0.00667725     -0.00675049     -0.00664063     
-0.006604     -0.00655518     -0.00653076     -0.00651855     
-0.00639648     -0.00645752     -0.00637207     -0.00637207     
-0.00649414     -0.00631104     -0.00633545     -0.00637207     
-0.00648193     -0.00649414     -0.00655518     -0.00657959     
-0.00657959     -0.00662842     -0.00650635     -0.00661621     
-0.00666504     -0.00670166     -0.00668945     -0.00671387     
-0.00671387     -0.00664063     -0.0067627     -0.00655518     
-0.00664063     -0.0067749     -0.00688477     -0.00668945     
-0.00665283     -0.006604     -0.00653076     -0.00654297     
-0.00646973     -0.00649414     -0.00651855     -0.00645752     
-0.00654297     -0.00631104     -0.00640869     -0.00639648     
-0.00638428     -0.00645752     -0.00653076     -0.00656738     
-0.00656738     -0.00657959     -0.00667725     -0.00675049     
-0.00678711     -0.00698242     -0.00699463     -0.00698242     
-0.0069458     -0.00714111     -0.00723877     -0.00705566     
-0.00722656     -0.0072876     -0.00734863     -0.0072876     
-0.00709229     -0.00720215     -0.00712891     -0.00708008     
-0.00688477     -0.00704346     -0.00703125     -0.00681152     
-0.00679932     -0.00675049     -0.0067749     -0.00675049     
-0.00678711     -0.00681152     -0.00682373     -0.00690918     
-0.00692139     -0.00679932     -0.00679932     -0.0067627     
-0.00664063     -0.00670166     -0.00661621     -0.00646973     
-0.00632324     -0.00615234     -0.00621338     -0.00603027     
-0.00600586     -0.00598145     -0.00596924     -0.00600586     
-0.00600586     -0.00588379     -0.00598145     -0.00603027     
-0.00604248     -0.00615234     -0.00622559     -0.00626221     
-0.00615234     -0.00623779     -0.00637207     -0.00628662     
-0.00625     -0.00631104     -0.00637207     -0.00631104     
-0.00622559     -0.00623779     -0.00616455     -0.00618896     
-0.00614014     -0.00612793     -0.00614014     -0.00611572     
-0.00605469     -0.00604248     -0.00614014     -0.00616455     
-0.00628662     -0.00631104     -0.00646973     -0.00644531     
-0.0064209     -0.0065918     -0.006604     -0.00656738     
-0.00666504     -0.00667725     -0.00672607     -0.00665283     
-0.00670166     -0.00666504     -0.00668945     -0.006604     
-0.0067627     -0.00672607     -0.00665283     -0.006604     
-0.00657959     -0.00654297     -0.00648193     -0.00638428     
-0.00637207     -0.00635986     -0.00627441     -0.00618896     
-0.00616455     -0.00610352     -0.00610352     -0.00605469     
-0.00598145     -0.00606689     -0.00604248     -0.00601807     
-0.00593262     -0.005896     -0.00593262     -0.00598145     
-0.00581055     -0.00599365     -0.00598145     -0.00598145     
-0.00587158     -0.00587158     -0.00585938     -0.00582275     
-0.005896     -0.00582275     -0.0059082     -0.00574951     
-0.00582275     -0.00570068     -0.00585938     -0.00584717     
-0.00587158     -0.00588379     -0.00595703     -0.00592041     
-0.005896     -0.00592041     -0.00598145     -0.00584717     
-0.00598145     -0.00594482     -0.00598145     -0.00579834     
-0.00587158     -0.00584717     -0.00582275     -0.00570068     
-0.00584717     -0.00577393     -0.00578613     -0.0057373     
-0.0057251     -0.00574951     -0.0057251     -0.00585938     
-0.00582275     -0.0059082     -0.00596924     -0.00594482     
-0.00604248     -0.00598145     -0.00603027     -0.00593262     
-0.00604248     -0.00600586     -0.005896     -0.00583496     
-0.00570068     -0.00582275     -0.00567627     -0.00561523     
-0.00561523     -0.00563965     -0.00566406     -0.00559082     
-0.00560303     -0.00543213     -0.00544434     -0.00535889     
-0.00532227     -0.0053833     -0.00545654     -0.00540771     
-0.0053833     -0.00546875     -0.00549316     -0.00561523     
-0.00563965     -0.0057373     -0.00579834     -0.00582275     
-0.00595703     -0.00592041     -0.00593262     -0.0059082     
-0.00588379     -0.00598145     -0.00588379     -0.0059082     
-0.00584717     -0.00581055     -0.00585938     -0.00567627     
-0.00563965     -0.00582275     -0.0057373     -0.00566406     
-0.00560303     -0.00551758     -0.00551758     -0.00543213     
-0.00549316     -0.00543213     -0.00537109     -0.00546875     
-0.00537109     -0.00533447     -0.00535889     -0.00539551     
-0.00528564     -0.00546875     -0.00546875     -0.00544434     
-0.00543213     -0.00534668     -0.00535889     -0.00529785     
-0.00541992     -0.00544434     -0.00537109     -0.00537109     
-0.00539551     -0.00522461     -0.00537109     -0.00534668     
-0.00524902     -0.00533447     -0.00535889     -0.00531006     
-0.00540771     -0.00531006     -0.00543213     -0.00534668     
-0.00545654     -0.00540771     -0.00548096     -0.00552979     
-0.00546875     -0.00533447     -0.00543213     -0.00524902     
-0.00516357     -0.0050415     -0.00501709     -0.00496826     
-0.00476074     -0.00471191     -0.0046875     -0.00465088     
-0.00473633     -0.00473633     -0.00478516     -0.00482178     
-0.00473633     -0.00490723     -0.00488281     -0.0050293     
-0.00509033     -0.00517578     -0.0052002     -0.00518799     
-0.0052124     -0.00529785     -0.00528564     -0.00524902     
-0.00526123     -0.00527344     -0.00537109     -0.00529785     
-0.00527344     -0.00527344     -0.00529785     -0.00527344     
-0.00531006     -0.00545654     -0.0053833     -0.00541992     
-0.00561523     -0.0055542     -0.00557861     -0.00552979     
-0.00563965     -0.00565186     -0.00570068     -0.00566406     
-0.00568848     -0.00563965     -0.00566406     -0.00565186     
-0.00566406     -0.00582275     -0.00595703     -0.00592041     
-0.00587158     -0.00601807     -0.00598145     -0.00579834     
-0.00583496     -0.00576172     -0.0057373     -0.00570068     
-0.00560303     -0.00545654     -0.00551758     -0.00546875     
-0.00526123     -0.00532227     -0.00529785     -0.00533447     
-0.0052002     -0.00523682     -0.00522461     -0.00517578     
-0.00526123     -0.00531006     -0.00528564     -0.00531006     
-0.00533447     -0.00522461     -0.00523682     -0.00526123     
-0.00528564     -0.0053833     -0.0053833     -0.00540771     
-0.00529785     -0.00526123     -0.00543213     -0.00533447     
-0.00540771     -0.00541992     -0.00552979     -0.00545654     
-0.00557861     -0.00554199     -0.00556641     -0.00576172     
-0.00577393     -0.00582275     -0.00583496     -0.00594482     
-0.00594482     -0.00599365     -0.00598145     -0.00595703     
-0.00595703     -0.00598145     -0.00595703     -0.00584717     
-0.00583496     -0.00587158     -0.00587158     -0.00576172     
-0.00582275     -0.00594482     -0.00587158     -0.00579834     
-0.00584717     -0.00588379     -0.00579834     -0.00583496     
-0.00577393     -0.00566406     -0.00576172     -0.0057373     
-0.00566406     -0.00549316     -0.00550537     -0.00549316     
-0.00544434     -0.00544434     -0.00554199     -0.00545654     
-0.00554199     -0.00559082     -0.00561523     -0.00563965     
-0.00581055     -0.0059082     -0.00614014     -0.00612793     
-0.00626221     -0.00621338     -0.00637207     -0.00639648     
-0.00638428     -0.00653076     -0.00653076     -0.00634766     
-0.00635986     -0.00625     -0.00620117     -0.00616455     
-0.0060791     -0.00615234     -0.00606689     -0.00600586     
-0.00595703     -0.00583496     -0.00585938     -0.0057251     
-0.00579834     -0.0057251     -0.0057373     -0.00570068     
-0.00557861     -0.00561523     -0.00566406     -0.00552979     
-0.00543213     -0.00554199     -0.00556641     -0.00541992     
-0.00539551     -0.00541992     -0.00543213     -0.00537109     
-0.00544434     -0.00560303     -0.0057373     -0.00571289     
-0.00567627     -0.00570068     -0.00585938     -0.00581055     
-0.00571289     -0.00582275     -0.00578613     -0.00566406     
-0.00562744     -0.00544434     -0.00549316     -0.00539551     
-0.00529785     -0.00526123     -0.00524902     -0.0052002     
-0.00513916     -0.00501709     -0.00515137     -0.00501709     
-0.00509033     -0.00511475     -0.00517578     -0.0052124     
-0.0050415     -0.00511475     -0.00522461     -0.00507813     
-0.0052124     -0.00526123     -0.00534668     -0.00522461     
-0.00524902     -0.00526123     -0.00534668     -0.00540771     
-0.00529785     -0.00554199     -0.00549316     -0.00557861     
-0.00549316     -0.00549316     -0.00560303     -0.0055542     
-0.00565186     -0.00554199     -0.0055542     -0.00552979     
-0.00541992     -0.00539551     -0.00543213     -0.00526123     
-0.00529785     -0.00540771     -0.00531006     -0.00522461     
-0.00537109     -0.00532227     -0.00522461     -0.0052124     
-0.00526123     -0.00524902     -0.00528564     -0.00526123     
-0.00517578     -0.00526123     -0.00529785     -0.00523682     
-0.00512695     -0.00540771     -0.00541992     -0.00545654     
-0.00540771     -0.00543213     -0.00550537     -0.00557861     
-0.00551758     -0.00552979     -0.00568848     -0.00565186     
-0.00562744     -0.00557861     -0.00562744     -0.00566406     
-0.0055542     -0.00570068     -0.00560303     -0.00563965     
-0.00551758     -0.00545654     -0.00549316     -0.00531006     
-0.00529785     -0.00531006     -0.00539551     -0.00527344     
-0.00528564     -0.0052124     -0.00513916     -0.00527344     
-0.00527344     -0.00534668     -0.00529785     -0.00532227     
-0.00518799     -0.00511475     -0.00512695     -0.00507813     
-0.00489502     -0.00495605     -0.00494385     -0.00482178     
-0.00480957     -0.00482178     -0.00480957     -0.00484619     
-0.00494385     -0.00499268     -0.00509033     -0.00505371     
-0.00509033     -0.00499268     -0.00500488     -0.0050415     
-0.00488281     -0.00489502     -0.0048584     -0.00479736     
-0.00467529     -0.0045166     -0.00456543     -0.00446777     
-0.00444336     -0.00449219     -0.00438232     -0.00440674     
-0.00438232     -0.00438232     -0.00437012     -0.00430908     
-0.00438232     -0.0043457     -0.00435791     -0.00429688     
-0.0043457     -0.0041626     -0.00432129     -0.00435791     
-0.0043335     -0.00443115     -0.00457764     -0.00458984     
-0.00457764     -0.00477295     -0.00478516     -0.00480957     
-0.00490723     -0.00500488     -0.00494385     -0.00491943     
-0.0050293     -0.00490723     -0.00496826     -0.00493164     
-0.00487061     -0.00505371     -0.00495605     -0.00493164     
-0.00495605     -0.00500488     -0.00501709     -0.00505371     
-0.00511475     -0.00515137     -0.0052002     -0.00517578     
-0.00517578     -0.00512695     -0.00512695     -0.0050293     
-0.00496826     -0.00489502     -0.00489502     -0.00469971     
-0.00461426     -0.0045166     -0.00445557     -0.00446777     
-0.00430908     -0.00450439     -0.00443115     -0.00444336     
-0.00454102     -0.00444336     -0.00462646     -0.00449219     
-0.00461426     -0.00462646     -0.00467529     -0.00461426     
-0.00455322     -0.00447998     -0.00446777     -0.0045166     
-0.0043335     -0.0043335     -0.00439453     -0.00438232     
-0.00435791     -0.00422363     -0.00428467     -0.00421143     
-0.00421143     -0.00429688     -0.00437012     -0.00435791     
-0.0043457     -0.0043335     -0.00444336     -0.00446777     
-0.00456543     -0.00463867     -0.0046875     -0.00478516     
-0.00469971     -0.00469971     -0.00474854     -0.00467529     
-0.00473633     -0.0046875     -0.00465088     -0.00474854     
-0.00467529     -0.00465088     -0.00463867     -0.00473633     
-0.00471191     -0.00477295     -0.00472412     -0.00476074     
-0.00471191     -0.00469971     -0.00477295     -0.00461426     
-0.00478516     -0.00466309     -0.00479736     -0.00460205     
-0.00456543     -0.00454102     -0.00456543     -0.00449219     
-0.00444336     -0.0045166     -0.00455322     -0.00454102     
-0.00457764     -0.00454102     -0.00460205     -0.00458984     
-0.00473633     -0.00473633     -0.0048584     -0.00482178     
-0.00480957     -0.0048584     -0.00484619     -0.0048584     
-0.00487061     -0.00484619     -0.00483398     -0.00488281     
-0.00474854     -0.00480957     -0.00478516     -0.00465088     
-0.00473633     -0.00469971     -0.00474854     -0.00466309     
-0.00461426     -0.00457764     -0.00456543     -0.0045166     
-0.00444336     -0.00445557     -0.00446777     -0.00443115     
-0.00427246     -0.00430908     -0.00429688     -0.0043335     
-0.00445557     -0.0045166     -0.00462646     -0.00458984     
-0.00473633     -0.00469971     -0.00487061     -0.00490723     
-0.00484619     -0.00493164     -0.00500488     -0.00501709     
-0.00499268     -0.00496826     -0.00505371     -0.0050293     
-0.00501709     -0.00510254     -0.00509033     -0.00506592     
-0.00505371     -0.0050293     -0.00501709     -0.00500488     
-0.00501709     -0.00495605     -0.00518799     -0.00512695     
-0.0050293     -0.00499268     -0.00493164     -0.00498047     
-0.00489502     -0.00484619     -0.00488281     -0.00469971     
-0.00455322     -0.00445557     -0.00443115     -0.0043457     
-0.00432129     -0.00437012     -0.00443115     -0.00445557     
-0.00444336     -0.00454102     -0.00446777     -0.00458984     
-0.00469971     -0.00477295     -0.00483398     -0.00483398     
-0.00490723     -0.00489502     -0.00494385     -0.00490723     
-0.00491943     -0.00499268     -0.00494385     -0.00491943     
-0.00484619     -0.00477295     -0.00474854     -0.00478516     
-0.00474854     -0.00477295     -0.00482178     -0.00479736     
-0.00480957     -0.00476074     -0.00478516     -0.00482178     
-0.00479736     -0.00478516     -0.00495605     -0.00496826     
-0.00490723     -0.00494385     -0.00501709     -0.0050415     
-0.00511475     -0.00531006     -0.00534668     -0.00539551     
-0.00540771     -0.00540771     -0.00549316     -0.00534668     
-0.00533447     -0.00529785     -0.00528564     -0.00524902     
-0.00494385     -0.00494385     -0.00494385     -0.0048584     
-0.00472412     -0.00478516     -0.00482178     -0.00474854     
-0.00469971     -0.00474854     -0.00493164     -0.00483398     
-0.00489502     -0.00500488     -0.00499268     -0.00488281     
-0.00476074     -0.00463867     -0.00462646     -0.00456543     
-0.00443115     -0.00438232     -0.00445557     -0.00429688     
-0.00423584     -0.00415039     -0.00424805     -0.00405273     
-0.0041748     -0.00427246     -0.00429688     -0.00428467     
-0.00428467     -0.00412598     -0.00424805     -0.0041626     
-0.00424805     -0.00426025     -0.0041748     -0.00423584     
-0.0041748     -0.00404053     -0.00406494     -0.00404053     
-0.00413818     -0.00421143     -0.0041626     -0.00421143     
-0.00422363     -0.00439453     -0.00444336     -0.00450439     
-0.00450439     -0.00469971     -0.00463867     -0.00471191     
-0.00465088     -0.00460205     -0.00463867     -0.00456543     
-0.00455322     -0.00446777     -0.00463867     -0.00456543     
-0.00449219     -0.00445557     -0.00445557     -0.00443115     
-0.00449219     -0.00455322     -0.00455322     -0.00462646     
-0.00463867     -0.00454102     -0.00463867     -0.00472412     
-0.00473633     -0.00473633     -0.00484619     -0.00478516     
-0.00480957     -0.00480957     -0.00478516     -0.00467529     
-0.00471191     -0.00463867     -0.00462646     -0.00454102     
-0.0043457     -0.00438232     -0.00430908     -0.0043457     
-0.00427246     -0.00432129     -0.00438232     -0.00444336     
-0.00435791     -0.00427246     -0.00440674     -0.00445557     
-0.00439453     -0.00452881     -0.00445557     -0.00446777     
-0.00444336     -0.00444336     -0.00440674     -0.00435791     
-0.00440674     -0.00435791     -0.00430908     -0.00423584     
-0.0043335     -0.00418701     -0.00412598     -0.00424805     
-0.00429688     -0.00428467     -0.00432129     -0.00447998     
-0.00435791     -0.00447998     -0.00467529     -0.00462646     
-0.00473633     -0.00482178     -0.00500488     -0.00495605     
-0.00505371     -0.00499268     -0.00498047     -0.0050293     
-0.00488281     -0.00498047     -0.00494385     -0.00482178     
-0.00471191     -0.00467529     -0.00462646     -0.00460205     
-0.00456543     -0.00471191     -0.00469971     -0.00461426     
-0.00467529     -0.00462646     -0.00473633     -0.00474854     
-0.00474854     -0.00474854     -0.00483398     -0.00478516     
-0.00458984     -0.00465088     -0.00452881     -0.00449219     
-0.00447998     -0.00445557     -0.00450439     -0.00438232     
-0.00439453     -0.00430908     -0.00438232     -0.00435791     
-0.00435791     -0.0043457     -0.00446777     -0.00439453     
-0.00438232     -0.00439453     -0.0043335     -0.00429688     
-0.00440674     -0.00440674     -0.00430908     -0.00427246     
-0.00438232     -0.00422363     -0.00424805     -0.00422363     
-0.00424805     -0.0043457     -0.00439453     -0.00429688     
-0.00430908     -0.00444336     -0.00440674     -0.00443115     
-0.00439453     -0.00458984     -0.0045166     -0.00454102     
-0.00449219     -0.00446777     -0.00446777     -0.00449219     
-0.0045166     -0.00460205     -0.00463867     -0.0046875     
-0.00465088     -0.00471191     -0.00477295     -0.0048584     
-0.00476074     -0.00490723     -0.00499268     -0.00490723     
-0.00483398     -0.00479736     -0.0048584     -0.00484619     
-0.00487061     -0.00482178     -0.00490723     -0.00488281     
-0.00483398     -0.00484619     -0.00480957     -0.00487061     
-0.00482178     -0.00478516     -0.00477295     -0.00460205     
-0.00458984     -0.00446777     -0.00456543     -0.00435791     
-0.00447998     -0.00454102     -0.00445557     -0.00449219     
-0.00444336     -0.0043335     -0.00438232     -0.00428467     
-0.00427246     -0.00423584     -0.00424805     -0.00421143     
-0.00415039     -0.00407715     -0.00419922     -0.00411377     
-0.00422363     -0.00435791     -0.00439453     -0.00441895     
-0.00444336     -0.00456543     -0.0045166     -0.00457764     
-0.0045166     -0.00467529     -0.00452881     -0.00441895     
-0.00435791     -0.00427246     -0.00415039     -0.00412598     
-0.00410156     -0.00402832     -0.00406494     -0.00406494     
-0.00394287     -0.00386963     -0.00400391     -0.00397949     
-0.00393066     -0.00407715     -0.00412598     -0.0041626     
-0.00413818     -0.00410156     -0.00427246     -0.00418701     
-0.00426025     -0.00427246     -0.00435791     -0.00438232     
-0.00428467     -0.00430908     -0.00424805     -0.00412598     
-0.00404053     -0.0039917     -0.00389404     -0.00377197     
-0.00357666     -0.00340576     -0.00334473     -0.00314941     
-0.00316162     -0.00317383     -0.00322266     -0.00313721     
-0.00316162     -0.00319824     -0.00325928     -0.00335693     
-0.00340576     -0.00356445     -0.00362549     -0.00367432     
-0.00372314     -0.00389404     -0.00390625     -0.00400391     
-0.00404053     -0.00419922     -0.00423584     -0.00421143     
-0.00429688     -0.0041748     -0.00424805     -0.0041748     
-0.00423584     -0.00430908     -0.00423584     -0.00428467     
-0.00415039     -0.00424805     -0.00422363     -0.00412598     
-0.00418701     -0.00418701     -0.00424805     -0.00426025     
-0.0041748     -0.00410156     -0.00424805     -0.00423584     
-0.00421143     -0.00426025     -0.00445557     -0.00435791     
-0.0043335     -0.00439453     -0.00424805     -0.0043335     
-0.00429688     -0.00430908     -0.00429688     -0.00423584     
-0.00423584     -0.00412598     -0.00415039     -0.00419922     
-0.00410156     -0.00429688     -0.00424805     -0.00439453     
-0.00435791     -0.00440674     -0.00439453     -0.00447998     
-0.00443115     -0.00443115     -0.00454102     -0.00435791     
-0.0043335     -0.00426025     -0.00421143     -0.00402832     
-0.00405273     -0.00405273     -0.00385742     -0.0038208     
-0.00371094     -0.00358887     -0.0034668     -0.0034668     
-0.00345459     -0.00340576     -0.003479     -0.00343018     
-0.00349121     -0.00350342     -0.00356445     -0.00355225     
-0.00368652     -0.00377197     -0.00386963     -0.00386963     
-0.00390625     -0.00394287     -0.00396729     -0.00404053     
-0.00407715     -0.00426025     -0.00428467     -0.0043457     
-0.00429688     -0.00437012     -0.00457764     -0.00455322     
-0.00455322     -0.00463867     -0.00472412     -0.00467529     
-0.00463867     -0.0045166     -0.00438232     -0.00449219     
-0.00428467     -0.00427246     -0.00423584     -0.00410156     
-0.00393066     -0.00393066     -0.00405273     -0.00383301     
-0.00390625     -0.00400391     -0.00410156     -0.00406494     
-0.00404053     -0.00407715     -0.00415039     -0.00410156     
-0.00411377     -0.00419922     -0.0043335     -0.00426025     
-0.0043335     -0.00418701     -0.00440674     -0.00437012     
-0.00440674     -0.00440674     -0.00441895     -0.00446777     
-0.00439453     -0.00430908     -0.00435791     -0.00423584     
-0.00428467     -0.00427246     -0.00427246     -0.00437012     
-0.00429688     -0.00429688     -0.0043335     -0.0043457     
-0.00446777     -0.00447998     -0.00455322     -0.00452881     
-0.00450439     -0.00443115     -0.00449219     -0.00441895     
-0.00443115     -0.00443115     -0.00430908     -0.00432129     
-0.00426025     -0.00406494     -0.00406494     -0.00390625     
-0.00388184     -0.0038208     -0.00386963     -0.00374756     
-0.00362549     -0.00368652     -0.00374756     -0.00375977     
-0.00389404     -0.00401611     -0.00394287     -0.00408936     
-0.00407715     -0.00406494     -0.0041626     -0.00411377     
-0.00412598     -0.00413818     -0.0041626     -0.00400391     
-0.00385742     -0.00385742     -0.00379639     -0.00368652     
-0.00373535     -0.00366211     -0.00372314     -0.00367432     
-0.00369873     -0.00378418     -0.00385742     -0.00385742     
-0.00397949     -0.00421143     -0.00447998     -0.00456543     
-0.00461426     -0.00472412     -0.00479736     -0.00491943     
-0.00501709     -0.00510254     -0.00506592     -0.00509033     
-0.00491943     -0.00496826     -0.0048584     -0.00482178     
-0.00472412     -0.00465088     -0.00465088     -0.00449219     
-0.00435791     -0.00429688     -0.00419922     -0.00412598     
-0.00401611     -0.00410156     -0.00407715     -0.00410156     
-0.00401611     -0.0039917     -0.00413818     -0.00413818     
-0.00413818     -0.00427246     -0.00435791     -0.0043335     
-0.00438232     -0.00432129     -0.00432129     -0.00432129     
-0.00438232     -0.00432129     -0.00437012     -0.00437012     
-0.0043457     -0.00427246     -0.00428467     -0.00432129     
-0.00428467     -0.00438232     -0.00429688     -0.00422363     
-0.00422363     -0.00397949     -0.00397949     -0.00383301     
-0.00383301     -0.00385742     -0.0038208     -0.00375977     
-0.00369873     -0.00374756     -0.00366211     -0.0036499     
-0.0036377     -0.00358887     -0.00357666     -0.00349121     
-0.00344238     -0.00333252     -0.00336914     -0.00340576     
-0.00327148     -0.00328369     -0.00340576     -0.00323486     
-0.00324707     -0.00332031     -0.00328369     -0.00330811     
-0.00345459     -0.00349121     -0.00356445     -0.00354004     
-0.00379639     -0.00373535     -0.00377197     -0.00391846     
-0.00388184     -0.00395508     -0.00410156     -0.00405273     
-0.00406494     -0.00396729     -0.00391846     -0.00393066     
-0.00393066     -0.00405273     -0.00410156     -0.00402832     
-0.0039917     -0.00393066     -0.00404053     -0.00395508     
-0.00408936     -0.00411377     -0.0041626     -0.00435791     
-0.00426025     -0.00428467     -0.00435791     -0.00441895     
-0.0043457     -0.00446777     -0.00438232     -0.0043457     
-0.0043457     -0.00429688     -0.00437012     -0.00419922     
-0.00432129     -0.00430908     -0.00429688     -0.00426025     
-0.00422363     -0.00413818     -0.00411377     -0.00410156     
-0.00413818     -0.00419922     -0.00413818     -0.00411377     
-0.00408936     -0.00401611     -0.00408936     -0.00394287     
-0.00407715     -0.00407715     -0.0039917     -0.00394287     
-0.0039917     -0.00393066     -0.00384521     -0.00384521     
-0.00380859     -0.00395508     -0.00401611     -0.0039917     
-0.00408936     -0.00411377     -0.00426025     -0.00427246     
-0.00432129     -0.00450439     -0.00454102     -0.00450439     
-0.00439453     -0.0043335     -0.00435791     -0.00428467     
-0.00415039     -0.00418701     -0.00415039     -0.00418701     
-0.00396729     -0.00389404     -0.00400391     -0.00385742     
-0.00388184     -0.00386963     -0.00396729     -0.00384521     
-0.0038208     -0.00371094     -0.00383301     -0.00380859     
-0.00379639     -0.00394287     -0.00390625     -0.00394287     
-0.00391846     -0.00406494     -0.00413818     -0.0041748     
-0.00427246     -0.00435791     -0.00443115     -0.00439453     
-0.00430908     -0.00432129     -0.00427246     -0.0041626     
-0.00408936     -0.00404053     -0.00393066     -0.00384521     
-0.00379639     -0.00367432     -0.00368652     -0.00369873     
-0.00371094     -0.0036499     -0.00386963     -0.00384521     
-0.00375977     -0.00375977     -0.00380859     -0.00374756     
-0.00367432     -0.00378418     -0.00368652     -0.00358887     
-0.00345459     -0.003479     -0.0034668     -0.00330811     
-0.00340576     -0.00349121     -0.00352783     -0.00357666     
-0.00374756     -0.00367432     -0.0038208     -0.00402832     
-0.0041626     -0.00419922     -0.00429688     -0.0043457     
-0.00424805     -0.00415039     -0.0041626     -0.00401611     
-0.00395508     -0.00390625     -0.00388184     -0.00374756     
-0.00374756     -0.00371094     -0.00374756     -0.00375977     
-0.00380859     -0.00394287     -0.00413818     -0.00412598     
-0.00423584     -0.00429688     -0.0043335     -0.00441895     
-0.0043335     -0.00447998     -0.00439453     -0.00430908     
-0.00429688     -0.00412598     -0.00407715     -0.00397949     
-0.00385742     -0.00383301     -0.00371094     -0.00366211     
-0.00352783     -0.0034668     -0.00339355     -0.00340576     
-0.00349121     -0.00344238     -0.00352783     -0.00358887     
-0.00366211     -0.00360107     -0.00394287     -0.00393066     
-0.00386963     -0.00410156     -0.00421143     -0.00404053     
-0.00404053     -0.00397949     -0.00385742     -0.00385742     
-0.00373535     -0.0036377     -0.00358887     -0.00344238     
-0.003479     -0.00333252     -0.00339355     -0.00327148     
-0.00316162     -0.00333252     -0.00338135     -0.00338135     
-0.00336914     -0.00325928     -0.00334473     -0.00325928     
-0.00324707     -0.0032959     -0.00322266     -0.00319824     
-0.00308838     -0.00302734     -0.00314941     -0.00294189     
-0.003125     -0.00314941     -0.00321045     -0.00328369     
-0.00319824     -0.00340576     -0.00343018     -0.00362549     
-0.0036377     -0.00384521     -0.00391846     -0.00396729     
-0.00402832     -0.00407715     -0.00418701     -0.00413818     
-0.00418701     -0.00427246     -0.0041748     -0.00415039     
-0.00413818     -0.00396729     -0.00394287     -0.0039917     
-0.00393066     -0.00395508     -0.00401611     -0.00385742     
-0.00393066     -0.00384521     -0.00393066     -0.00380859     
-0.00389404     -0.00389404     -0.0038208     -0.0038208     
-0.00373535     -0.00349121     -0.0036499     -0.00366211     
-0.00358887     -0.00358887     -0.0036499     -0.0036377     
-0.00360107     -0.00352783     -0.00360107     -0.00354004     
-0.003479     -0.00345459     -0.00334473     -0.00319824     
-0.00307617     -0.00306396     -0.00290527     -0.00297852     
-0.00285645     -0.0029541     -0.00291748     -0.00299072     
-0.00296631     -0.00294189     -0.00314941     -0.003125     
-0.00330811     -0.00330811     -0.00344238     -0.00355225     
-0.00351563     -0.00358887     -0.00369873     -0.00356445     
-0.0036377     -0.00374756     -0.0036499     -0.00367432     
-0.00373535     -0.00368652     -0.00369873     -0.00360107     
-0.00373535     -0.00362549     -0.00369873     -0.00366211     
-0.00352783     -0.00360107     -0.0036377     -0.00362549     
-0.00368652     -0.00379639     -0.00367432     -0.00373535     
-0.00373535     -0.00378418     -0.00379639     -0.00380859     
-0.00379639     -0.00384521     -0.0039917     -0.00390625     
-0.0038208     -0.00395508     -0.0039917     -0.00397949     
-0.00400391     -0.00413818     -0.00413818     -0.0041748     
-0.00400391     -0.00407715     -0.00415039     -0.00407715     
-0.00413818     -0.0041748     -0.0043457     -0.0041748     
-0.00424805     -0.00415039     -0.00408936     -0.00401611     
-0.00396729     -0.00407715     -0.00402832     -0.0039917     
-0.00383301     -0.0038208     -0.00380859     -0.00385742     
-0.00386963     -0.00385742     -0.00405273     -0.00397949     
-0.00402832     -0.0039917     -0.00401611     -0.00400391     
-0.00395508     -0.00393066     -0.00391846     -0.00389404     
-0.00391846     -0.00372314     -0.00373535     -0.00369873     
-0.00355225     -0.0036377     -0.00351563     -0.00338135     
-0.00336914     -0.0032959     -0.00321045     -0.00313721     
-0.00316162     -0.00316162     -0.00308838     -0.00314941     
-0.00297852     -0.00310059     -0.00300293     -0.00307617     
-0.00307617     -0.00307617     -0.00321045     -0.00310059     
-0.00305176     -0.00302734     -0.00314941     -0.00307617     
-0.00305176     -0.00322266     -0.00335693     -0.00327148     
-0.0032959     -0.00344238     -0.00352783     -0.00349121     
-0.00361328     -0.00368652     -0.00374756     -0.00375977     
-0.00386963     -0.00380859     -0.00390625     -0.00385742     
-0.00380859     -0.00388184     -0.00388184     -0.00378418     
-0.00380859     -0.00374756     -0.00383301     -0.00371094     
-0.00372314     -0.00386963     -0.00378418     -0.00368652     
-0.0036377     -0.00358887     -0.00361328     -0.00343018     
-0.00355225     -0.00354004     -0.00352783     -0.0036499     
-0.00350342     -0.00361328     -0.00366211     -0.00374756     
-0.00368652     -0.00394287     -0.00396729     -0.00402832     
-0.0039917     -0.00400391     -0.00410156     -0.0039917     
-0.0041748     -0.0041748     -0.00423584     -0.00423584     
-0.00419922     -0.00427246     -0.00443115     -0.00440674     
-0.0043457     -0.0045166     -0.00439453     -0.00432129     
-0.0043335     -0.00411377     -0.00419922     -0.00395508     
-0.00386963     -0.00379639     -0.00358887     -0.00349121     
-0.00324707     -0.00305176     -0.00302734     -0.00288086     
-0.00267334     -0.00273438     -0.00273438     -0.0027832     
-0.00266113     -0.00270996     -0.00286865     -0.00291748     
-0.00303955     -0.00314941     -0.00333252     -0.00349121     
-0.00354004     -0.00360107     -0.00360107     -0.00375977     
-0.00361328     -0.0038208     -0.00378418     -0.00378418     
-0.00374756     -0.00356445     -0.00369873     -0.00371094     
-0.00366211     -0.0036499     -0.00378418     -0.0036377     
-0.00355225     -0.0034668     -0.00344238     -0.00330811     
-0.00327148     -0.00318604     -0.00311279     -0.0029541     
-0.00300293     -0.00288086     -0.00299072     -0.00296631     
-0.00310059     -0.00305176     -0.00324707     -0.00318604     
-0.00325928     -0.00339355     -0.00344238     -0.0034668     
-0.00371094     -0.00372314     -0.00379639     -0.00373535     
-0.00373535     -0.00371094     -0.00366211     -0.0036499     
-0.00354004     -0.003479     -0.00350342     -0.00334473     
-0.00319824     -0.00308838     -0.00313721     -0.003125     
-0.00305176     -0.00319824     -0.00324707     -0.00325928     
-0.00324707     -0.00330811     -0.00334473     -0.00327148     
-0.00335693     -0.00339355     -0.00352783     -0.00333252     
-0.00333252     -0.00327148     -0.00334473     -0.00322266     
-0.00325928     -0.00334473     -0.00333252     -0.00338135     
-0.00336914     -0.00336914     -0.003479     -0.003479     
-0.00355225     -0.00355225     -0.00378418     -0.00369873     
-0.00362549     -0.00350342     -0.00343018     -0.00328369     
-0.00330811     -0.00324707     -0.00314941     -0.00301514     
-0.00285645     -0.00283203     -0.00288086     -0.00285645     
-0.00281982     -0.00288086     -0.00286865     -0.00273438     
-0.00279541     -0.00279541     -0.00275879     -0.00270996     
-0.00269775     -0.002771     -0.00279541     -0.00274658     
-0.0027832     -0.00281982     -0.002771     -0.00288086     
-0.00299072     -0.00308838     -0.00318604     -0.00318604     
-0.00328369     -0.00327148     -0.00343018     -0.00345459     
-0.00336914     -0.00354004     -0.00360107     -0.0036499     
-0.00360107     -0.00361328     -0.00367432     -0.00356445     
-0.00362549     -0.00371094     -0.00379639     -0.00362549     
-0.0036377     -0.00352783     -0.00357666     -0.00345459     
-0.003479     -0.00358887     -0.00350342     -0.0034668     
-0.00339355     -0.00334473     -0.00335693     -0.00327148     
-0.003125     -0.00327148     -0.00318604     -0.00310059     
-0.00296631     -0.00275879     -0.00274658     -0.00257568     
-0.00258789     -0.00253906     -0.00246582     -0.00245361     
-0.00250244     -0.00246582     -0.00256348     -0.00264893     
-0.00264893     -0.00288086     -0.00305176     -0.00313721     
-0.00319824     -0.00328369     -0.00344238     -0.00344238     
-0.00355225     -0.00358887     -0.00371094     -0.00373535     
-0.00380859     -0.00373535     -0.00378418     -0.00386963     
-0.00373535     -0.00377197     -0.00391846     -0.0038208     
-0.00390625     -0.00373535     -0.00385742     -0.00367432     
-0.00372314     -0.00367432     -0.00375977     -0.00372314     
-0.00366211     -0.00360107     -0.00377197     -0.00377197     
-0.00373535     -0.00391846     -0.00401611     -0.00400391     
-0.0039917     -0.00400391     -0.00404053     -0.00405273     
-0.00400391     -0.00411377     -0.00411377     -0.00405273     
-0.00400391     -0.00408936     -0.00404053     -0.00401611     
-0.00401611     -0.00411377     -0.00407715     -0.00408936     
-0.00407715     -0.00400391     -0.00404053     -0.00396729     
-0.00397949     -0.00383301     -0.00386963     -0.00368652     
-0.00357666     -0.00338135     -0.0032959     -0.00317383     
-0.00310059     -0.00307617     -0.00289307     -0.00285645     
-0.00268555     -0.00272217     -0.00268555     -0.00240479     
-0.0026123     -0.0026123     -0.00270996     -0.00253906     
-0.00241699     -0.00253906     -0.00257568     -0.00253906     
-0.00252686     -0.00267334     -0.00281982     -0.00281982     
-0.00279541     -0.00296631     -0.00296631     -0.00300293     
-0.00318604     -0.00325928     -0.00335693     -0.00336914     
-0.00324707     -0.00322266     -0.00325928     -0.00321045     
-0.00314941     -0.00324707     -0.00318604     -0.00321045     
-0.00310059     -0.00310059     -0.00322266     -0.00314941     
-0.00308838     -0.00316162     -0.00332031     -0.003125     
-0.00328369     -0.00322266     -0.003125     -0.00325928     
-0.00336914     -0.00333252     -0.00341797     -0.00349121     
-0.00349121     -0.00345459     -0.00358887     -0.00361328     
-0.00362549     -0.00362549     -0.00367432     -0.00360107     
-0.00355225     -0.00345459     -0.00340576     -0.00321045     
-0.00316162     -0.00306396     -0.00305176     -0.00292969     
-0.00285645     -0.00279541     -0.00288086     -0.00290527     
-0.00283203     -0.00286865     -0.00301514     -0.00299072     
-0.00310059     -0.00306396     -0.00313721     -0.00318604     
-0.00323486     -0.00333252     -0.00334473     -0.00341797     
-0.00334473     -0.00335693     -0.00333252     -0.00336914     
-0.00341797     -0.00339355     -0.00338135     -0.00340576     
-0.00341797     -0.00334473     -0.00340576     -0.00332031     
-0.00330811     -0.00332031     -0.00325928     -0.00321045     
-0.00313721     -0.00308838     -0.00306396     -0.00297852     
-0.00288086     -0.00289307     -0.0029541     -0.00288086     
-0.00294189     -0.00280762     -0.00297852     -0.00283203     
-0.00281982     -0.00305176     -0.00308838     -0.00301514     
-0.00314941     -0.00323486     -0.00316162     -0.00316162     
-0.00325928     -0.00340576     -0.0032959     -0.00333252     
-0.00344238     -0.0034668     -0.00360107     -0.00350342     
-0.0036377     -0.00372314     -0.00378418     -0.00372314     
-0.00366211     -0.00374756     -0.00369873     -0.00362549     
-0.00350342     -0.00361328     -0.00361328     -0.003479     
-0.00339355     -0.00336914     -0.00335693     -0.00322266     
-0.00314941     -0.00325928     -0.00311279     -0.00301514     
-0.00289307     -0.0027832     -0.00275879     -0.00266113     
-0.00247803     -0.00245361     -0.00246582     -0.00233154     
-0.00228271     -0.00218506     -0.00227051     -0.00219727     
-0.00227051     -0.00233154     -0.00233154     -0.00250244     
-0.00255127     -0.00256348     -0.00268555     -0.00283203     
-0.00284424     -0.00291748     -0.00307617     -0.00307617     
-0.00301514     -0.00305176     -0.00301514     -0.00292969     
-0.00303955     -0.00307617     -0.003125     -0.00303955     
-0.00308838     -0.00319824     -0.00324707     -0.00321045     
-0.00332031     -0.00340576     -0.00340576     -0.0036499     
-0.0036377     -0.00356445     -0.0036499     -0.00369873     
-0.00377197     -0.00371094     -0.00380859     -0.00371094     
-0.00369873     -0.00362549     -0.00357666     -0.00352783     
-0.00340576     -0.00351563     -0.00335693     -0.00336914     
-0.00332031     -0.00321045     -0.00325928     -0.00330811     
-0.0032959     -0.00323486     -0.00332031     -0.00318604     
-0.003125     -0.00308838     -0.00308838     -0.00294189     
-0.00291748     -0.00284424     -0.002771     -0.00272217     
-0.00272217     -0.00264893     -0.00256348     -0.00257568     
-0.00266113     -0.00267334     -0.00267334     -0.00274658     
-0.0027832     -0.00272217     -0.00283203     -0.00291748     
-0.00296631     -0.00322266     -0.00317383     -0.0032959     
-0.00324707     -0.003479     -0.00350342     -0.00352783     
-0.00358887     -0.00373535     -0.00377197     -0.00367432     
-0.00374756     -0.00358887     -0.00350342     -0.00335693     
-0.00338135     -0.00333252     -0.00324707     -0.00314941     
-0.00303955     -0.00297852     -0.00303955     -0.00302734     
-0.00308838     -0.00305176     -0.00324707     -0.00313721     
-0.00323486     -0.00324707     -0.00325928     -0.00333252     
-0.00336914     -0.00338135     -0.00344238     -0.00328369     
-0.00332031     -0.00323486     -0.00321045     -0.00318604     
-0.00314941     -0.00306396     -0.00310059     -0.00301514     
-0.00300293     -0.00281982     -0.00283203     -0.00281982     
-0.00273438     -0.00288086     -0.00281982     -0.00284424     
-0.00286865     -0.00285645     -0.00281982     -0.00301514     
-0.00302734     -0.00314941     -0.0032959     -0.0032959     
-0.00336914     -0.00338135     -0.00345459     -0.00336914     
-0.00332031     -0.00340576     -0.00335693     -0.00324707     
-0.00323486     -0.00297852     -0.00280762     -0.00268555     
-0.00262451     -0.00252686     -0.00246582     -0.00230713     
-0.00234375     -0.00211182     -0.00224609     -0.00233154     
-0.00224609     -0.00246582     -0.00251465     -0.00251465     
-0.00270996     -0.00270996     -0.00286865     -0.00297852     
-0.00305176     -0.00319824     -0.00321045     -0.00322266     
-0.00316162     -0.00321045     -0.00339355     -0.00317383     
-0.00317383     -0.00316162     -0.00322266     -0.00310059     
-0.00306396     -0.00306396     -0.00305176     -0.00308838     
-0.00297852     -0.00303955     -0.00314941     -0.00302734     
-0.00297852     -0.00292969     -0.00303955     -0.00290527     
-0.00285645     -0.00288086     -0.00285645     -0.00291748     
-0.00283203     -0.00273438     -0.00286865     -0.00290527     
-0.00288086     -0.00300293     -0.00311279     -0.00317383     

