Source : transient; Time : Wed Jun 14 07:15:42 2017
B0 = 3664.000000 Gauss, mw = 9.686281 GHz
 NDI-T2 sa261 20/2 42/25 523nm/1mJ
1 5000 -1.001e-06 8.997e-06 0 0
s                        V                                                 
0.000219727     0.000305176     0.000268555     0.000146484     
9.76563e-05     0.000170898     0.00020752     0.000134277     
0.00012207     0.000183105     0.000292969     0.00020752     
0.000341797     0.000354004     0.000402832     0.000341797     
0.000280762     0.00032959     0.000378418     0.000109863     
8.54492e-05     2.44141e-05     -2.44141e-05     -0.000244141     
-0.000378418     -0.000439453     -0.000402832     -0.000622559     
-0.000585938     -0.000512695     -0.000634766     -0.000500488     
-0.000512695     -0.000378418     -0.000341797     -0.000268555     
-0.000183105     -0.000158691     -0.000146484     1.2207e-05     
-0.00012207     -4.88281e-05     -6.10352e-05     -6.10352e-05     
-0.000158691     -0.000158691     -0.000134277     -0.000183105     
-0.000231934     -0.000183105     -0.000158691     -0.000268555     
-0.00020752     -0.000170898     -4.88281e-05     -0.000244141     
-0.00012207     -8.54492e-05     1.2207e-05     -1.2207e-05     
0     0.000134277     0.000231934     0.000134277     
0.000183105     0.000256348     0.000244141     0.000134277     
0.000244141     0.00020752     0.000280762     0.000231934     
0.000280762     0.000354004     0.000427246     0.000292969     
0.000476074     0.000537109     0.000537109     0.000512695     
0.000500488     0.000598145     0.000671387     0.000585938     
0.000354004     0.000390625     0.000354004     0.00020752     
6.10352e-05     0.00020752     7.32422e-05     -4.88281e-05     
-0.00012207     -6.10352e-05     -6.10352e-05     -0.000231934     
-0.000183105     -0.000109863     -9.76563e-05     -0.000170898     
-0.000170898     -3.66211e-05     -6.10352e-05     -0.00012207     
-7.32422e-05     0.000170898     0.000146484     3.66211e-05     
3.66211e-05     0.000134277     0.000170898     3.66211e-05     
0     0     9.76563e-05     -0.000195313     
-0.000244141     -0.000170898     -0.000268555     -0.000488281     
-0.00045166     -0.000488281     -0.000476074     -0.000561523     
-0.000488281     -0.000488281     -0.000317383     -0.000354004     
-0.00020752     -2.44141e-05     0.000146484     0.00020752     
0.000170898     0.00032959     0.000402832     0.000280762     
0.000219727     0.000244141     9.76563e-05     -3.66211e-05     
-0.00012207     -0.000183105     -0.000341797     -0.000402832     
-0.000463867     -0.000512695     -0.000415039     -0.000354004     
-0.000439453     -0.000280762     -0.000134277     -9.76563e-05     
-2.44141e-05     8.54492e-05     0.000170898     0.000134277     
0.000170898     0.000256348     0.00020752     0.00020752     
0.000183105     8.54492e-05     0.000195313     0     
1.2207e-05     -2.44141e-05     4.88281e-05     -4.88281e-05     
-0.000109863     -9.76563e-05     -9.76563e-05     -0.00020752     
-0.000219727     -0.00032959     -0.000305176     -0.000439453     
-0.000402832     -0.000402832     -0.000402832     -0.000427246     
-0.00045166     -0.00032959     -0.000231934     -0.000134277     
-9.76563e-05     3.66211e-05     0.000219727     0.000256348     
0.000219727     0.000500488     0.000341797     0.000463867     
0.000415039     0.000402832     0.000439453     0.000292969     
0.000219727     0.000244141     8.54492e-05     2.44141e-05     
1.2207e-05     -2.44141e-05     8.54492e-05     -9.76563e-05     
2.44141e-05     0.000146484     0.000146484     0.000146484     
0.000292969     0.000378418     0.000439453     0.000231934     
0.000280762     0.000317383     0.000378418     0.000183105     
0.000134277     7.32422e-05     0.000256348     -3.66211e-05     
0     4.88281e-05     6.10352e-05     7.32422e-05     
0     4.88281e-05     0.000219727     0.000134277     
0.000292969     0.000341797     0.000439453     0.000512695     
0.000585938     0.000708008     0.000805664     0.000720215     
0.000708008     0.000805664     0.000708008     0.000671387     
0.000598145     0.000634766     0.00065918     0.000476074     
0.000463867     0.000537109     0.000598145     0.000463867     
0.00045166     0.000549316     0.000683594     0.000561523     
0.000463867     0.000476074     0.000427246     0.000354004     
0.000256348     0.000158691     0.000134277     6.10352e-05     
8.54492e-05     -6.10352e-05     -2.44141e-05     -2.44141e-05     
-2.44141e-05     9.76563e-05     0.000268555     0.000183105     
0.000317383     0.000305176     0.000463867     0.000524902     
0.000390625     0.000610352     0.000598145     0.000427246     
0.000415039     0.000402832     0.000305176     0.000280762     
0.00012207     0.000134277     0.000109863     -1.2207e-05     
-0.000134277     -0.000158691     -0.000158691     -0.000231934     
-0.000292969     -0.000280762     -0.000341797     -0.000305176     
-0.000256348     -0.000146484     -4.88281e-05     -0.000109863     
-1.2207e-05     0.000183105     0.000231934     0.000305176     
0.000415039     0.000476074     0.000512695     0.000537109     
0.000549316     0.000512695     0.000512695     0.000524902     
0.000378418     0.000317383     0.000256348     2.44141e-05     
2.44141e-05     -4.88281e-05     -6.10352e-05     -0.000231934     
-0.000341797     -0.000378418     -0.000366211     -0.000390625     
-0.000305176     -0.000366211     -0.000195313     -0.000354004     
-0.000244141     -0.000219727     -0.00012207     -0.000195313     
-0.000183105     -6.10352e-05     -1.2207e-05     2.44141e-05     
-0.000109863     7.32422e-05     2.44141e-05     -2.44141e-05     
8.54492e-05     0.000134277     0.000219727     0.000354004     
0.000305176     0.000427246     0.000500488     0.000561523     
0.000524902     0.000634766     0.000744629     0.000769043     
0.000720215     0.000720215     0.000830078     0.000683594     
0.000756836     0.000720215     0.000744629     0.00057373     
0.000500488     0.000390625     0.000305176     0.000195313     
0.00020752     6.10352e-05     2.44141e-05     -0.000183105     
-0.000146484     -0.000158691     -0.000134277     -0.000256348     
-0.000146484     -0.000195313     -7.32422e-05     -0.000170898     
-0.000146484     -3.66211e-05     0     0     
6.10352e-05     4.88281e-05     0.000146484     0.00012207     
0.00012207     0.000134277     0.000109863     0.000158691     
0.000134277     0.000244141     0.000305176     0.000195313     
0.000280762     0.000402832     0.000219727     0.000280762     
0.000170898     0.00012207     0.000170898     3.66211e-05     
-3.66211e-05     1.2207e-05     0     -8.54492e-05     
-0.000146484     -9.76563e-05     1.2207e-05     -0.00020752     
-3.66211e-05     -7.32422e-05     -8.54492e-05     -0.000195313     
-0.000183105     -6.10352e-05     -3.66211e-05     -0.00012207     
-2.44141e-05     -2.44141e-05     8.54492e-05     8.54492e-05     
4.88281e-05     0.000195313     0.000268555     0.000195313     
0.00020752     0.000280762     0.000366211     0.000280762     
0.000366211     0.000427246     0.000524902     0.000488281     
0.000488281     0.000708008     0.000622559     0.000549316     
0.000549316     0.000732422     0.000598145     0.000598145     
0.00057373     0.000598145     0.000549316     0.000512695     
0.000366211     0.000463867     0.00045166     0.000354004     
0.000354004     0.000256348     0.000268555     0.000146484     
7.32422e-05     0.000109863     0.000134277     0     
-9.76563e-05     -1.2207e-05     -1.2207e-05     -8.54492e-05     
-7.32422e-05     2.44141e-05     3.66211e-05     -1.2207e-05     
8.54492e-05     0.00012207     0.000256348     0.00020752     
0.000231934     0.000427246     0.000500488     0.000402832     
0.000524902     0.000512695     0.000561523     0.000524902     
0.000354004     0.000366211     0.00045166     0.000146484     
0.000183105     8.54492e-05     -7.32422e-05     -2.44141e-05     
-8.54492e-05     -7.32422e-05     0     0     
3.66211e-05     0.000219727     0.000317383     0.000354004     
0.000317383     0.000488281     0.000439453     0.000402832     
0.00032959     0.000354004     0.000280762     0.000195313     
4.88281e-05     3.66211e-05     3.66211e-05     -7.32422e-05     
-0.000158691     -0.000134277     -0.000183105     -0.000390625     
-0.000256348     -0.000146484     -8.54492e-05     -9.76563e-05     
-0.000109863     4.88281e-05     2.44141e-05     0     
7.32422e-05     2.44141e-05     7.32422e-05     0     
-2.44141e-05     -0.000146484     -0.000158691     -0.000256348     
-0.00032959     -0.000292969     -0.000231934     -0.000402832     
-0.000292969     -0.00020752     -6.10352e-05     -0.000146484     
-6.10352e-05     0.000134277     0.000195313     7.32422e-05     
2.44141e-05     0.000219727     0.000256348     0.000183105     
0.000109863     0.00012207     0.000158691     0.000170898     
1.2207e-05     3.66211e-05     -3.66211e-05     -0.000146484     
-8.54492e-05     -0.000134277     -0.000219727     -0.00020752     
-0.000292969     -0.000280762     -0.000146484     -0.000158691     
-0.00012207     -4.88281e-05     0.000244141     0.000305176     
0.00045166     0.000732422     0.000976563     0.00124512     
0.00157471     0.00194092     0.00236816     0.00262451     
0.00314941     0.00368652     0.00407715     0.00437012     
0.00491943     0.00524902     0.00585938     0.00618896     
0.0065918     0.00697021     0.00744629     0.00766602     
0.0081665     0.0085083     0.00881348     0.00919189     
0.00957031     0.00993652     0.0102539     0.0105713     
0.0108643     0.0112793     0.0116943     0.0118774     
0.0121948     0.012561     0.0127563     0.0131836     
0.0134766     0.0137329     0.0141724     0.0144043     
0.0146118     0.0150757     0.0154907     0.0157593     
0.0161255     0.0165283     0.01698     0.0172729     
0.0177368     0.0180786     0.0184814     0.0188477     
0.0190552     0.019397     0.019873     0.0200562     
0.0203857     0.0206177     0.0209473     0.021228     
0.0215088     0.0217407     0.0222046     0.0222656     
0.0226685     0.0230591     0.0233032     0.0236572     
0.0239624     0.0243652     0.0247803     0.0249146     
0.0252563     0.025647     0.0258423     0.0261108     
0.0262451     0.0265137     0.0266724     0.0268311     
0.0269775     0.0272339     0.0272949     0.0274414     
0.0275146     0.0277222     0.0279541     0.0280273     
0.0282959     0.0283691     0.0286255     0.0287842     
0.0289429     0.0291382     0.0293335     0.0294189     
0.0297852     0.0299072     0.0301025     0.0302002     
0.0303711     0.0305664     0.0307861     0.0309326     
0.0310181     0.0312378     0.0314087     0.0314087     
0.0316162     0.0317139     0.0319214     0.031897     
0.0321045     0.0321777     0.0322632     0.0323364     
0.0324951     0.0325806     0.0327759     0.0327881     
0.0330322     0.0330322     0.0333008     0.0333618     
0.0335083     0.0337769     0.0339111     0.0338745     
0.0338501     0.0340698     0.0340942     0.0340454     
0.0340942     0.0342896     0.0341553     0.0340698     
0.0340698     0.0340454     0.0340698     0.0339722     
0.0338745     0.0339233     0.0340576     0.034021     
0.0340454     0.0341919     0.0342651     0.0343384     
0.0344238     0.0345337     0.0346558     0.0345825     
0.0346191     0.0346313     0.0346802     0.0346558     
0.034668     0.034668     0.034668     0.0345703     
0.0345947     0.0345459     0.0346436     0.0345825     
0.0346191     0.0346924     0.0347656     0.0347046     
0.0347412     0.0347656     0.0349243     0.0348755     
0.0349121     0.0349243     0.0350098     0.0348389     
0.0348389     0.0348389     0.0347778     0.0346191     
0.0345825     0.0345947     0.0344482     0.0342407     
0.0340942     0.0341064     0.0340332     0.0338501     
0.0338257     0.0337524     0.0336792     0.0335205     
0.0333496     0.0334473     0.0333374     0.0331543     
0.0331665     0.0330811     0.0330933     0.0329712     
0.0328369     0.0328735     0.0327759     0.0326538     
0.0324951     0.0324219     0.0324219     0.0321411     
0.0320801     0.0319214     0.0317261     0.0314941     
0.0314819     0.0312378     0.0312012     0.0309814     
0.0308105     0.0307861     0.0306396     0.0305176     
0.0305054     0.0304321     0.0304199     0.0302002     
0.0301147     0.0300903     0.0299194     0.0297607     
0.0295776     0.0295044     0.0294434     0.029248     
0.0290283     0.0289917     0.028772     0.0286499     
0.0284546     0.028418     0.0283936     0.0282715     
0.0281494     0.0281494     0.0280762     0.0279541     
0.0278931     0.0278442     0.027771     0.0275024     
0.0274292     0.0273804     0.0271362     0.0269653     
0.0267822     0.0266602     0.0265137     0.026123     
0.0259521     0.0256836     0.0256226     0.0252808     
0.0250488     0.0249023     0.0247925     0.0244873     
0.0243286     0.0242554     0.0241455     0.0238892     
0.0239258     0.0237671     0.0238892     0.0237061     
0.0236084     0.0236084     0.0234985     0.0234009     
0.023291     0.0232788     0.0231567     0.0229858     
0.0229248     0.0228516     0.0227051     0.0224976     
0.0223755     0.0223389     0.0221191     0.0218994     
0.0218506     0.0216797     0.0214111     0.0212769     
0.0210571     0.0209351     0.020813     0.0205811     
0.0205078     0.0203613     0.0203491     0.0201904     
0.0201294     0.020105     0.0200806     0.0200562     
0.0199707     0.0199097     0.0198608     0.0197021     
0.0196167     0.0195801     0.019397     0.0191772     
0.0191162     0.0188721     0.0187012     0.0185913     
0.0183228     0.0183105     0.0182861     0.0178833     
0.0178711     0.0178223     0.0178101     0.0175781     
0.0176147     0.0175903     0.0176025     0.0176147     
0.0174927     0.0175537     0.0174805     0.0173828     
0.0172363     0.0172852     0.017041     0.0169434     
0.0168213     0.0166992     0.0166016     0.0163452     
0.0162842     0.0162476     0.01604     0.0158691     
0.0158936     0.0158325     0.0158081     0.015625     
0.0156494     0.0156494     0.0155762     0.0154541     
0.0153564     0.0153564     0.015332     0.0151978     
0.0151733     0.0149902     0.0149902     0.0148071     
0.0147705     0.0146484     0.0147461     0.0145142     
0.0144775     0.0144165     0.0144043     0.0142334     
0.0142944     0.0141479     0.0140747     0.0139771     
0.0137695     0.0138794     0.0137817     0.0135742     
0.0136475     0.013562     0.0134277     0.0133911     
0.0132935     0.013147     0.0131104     0.0130371     
0.0126953     0.0128174     0.0127197     0.012561     
0.012439     0.0125854     0.0125122     0.0125244     
0.0125854     0.0125977     0.0127075     0.0127319     
0.0126709     0.0127075     0.0128662     0.0127319     
0.0127075     0.0126465     0.0125366     0.0125244     
0.0123413     0.0122681     0.0123413     0.012146     
0.0122192     0.0121826     0.0121216     0.0120972     
0.0121582     0.012146     0.0121704     0.0120239     
0.012085     0.0120972     0.0120361     0.0119751     
0.0119263     0.0119995     0.0119751     0.0119141     
0.0118286     0.0119019     0.0118896     0.0119751     
0.011853     0.0119507     0.0121338     0.0120972     
0.0121216     0.0123047     0.0122559     0.0122437     
0.0123413     0.0123657     0.0124634     0.0123657     
0.0124512     0.0125122     0.0124268     0.0123291     
0.0123535     0.0123535     0.0123779     0.012207     
0.0122314     0.0123535     0.0123047     0.0122437     
0.0122803     0.0124023     0.0125244     0.0124146     
0.0124878     0.0125     0.0126221     0.0125977     
0.0126465     0.0126587     0.0128052     0.0126953     
0.0127075     0.0128052     0.0127686     0.0126953     
0.0128174     0.0128174     0.0129761     0.0128296     
0.0128296     0.012793     0.0128174     0.0127197     
0.0126099     0.0127808     0.0126587     0.0125122     
0.012439     0.0124878     0.0124756     0.0123901     
0.0122681     0.0124634     0.0125244     0.0125122     
0.0124268     0.0125732     0.0125977     0.0125977     
0.0125122     0.0126709     0.0128052     0.0126953     
0.012793     0.012915     0.0130005     0.0130005     
0.0130493     0.0133057     0.0132935     0.0134644     
0.0135864     0.0136475     0.0137085     0.0137329     
0.0138428     0.0139404     0.0140137     0.0138916     
0.0140625     0.0140259     0.0141602     0.0141602     
0.0142456     0.0144043     0.0144653     0.0143677     
0.0144897     0.014624     0.0145386     0.0145752     
0.0145386     0.0145996     0.0145874     0.0146118     
0.0145264     0.0145264     0.0145386     0.014563     
0.014502     0.0146362     0.0147461     0.0147461     
0.0147705     0.0149048     0.0149292     0.0149536     
0.0149658     0.0150269     0.0150879     0.0149536     
0.0149536     0.014978     0.0148682     0.0146973     
0.014624     0.0146606     0.0145996     0.0145142     
0.0144165     0.0144531     0.0145752     0.0144409     
0.014502     0.0146606     0.0147827     0.0147583     
0.0147949     0.0148926     0.0150024     0.0148315     
0.0149414     0.0150757     0.0150635     0.0150024     
0.0150635     0.0150635     0.0151978     0.0151245     
0.0151978     0.015332     0.0153931     0.0154053     
0.0154785     0.0156006     0.015625     0.0156372     
0.015625     0.0158325     0.0158081     0.0158936     
0.0157959     0.0160278     0.0158936     0.0157837     
0.0157593     0.0156128     0.0156616     0.0155029     
0.0153931     0.0152466     0.0151611     0.0150146     
0.0148804     0.0148071     0.0148926     0.0148926     
0.0147827     0.0148926     0.0148315     0.0149048     
0.0148926     0.014856     0.0149414     0.0147827     
0.0147095     0.0146851     0.0145996     0.0144287     
0.0142822     0.0141968     0.0143066     0.0141479     
0.0139648     0.0139648     0.0139038     0.0137573     
0.0139771     0.013855     0.0139648     0.0139648     
0.0138916     0.0140137     0.0139526     0.0140137     
0.0138672     0.0139282     0.0140503     0.0139648     
0.013916     0.0140625     0.0140015     0.0140381     
0.0140015     0.0140137     0.0140869     0.0139893     
0.013916     0.0140503     0.0139893     0.0139282     
0.0137939     0.0137695     0.0138184     0.0135986     
0.0135742     0.0135742     0.0134521     0.0134277     
0.0133667     0.0133911     0.013501     0.0134033     
0.0134888     0.0134521     0.0134888     0.0135132     
0.0135254     0.0134644     0.0135864     0.0133789     
0.0134766     0.0134521     0.0133667     0.0131836     
0.0131104     0.0130615     0.0131714     0.0128662     
0.0127563     0.0127686     0.0126709     0.012561     
0.0124146     0.0124878     0.0123169     0.0121704     
0.012085     0.0120605     0.0119263     0.0119385     
0.0117798     0.0118408     0.0118042     0.0117432     
0.011792     0.011853     0.0118164     0.0118896     
0.0117676     0.0119019     0.0119873     0.0118652     
0.0119385     0.0118408     0.011792     0.0116943     
0.0115356     0.0114624     0.0114868     0.0112427     
0.0111328     0.0110596     0.0109985     0.0108398     
0.0106934     0.0106934     0.0106934     0.010498     
0.0105347     0.0105713     0.0106201     0.0104736     
0.0104858     0.0105957     0.0105835     0.0104248     
0.010498     0.010437     0.0103271     0.0102051     
0.0101318     0.0101074     0.010083     0.00996094     
0.00981445     0.0098877     0.00986328     0.00975342     
0.00974121     0.0098999     0.00996094     0.00994873     
0.0098999     0.0100098     0.010083     0.00999756     
0.0100098     0.0101074     0.0100586     0.00996094     
0.0098999     0.00993652     0.00982666     0.00966797     
0.00960693     0.00949707     0.00935059     0.00915527     
0.00897217     0.00897217     0.00872803     0.00856934     
0.00852051     0.0083374     0.00827637     0.00812988     
0.00800781     0.00795898     0.00793457     0.00772705     
0.00775146     0.00767822     0.00775146     0.00762939     
0.00769043     0.00780029     0.00783691     0.00782471     
0.00786133     0.00797119     0.00804443     0.00802002     
0.00795898     0.00803223     0.00792236     0.00786133     
0.0078125     0.00775146     0.00765381     0.00760498     
0.00740967     0.00748291     0.00731201     0.00725098     
0.00717773     0.00726318     0.00715332     0.00704346     
0.00701904     0.00697021     0.00698242     0.00688477     
0.00683594     0.00684814     0.00693359     0.00681152     
0.00681152     0.00695801     0.00688477     0.00693359     
0.00697021     0.00701904     0.00714111     0.00695801     
0.00699463     0.00709229     0.00706787     0.00687256     
0.00687256     0.00678711     0.00682373     0.00667725     
0.00657959     0.00651855     0.00651855     0.00620117     
0.00616455     0.00609131     0.00609131     0.0059082     
0.00585938     0.00588379     0.00585938     0.0059082     
0.00594482     0.0060791     0.00614014     0.00611572     
0.00605469     0.00622559     0.00626221     0.00616455     
0.00617676     0.00626221     0.00623779     0.00598145     
0.00583496     0.00609131     0.00578613     0.00574951     
0.00567627     0.00571289     0.0057251     0.00556641     
0.00570068     0.00579834     0.0057373     0.00578613     
0.00582275     0.00595703     0.0060791     0.00604248     
0.00614014     0.00614014     0.00623779     0.00628662     
0.00631104     0.00632324     0.00651855     0.00634766     
0.00645752     0.00648193     0.00638428     0.00633545     
0.00634766     0.00623779     0.00633545     0.00615234     
0.00616455     0.00615234     0.00606689     0.00600586     
0.00604248     0.00605469     0.00609131     0.0060791     
0.00612793     0.00617676     0.00612793     0.00614014     
0.00606689     0.00615234     0.00620117     0.00611572     
0.00606689     0.00603027     0.00605469     0.00596924     
0.00595703     0.00593262     0.00600586     0.00588379     
0.00594482     0.00587158     0.00603027     0.00592041     
0.00588379     0.0059082     0.00594482     0.00587158     
0.00584717     0.00577393     0.00587158     0.00579834     
0.00579834     0.00579834     0.00585938     0.00576172     
0.005896     0.00584717     0.00587158     0.00584717     
0.00596924     0.00583496     0.00596924     0.00587158     
0.00579834     0.00579834     0.00595703     0.00587158     
0.00596924     0.00604248     0.00614014     0.00617676     
0.00621338     0.00637207     0.00640869     0.00639648     
0.00654297     0.00670166     0.00662842     0.00667725     
0.0065918     0.00661621     0.00666504     0.00649414     
0.00654297     0.00655518     0.00653076     0.00637207     
0.00645752     0.00640869     0.00639648     0.00633545     
0.00633545     0.00639648     0.00645752     0.00649414     
0.00649414     0.00664063     0.00681152     0.00672607     
0.00690918     0.00688477     0.00700684     0.00700684     
0.00700684     0.00692139     0.00700684     0.00684814     
0.00687256     0.00693359     0.00688477     0.00688477     
0.00690918     0.00687256     0.0069458     0.00693359     
0.00688477     0.0071167     0.00722656     0.00725098     
0.00733643     0.00743408     0.00751953     0.00754395     
0.00765381     0.00771484     0.00780029     0.00780029     
0.00776367     0.00786133     0.00777588     0.00769043     
0.00769043     0.00770264     0.00771484     0.00755615     
0.00743408     0.00755615     0.00751953     0.0074585     
0.0074707     0.0074585     0.00759277     0.00751953     
0.00744629     0.00753174     0.00754395     0.00761719     
0.00753174     0.00759277     0.0076416     0.0074585     
0.00748291     0.0074585     0.00738525     0.00737305     
0.00742188     0.00736084     0.00744629     0.00739746     
0.00742188     0.00755615     0.00761719     0.00750732     
0.00773926     0.00772705     0.00775146     0.00789795     
0.00784912     0.00802002     0.00805664     0.00806885     
0.00805664     0.00808105     0.00811768     0.00810547     
0.00811768     0.0081543     0.00805664     0.00799561     
0.00795898     0.00787354     0.00795898     0.00775146     
0.00775146     0.00775146     0.00758057     0.00737305     
0.00753174     0.00734863     0.00734863     0.00722656     
0.00720215     0.00734863     0.00736084     0.0072876     
0.0072876     0.00740967     0.00748291     0.00756836     
0.00765381     0.00778809     0.00784912     0.0078125     
0.00783691     0.00784912     0.00792236     0.0078125     
0.00775146     0.00777588     0.00773926     0.00760498     
0.00750732     0.00744629     0.00753174     0.00723877     
0.00722656     0.0072876     0.00720215     0.0071167     
0.00708008     0.00721436     0.00731201     0.00718994     
0.00726318     0.00740967     0.00720215     0.0072876     
0.00714111     0.00718994     0.00705566     0.00692139     
0.00689697     0.00678711     0.00666504     0.00668945     
0.00655518     0.00650635     0.00665283     0.00656738     
0.00656738     0.00665283     0.00667725     0.0067627     
0.00670166     0.00673828     0.00681152     0.00670166     
0.00675049     0.00673828     0.00687256     0.006604     
0.00666504     0.00670166     0.00679932     0.00661621     
0.00670166     0.00667725     0.00670166     0.00656738     
0.0065918     0.00666504     0.00670166     0.00646973     
0.00649414     0.00646973     0.00634766     0.00615234     
0.00610352     0.00603027     0.00596924     0.00581055     
0.0055542     0.0055542     0.00550537     0.00528564     
0.00511475     0.00524902     0.00515137     0.00507813     
0.00513916     0.00512695     0.00511475     0.00511475     
0.00512695     0.00518799     0.00527344     0.00516357     
0.00532227     0.00528564     0.00533447     0.00533447     
0.00539551     0.00546875     0.00543213     0.00540771     
0.00537109     0.00540771     0.0053833     0.00517578     
0.00511475     0.0050415     0.0050415     0.00489502     
0.0048584     0.00488281     0.00482178     0.00469971     
0.0046875     0.00478516     0.00480957     0.00477295     
0.00484619     0.00487061     0.0050293     0.00501709     
0.00494385     0.00513916     0.00523682     0.00516357     
0.00524902     0.00532227     0.0052124     0.00516357     
0.00528564     0.00533447     0.00526123     0.00529785     
0.00513916     0.00529785     0.00526123     0.00513916     
0.00509033     0.00515137     0.00515137     0.00495605     
0.00483398     0.00493164     0.00494385     0.00478516     
0.00472412     0.00472412     0.00478516     0.00465088     
0.00458984     0.00461426     0.00450439     0.00450439     
0.0043457     0.0043335     0.00429688     0.00411377     
0.00401611     0.00402832     0.00396729     0.00374756     
0.00375977     0.00366211     0.00380859     0.00369873     
0.0036377     0.0038208     0.00380859     0.00368652     
0.00383301     0.00380859     0.00385742     0.00391846     
0.00390625     0.00396729     0.00391846     0.00396729     
0.00395508     0.00401611     0.00415039     0.00413818     
0.00402832     0.0041748     0.00411377     0.00421143     
0.00421143     0.0041748     0.00428467     0.00413818     
0.00402832     0.00415039     0.0039917     0.00386963     
0.00391846     0.00377197     0.00374756     0.00354004     
0.0034668     0.00351563     0.00355225     0.00334473     
0.0032959     0.003479     0.00356445     0.00335693     
0.0034668     0.00351563     0.00358887     0.00351563     
0.00357666     0.00368652     0.0038208     0.00366211     
0.00369873     0.00375977     0.00379639     0.00374756     
0.00368652     0.0036499     0.00377197     0.00361328     
0.003479     0.00352783     0.0034668     0.00339355     
0.0032959     0.00339355     0.00333252     0.00328369     
0.0032959     0.00328369     0.0032959     0.00330811     
0.00323486     0.00335693     0.00340576     0.00336914     
0.00324707     0.00334473     0.00327148     0.00319824     
0.00319824     0.00316162     0.00324707     0.00324707     
0.00314941     0.00311279     0.00313721     0.00311279     
0.00303955     0.00302734     0.00306396     0.00308838     
0.00302734     0.00303955     0.00313721     0.00294189     
0.00303955     0.00307617     0.00303955     0.00300293     
0.00302734     0.00294189     0.00296631     0.00286865     
0.00281982     0.00285645     0.00296631     0.00273438     
0.00274658     0.00270996     0.00272217     0.002771     
0.00275879     0.00281982     0.00292969     0.00296631     
0.00291748     0.003125     0.003125     0.00310059     
0.00307617     0.00318604     0.00319824     0.00319824     
0.00313721     0.00318604     0.00321045     0.00303955     
0.00300293     0.00303955     0.00297852     0.00291748     
0.00285645     0.00301514     0.00302734     0.00291748     
0.00299072     0.00313721     0.0032959     0.0032959     
0.00313721     0.00343018     0.00336914     0.00339355     
0.00336914     0.00321045     0.00336914     0.00319824     
0.00319824     0.00317383     0.00318604     0.00314941     
0.00316162     0.00322266     0.00325928     0.00323486     
0.00345459     0.003479     0.00356445     0.00360107     
0.00360107     0.00374756     0.00379639     0.00385742     
0.00378418     0.00389404     0.00385742     0.00391846     
0.00385742     0.00384521     0.00397949     0.00394287     
0.0038208     0.00396729     0.00402832     0.00389404     
0.00396729     0.00405273     0.00410156     0.00408936     
0.00401611     0.00411377     0.00406494     0.00408936     
0.00401611     0.00407715     0.00421143     0.00411377     
0.00405273     0.00415039     0.00418701     0.00406494     
0.00404053     0.00400391     0.00397949     0.00388184     
0.00389404     0.00393066     0.00396729     0.00384521     
0.00397949     0.00388184     0.00393066     0.00379639     
0.00379639     0.0038208     0.00385742     0.00375977     
0.00390625     0.00388184     0.00397949     0.00397949     
0.00395508     0.00406494     0.00408936     0.00411377     
0.00405273     0.0041748     0.00411377     0.00410156     
0.00402832     0.00406494     0.00390625     0.00383301     
0.0038208     0.00377197     0.00373535     0.00368652     
0.00361328     0.00371094     0.00357666     0.00356445     
0.00367432     0.00368652     0.00380859     0.00375977     
0.00388184     0.00397949     0.00404053     0.00406494     
0.00404053     0.00418701     0.00432129     0.00419922     
0.00427246     0.00426025     0.00427246     0.00428467     
0.00426025     0.0043457     0.00446777     0.00421143     
0.00427246     0.00435791     0.00432129     0.0043335     
0.00432129     0.00437012     0.00456543     0.00438232     
0.00440674     0.00452881     0.00449219     0.00441895     
0.00441895     0.00444336     0.00439453     0.00429688     
0.00421143     0.0041626     0.00410156     0.00410156     
0.00375977     0.00393066     0.00385742     0.00371094     
0.00373535     0.00378418     0.00388184     0.00389404     
0.00385742     0.00401611     0.00413818     0.00410156     
0.0041748     0.00419922     0.0041626     0.00412598     
0.00405273     0.00412598     0.00411377     0.00397949     
0.00389404     0.00393066     0.00390625     0.00373535     
0.00383301     0.00395508     0.00394287     0.00384521     
0.00393066     0.00395508     0.00404053     0.00405273     
0.00408936     0.00408936     0.00419922     0.00401611     
0.00412598     0.00413818     0.00404053     0.00391846     
0.00384521     0.00378418     0.00375977     0.00367432     
0.003479     0.00358887     0.00362549     0.00355225     
0.00358887     0.00371094     0.00374756     0.00384521     
0.00383301     0.00407715     0.00421143     0.00412598     
0.0041748     0.00423584     0.00432129     0.0041748     
0.00408936     0.0041748     0.00421143     0.00406494     
0.00404053     0.00413818     0.00415039     0.00405273     
0.00407715     0.0041748     0.00408936     0.00397949     
0.0041626     0.0041748     0.00421143     0.00415039     
0.00411377     0.00412598     0.00412598     0.00394287     
0.00393066     0.00389404     0.00393066     0.00386963     
0.00378418     0.00377197     0.00390625     0.00383301     
0.00378418     0.00388184     0.00397949     0.00395508     
0.00390625     0.00408936     0.00401611     0.00404053     
0.00397949     0.00391846     0.00401611     0.00400391     
0.0038208     0.00391846     0.00389404     0.00375977     
0.0038208     0.00380859     0.00380859     0.00378418     
0.00368652     0.0036377     0.00369873     0.00361328     
0.003479     0.00345459     0.00355225     0.00333252     
0.00325928     0.00330811     0.00322266     0.00314941     
0.003125     0.003125     0.00316162     0.00305176     
0.00296631     0.00299072     0.00297852     0.00286865     
0.00284424     0.0027832     0.00281982     0.00269775     
0.00263672     0.0026123     0.00263672     0.00246582     
0.00255127     0.00256348     0.00255127     0.00255127     
0.00245361     0.00255127     0.00249023     0.00258789     
0.00257568     0.00268555     0.00275879     0.002771     
0.00264893     0.00285645     0.00266113     0.00270996     
0.00268555     0.00266113     0.00273438     0.00253906     
0.00249023     0.00249023     0.0024292     0.00230713     
0.00219727     0.00227051     0.00231934     0.00214844     
0.00213623     0.00209961     0.0020752     0.00211182     
0.00205078     0.00219727     0.00220947     0.0020752     
0.00218506     0.00216064     0.00228271     0.00217285     
0.0022583     0.00234375     0.00257568     0.00239258     
0.00250244     0.00257568     0.00266113     0.00255127     
0.00267334     0.0026001     0.00270996     0.00257568     
0.00252686     0.00256348     0.00244141     0.0024292     
0.0024292     0.00249023     0.00228271     0.00230713     
0.00229492     0.00228271     0.0022583     0.00234375     
0.00217285     0.00234375     0.00233154     0.0022583     
0.00239258     0.00253906     0.00246582     0.00253906     
0.00250244     0.00249023     0.00253906     0.00240479     
0.00246582     0.00230713     0.00235596     0.00220947     
0.00211182     0.00206299     0.00213623     0.00203857     
0.00203857     0.00201416     0.00206299     0.00205078     
0.00202637     0.00216064     0.0022583     0.00217285     
0.00231934     0.00229492     0.00239258     0.00236816     
0.0022583     0.00231934     0.00239258     0.00218506     
0.00229492     0.00222168     0.00209961     0.00203857     
0.00195313     0.00202637     0.00206299     0.00195313     
0.0019043     0.00206299     0.00205078     0.00197754     
0.00205078     0.00220947     0.0020752     0.00209961     
0.00205078     0.00213623     0.00223389     0.00202637     
0.00198975     0.00212402     0.0020874     0.00203857     
0.00203857     0.00211182     0.00218506     0.00206299     
0.00222168     0.00222168     0.00233154     0.00236816     
0.00236816     0.0026123     0.00266113     0.00266113     
0.002771     0.00289307     0.00299072     0.00291748     
0.0029541     0.00300293     0.00310059     0.00286865     
0.00285645     0.00290527     0.00286865     0.00267334     
0.0026001     0.00255127     0.00250244     0.0022583     
0.00218506     0.00219727     0.0020752     0.00206299     
0.00201416     0.00212402     0.00211182     0.00219727     
0.00224609     0.00239258     0.00240479     0.00256348     
0.00245361     0.00250244     0.00257568     0.00245361     
0.00247803     0.00250244     0.00251465     0.00234375     
0.00229492     0.00234375     0.00229492     0.00222168     
0.00223389     0.00219727     0.00229492     0.00223389     
0.00223389     0.00231934     0.00231934     0.00238037     
0.00229492     0.00234375     0.00251465     0.00239258     
0.00251465     0.0024292     0.00246582     0.00240479     
0.00240479     0.00236816     0.00239258     0.00219727     
0.00209961     0.00213623     0.00214844     0.00195313     
0.00198975     0.0019043     0.00197754     0.0019165     
0.00192871     0.00209961     0.00197754     0.00198975     
0.00194092     0.0020752     0.00213623     0.00211182     
0.00198975     0.00223389     0.00212402     0.00209961     
0.00212402     0.00230713     0.00230713     0.00231934     
0.00239258     0.0024292     0.00240479     0.00245361     
0.00244141     0.00253906     0.00257568     0.0024292     
0.00246582     0.0024292     0.0024292     0.00233154     
0.00230713     0.00235596     0.00236816     0.00218506     
0.0022583     0.00231934     0.00233154     0.00223389     
0.00229492     0.00240479     0.00251465     0.00234375     
0.00244141     0.00244141     0.00245361     0.00252686     
0.00246582     0.00241699     0.0026001     0.00241699     
0.00240479     0.00250244     0.00255127     0.00249023     
0.00253906     0.00262451     0.00268555     0.00269775     
0.00273438     0.00274658     0.00275879     0.00283203     
0.00272217     0.00284424     0.00288086     0.00269775     
0.00281982     0.00280762     0.00267334     0.00272217     
0.00266113     0.00279541     0.00279541     0.00258789     
0.00268555     0.00268555     0.00269775     0.00250244     
0.00244141     0.00241699     0.00241699     0.0022583     
0.0020874     0.00195313     0.00197754     0.00183105     
0.00184326     0.00179443     0.0019043     0.00192871     
0.00189209     0.00200195     0.00209961     0.00211182     
0.00219727     0.00229492     0.00249023     0.00239258     
0.00256348     0.00258789     0.00270996     0.00262451     
0.00269775     0.00266113     0.00290527     0.00288086     
0.00273438     0.00286865     0.00288086     0.00273438     
0.00270996     0.00272217     0.00270996     0.00270996     
0.00257568     0.00262451     0.00269775     0.00258789     
0.00255127     0.00267334     0.00263672     0.00257568     
0.00262451     0.00272217     0.00263672     0.00257568     
0.00263672     0.00270996     0.00275879     0.00272217     
0.00262451     0.00273438     0.00290527     0.00280762     
0.00296631     0.00296631     0.00300293     0.00297852     
0.00302734     0.00302734     0.00308838     0.00288086     
0.00285645     0.0029541     0.00290527     0.00268555     
0.00274658     0.00267334     0.00262451     0.00247803     
0.00249023     0.00256348     0.00250244     0.00239258     
0.00234375     0.0024292     0.00240479     0.00234375     
0.00231934     0.00238037     0.00234375     0.00236816     
0.00220947     0.00239258     0.00231934     0.00218506     
0.00228271     0.00236816     0.00233154     0.00224609     
0.00216064     0.00230713     0.00223389     0.00212402     
0.00212402     0.00209961     0.00212402     0.0020874     
0.0020752     0.00206299     0.00213623     0.00214844     
0.00223389     0.0022583     0.00235596     0.00228271     
0.00245361     0.00244141     0.00257568     0.00246582     
0.00253906     0.00266113     0.00266113     0.00250244     
0.00245361     0.00250244     0.0024292     0.00222168     
0.00212402     0.00217285     0.00211182     0.00201416     
0.00200195     0.00198975     0.00198975     0.00201416     
0.00197754     0.0020874     0.00224609     0.00216064     
0.00218506     0.00228271     0.00235596     0.00240479     
0.00238037     0.00236816     0.0024292     0.00233154     
0.00229492     0.00228271     0.00209961     0.00206299     
0.00198975     0.00196533     0.00194092     0.00175781     
0.00180664     0.00181885     0.00172119     0.00179443     
0.0017334     0.00179443     0.0019043     0.00170898     
0.00187988     0.0019043     0.00183105     0.00177002     
0.00179443     0.00170898     0.00197754     0.00174561     
0.0017334     0.00181885     0.00183105     0.00179443     
0.00195313     0.0019043     0.00197754     0.00194092     
0.0019165     0.00200195     0.0019043     0.00185547     
0.00181885     0.0019043     0.0019165     0.00189209     
0.0019043     0.00197754     0.00195313     0.0020752     
0.00209961     0.00218506     0.00231934     0.00228271     
0.00223389     0.00230713     0.0022583     0.00218506     
0.00205078     0.0020874     0.00206299     0.00186768     
0.0019165     0.00174561     0.0019165     0.00169678     
0.00169678     0.00172119     0.00168457     0.00166016     
0.00164795     0.00168457     0.00161133     0.00159912     
0.00153809     0.00164795     0.0017334     0.00152588     
0.00162354     0.00159912     0.00167236     0.00167236     
0.0015625     0.00167236     0.00180664     0.00161133     
0.0017334     0.00170898     0.00162354     0.00159912     
0.00164795     0.00162354     0.00168457     0.00161133     
0.00164795     0.00172119     0.00167236     0.0017334     
0.00167236     0.0017334     0.00166016     0.00172119     
0.00174561     0.00181885     0.00183105     0.00181885     
0.00184326     0.0019043     0.0019165     0.00186768     
0.00186768     0.00189209     0.00192871     0.00177002     
0.00183105     0.00181885     0.00179443     0.00178223     
0.00161133     0.00170898     0.00162354     0.00147705     
0.00150146     0.0013916     0.00151367     0.0013916     
0.00126953     0.00128174     0.0013916     0.00112305     
0.00117188     0.00119629     0.00117188     0.00112305     
0.00111084     0.0010498     0.00124512     0.00111084     
0.0010376     0.00124512     0.00125732     0.00128174     
0.0012207     0.00142822     0.0013916     0.00136719     
0.0013916     0.00141602     0.00135498     0.00145264     
0.00126953     0.0013916     0.00136719     0.00115967     
0.0012207     0.00119629     0.00131836     0.0012085     
0.0012207     0.00130615     0.00123291     0.00130615     
0.0013916     0.00140381     0.00155029     0.00146484     
0.00142822     0.00150146     0.00151367     0.00145264     
0.00148926     0.00142822     0.00148926     0.00130615     
0.00130615     0.00134277     0.00129395     0.00124512     
0.00131836     0.00131836     0.00140381     0.00129395     
0.00124512     0.00134277     0.00137939     0.00115967     
0.00128174     0.00123291     0.00126953     0.00125732     
0.00113525     0.00124512     0.00115967     0.00109863     
0.00101318     0.00113525     0.00123291     0.00108643     
0.00114746     0.00131836     0.00126953     0.00130615     
0.00125732     0.00136719     0.00144043     0.00128174     
0.00126953     0.00142822     0.00124512     0.0012085     
0.0012207     0.0012207     0.00126953     0.00115967     
0.00101318     0.00118408     0.00118408     0.000976563     
0.000964355     0.00107422     0.00117188     0.00098877     
0.00109863     0.00123291     0.00118408     0.00112305     
0.0012085     0.00126953     0.00137939     0.00118408     
0.00125732     0.00136719     0.0013916     0.00131836     
0.00129395     0.00125732     0.00140381     0.0012085     
0.00123291     0.00135498     0.00129395     0.00118408     
0.00114746     0.00126953     0.00125732     0.00130615     
0.00130615     0.0015625     0.00153809     0.00163574     
0.00167236     0.0019043     0.00201416     0.00206299     
0.00214844     0.00216064     0.00220947     0.00222168     
0.00223389     0.00228271     0.0022583     0.00219727     
0.00213623     0.00205078     0.0020752     0.00200195     
0.00172119     0.00168457     0.00166016     0.00146484     
0.00135498     0.00135498     0.00128174     0.00114746     
0.0012085     0.00125732     0.00128174     0.00128174     
0.00134277     0.00137939     0.00153809     0.00158691     
0.00164795     0.00178223     0.00192871     0.00177002     
0.00181885     0.00178223     0.00183105     0.00178223     
0.00167236     0.00167236     0.00162354     0.00150146     
0.00124512     0.00129395     0.0012207     0.00113525     
0.00098877     0.00111084     0.00101318     0.000939941     
0.00100098     0.0010498     0.00107422     0.000976563     
0.00100098     0.00115967     0.0012207     0.00115967     
0.0012085     0.00133057     0.00146484     0.00141602     
0.00153809     0.00159912     0.00186768     0.00179443     
0.00184326     0.0020874     0.00213623     0.00209961     
0.00224609     0.00218506     0.00244141     0.00220947     
0.00224609     0.00236816     0.00234375     0.00220947     
0.00229492     0.00234375     0.00234375     0.00223389     
0.00217285     0.00211182     0.00218506     0.00196533     
0.00187988     0.00195313     0.00187988     0.00175781     
0.00166016     0.00163574     0.00162354     0.00155029     
0.00158691     0.00155029     0.00164795     0.00177002     
0.00163574     0.00181885     0.00172119     0.00175781     
0.00172119     0.00170898     0.00170898     0.00161133     
0.00152588     0.00142822     0.00134277     0.00119629     
0.00112305     0.000976563     0.00108643     0.000952148     
0.000769043     0.000927734     0.000842285     0.000817871     
0.000756836     0.000817871     0.0010376     0.00078125     
0.000817871     0.0010376     0.00108643     0.00109863     
0.00117188     0.00118408     0.00136719     0.00136719     
0.00140381     0.00151367     0.00163574     0.0015625     
0.0015625     0.00158691     0.00159912     0.00155029     
0.00153809     0.00153809     0.00148926     0.00150146     
0.00135498     0.0013916     0.00142822     0.00135498     
0.00124512     0.0013916     0.00133057     0.00140381     
0.0013916     0.0015625     0.00164795     0.00162354     
0.00163574     0.00178223     0.00175781     0.00167236     
0.00167236     0.0017334     0.00175781     0.00161133     
0.00153809     0.00148926     0.00146484     0.00136719     
0.00113525     0.00115967     0.00128174     0.00107422     
0.000927734     0.000927734     0.00107422     0.00100098     
0.00100098     0.00109863     0.00124512     0.0012085     
0.00135498     0.00140381     0.00145264     0.00150146     
0.00166016     0.0015625     0.00174561     0.00161133     
0.00153809     0.00161133     0.00150146     0.00135498     
0.00130615     0.00134277     0.00123291     0.00115967     
0.0012085     0.00128174     0.00130615     0.00136719     
0.00136719     0.00157471     0.0015625     0.00158691     
0.0015625     0.00155029     0.00153809     0.00150146     
0.00133057     0.00134277     0.00135498     0.00111084     
0.00109863     0.00106201     0.00108643     0.000915527     
0.00101318     0.00101318     0.00106201     0.00102539     
0.00106201     0.00109863     0.00108643     0.00102539     
0.0010376     0.00108643     0.00118408     0.00100098     
0.00114746     0.00117188     0.00124512     0.00117188     
0.00118408     0.00125732     0.0013916     0.00115967     
0.00123291     0.00126953     0.00130615     0.00118408     
0.00119629     0.00128174     0.00130615     0.00131836     
0.00126953     0.00147705     0.00147705     0.00144043     
0.00147705     0.00158691     0.00152588     0.00141602     
0.00130615     0.00140381     0.00130615     0.00117188     
0.0010376     0.00108643     0.0010498     0.00098877     
0.00098877     0.00102539     0.00111084     0.000915527     
0.00111084     0.00117188     0.00108643     0.00113525     
0.00102539     0.00109863     0.00112305     0.0010376     
0.00114746     0.0010376     0.00113525     0.00113525     
0.00111084     0.00113525     0.00125732     0.0010498     
0.00118408     0.00131836     0.00130615     0.00126953     
0.00135498     0.00142822     0.0013916     0.00124512     
0.00123291     0.00135498     0.00130615     0.00126953     
0.00118408     0.00126953     0.00114746     0.00107422     
0.0010498     0.00108643     0.00109863     0.0010376     
0.000952148     0.00113525     0.00113525     0.00114746     
0.00113525     0.00131836     0.00137939     0.00140381     
0.0013916     0.0015625     0.00162354     0.00157471     
0.00164795     0.00158691     0.0017334     0.00158691     
0.00146484     0.00145264     0.00144043     0.00137939     
0.00131836     0.00129395     0.00141602     0.00135498     
0.00140381     0.00137939     0.00136719     0.00126953     
0.00134277     0.00128174     0.00146484     0.00129395     
0.0012207     0.0012207     0.00128174     0.00117188     
0.00125732     0.00130615     0.00135498     0.00129395     
0.0012207     0.00142822     0.00146484     0.00144043     
0.00131836     0.00147705     0.00153809     0.00150146     
0.00135498     0.00158691     0.00130615     0.00125732     
0.00124512     0.00108643     0.00106201     0.000927734     
0.000708008     0.000805664     0.00065918     0.000524902     
0.000463867     0.000512695     0.000610352     0.000427246     
0.000524902     0.000610352     0.000585938     0.000585938     
0.000524902     0.000634766     0.000671387     0.000610352     
0.000671387     0.000585938     0.000561523     0.00045166     
0.000390625     0.000390625     0.000537109     0.000280762     
0.00032959     0.000390625     0.000378418     0.000463867     
0.000524902     0.000512695     0.000769043     0.000793457     
0.000830078     0.000976563     0.00107422     0.0010498     
0.0010376     0.00115967     0.00112305     0.00115967     
0.00113525     0.00117188     0.00117188     0.00124512     
0.00108643     0.00124512     0.00133057     0.0012085     
0.00136719     0.00140381     0.00144043     0.00136719     
0.00134277     0.00159912     0.00161133     0.00145264     
0.00150146     0.00141602     0.00151367     0.00150146     
0.00136719     0.00141602     0.00147705     0.00146484     
0.00147705     0.00148926     0.00164795     0.00153809     
0.00166016     0.00180664     0.00179443     0.00177002     
0.00175781     0.00180664     0.00183105     0.00163574     
0.00157471     0.00162354     0.00151367     0.00124512     
0.00134277     0.00124512     0.00118408     0.00109863     
0.00102539     0.000964355     0.00108643     0.000952148     
0.000891113     0.000976563     0.000964355     0.000952148     
0.000927734     0.00109863     0.00123291     0.00126953     
0.00135498     0.00151367     0.00172119     0.00175781     
0.00178223     0.0020874     0.00214844     0.00205078     
0.00219727     0.00222168     0.00222168     0.00214844     
0.00214844     0.00213623     0.00216064     0.0019043     
0.0019043     0.00196533     0.00187988     0.0017334     
0.00177002     0.00162354     0.00166016     0.00144043     
0.00152588     0.00147705     0.00153809     0.00130615     
0.00135498     0.00131836     0.00136719     0.00126953     
0.00125732     0.00124512     0.00134277     0.00125732     
0.00129395     0.00131836     0.00137939     0.00141602     
0.00141602     0.00151367     0.00144043     0.00148926     
0.00145264     0.0013916     0.00147705     0.00140381     
0.00124512     0.00128174     0.0013916     0.00123291     
0.0012207     0.00119629     0.00123291     0.00112305     
0.000976563     0.000976563     0.000891113     0.000708008     
0.000817871     0.000805664     0.000842285     0.000854492     
0.000891113     0.000927734     0.00098877     0.00119629     
0.00126953     0.00124512     0.00147705     0.00141602     
0.00142822     0.00155029     0.00152588     0.00150146     
0.00153809     0.00144043     0.00161133     0.00140381     
0.00136719     0.00131836     0.00136719     0.00117188     
0.0012207     0.0012085     0.0012085     0.0012207     
0.00111084     0.00136719     0.00137939     0.00134277     
0.00128174     0.00140381     0.00155029     0.0015625     
0.00153809     0.00158691     0.00152588     0.00153809     
0.00144043     0.00148926     0.00152588     0.00136719     
0.00131836     0.00141602     0.0012207     0.00124512     
0.0012207     0.0012085     0.00129395     0.00108643     
0.00106201     0.00108643     0.00100098     0.000854492     
0.000732422     0.000793457     0.000744629     0.00057373     
0.000622559     0.000683594     0.000622559     0.000610352     
0.000720215     0.000610352     0.000695801     0.000585938     
0.000598145     0.000585938     0.000622559     0.000537109     
0.000500488     0.000524902     0.00057373     0.000476074     
0.000402832     0.000488281     0.000524902     0.000512695     
0.000463867     0.000683594     0.00065918     0.000646973     
0.000634766     0.000708008     0.000683594     0.000695801     
0.000622559     0.000805664     0.000830078     0.000805664     
0.000708008     0.000830078     0.000830078     0.000793457     
0.000585938     0.00065918     0.000830078     0.000622559     
0.000695801     0.000744629     0.000805664     0.000744629     
0.000732422     0.000878906     0.000891113     0.000952148     
0.00106201     0.00100098     0.00114746     0.00115967     
0.0012207     0.00129395     0.00136719     0.00130615     
0.00144043     0.00145264     0.00155029     0.0015625     
0.00163574     0.0017334     0.00178223     0.0017334     
0.00180664     0.00181885     0.00180664     0.00179443     
0.00174561     0.00184326     0.00184326     0.00180664     
0.0017334     0.00174561     0.00163574     0.0015625     
0.00153809     0.0015625     0.00135498     0.00126953     
0.00112305     0.00113525     0.00113525     0.000866699     
0.000805664     0.000915527     0.000866699     0.000817871     
0.000842285     0.00098877     0.00098877     0.000891113     
0.00107422     0.00114746     0.00126953     0.0012207     
0.00117188     0.00123291     0.00125732     0.00114746     
0.00109863     0.00109863     0.00117188     0.00107422     
0.000964355     0.00101318     0.00109863     0.00102539     
0.00102539     0.00098877     0.000964355     0.000915527     
0.000964355     0.00078125     0.000866699     0.000756836     
0.000683594     0.000805664     0.00078125     0.000598145     
0.00057373     0.000708008     0.000646973     0.000634766     
0.000622559     0.000695801     0.000744629     0.000805664     
0.000695801     0.00090332     0.000964355     0.00098877     
0.000939941     0.00098877     0.00107422     0.000964355     
0.000866699     0.000927734     0.000854492     0.000769043     
0.000646973     0.000634766     0.000622559     0.00045166     
0.000415039     0.00045166     0.000463867     0.000366211     
0.000463867     0.000524902     0.000695801     0.000524902     
0.000732422     0.000866699     0.000842285     0.000769043     
0.000830078     0.000878906     0.000976563     0.000830078     
0.000878906     0.000878906     0.000854492     0.000671387     
0.000805664     0.000683594     0.000817871     0.000756836     
0.000708008     0.000830078     0.000756836     0.00078125     
0.000756836     0.000878906     0.00106201     0.000964355     
0.000915527     0.00109863     0.000976563     0.000976563     
0.00101318     0.000952148     0.00098877     0.000878906     
0.000732422     0.000756836     0.000610352     0.000585938     
0.000427246     0.00045166     0.000537109     0.000378418     
0.00045166     0.000463867     0.000476074     0.000500488     
0.000524902     0.000610352     0.00065918     0.000610352     
0.000671387     0.000561523     0.000708008     0.00065918     
0.000598145     0.000598145     0.000756836     0.000622559     
0.00065918     0.000561523     0.000512695     0.00045166     
0.000366211     0.000280762     0.000292969     1.2207e-05     
4.88281e-05     8.54492e-05     4.88281e-05     -2.44141e-05     
-2.44141e-05     8.54492e-05     0.000170898     0.000195313     
0.000354004     0.00045166     0.000549316     0.000793457     
0.000708008     0.000891113     0.00101318     0.00106201     
0.00106201     0.00113525     0.00124512     0.00117188     
0.00117188     0.00125732     0.00124512     0.00126953     
0.00130615     0.00123291     0.00129395     0.00126953     
0.00129395     0.00126953     0.00126953     0.0012207     
0.00133057     0.00124512     0.00128174     0.00124512     
0.00135498     0.00147705     0.00148926     0.00147705     
0.00162354     0.00159912     0.00163574     0.00157471     
0.00157471     0.00158691     0.00167236     0.00147705     
0.00153809     0.00153809     0.00144043     0.0013916     
0.00131836     0.00137939     0.00133057     0.00126953     
0.00113525     0.00119629     0.00119629     0.00111084     
0.000964355     0.00115967     0.00108643     0.000976563     
0.00090332     0.00100098     0.000952148     0.00078125     
0.00078125     0.000964355     0.00102539     0.00090332     
0.000976563     0.0010498     0.00125732     0.00124512     
0.00135498     0.00151367     0.00169678     0.00169678     
0.00161133     0.00186768     0.00186768     0.00166016     
0.00164795     0.00169678     0.0017334     0.00158691     
0.00148926     0.00150146     0.00147705     0.00131836     
0.00136719     0.00140381     0.00142822     0.00128174     
0.00129395     0.00129395     0.00136719     0.00115967     
0.00112305     0.00119629     0.00111084     0.00100098     
0.000805664     0.000927734     0.000756836     0.000720215     
0.000683594     0.000585938     0.000610352     0.000622559     
0.000549316     0.000622559     0.000671387     0.000671387     
0.00065918     0.000732422     0.000732422     0.00078125     
0.000769043     0.00078125     0.000891113     0.000866699     
0.000878906     0.000915527     0.00098877     0.000891113     
0.000720215     0.000891113     0.000817871     0.000732422     
0.00078125     0.000683594     0.000744629     0.00065918     
0.000683594     0.000634766     0.000695801     0.000622559     
0.000756836     0.000744629     0.000866699     0.000695801     
0.00078125     0.000866699     0.00090332     0.000805664     
0.00090332     0.00098877     0.000927734     0.000842285     
0.00102539     0.00106201     0.000915527     0.00100098     
0.000878906     0.000927734     0.000805664     0.000622559     
0.000524902     0.00057373     0.000280762     0.000244141     
0.000219727     0.000256348     0.000341797     0.000292969     
0.000305176     0.000439453     0.000598145     0.000671387     
0.000756836     0.000817871     0.00107422     0.00107422     
0.00111084     0.00123291     0.00117188     0.00113525     
0.00108643     0.00109863     0.00112305     0.000891113     
0.000878906     0.000915527     0.00090332     0.000732422     
0.00078125     0.000720215     0.000817871     0.000695801     
0.000720215     0.000732422     0.000817871     0.000756836     
0.000805664     0.000842285     0.000939941     0.000842285     
0.000842285     0.000939941     0.00090332     0.000927734     
0.000915527     0.0010376     0.0010376     0.000952148     
0.0010498     0.00113525     0.00100098     0.00107422     
0.000964355     0.00119629     0.0012085     0.00114746     
0.00124512     0.00126953     0.00129395     0.00136719     
0.00126953     0.00133057     0.00147705     0.00135498     
0.00131836     0.00123291     0.00133057     0.00126953     
0.00111084     0.00114746     0.00123291     0.00112305     
0.000939941     0.00098877     0.00098877     0.000793457     
0.000720215     0.000769043     0.000769043     0.000646973     
0.000708008     0.000695801     0.000683594     0.000720215     
0.00065918     0.000708008     0.000756836     0.000622559     
0.000622559     0.000500488     0.000439453     0.000378418     
0.000305176     0.000402832     0.000415039     0.000317383     
0.000256348     0.000463867     0.000439453     0.000463867     
0.000476074     0.000537109     0.000549316     0.000537109     
0.000512695     0.000524902     0.000427246     0.000415039     
0.000366211     0.000366211     0.000439453     0.000378418     
0.000354004     0.000341797     0.000500488     0.000341797     
0.000378418     0.00045166     0.000512695     0.00045166     
0.000488281     0.000549316     0.000488281     0.000463867     
0.000512695     0.000488281     0.000610352     0.000476074     
0.000488281     0.000524902     0.000524902     0.000439453     
0.000549316     0.00057373     0.000708008     0.000610352     
0.000585938     0.000598145     0.000683594     0.000610352     
0.000598145     0.000720215     0.000720215     0.000646973     
0.000720215     0.000830078     0.000744629     0.000756836     
0.000720215     0.00078125     0.000830078     0.000830078     
0.000695801     0.000720215     0.000769043     0.000683594     
0.000695801     0.000622559     0.00065918     0.000512695     
0.00045166     0.000402832     0.000341797     0.000183105     
0.000146484     0.00020752     0.00020752     -1.2207e-05     
0     1.2207e-05     0.00012207     4.88281e-05     
0.00020752     0.000268555     0.000488281     0.000512695     
0.000671387     0.000732422     0.000830078     0.00090332     
0.000915527     0.0010376     0.00123291     0.00106201     
0.00098877     0.00100098     0.000976563     0.000793457     
0.000756836     0.000622559     0.00057373     0.000561523     
0.000354004     0.000341797     0.000354004     0.000317383     
0.000231934     0.00032959     0.000402832     0.00032959     
0.000341797     0.000500488     0.000415039     0.000341797     
0.000366211     0.000378418     0.00045166     0.000305176     
0.000195313     0.000244141     0.00020752     0.000134277     
0.000134277     0.000134277     0.00012207     0.00012207     
0.000231934     0.000158691     0.000280762     0.000219727     
0.000170898     0.000341797     0.000378418     0.00020752     
0.000390625     0.00032959     0.000317383     0.000195313     
0.000219727     0.000158691     0.00020752     4.88281e-05     
6.10352e-05     0.000109863     8.54492e-05     0     
-3.66211e-05     -0.00012207     0.000109863     0     
1.2207e-05     0.000244141     0.000231934     0.000170898     
0.000268555     0.000512695     0.00045166     0.000427246     
0.000463867     0.000524902     0.00045166     0.000524902     
0.000512695     0.000598145     0.000610352     0.000512695     
0.000646973     0.000756836     0.000842285     0.000866699     
0.000866699     0.00114746     0.00131836     0.00124512     
0.00134277     0.00128174     0.00137939     0.0013916     
0.00129395     0.00135498     0.00128174     0.0012207     
0.00112305     0.00111084     0.00100098     0.000854492     
0.00078125     0.000769043     0.000671387     0.000549316     
0.000561523     0.000463867     0.000537109     0.000500488     
0.00045166     0.000598145     0.00065918     0.00057373     
0.000708008     0.000756836     0.000732422     0.000720215     
0.000646973     0.000732422     0.000622559     0.000524902     
0.000366211     0.000463867     0.000366211     0.000354004     
0.00032959     0.000402832     0.000305176     0.000402832     
0.000402832     0.000463867     0.000476074     0.000463867     
0.000378418     0.000524902     0.000415039     0.000268555     
0.000280762     0.000244141     0.000244141     0.000244141     
0.000170898     0.000244141     0.000305176     0.000146484     
0.000219727     0.000317383     0.000463867     0.000366211     
0.000549316     0.000585938     0.000817871     0.00078125     
0.000817871     0.000952148     0.00098877     0.00090332     
0.00090332     0.000891113     0.000891113     0.000793457     
0.000854492     0.00065918     0.000683594     0.000610352     
0.000622559     0.000695801     0.000695801     0.000646973     
0.000646973     0.000769043     0.000646973     0.000646973     
0.000695801     0.000744629     0.000695801     0.000671387     
0.000585938     0.000756836     0.00078125     0.000646973     
0.00065918     0.000744629     0.000817871     0.000708008     
0.000598145     0.000720215     0.000720215     0.000671387     
0.000585938     0.000610352     0.000695801     0.000537109     
0.00065918     0.000695801     0.000683594     0.000793457     
0.000842285     0.00100098     0.00112305     0.00106201     
0.0012085     0.00130615     0.00130615     0.00128174     
0.00130615     0.00131836     0.00145264     0.00125732     
0.00123291     0.00117188     0.00117188     0.000976563     
0.000952148     0.000866699     0.000878906     0.000744629     
0.000598145     0.000671387     0.000646973     0.000646973     
0.000476074     0.000622559     0.000720215     0.000732422     
0.000708008     0.000756836     0.000793457     0.00078125     
0.000720215     0.000854492     0.000805664     0.00065918     
0.000695801     0.00065918     0.000549316     0.000476074     
0.000402832     0.000463867     0.00045166     0.000231934     
0.000219727     0.000341797     0.000317383     0.000341797     
0.000317383     0.000476074     0.00057373     0.000610352     
0.000756836     0.000744629     0.000891113     0.000866699     
0.000842285     0.000817871     0.000964355     0.00078125     
0.000720215     0.000634766     0.000537109     0.000488281     
0.000378418     0.000219727     0.000427246     0.000244141     
0.000195313     0.000341797     0.000317383     0.000354004     
0.000305176     0.000463867     0.000415039     0.000390625     
0.000427246     0.000463867     0.000427246     0.000354004     
0.000268555     0.00032959     0.000366211     0.000305176     
0.000244141     0.000305176     0.000378418     0.000439453     
0.000378418     0.000537109     0.000598145     0.000537109     
0.000634766     0.000524902     0.000598145     0.000512695     
0.000488281     0.000500488     0.000439453     0.000317383     
0.000268555     0.000219727     0.000378418     0.00020752     
0.000183105     0.00032959     0.00045166     0.000305176     
0.000439453     0.000512695     0.000646973     0.000622559     
0.000646973     0.000756836     0.000939941     0.000756836     
0.000891113     0.000878906     0.000830078     0.000817871     
0.000830078     0.000915527     0.00098877     0.000866699     
0.000769043     0.000830078     0.000878906     0.000830078     
0.00078125     0.00100098     0.000964355     0.00100098     
0.00107422     0.0010498     0.00106201     0.00108643     
0.00107422     0.00112305     0.00109863     0.000939941     
0.000952148     0.00098877     0.000866699     0.000769043     
0.000842285     0.000830078     0.000805664     0.000842285     
0.000708008     0.000769043     0.000866699     0.000695801     
0.000671387     0.000646973     0.000708008     0.000646973     
0.000646973     0.00065918     0.000683594     0.000524902     
0.00057373     0.00065918     0.000708008     0.000561523     
0.000561523     0.00057373     0.000683594     0.000524902     
0.000463867     0.00057373     0.000537109     0.000476074     
0.000378418     0.000512695     0.000463867     0.000439453     
0.000500488     0.000585938     0.000585938     0.000561523     
0.000390625     0.000598145     0.000549316     0.00045166     
0.000500488     0.000500488     0.000463867     0.000488281     
0.000524902     0.000488281     0.000488281     0.000476074     
0.000500488     0.000427246     0.000500488     0.000415039     
0.000366211     0.000280762     0.000134277     8.54492e-05     
9.76563e-05     4.88281e-05     0.000183105     -1.2207e-05     
6.10352e-05     0.000195313     0.000231934     0.000134277     
0.00045166     0.000439453     0.00057373     0.000598145     
0.000622559     0.000756836     0.000695801     0.000598145     
0.000524902     0.000500488     0.000390625     0.000231934     
8.54492e-05     0.00012207     -8.54492e-05     -0.000146484     
-0.000244141     -0.000256348     -0.000170898     -0.00032959     
-0.000280762     -0.000146484     -0.000146484     -6.10352e-05     
-3.66211e-05     0.000134277     0.000183105     0.000134277     
1.2207e-05     0.000170898     1.2207e-05     -1.2207e-05     
-4.88281e-05     -4.88281e-05     6.10352e-05     -8.54492e-05     
-9.76563e-05     0     2.44141e-05     -1.2207e-05     
0     0.000109863     6.10352e-05     6.10352e-05     
6.10352e-05     -1.2207e-05     -1.2207e-05     0     
-7.32422e-05     0     0.000158691     -3.66211e-05     
0.000134277     0.000231934     0.000158691     0.000183105     
0.000268555     0.00020752     0.000439453     0.000231934     
0.000158691     0.000378418     0.000268555     0.000219727     
0.000170898     0.000292969     0.00020752     0.000231934     
0.000256348     0.000341797     0.000341797     0.000390625     
0.000292969     0.000366211     0.000476074     0.000476074     
0.000439453     0.000476074     0.000488281     0.000500488     
0.000488281     0.000549316     0.000622559     0.000512695     
0.000598145     0.000598145     0.000695801     0.000732422     
0.000732422     0.000744629     0.000830078     0.000720215     
0.000708008     0.000671387     0.000756836     0.000561523     
0.000537109     0.000549316     0.000561523     0.000354004     
0.000341797     0.00032959     0.00032959     0.00020752     
4.88281e-05     0.00012207     0.000134277     -9.76563e-05     
-8.54492e-05     -4.88281e-05     -0.000195313     -0.000170898     
-0.000146484     -0.000109863     -3.66211e-05     0.000146484     
0.000146484     0.000305176     0.000427246     0.000524902     
0.000476074     0.000744629     0.000854492     0.00078125     
0.000708008     0.000744629     0.00065918     0.000512695     
0.000317383     0.000341797     0.000280762     0.00012207     
9.76563e-05     0.000134277     0.000158691     0.00012207     
0.000244141     0.000463867     0.000610352     0.000610352     
0.000695801     0.000878906     0.000952148     0.000854492     
0.00090332     0.000927734     0.000939941     0.000805664     
0.000744629     0.000720215     0.000817871     0.000610352     
0.000561523     0.000622559     0.000646973     0.000561523     
0.000585938     0.000561523     0.000610352     0.000598145     
0.00057373     0.000634766     0.000634766     0.000585938     
0.000695801     0.000744629     0.000708008     0.000720215     
0.000708008     0.00078125     0.000817871     0.000805664     
0.000720215     0.00090332     0.000842285     0.000842285     
0.000842285     0.000939941     0.00102539     0.000866699     
0.000891113     0.000866699     0.00090332     0.000866699     
0.000891113     0.000878906     0.00090332     0.000793457     
0.000732422     0.000744629     0.000744629     0.000720215     
0.00078125     0.000805664     0.000878906     0.000817871     
0.00090332     0.00098877     0.00101318     0.00102539     
0.00106201     0.0010498     0.00117188     0.0010376     
0.000927734     0.000964355     0.000964355     0.000866699     
0.000854492     0.000805664     0.000915527     0.000842285     
0.000817871     0.000866699     0.000915527     0.000915527     
0.000891113     0.0010498     0.00113525     0.0010376     
0.000952148     0.00108643     0.00109863     0.00100098     
0.00090332     0.00101318     0.000939941     0.000842285     
0.000769043     0.000744629     0.000732422     0.000683594     
0.000708008     0.00065918     0.000756836     0.00065918     
0.000646973     0.000732422     0.000817871     0.000817871     
0.000756836     0.000817871     0.000964355     0.00078125     
0.000842285     0.000830078     0.000891113     0.000756836     
0.000708008     0.000720215     0.000854492     0.00065918     
0.000805664     0.000769043     0.000915527     0.000744629     
0.000842285     0.000891113     0.00102539     0.000842285     
0.000817871     0.000939941     0.000830078     0.000805664     
0.000744629     0.000744629     0.000671387     0.000671387     
0.000695801     0.000732422     0.000561523     0.000634766     
0.000585938     0.00065918     0.000683594     0.000549316     
0.00057373     0.000549316     0.000463867     0.000512695     
0.000341797     0.000390625     0.000366211     0.000219727     
0.000231934     0.000134277     0.000256348     0.000195313     
8.54492e-05     0.000195313     0.000280762     0.00032959     
0.000366211     0.000427246     0.000622559     0.000561523     
0.000610352     0.000695801     0.000793457     0.000634766     
0.000708008     0.000634766     0.000598145     0.000390625     
0.000378418     0.000341797     0.000341797     6.10352e-05     
0.000134277     0.000183105     7.32422e-05     0.000109863     
9.76563e-05     0.00032959     0.000378418     0.000427246     
0.000439453     0.000598145     0.000695801     0.000683594     
0.00065918     0.000878906     0.000854492     0.000793457     
0.000695801     0.000671387     0.000610352     0.000476074     
0.000292969     0.000305176     0.000170898     3.66211e-05     
-2.44141e-05     0     -2.44141e-05     -0.000134277     
-2.44141e-05     0     6.10352e-05     8.54492e-05     
9.76563e-05     0.000427246     0.000488281     0.000378418     
0.000549316     0.000598145     0.000769043     0.000622559     
0.000476074     0.000561523     0.000561523     0.000415039     
0.00032959     0.000378418     0.000341797     0.000195313     
0.000280762     0.000292969     0.000415039     0.000341797     
0.000366211     0.000585938     0.00057373     0.00065918     
0.000585938     0.000708008     0.000708008     0.000646973     
0.000646973     0.000720215     0.000805664     0.000805664     
0.000744629     0.000866699     0.00090332     0.000878906     
0.000952148     0.000964355     0.00106201     0.00102539     
0.000866699     0.000976563     0.000939941     0.000793457     
0.000744629     0.000708008     0.000683594     0.000549316     
0.000463867     0.000378418     0.000366211     0.000317383     
0.000280762     0.000341797     0.00045166     0.000476074     
0.000549316     0.00065918     0.000695801     0.000732422     
0.000915527     0.000842285     0.00101318     0.00098877     
0.000939941     0.000939941     0.000964355     0.000866699     
0.000854492     0.00078125     0.000817871     0.000769043     
0.000671387     0.000756836     0.000683594     0.000585938     
0.000646973     0.000732422     0.000744629     0.000598145     
0.000549316     0.000561523     0.000463867     0.000292969     
0.000183105     0.000195313     0.000183105     9.76563e-05     
-2.44141e-05     0     0     -4.88281e-05     
-9.76563e-05     0     0.000170898     2.44141e-05     
0.000195313     0.000354004     0.000354004     0.000280762     
0.000354004     0.000610352     0.000683594     0.000646973     
0.000915527     0.000976563     0.0010376     0.0010498     
0.00102539     0.00109863     0.00123291     0.00112305     
0.00102539     0.00100098     0.00102539     0.000756836     
0.00065918     0.000585938     0.00057373     0.000415039     
0.000402832     0.00045166     0.000415039     0.000463867     
0.000378418     0.000610352     0.000561523     0.000585938     
0.000646973     0.000683594     0.00065918     0.000732422     
0.000524902     0.000695801     0.000695801     0.000561523     
0.000500488     0.000549316     0.00057373     0.000415039     
0.00045166     0.000537109     0.000549316     0.00045166     
0.000537109     0.00045166     0.00057373     0.000561523     
0.000415039     0.000561523     0.000622559     0.000549316     
0.000512695     0.000476074     0.000500488     0.000354004     
0.000488281     0.00045166     0.000402832     0.000244141     
0.00032959     0.00020752     0.000305176     0.000231934     
0.000195313     0.000134277     0.000231934     2.44141e-05     
4.88281e-05     0     -6.10352e-05     -0.000146484     
-0.000280762     -0.000195313     -0.000158691     -0.000244141     
-0.000170898     -8.54492e-05     2.44141e-05     0.000109863     
0.000134277     0.000378418     0.000390625     0.000476074     
0.000402832     0.000463867     0.000512695     0.000439453     
0.000390625     0.000354004     0.00032959     0.000219727     
9.76563e-05     0.000109863     9.76563e-05     -2.44141e-05     
4.88281e-05     3.66211e-05     0.00012207     8.54492e-05     
9.76563e-05     0.000134277     0.000195313     7.32422e-05     
0.000158691     0.00012207     0.000354004     0.000317383     
0.000317383     0.000390625     0.000549316     0.000402832     
0.000488281     0.000634766     0.000756836     0.000585938     
0.000646973     0.000610352     0.000671387     0.000610352     
0.000476074     0.000549316     0.00057373     0.000415039     
0.000341797     0.000390625     0.000305176     0.000341797     
0.000268555     0.000292969     0.000390625     0.000378418     
0.000366211     0.000439453     0.000488281     0.000427246     
0.000341797     0.000488281     0.00057373     0.000488281     
0.000378418     0.000341797     0.000427246     0.000268555     
0.000146484     0.00020752     0.00020752     8.54492e-05     
0.000158691     4.88281e-05     8.54492e-05     9.76563e-05     
7.32422e-05     9.76563e-05     0.000146484     6.10352e-05     
0.00012207     0.000146484     7.32422e-05     9.76563e-05     
7.32422e-05     -1.2207e-05     0.000183105     6.10352e-05     
0.000109863     0.000341797     0.000366211     0.000341797     
0.000500488     0.000610352     0.000720215     0.000671387     
0.000769043     0.000964355     0.000964355     0.000976563     
0.000878906     0.000915527     0.000964355     0.000842285     
0.000769043     0.000830078     0.000598145     0.000646973     
0.000488281     0.00057373     0.000537109     0.000354004     
0.000415039     0.000402832     0.000366211     0.00020752     

