Source : transient; Time : Wed Jun 14 06:40:52 2017
B0 = 3700.000000 Gauss, mw = 9.686281 GHz
 NDI-T2 sa261 20/2 42/25 523nm/1mJ
1 5000 -1.001e-06 8.997e-06 0 0
s                        V                                                 
-0.000292969     -0.000317383     -0.000280762     -0.000305176     
-0.000292969     -0.000256348     1.2207e-05     -1.2207e-05     
4.88281e-05     0.000195313     0.000366211     0.000512695     
0.00057373     0.000646973     0.000732422     0.000708008     
0.000671387     0.00065918     0.000598145     0.00057373     
0.000378418     0.000427246     0.000439453     0.000231934     
0.000170898     2.44141e-05     9.76563e-05     8.54492e-05     
9.76563e-05     -2.44141e-05     0.000134277     9.76563e-05     
-3.66211e-05     0.000134277     9.76563e-05     0     
-6.10352e-05     -9.76563e-05     -2.44141e-05     -0.000134277     
-0.00020752     -0.000219727     -0.000305176     -0.000183105     
-0.00032959     -0.000366211     -0.000146484     -0.000244141     
-0.000231934     -0.000195313     -0.000134277     -7.32422e-05     
-7.32422e-05     -2.44141e-05     0.000109863     8.54492e-05     
0.000134277     0.000195313     0.000244141     0.000219727     
0.000158691     0.000170898     0.000109863     -6.10352e-05     
-2.44141e-05     -0.000158691     -0.000109863     -0.000292969     
-0.000354004     -0.00032959     -0.000439453     -0.000415039     
-0.000500488     -0.000524902     -0.000390625     -0.000366211     
-0.000292969     -0.000244141     -1.2207e-05     -6.10352e-05     
-3.66211e-05     3.66211e-05     9.76563e-05     0.000134277     
2.44141e-05     0.000134277     0.000195313     9.76563e-05     
-4.88281e-05     1.2207e-05     7.32422e-05     2.44141e-05     
-2.44141e-05     9.76563e-05     0.00020752     0.000170898     
0.00032959     0.000280762     0.00045166     0.000390625     
0.00045166     0.000366211     0.000439453     0.000378418     
0.000256348     0.000170898     0.000195313     0     
-0.000158691     -0.000170898     -0.00032959     -0.000390625     
-0.00045166     -0.000488281     -0.000500488     -0.000585938     
-0.000610352     -0.000524902     -0.000524902     -0.00057373     
-0.000708008     -0.000671387     -0.000524902     -0.000598145     
-0.000524902     -0.000439453     -0.000280762     -0.000268555     
-9.76563e-05     -9.76563e-05     8.54492e-05     0.000183105     
0.00012207     0.000219727     0.000317383     0.000402832     
0.000244141     0.00020752     0.000244141     0.00020752     
0.00020752     3.66211e-05     0.000134277     2.44141e-05     
-6.10352e-05     -0.000170898     -6.10352e-05     -0.000109863     
-0.000183105     -0.000244141     -0.000231934     -0.000280762     
-0.00032959     -0.000390625     -0.000378418     -0.000427246     
-0.00045166     -0.000512695     -0.000476074     -0.000524902     
-0.000549316     -0.000500488     -0.000537109     -0.000524902     
-0.000524902     -0.000537109     -0.000427246     -0.000354004     
-0.000341797     -0.000317383     -0.000268555     -0.00020752     
-0.00020752     -0.00012207     -0.00012207     -0.000134277     
-0.000158691     -0.000244141     -0.000109863     -0.000268555     
-0.000256348     -0.000256348     -0.000170898     -0.000268555     
-9.76563e-05     -9.76563e-05     -0.000109863     0     
1.2207e-05     9.76563e-05     0.000146484     0.000109863     
0.00012207     0.00020752     0.000280762     0.000158691     
0.000280762     0.000268555     0.00032959     0.000256348     
0.000341797     0.000244141     0.000415039     0.000415039     
0.000341797     0.000305176     0.000402832     0.000378418     
0.000183105     0.000244141     0.000244141     8.54492e-05     
-2.44141e-05     -1.2207e-05     -1.2207e-05     -7.32422e-05     
-0.000170898     -0.00020752     -7.32422e-05     -0.000146484     
-0.000170898     -6.10352e-05     0     -8.54492e-05     
0     4.88281e-05     0.000170898     6.10352e-05     
0.000231934     8.54492e-05     0.000378418     0.00032959     
0.000158691     0.000268555     0.00032959     0.000476074     
0.000354004     0.000341797     0.000427246     0.000402832     
0.000268555     0.000341797     0.000195313     0.000183105     
4.88281e-05     -0.000109863     -0.000146484     -0.000244141     
-0.000341797     -0.000634766     -0.000634766     -0.00065918     
-0.000793457     -0.00078125     -0.000695801     -0.000720215     
-0.000744629     -0.000598145     -0.000549316     -0.00057373     
-0.000476074     -0.000378418     -0.000341797     -0.000256348     
-0.000292969     -0.00032959     -0.000231934     -0.000244141     
-0.000354004     -0.000402832     -0.000280762     -0.000256348     
-0.000354004     -0.000244141     -6.10352e-05     -0.00012207     
-2.44141e-05     0     0.000256348     0.000183105     
0.000231934     0.000280762     0.000378418     0.000354004     
0.000268555     0.000354004     0.000292969     0.000109863     
9.76563e-05     0.000158691     0.00012207     0     
-0.00012207     -3.66211e-05     2.44141e-05     -3.66211e-05     
-7.32422e-05     -0.000134277     -2.44141e-05     -4.88281e-05     
-2.44141e-05     -7.32422e-05     0     0.000146484     
0     8.54492e-05     0.000195313     0.000109863     
7.32422e-05     9.76563e-05     0.000158691     9.76563e-05     
0     0.000134277     2.44141e-05     1.2207e-05     
4.88281e-05     6.10352e-05     8.54492e-05     2.44141e-05     
4.88281e-05     0     3.66211e-05     -3.66211e-05     
-1.2207e-05     -0.000183105     -0.00020752     -0.000341797     
-0.000354004     -0.000488281     -0.000402832     -0.000524902     
-0.000622559     -0.000561523     -0.000488281     -0.000439453     
-0.000537109     -0.000439453     -0.000366211     -0.00032959     
-0.000341797     -0.000256348     -0.000219727     -0.00020752     
-8.54492e-05     -0.000146484     4.88281e-05     0     
0.00012207     0.000109863     0.000231934     0.000317383     
0.000354004     0.000378418     0.000402832     0.000463867     
0.000427246     0.000317383     0.000378418     0.000305176     
0.000268555     9.76563e-05     0.00012207     6.10352e-05     
0.000109863     2.44141e-05     -1.2207e-05     3.66211e-05     
1.2207e-05     0     6.10352e-05     9.76563e-05     
8.54492e-05     0.000134277     0.000158691     6.10352e-05     
0.00012207     2.44141e-05     2.44141e-05     0     
1.2207e-05     0.000109863     6.10352e-05     -2.44141e-05     
1.2207e-05     3.66211e-05     0.00012207     0.000170898     
7.32422e-05     0.000219727     0.000305176     0.000317383     
0.000292969     0.000354004     0.000427246     0.000366211     
0.000390625     0.000439453     0.00057373     0.000439453     
0.000354004     0.000427246     0.000427246     0.000427246     
0.000268555     0.000317383     0.000427246     0.000280762     
0.000183105     0.000219727     0.000268555     0.000158691     
0.000109863     0.000183105     0.000183105     0.00012207     
7.32422e-05     0.000146484     0.000146484     0.000170898     
6.10352e-05     2.44141e-05     0.000170898     0.000170898     
0.000170898     0.000109863     0.000195313     0.000170898     
0.000280762     0.000170898     0.000292969     0.000354004     
0.000231934     0.000390625     0.000354004     0.000402832     
0.000402832     0.000366211     0.00032959     0.000402832     
0.000402832     0.00032959     0.000280762     0.000427246     
0.000402832     0.000305176     0.000427246     0.00045166     
0.000463867     0.000476074     0.00057373     0.000549316     
0.000549316     0.000744629     0.000720215     0.000634766     
0.000695801     0.00065918     0.000622559     0.000610352     
0.000622559     0.000671387     0.000512695     0.000549316     
0.000598145     0.000500488     0.000463867     0.000463867     
0.000500488     0.000390625     0.000402832     0.000292969     
0.00020752     0.000231934     0.000317383     0.000170898     
0.000170898     0.000231934     0.000402832     0.00020752     
0.000219727     0.000268555     0.000244141     0.000219727     
0.000134277     0.000195313     0.000231934     6.10352e-05     
-4.88281e-05     6.10352e-05     7.32422e-05     -1.2207e-05     
-2.44141e-05     -3.66211e-05     0     -8.54492e-05     
-0.000170898     -0.000170898     -0.000134277     -0.000256348     
-0.000195313     -0.000219727     -0.00020752     -0.000183105     
-0.000195313     -0.00012207     3.66211e-05     2.44141e-05     
7.32422e-05     0.000134277     0.000305176     0.000317383     
0.000427246     0.000549316     0.00065918     0.000708008     
0.000744629     0.000732422     0.000720215     0.00078125     
0.00065918     0.000695801     0.000634766     0.000439453     
0.00032959     0.000292969     0.000256348     9.76563e-05     
-3.66211e-05     -0.000109863     -1.2207e-05     -2.44141e-05     
-0.000183105     -0.000134277     -0.000134277     -3.66211e-05     
-0.000195313     -0.000244141     -0.000109863     -9.76563e-05     
-0.000256348     -0.000244141     -0.000256348     -0.000305176     
-0.000354004     -0.000500488     -0.000415039     -0.00045166     
-0.00045166     -0.000512695     -0.000378418     -0.000305176     
-0.000231934     -0.000134277     3.66211e-05     0.000305176     
0.000463867     0.00065918     0.00109863     0.0013916     
0.00169678     0.00203857     0.00249023     0.00285645     
0.00332031     0.0038208     0.00428467     0.00478516     
0.00528564     0.00577393     0.00626221     0.00683594     
0.00722656     0.00769043     0.00820313     0.00853271     
0.00900879     0.00927734     0.00976563     0.010022     
0.0103638     0.0106812     0.0109741     0.0113525     
0.0116455     0.0119629     0.0123901     0.0127563     
0.0132202     0.0135742     0.0141235     0.0144897     
0.0148804     0.0152832     0.0156982     0.0160034     
0.0163574     0.016687     0.0170044     0.0171997     
0.0175659     0.0177856     0.0181763     0.018457     
0.0186279     0.0190796     0.0193848     0.0196533     
0.0199097     0.0202759     0.0206299     0.0209595     
0.0211914     0.021582     0.0219971     0.02229     
0.0226807     0.0230347     0.0234009     0.023877     
0.0241211     0.0245728     0.025     0.0253418     
0.025708     0.0260864     0.0264282     0.0268311     
0.0271118     0.0273438     0.0277832     0.028064     
0.0282593     0.0285034     0.028772     0.0290649     
0.0291748     0.0294556     0.0296631     0.0299316     
0.0302246     0.0303955     0.0306885     0.0309937     
0.0312256     0.0314575     0.0318604     0.0320557     
0.032251     0.0324585     0.0327271     0.032959     
0.0330688     0.033313     0.0334229     0.0335815     
0.0336914     0.0338135     0.0340088     0.0340942     
0.0342041     0.0343994     0.0346069     0.0347168     
0.0348755     0.0349976     0.0352661     0.0354004     
0.035437     0.0355713     0.0356812     0.0357178     
0.0357666     0.0358643     0.0359375     0.0359375     
0.0359619     0.0359863     0.0361328     0.0360352     
0.0362061     0.0362915     0.0362915     0.0364868     
0.0366577     0.0368164     0.0369751     0.037085     
0.037207     0.0374634     0.0375     0.0376709     
0.0376709     0.0378784     0.0380493     0.0379639     
0.0380371     0.0379761     0.0380371     0.0379883     
0.037915     0.0379517     0.0378906     0.0378906     
0.0378418     0.037854     0.0378418     0.0378784     
0.0378784     0.037915     0.0380493     0.0380493     
0.0380249     0.0380737     0.0381836     0.0380249     
0.0381104     0.0381226     0.0380859     0.0380005     
0.037854     0.0378296     0.0377319     0.0375977     
0.0375122     0.037439     0.037439     0.0373413     
0.0373779     0.0372803     0.0374146     0.0374268     
0.0374268     0.0375977     0.0376099     0.0376343     
0.0376343     0.0376465     0.0376099     0.0376099     
0.0374268     0.037207     0.037146     0.0370239     
0.0368652     0.0366211     0.0365845     0.0364014     
0.0363647     0.0362305     0.0360596     0.0360229     
0.0360107     0.0359619     0.0358154     0.0358032     
0.0356812     0.0355957     0.0355469     0.0354614     
0.0353638     0.0352173     0.0351563     0.0348755     
0.0348633     0.0348145     0.0346802     0.0344971     
0.0343628     0.034375     0.0342407     0.0341675     
0.0340454     0.0338989     0.0339355     0.0337891     
0.0336548     0.0334717     0.0334595     0.0331421     
0.0330566     0.0328613     0.0327148     0.0325439     
0.0322754     0.0321899     0.0319824     0.0317749     
0.0315552     0.0314697     0.0313599     0.0310425     
0.0308716     0.0308594     0.0307983     0.030603     
0.030481     0.0303955     0.0304321     0.0302246     
0.0300171     0.0299316     0.029895     0.0297729     
0.0295166     0.0293579     0.0292847     0.0291138     
0.0288086     0.0286621     0.02854     0.0284668     
0.0282837     0.0281128     0.0280884     0.0277466     
0.0276245     0.0273926     0.0273071     0.0271729     
0.0268311     0.0266846     0.0265015     0.0262451     
0.0260986     0.0259155     0.0257202     0.0255005     
0.025415     0.0252075     0.0251343     0.024939     
0.0247559     0.0247437     0.0246094     0.0245728     
0.0243774     0.024353     0.024292     0.024231     
0.0240967     0.0240479     0.0239258     0.0238281     
0.0237915     0.0235474     0.0235352     0.0233154     
0.0231812     0.0229614     0.0228516     0.0225952     
0.0223633     0.022168     0.0219971     0.021814     
0.0216064     0.0215088     0.0213013     0.0213989     
0.0212524     0.0211548     0.021167     0.0211548     
0.0211792     0.0210449     0.0211182     0.021106     
0.0209961     0.0208374     0.020752     0.0207275     
0.02052     0.0203125     0.020166     0.0199341     
0.0198242     0.019519     0.0193726     0.0191162     
0.0189697     0.0187256     0.0185913     0.0184814     
0.0183228     0.0182983     0.0181519     0.0180542     
0.0180542     0.0180054     0.018103     0.0180542     
0.0180298     0.0181274     0.0181519     0.0181274     
0.0180908     0.0180054     0.018042     0.0178345     
0.0177979     0.0177246     0.0176636     0.0175537     
0.0173706     0.0172119     0.0171753     0.0170166     
0.0168701     0.016748     0.0167358     0.0165771     
0.0164673     0.016394     0.016394     0.0161865     
0.0162231     0.0161499     0.0161011     0.0160767     
0.015979     0.0160278     0.0160278     0.0160156     
0.0159546     0.0158813     0.0158813     0.0157593     
0.0157227     0.0155396     0.015625     0.0154785     
0.0153809     0.0152832     0.0152466     0.0151611     
0.0150635     0.0150391     0.0151001     0.0150269     
0.0150513     0.0149902     0.0149658     0.0149414     
0.0149292     0.0149414     0.0149292     0.0148682     
0.0148804     0.0148315     0.0148438     0.0147583     
0.0145874     0.0145264     0.0144775     0.0143677     
0.0143311     0.014209     0.0140991     0.0140015     
0.0138428     0.0138306     0.013916     0.0138062     
0.0137695     0.0137329     0.0137329     0.0136597     
0.013623     0.0135864     0.0135376     0.0135376     
0.0134033     0.0133545     0.0133301     0.0132202     
0.013147     0.0130615     0.0130737     0.0129028     
0.0129272     0.012854     0.012854     0.012854     
0.0128174     0.012854     0.012915     0.012854     
0.0128906     0.0130371     0.0130859     0.0131104     
0.0130371     0.013208     0.0132568     0.0133545     
0.0133789     0.0134521     0.0135132     0.0134888     
0.0135132     0.0135742     0.0135864     0.0136353     
0.013562     0.0135498     0.0137085     0.0137207     
0.0136353     0.0136597     0.0136475     0.0137207     
0.0136108     0.013623     0.0137695     0.0136963     
0.0137695     0.0138672     0.0139038     0.0140747     
0.0141235     0.0142822     0.0144043     0.0144775     
0.0144775     0.0145264     0.0145874     0.0145264     
0.0145142     0.0143433     0.0144043     0.0143066     
0.0140991     0.0140869     0.0140625     0.0140747     
0.0140991     0.0140991     0.0141235     0.0141846     
0.0142456     0.0142334     0.0143921     0.0144531     
0.0145508     0.0145508     0.0148193     0.0148438     
0.0149292     0.0150146     0.015271     0.0153687     
0.0153809     0.0156006     0.0156006     0.015625     
0.0156982     0.0156738     0.015686     0.0156982     
0.0156738     0.015625     0.0156494     0.0156006     
0.0156738     0.015625     0.0157837     0.0159302     
0.0159424     0.0161133     0.0161621     0.0163452     
0.016394     0.0163818     0.0164429     0.016394     
0.0164307     0.0163696     0.0164185     0.0161377     
0.0161987     0.0161499     0.0159668     0.0160522     
0.0159912     0.015918     0.0159668     0.0158936     
0.0158325     0.0159668     0.0159912     0.015979     
0.015918     0.0160278     0.0161255     0.0159912     
0.0159668     0.0159302     0.01604     0.0158936     
0.0159546     0.015979     0.015918     0.01604     
0.0160522     0.0160767     0.0163086     0.016272     
0.0163818     0.0164429     0.0165649     0.0166504     
0.0166016     0.0167358     0.0167969     0.0167358     
0.0168091     0.0168335     0.0168213     0.0169067     
0.016748     0.0168579     0.0168945     0.0168945     
0.0168579     0.0167969     0.0168335     0.016687     
0.0167603     0.0165894     0.0166504     0.0167114     
0.016687     0.0165894     0.0166748     0.0166748     
0.0165527     0.0165405     0.0165039     0.0164917     
0.0164795     0.0164551     0.0164917     0.0165039     
0.0165161     0.0164917     0.0165894     0.0165161     
0.0165649     0.0164917     0.0166138     0.0165894     
0.0165283     0.0164917     0.0164673     0.0163574     
0.016333     0.0163086     0.0163208     0.0162476     
0.0162231     0.0161133     0.0161011     0.0160889     
0.0161743     0.0161011     0.0162598     0.0162842     
0.0163208     0.0164185     0.0164551     0.0164917     
0.0164795     0.0165649     0.016687     0.0166382     
0.0167236     0.016626     0.0166138     0.0165405     
0.0164429     0.0164063     0.016272     0.0161377     
0.0160034     0.0159302     0.0158325     0.0156616     
0.0156372     0.0155396     0.0155273     0.0153076     
0.0153687     0.0152832     0.0152954     0.0153442     
0.0153564     0.0152832     0.0154419     0.0153198     
0.0154419     0.0153564     0.0153076     0.015332     
0.01521     0.0150635     0.0150879     0.0150024     
0.0148438     0.0147339     0.0146484     0.0144897     
0.0144531     0.0143921     0.0143311     0.0141357     
0.0141357     0.0140747     0.0139526     0.0140381     
0.0138306     0.0138794     0.0138184     0.0138184     
0.0137085     0.0135742     0.0135742     0.0135864     
0.0134888     0.0133545     0.0134399     0.0134033     
0.0132202     0.0133057     0.013269     0.013269     
0.0132446     0.013269     0.0132935     0.0132324     
0.0132446     0.0132446     0.0130859     0.0130981     
0.0130005     0.0127563     0.0126953     0.0125     
0.0124023     0.0122803     0.012146     0.0120239     
0.0119629     0.0118408     0.0118286     0.0118042     
0.0118774     0.0119141     0.0120117     0.0121826     
0.012207     0.0122559     0.0123413     0.0123901     
0.0123291     0.0122192     0.0122681     0.0120361     
0.0119385     0.0118408     0.0116333     0.0115601     
0.011438     0.0113525     0.0112549     0.0111816     
0.0111694     0.0111938     0.0113281     0.0111572     
0.0111938     0.0112671     0.0111084     0.0111328     
0.0110962     0.0110107     0.0110107     0.0108521     
0.0107422     0.0107666     0.0106445     0.0105103     
0.0103638     0.0103638     0.0102661     0.0100708     
0.010083     0.00991211     0.0098877     0.00980225     
0.009729     0.00963135     0.00961914     0.00957031     
0.00946045     0.00943604     0.00936279     0.00932617     
0.00922852     0.00925293     0.00924072     0.0092041     
0.00911865     0.00909424     0.00911865     0.009021     
0.00898438     0.0090332     0.00908203     0.009021     
0.00889893     0.00899658     0.00904541     0.00899658     
0.00899658     0.00897217     0.00911865     0.00909424     
0.0090332     0.00892334     0.009021     0.00900879     
0.00887451     0.0088623     0.00894775     0.00889893     
0.00870361     0.00861816     0.00864258     0.00858154     
0.00855713     0.00852051     0.00847168     0.00836182     
0.00831299     0.00830078     0.00830078     0.00822754     
0.00821533     0.00802002     0.00805664     0.00792236     
0.00783691     0.00792236     0.00772705     0.00765381     
0.00765381     0.00749512     0.0074707     0.00749512     
0.00739746     0.00743408     0.00742188     0.00737305     
0.00744629     0.00744629     0.00759277     0.00761719     
0.00769043     0.00771484     0.00762939     0.00776367     
0.00773926     0.00775146     0.00777588     0.00755615     
0.00754395     0.00742188     0.00738525     0.0071167     
0.00716553     0.00701904     0.00705566     0.00688477     
0.00687256     0.00693359     0.00704346     0.00703125     
0.00703125     0.0072876     0.00736084     0.00744629     
0.00742188     0.00756836     0.00772705     0.00760498     
0.00759277     0.00761719     0.00762939     0.00739746     
0.00739746     0.00726318     0.0072876     0.00718994     
0.00716553     0.00704346     0.00715332     0.00716553     
0.00697021     0.00712891     0.00716553     0.00721436     
0.00712891     0.0072998     0.00739746     0.00721436     
0.00733643     0.00733643     0.00725098     0.00731201     
0.00712891     0.00710449     0.00720215     0.00699463     
0.0069458     0.00690918     0.00692139     0.00687256     
0.00687256     0.00678711     0.00704346     0.00693359     
0.00689697     0.00704346     0.00722656     0.0072876     
0.00718994     0.00723877     0.00734863     0.0072998     
0.00726318     0.0072876     0.00718994     0.00710449     
0.00709229     0.00700684     0.00709229     0.0069458     
0.00697021     0.00690918     0.00697021     0.0069458     
0.00695801     0.0069458     0.00704346     0.00705566     
0.00717773     0.00714111     0.00718994     0.00722656     
0.00721436     0.0072998     0.00734863     0.0072998     
0.00733643     0.00734863     0.00736084     0.00739746     
0.0074707     0.00750732     0.00755615     0.00755615     
0.00760498     0.00771484     0.00786133     0.00788574     
0.00793457     0.00794678     0.00812988     0.00797119     
0.00812988     0.00805664     0.00792236     0.00792236     
0.00783691     0.00777588     0.00765381     0.00758057     
0.00750732     0.00740967     0.00743408     0.00732422     
0.00733643     0.00716553     0.0072998     0.00722656     
0.00725098     0.00725098     0.00725098     0.00725098     
0.00733643     0.00744629     0.00748291     0.00744629     
0.0074585     0.00756836     0.00769043     0.00770264     
0.00770264     0.00786133     0.00782471     0.00787354     
0.00776367     0.0078125     0.00780029     0.00777588     
0.00771484     0.00769043     0.0076416     0.00759277     
0.00738525     0.00738525     0.0074585     0.00740967     
0.00744629     0.00738525     0.00750732     0.00758057     
0.00758057     0.00759277     0.00776367     0.00784912     
0.00793457     0.00800781     0.00812988     0.00814209     
0.0081665     0.00827637     0.00823975     0.00830078     
0.00828857     0.0081665     0.00820313     0.00820313     
0.00812988     0.00795898     0.00809326     0.00803223     
0.00793457     0.00783691     0.00792236     0.00780029     
0.00782471     0.00778809     0.00778809     0.00776367     
0.00778809     0.00788574     0.00788574     0.00782471     
0.00782471     0.00787354     0.00792236     0.00793457     
0.00793457     0.00797119     0.00795898     0.00802002     
0.0079834     0.00806885     0.00802002     0.00809326     
0.00809326     0.00809326     0.00821533     0.00809326     
0.0081665     0.00819092     0.00841064     0.00825195     
0.0083252     0.00836182     0.0083252     0.00843506     
0.00845947     0.00842285     0.00852051     0.00858154     
0.00858154     0.00865479     0.00870361     0.00866699     
0.0086792     0.00871582     0.00877686     0.00880127     
0.0088623     0.00892334     0.00908203     0.00904541     
0.00911865     0.00916748     0.00924072     0.00930176     
0.00924072     0.00936279     0.00933838     0.00928955     
0.00911865     0.00900879     0.00895996     0.00883789     
0.00871582     0.00856934     0.00853271     0.00831299     
0.00825195     0.00820313     0.00810547     0.00799561     
0.00786133     0.00787354     0.00787354     0.00776367     
0.00776367     0.00770264     0.00775146     0.00765381     
0.00770264     0.00766602     0.00769043     0.00762939     
0.0076416     0.00772705     0.00773926     0.00775146     
0.00765381     0.00770264     0.00775146     0.00777588     
0.00777588     0.00775146     0.00782471     0.00802002     
0.00797119     0.00799561     0.00814209     0.0081665     
0.00821533     0.00814209     0.0081543     0.00817871     
0.00812988     0.00804443     0.00793457     0.00786133     
0.00780029     0.00766602     0.00759277     0.00754395     
0.0074707     0.00744629     0.00732422     0.00725098     
0.00731201     0.00726318     0.00733643     0.00733643     
0.00727539     0.00737305     0.00739746     0.00733643     
0.00727539     0.00732422     0.00731201     0.00722656     
0.00720215     0.00717773     0.00718994     0.00706787     
0.00706787     0.00709229     0.00705566     0.00714111     
0.00717773     0.00722656     0.0072876     0.00723877     
0.00721436     0.00733643     0.0072998     0.00727539     
0.00725098     0.00718994     0.00726318     0.00708008     
0.00704346     0.00689697     0.00695801     0.00690918     
0.00679932     0.0067749     0.0067749     0.0067749     
0.00671387     0.00675049     0.00675049     0.00682373     
0.00673828     0.00672607     0.00668945     0.00665283     
0.00661621     0.00656738     0.00651855     0.00644531     
0.00639648     0.00631104     0.00648193     0.00631104     
0.00622559     0.00621338     0.00621338     0.00616455     
0.00610352     0.0060791     0.00606689     0.00593262     
0.005896     0.0057373     0.00592041     0.00583496     
0.00574951     0.00577393     0.00576172     0.00581055     
0.0057373     0.00568848     0.00570068     0.0057373     
0.00566406     0.00571289     0.0059082     0.00594482     
0.0059082     0.00593262     0.00599365     0.00603027     
0.00595703     0.0059082     0.00582275     0.00577393     
0.00563965     0.00566406     0.00543213     0.00535889     
0.00527344     0.00513916     0.00506592     0.0050415     
0.00483398     0.00491943     0.00488281     0.00472412     
0.00471191     0.00467529     0.00471191     0.0046875     
0.00450439     0.00461426     0.00450439     0.00458984     
0.00455322     0.00449219     0.00458984     0.00449219     
0.00466309     0.00455322     0.00471191     0.00454102     
0.00472412     0.00474854     0.00473633     0.00474854     
0.00483398     0.00482178     0.00487061     0.00488281     
0.00478516     0.00490723     0.00483398     0.00480957     
0.00478516     0.00479736     0.00478516     0.00460205     
0.00461426     0.00462646     0.00461426     0.00446777     
0.0045166     0.00444336     0.00444336     0.00446777     
0.00438232     0.00440674     0.00444336     0.0043335     
0.00432129     0.00432129     0.00441895     0.00432129     
0.00424805     0.00440674     0.00449219     0.00438232     
0.00438232     0.00444336     0.00445557     0.00450439     
0.00435791     0.00444336     0.00447998     0.00435791     
0.00424805     0.0041626     0.00419922     0.0039917     
0.00397949     0.00385742     0.00396729     0.00389404     
0.00385742     0.0038208     0.00404053     0.00406494     
0.00408936     0.00411377     0.00421143     0.00422363     
0.0041748     0.0041626     0.00411377     0.0041748     
0.0041626     0.00408936     0.00405273     0.00410156     
0.00419922     0.00407715     0.00424805     0.00427246     
0.00423584     0.00429688     0.00432129     0.00423584     
0.00418701     0.0041626     0.0041626     0.00408936     
0.00396729     0.00385742     0.00394287     0.00386963     
0.00377197     0.00375977     0.00385742     0.00383301     
0.00386963     0.00393066     0.00401611     0.00394287     
0.00396729     0.0039917     0.00402832     0.00396729     
0.00407715     0.00402832     0.00419922     0.00410156     
0.00410156     0.00404053     0.00412598     0.00410156     
0.00410156     0.0041626     0.0041626     0.0041748     
0.00418701     0.00424805     0.00429688     0.00423584     
0.00421143     0.00432129     0.00443115     0.00432129     
0.00439453     0.0043457     0.00447998     0.00444336     
0.00443115     0.00441895     0.00449219     0.0045166     
0.00447998     0.00456543     0.00455322     0.00458984     
0.00447998     0.00458984     0.00463867     0.00452881     
0.00460205     0.00449219     0.0045166     0.00444336     
0.0043335     0.0043457     0.00429688     0.00423584     
0.00408936     0.00402832     0.00406494     0.00401611     
0.00380859     0.00373535     0.00389404     0.00372314     
0.00366211     0.00354004     0.00354004     0.00356445     
0.00336914     0.00338135     0.00349121     0.00355225     
0.00354004     0.00362549     0.00374756     0.00388184     
0.00389404     0.00406494     0.00421143     0.00426025     
0.0043335     0.00446777     0.00455322     0.00458984     
0.00462646     0.00461426     0.00472412     0.00465088     
0.00466309     0.00474854     0.00474854     0.00477295     
0.00483398     0.00474854     0.00494385     0.00493164     
0.00489502     0.00484619     0.00489502     0.00501709     
0.00493164     0.00488281     0.00499268     0.00500488     
0.0050293     0.00506592     0.00511475     0.00516357     
0.00515137     0.0052002     0.00526123     0.00522461     
0.00532227     0.00522461     0.00528564     0.0052002     
0.00545654     0.00534668     0.00523682     0.00527344     
0.00524902     0.00515137     0.00515137     0.00505371     
0.0050293     0.00505371     0.00500488     0.00495605     
0.0048584     0.00490723     0.00489502     0.0048584     
0.00472412     0.00477295     0.00476074     0.00456543     
0.00462646     0.00445557     0.00456543     0.00456543     
0.00450439     0.00440674     0.00450439     0.00456543     
0.00450439     0.00460205     0.00467529     0.00471191     
0.00469971     0.0046875     0.00479736     0.00479736     
0.00484619     0.00491943     0.00506592     0.00501709     
0.00488281     0.00491943     0.00506592     0.00500488     
0.00507813     0.00509033     0.00511475     0.00512695     
0.00517578     0.0050415     0.00507813     0.00495605     
0.00499268     0.00498047     0.00500488     0.00499268     
0.00493164     0.00490723     0.00491943     0.00488281     
0.00484619     0.00478516     0.00473633     0.00478516     
0.00476074     0.00476074     0.00478516     0.00471191     
0.0048584     0.00480957     0.00491943     0.00484619     
0.00498047     0.00511475     0.00510254     0.00513916     
0.00524902     0.00529785     0.00533447     0.00535889     
0.00541992     0.00552979     0.00549316     0.00545654     
0.00544434     0.00532227     0.00529785     0.00517578     
0.00496826     0.0050293     0.00489502     0.00477295     
0.00463867     0.00460205     0.00455322     0.00458984     
0.00456543     0.00454102     0.00472412     0.00460205     
0.0046875     0.00473633     0.00488281     0.00483398     
0.00494385     0.0050415     0.00510254     0.00513916     
0.00506592     0.00513916     0.00522461     0.00512695     
0.00505371     0.00512695     0.00517578     0.0050293     
0.00500488     0.00488281     0.00491943     0.00491943     
0.00484619     0.00479736     0.00478516     0.00476074     
0.00466309     0.00461426     0.00461426     0.00458984     
0.00458984     0.00460205     0.00466309     0.00469971     
0.00474854     0.00467529     0.00488281     0.00490723     
0.00495605     0.00500488     0.0050415     0.0050415     
0.00501709     0.00500488     0.00493164     0.00487061     
0.00483398     0.00456543     0.00454102     0.00443115     
0.00438232     0.00413818     0.00419922     0.00405273     
0.00386963     0.00384521     0.0038208     0.00375977     
0.00361328     0.0036499     0.00358887     0.0036377     
0.00351563     0.00344238     0.00338135     0.00336914     
0.00333252     0.00324707     0.00328369     0.00322266     
0.00314941     0.00308838     0.00321045     0.00321045     
0.00319824     0.00335693     0.00349121     0.00362549     
0.00375977     0.0038208     0.00397949     0.00400391     
0.00411377     0.00408936     0.00400391     0.00405273     
0.00404053     0.00390625     0.00385742     0.00377197     
0.00367432     0.00368652     0.00368652     0.00369873     
0.00368652     0.00379639     0.00390625     0.0038208     
0.00390625     0.00396729     0.00411377     0.00396729     
0.00404053     0.00404053     0.0039917     0.00393066     
0.00384521     0.00388184     0.00378418     0.00374756     
0.0036499     0.00375977     0.00388184     0.00377197     
0.00372314     0.00384521     0.00383301     0.00375977     
0.00379639     0.00371094     0.00372314     0.00361328     
0.00341797     0.00343018     0.00339355     0.00327148     
0.00310059     0.00301514     0.00299072     0.00285645     
0.002771     0.00279541     0.00279541     0.00268555     
0.00257568     0.00256348     0.00275879     0.00267334     
0.0026123     0.00270996     0.00279541     0.00279541     
0.00288086     0.00286865     0.00294189     0.00296631     
0.00291748     0.00285645     0.00288086     0.00284424     
0.002771     0.00270996     0.00279541     0.00272217     
0.00264893     0.00269775     0.00273438     0.00273438     
0.00270996     0.00272217     0.00273438     0.00267334     
0.00264893     0.00262451     0.00263672     0.00262451     
0.00258789     0.0026123     0.00280762     0.00272217     
0.00280762     0.00286865     0.0029541     0.00299072     
0.00307617     0.00317383     0.00323486     0.00323486     
0.00324707     0.00328369     0.00328369     0.00319824     
0.00316162     0.003125     0.00302734     0.00294189     
0.00279541     0.00267334     0.00267334     0.00245361     
0.00241699     0.00233154     0.00224609     0.00218506     
0.00209961     0.00205078     0.0020752     0.00200195     
0.00206299     0.00202637     0.00214844     0.00209961     
0.00220947     0.00223389     0.00222168     0.00230713     
0.00239258     0.00244141     0.00241699     0.00249023     
0.00255127     0.00262451     0.00270996     0.002771     
0.00268555     0.00273438     0.00279541     0.00268555     
0.00266113     0.0026001     0.00266113     0.00247803     
0.00256348     0.00238037     0.0024292     0.00251465     
0.0024292     0.00247803     0.00270996     0.00263672     
0.00263672     0.00279541     0.00292969     0.0029541     
0.00297852     0.00313721     0.00321045     0.00303955     
0.00308838     0.00317383     0.00330811     0.00322266     
0.00303955     0.00318604     0.00334473     0.00327148     
0.00325928     0.00323486     0.00345459     0.00321045     
0.00334473     0.00316162     0.00323486     0.00314941     
0.00305176     0.00290527     0.00288086     0.00288086     
0.00267334     0.0026123     0.00269775     0.00262451     
0.00263672     0.00250244     0.00251465     0.00262451     
0.00263672     0.00241699     0.00256348     0.00252686     
0.00251465     0.00245361     0.00245361     0.00245361     
0.00235596     0.00239258     0.00239258     0.00247803     
0.00246582     0.0026123     0.0026001     0.00275879     
0.00280762     0.00294189     0.00305176     0.00308838     
0.00321045     0.00325928     0.00334473     0.00338135     
0.00341797     0.00343018     0.00339355     0.00333252     
0.00339355     0.00336914     0.00330811     0.00328369     
0.00330811     0.00322266     0.00328369     0.00321045     
0.00321045     0.00318604     0.00322266     0.00323486     
0.00325928     0.00330811     0.0032959     0.00335693     
0.00336914     0.0034668     0.00351563     0.003479     
0.00351563     0.00362549     0.00366211     0.0036377     
0.00372314     0.00369873     0.00373535     0.0036377     
0.00358887     0.00349121     0.00354004     0.00343018     
0.00327148     0.003125     0.00310059     0.00299072     
0.00266113     0.00268555     0.0026001     0.00249023     
0.00233154     0.0022583     0.00235596     0.0022583     
0.00220947     0.00220947     0.00231934     0.00240479     
0.00233154     0.00244141     0.0026123     0.00262451     
0.00272217     0.002771     0.00288086     0.00291748     
0.00301514     0.00299072     0.00313721     0.00313721     
0.00317383     0.00332031     0.00332031     0.00334473     
0.00339355     0.00351563     0.00352783     0.00360107     
0.00368652     0.0036377     0.00372314     0.00375977     
0.00378418     0.00377197     0.00378418     0.00374756     
0.00369873     0.00354004     0.00358887     0.0034668     
0.00333252     0.00330811     0.00327148     0.00319824     
0.00318604     0.00319824     0.00321045     0.00321045     
0.00324707     0.00336914     0.00343018     0.003479     
0.00360107     0.00354004     0.00374756     0.00372314     
0.00369873     0.00375977     0.00372314     0.00362549     
0.00369873     0.00355225     0.00354004     0.00356445     
0.00352783     0.003479     0.00366211     0.00350342     
0.00357666     0.00360107     0.00357666     0.00357666     
0.00362549     0.00358887     0.00374756     0.00361328     
0.00367432     0.00374756     0.00375977     0.00369873     
0.00371094     0.00368652     0.00377197     0.00367432     
0.00374756     0.00368652     0.00367432     0.00358887     
0.00350342     0.00345459     0.00343018     0.00324707     
0.00316162     0.00303955     0.00319824     0.00296631     
0.00292969     0.00301514     0.00311279     0.00306396     
0.00305176     0.00321045     0.00339355     0.00336914     
0.00345459     0.00360107     0.00369873     0.00380859     
0.00360107     0.00380859     0.00390625     0.00380859     
0.00377197     0.00372314     0.00373535     0.00362549     
0.00357666     0.00350342     0.0036499     0.00361328     
0.00350342     0.0034668     0.0036499     0.00357666     
0.00356445     0.00357666     0.00358887     0.00372314     
0.00369873     0.00369873     0.00373535     0.00389404     
0.00391846     0.00391846     0.00401611     0.00406494     
0.0041626     0.0041748     0.00421143     0.00423584     
0.00427246     0.00422363     0.00421143     0.0041748     
0.00411377     0.00394287     0.0038208     0.00373535     
0.00354004     0.003479     0.00339355     0.00323486     
0.00321045     0.00313721     0.00317383     0.003125     
0.00318604     0.00316162     0.00318604     0.00321045     
0.00311279     0.00307617     0.003125     0.00310059     
0.00305176     0.0029541     0.00303955     0.00283203     
0.00290527     0.002771     0.00273438     0.00274658     
0.00262451     0.00266113     0.00268555     0.00255127     
0.0026001     0.00255127     0.00255127     0.00245361     
0.00236816     0.00244141     0.00246582     0.00241699     
0.00245361     0.00236816     0.00249023     0.00239258     
0.00253906     0.00246582     0.00241699     0.00251465     
0.00245361     0.00241699     0.00247803     0.00241699     
0.00239258     0.00240479     0.00245361     0.00238037     
0.00227051     0.00224609     0.00231934     0.00224609     
0.00227051     0.00223389     0.0022583     0.00229492     
0.00224609     0.00224609     0.00228271     0.00233154     
0.00234375     0.00230713     0.00245361     0.00235596     
0.00239258     0.00240479     0.00255127     0.00244141     
0.00239258     0.00235596     0.00241699     0.00229492     
0.00224609     0.00214844     0.00212402     0.00216064     
0.00216064     0.00195313     0.00202637     0.00214844     
0.0020752     0.00205078     0.00212402     0.00209961     
0.00206299     0.00196533     0.00205078     0.00196533     
0.00180664     0.00174561     0.00179443     0.00167236     
0.00150146     0.00148926     0.00146484     0.0013916     
0.00136719     0.00129395     0.00137939     0.00140381     
0.00141602     0.00142822     0.00148926     0.00150146     
0.0015625     0.00157471     0.00163574     0.00166016     
0.00168457     0.00157471     0.00162354     0.00147705     
0.00159912     0.00144043     0.00152588     0.00136719     
0.00152588     0.00146484     0.00152588     0.00148926     
0.00152588     0.00159912     0.00163574     0.00167236     
0.00164795     0.00169678     0.00162354     0.00158691     
0.00142822     0.00152588     0.00148926     0.00137939     
0.00128174     0.00114746     0.00126953     0.0012207     
0.00109863     0.00118408     0.00128174     0.00128174     
0.0012207     0.00133057     0.00134277     0.00146484     
0.00134277     0.00141602     0.00150146     0.00150146     
0.00151367     0.00151367     0.00155029     0.00140381     
0.00147705     0.00146484     0.00146484     0.00157471     
0.00136719     0.00145264     0.00162354     0.00153809     
0.00161133     0.00166016     0.00179443     0.00175781     
0.00180664     0.00172119     0.0019165     0.0019165     
0.00185547     0.00187988     0.00196533     0.00189209     
0.00172119     0.00177002     0.0017334     0.00179443     
0.00164795     0.00161133     0.00167236     0.00162354     
0.00153809     0.00147705     0.00146484     0.00137939     
0.00142822     0.00135498     0.00140381     0.00135498     
0.00129395     0.00150146     0.0015625     0.00162354     
0.00177002     0.0019043     0.00214844     0.00218506     
0.00223389     0.00227051     0.00231934     0.0024292     
0.00240479     0.00238037     0.00241699     0.00240479     
0.0022583     0.00229492     0.00227051     0.00223389     
0.00203857     0.00216064     0.00220947     0.00201416     
0.00197754     0.00200195     0.00203857     0.00181885     
0.00185547     0.00185547     0.00183105     0.00175781     
0.00170898     0.00185547     0.00181885     0.00181885     
0.00174561     0.00172119     0.00185547     0.0017334     
0.00169678     0.00167236     0.00166016     0.00157471     
0.00162354     0.0015625     0.00163574     0.00157471     
0.00157471     0.00146484     0.00159912     0.00158691     
0.00163574     0.00169678     0.0017334     0.00170898     
0.00169678     0.00174561     0.00185547     0.00192871     
0.00187988     0.0020874     0.00213623     0.00216064     
0.00229492     0.00235596     0.00239258     0.00241699     
0.00235596     0.0024292     0.00247803     0.00233154     
0.00238037     0.00224609     0.00228271     0.00217285     
0.0020752     0.00201416     0.00214844     0.00212402     
0.00200195     0.0020874     0.00218506     0.00218506     
0.00218506     0.00229492     0.00238037     0.00231934     
0.00235596     0.00224609     0.00228271     0.00219727     
0.00211182     0.00200195     0.00195313     0.00187988     
0.00174561     0.00161133     0.00166016     0.00158691     
0.00158691     0.00155029     0.00166016     0.00174561     
0.00166016     0.00168457     0.00179443     0.00177002     
0.00180664     0.00168457     0.0017334     0.00168457     
0.00172119     0.00151367     0.00157471     0.00166016     
0.00161133     0.00174561     0.00164795     0.00180664     
0.00183105     0.00185547     0.00206299     0.00205078     
0.00222168     0.00222168     0.00235596     0.00239258     
0.00240479     0.00238037     0.00244141     0.0024292     
0.00244141     0.00234375     0.00234375     0.00224609     
0.00217285     0.00223389     0.00228271     0.00222168     
0.00218506     0.00217285     0.00230713     0.00216064     
0.0022583     0.00224609     0.00219727     0.00219727     
0.00219727     0.00211182     0.00220947     0.00211182     
0.00201416     0.00205078     0.00214844     0.00203857     
0.00200195     0.00197754     0.00203857     0.00197754     
0.00185547     0.00179443     0.00186768     0.00175781     
0.00178223     0.00187988     0.00189209     0.00189209     
0.00194092     0.00196533     0.00205078     0.00217285     
0.00217285     0.00212402     0.00223389     0.00233154     
0.00234375     0.00214844     0.00238037     0.00231934     
0.00213623     0.00234375     0.00228271     0.00220947     
0.00219727     0.00214844     0.00213623     0.00212402     
0.00211182     0.00203857     0.00203857     0.00198975     
0.0019043     0.0017334     0.00172119     0.0017334     
0.00161133     0.00153809     0.00141602     0.00136719     
0.00126953     0.00123291     0.0012085     0.00119629     
0.00117188     0.00112305     0.00112305     0.00109863     
0.00113525     0.00115967     0.00113525     0.00117188     
0.00119629     0.0012085     0.00133057     0.00131836     
0.00131836     0.00148926     0.00159912     0.00168457     
0.00166016     0.00180664     0.00187988     0.0019043     
0.00201416     0.00197754     0.00196533     0.00203857     
0.00214844     0.00213623     0.00216064     0.00212402     
0.00218506     0.00216064     0.00231934     0.00220947     
0.00222168     0.00224609     0.00216064     0.00219727     
0.00214844     0.00217285     0.00206299     0.0020874     
0.00203857     0.00200195     0.00218506     0.0020752     
0.0020752     0.00206299     0.0020874     0.00206299     
0.00206299     0.0020874     0.00206299     0.00195313     
0.00187988     0.00192871     0.00189209     0.0019043     
0.00177002     0.00170898     0.00180664     0.00168457     
0.00167236     0.00163574     0.00161133     0.00170898     
0.00151367     0.00153809     0.00159912     0.00162354     
0.00162354     0.00169678     0.00172119     0.0017334     
0.0019043     0.00177002     0.00197754     0.00197754     
0.00196533     0.00197754     0.0020752     0.00203857     
0.00200195     0.00205078     0.00212402     0.00212402     
0.0020874     0.00209961     0.0020752     0.00216064     
0.00209961     0.00195313     0.00206299     0.00200195     
0.00192871     0.00179443     0.0019043     0.00174561     
0.00180664     0.00177002     0.00175781     0.00170898     
0.00166016     0.00166016     0.00167236     0.00164795     
0.00164795     0.00153809     0.00152588     0.00140381     
0.00137939     0.00125732     0.00130615     0.00119629     
0.0010498     0.0010498     0.00098877     0.00108643     
0.0010376     0.000927734     0.00107422     0.00098877     
0.0010376     0.00102539     0.00119629     0.00111084     
0.00109863     0.00117188     0.0012207     0.00123291     
0.00130615     0.00131836     0.00129395     0.00129395     
0.00128174     0.00133057     0.00141602     0.00134277     
0.00130615     0.00137939     0.00145264     0.00144043     
0.00140381     0.00145264     0.0015625     0.00157471     
0.00170898     0.00172119     0.0019043     0.00194092     
0.00195313     0.00197754     0.0020874     0.00216064     
0.00201416     0.00206299     0.00214844     0.00205078     
0.00195313     0.00194092     0.00206299     0.00200195     
0.00196533     0.00201416     0.0020874     0.00209961     
0.0020874     0.00230713     0.00229492     0.00233154     
0.00245361     0.00247803     0.00262451     0.00258789     
0.00267334     0.00253906     0.0026123     0.00253906     
0.00246582     0.00241699     0.00241699     0.00230713     
0.00214844     0.00205078     0.00201416     0.00187988     
0.00175781     0.00161133     0.00150146     0.00148926     
0.00145264     0.00133057     0.00137939     0.00133057     
0.00125732     0.00124512     0.00131836     0.00126953     
0.00128174     0.00128174     0.00133057     0.00133057     
0.00136719     0.00137939     0.00147705     0.00142822     
0.00145264     0.00151367     0.00153809     0.00148926     
0.00159912     0.00159912     0.00166016     0.00174561     
0.00166016     0.00167236     0.00177002     0.0017334     
0.00170898     0.00183105     0.0019043     0.00180664     
0.0019043     0.00183105     0.00192871     0.00185547     
0.00189209     0.00181885     0.00187988     0.00181885     
0.00177002     0.00175781     0.0017334     0.00175781     
0.00169678     0.00177002     0.00180664     0.00175781     
0.00177002     0.00178223     0.00195313     0.00179443     
0.00192871     0.00196533     0.00197754     0.00192871     
0.00192871     0.00192871     0.00197754     0.00192871     
0.00185547     0.00183105     0.00184326     0.00177002     
0.00161133     0.00157471     0.00155029     0.00148926     
0.00126953     0.00134277     0.00144043     0.00135498     
0.00137939     0.00144043     0.00163574     0.00162354     
0.00164795     0.00178223     0.00189209     0.00180664     
0.00187988     0.00189209     0.00195313     0.00180664     
0.0019043     0.00185547     0.00195313     0.00200195     
0.00192871     0.00195313     0.00195313     0.00203857     
0.0019165     0.00200195     0.00197754     0.00197754     
0.00187988     0.0019165     0.00186768     0.00184326     
0.00189209     0.00194092     0.00195313     0.0019043     
0.00198975     0.00192871     0.00198975     0.00192871     
0.00196533     0.00186768     0.00180664     0.00168457     
0.00174561     0.00157471     0.00159912     0.00158691     
0.0015625     0.00164795     0.00159912     0.00158691     
0.00164795     0.00174561     0.00181885     0.0019165     
0.0019165     0.00206299     0.0020874     0.0020752     
0.00214844     0.00216064     0.00217285     0.00216064     
0.0020752     0.00211182     0.00211182     0.0019043     
0.00198975     0.00197754     0.0019165     0.0019043     
0.00177002     0.00179443     0.00184326     0.00181885     
0.00174561     0.00184326     0.00180664     0.00181885     
0.00178223     0.00189209     0.00192871     0.0019043     
0.00178223     0.00177002     0.00184326     0.00183105     
0.00183105     0.00177002     0.00184326     0.00183105     
0.00184326     0.00185547     0.0019165     0.00189209     
0.00181885     0.00186768     0.00178223     0.00166016     
0.00163574     0.00157471     0.00164795     0.0015625     
0.0015625     0.00167236     0.00162354     0.0017334     
0.00179443     0.00181885     0.0019165     0.00203857     
0.00198975     0.00201416     0.00209961     0.00200195     
0.00202637     0.00185547     0.00201416     0.00196533     
0.00179443     0.00185547     0.00196533     0.00192871     
0.00194092     0.0019043     0.00200195     0.00202637     
0.00192871     0.00195313     0.00198975     0.00196533     
0.0019165     0.00187988     0.00189209     0.00180664     
0.00178223     0.00175781     0.00178223     0.00177002     
0.00163574     0.00157471     0.00153809     0.00151367     
0.00148926     0.00150146     0.00136719     0.00134277     
0.00131836     0.00137939     0.00114746     0.00114746     
0.00119629     0.00101318     0.0010376     0.00100098     
0.000939941     0.00098877     0.000952148     0.00108643     
0.00106201     0.00112305     0.00128174     0.00133057     
0.00153809     0.00162354     0.00178223     0.00177002     
0.0019043     0.00203857     0.00202637     0.00212402     
0.00213623     0.00211182     0.00206299     0.00206299     
0.00201416     0.00203857     0.00202637     0.00197754     
0.00198975     0.00203857     0.00212402     0.00195313     
0.00201416     0.00209961     0.00213623     0.00197754     
0.00203857     0.0020752     0.00205078     0.0020752     
0.00203857     0.00196533     0.00220947     0.00209961     
0.0020752     0.00216064     0.00216064     0.00223389     
0.00211182     0.00209961     0.00228271     0.00216064     
0.00213623     0.00219727     0.00227051     0.00223389     
0.00213623     0.00211182     0.00228271     0.00218506     
0.00209961     0.00200195     0.00205078     0.00192871     
0.00203857     0.00180664     0.00195313     0.00194092     
0.00194092     0.00192871     0.00195313     0.00202637     
0.00202637     0.00206299     0.00203857     0.00205078     
0.00197754     0.00192871     0.00189209     0.00192871     
0.00184326     0.00181885     0.00172119     0.00164795     
0.00162354     0.00153809     0.00151367     0.00136719     
0.00133057     0.00131836     0.00129395     0.00124512     
0.00118408     0.00113525     0.00117188     0.0012085     
0.00126953     0.00136719     0.00137939     0.00131836     
0.00147705     0.00150146     0.00151367     0.00148926     
0.00146484     0.00159912     0.00155029     0.00144043     
0.00146484     0.00136719     0.00140381     0.00123291     
0.0012085     0.00108643     0.00124512     0.00106201     
0.00106201     0.00109863     0.00117188     0.00123291     
0.00126953     0.00153809     0.00164795     0.00168457     
0.0017334     0.00185547     0.0020752     0.00197754     
0.0019043     0.0019165     0.00200195     0.00172119     
0.00168457     0.00158691     0.00150146     0.0013916     
0.00131836     0.00124512     0.00126953     0.00119629     
0.00111084     0.00117188     0.00124512     0.00119629     
0.00126953     0.00136719     0.00142822     0.00140381     
0.00146484     0.00152588     0.00158691     0.00157471     
0.00159912     0.00155029     0.00152588     0.00150146     
0.00135498     0.00137939     0.00136719     0.0012085     
0.00114746     0.00117188     0.0012207     0.00114746     
0.00117188     0.00113525     0.00129395     0.00130615     
0.00129395     0.00135498     0.0013916     0.00137939     
0.00129395     0.00129395     0.0013916     0.00137939     
0.00130615     0.00126953     0.00126953     0.00129395     
0.0012207     0.00118408     0.00133057     0.00129395     
0.00123291     0.00123291     0.00136719     0.00137939     
0.0013916     0.00141602     0.00145264     0.00142822     
0.00147705     0.00146484     0.00148926     0.00146484     
0.00144043     0.00135498     0.00133057     0.0013916     
0.00140381     0.00128174     0.00140381     0.00141602     
0.00134277     0.00134277     0.00131836     0.00129395     
0.00126953     0.00123291     0.00117188     0.00107422     
0.00102539     0.00101318     0.00100098     0.000866699     
0.000976563     0.000939941     0.000927734     0.00090332     
0.000939941     0.00101318     0.00106201     0.0010376     
0.0010498     0.00107422     0.00113525     0.00102539     
0.0010376     0.0010498     0.00111084     0.00101318     
0.00102539     0.00108643     0.00130615     0.00130615     
0.00125732     0.00137939     0.00140381     0.00148926     
0.00129395     0.00136719     0.00142822     0.00133057     
0.00115967     0.00123291     0.00124512     0.00118408     
0.00111084     0.00109863     0.00111084     0.00111084     
0.00108643     0.00111084     0.00115967     0.00114746     
0.00100098     0.00106201     0.0010376     0.000927734     
0.00090332     0.000732422     0.000830078     0.000756836     
0.000769043     0.000598145     0.000756836     0.000891113     
0.000744629     0.00078125     0.000976563     0.00102539     
0.00107422     0.00109863     0.00126953     0.00125732     
0.00125732     0.00125732     0.00123291     0.00129395     
0.00126953     0.0012207     0.00117188     0.00109863     
0.00109863     0.00109863     0.00115967     0.00109863     
0.0010376     0.00115967     0.00109863     0.00108643     
0.00117188     0.00111084     0.00114746     0.00126953     
0.00129395     0.00130615     0.00150146     0.00151367     
0.00151367     0.00153809     0.00168457     0.0017334     
0.0017334     0.00167236     0.00167236     0.00172119     
0.00161133     0.00152588     0.00169678     0.00155029     
0.00151367     0.00141602     0.00151367     0.00140381     
0.00137939     0.00133057     0.00129395     0.0012207     
0.00124512     0.00125732     0.00128174     0.00119629     
0.00117188     0.00124512     0.00118408     0.00133057     
0.00128174     0.0012085     0.00126953     0.00124512     
0.00123291     0.00111084     0.00123291     0.00114746     
0.0010376     0.00107422     0.0010376     0.000927734     
0.000915527     0.000952148     0.000866699     0.000830078     
0.000842285     0.000744629     0.000683594     0.000744629     
0.000646973     0.000695801     0.00090332     0.00078125     
0.000854492     0.00102539     0.00107422     0.00119629     
0.00118408     0.00131836     0.00146484     0.00144043     
0.00150146     0.00147705     0.0017334     0.00151367     
0.00147705     0.00142822     0.00148926     0.00140381     
0.00129395     0.00125732     0.00119629     0.00119629     
0.00108643     0.00102539     0.00107422     0.0010498     
0.000952148     0.000939941     0.00109863     0.00106201     
0.00108643     0.00108643     0.00114746     0.00115967     
0.0012207     0.0012085     0.00134277     0.00129395     
0.00135498     0.00140381     0.00148926     0.00158691     
0.00159912     0.00168457     0.00180664     0.00186768     
0.00192871     0.00194092     0.00202637     0.00201416     
0.00197754     0.00194092     0.00196533     0.00186768     
0.00179443     0.00175781     0.00153809     0.00147705     
0.00135498     0.00126953     0.00129395     0.00123291     
0.00107422     0.00109863     0.00129395     0.0010498     
0.00114746     0.00118408     0.00118408     0.00118408     
0.0012085     0.00124512     0.00119629     0.0012085     
0.00112305     0.00118408     0.00115967     0.00108643     
0.00114746     0.00113525     0.0012207     0.00124512     
0.00124512     0.00125732     0.00136719     0.00135498     
0.00130615     0.00134277     0.0013916     0.00128174     
0.00125732     0.00123291     0.00126953     0.00117188     
0.0010498     0.0010498     0.00108643     0.00107422     
0.00106201     0.00113525     0.00125732     0.0012085     
0.00134277     0.00140381     0.00151367     0.0017334     
0.00161133     0.00169678     0.00181885     0.00177002     
0.00178223     0.00175781     0.00168457     0.00166016     
0.00161133     0.00148926     0.00162354     0.00152588     
0.00142822     0.00134277     0.00136719     0.00137939     
0.00130615     0.00130615     0.00131836     0.00130615     
0.00133057     0.0012085     0.00123291     0.00129395     
0.0012207     0.00118408     0.00130615     0.00126953     
0.00125732     0.00130615     0.00142822     0.00134277     
0.00145264     0.00153809     0.00153809     0.00157471     
0.00170898     0.00159912     0.00161133     0.00162354     
0.00155029     0.00159912     0.00157471     0.00142822     
0.00134277     0.00124512     0.00128174     0.00124512     
0.00112305     0.000891113     0.000842285     0.000793457     
0.000720215     0.000622559     0.000671387     0.00057373     
0.000598145     0.000634766     0.000842285     0.000756836     
0.000866699     0.000964355     0.00109863     0.00108643     
0.00114746     0.0012085     0.00125732     0.00124512     
0.00125732     0.0012085     0.00123291     0.00111084     
0.00101318     0.00102539     0.00100098     0.000830078     
0.000842285     0.000708008     0.000708008     0.000646973     
0.00065918     0.000671387     0.000732422     0.000646973     
0.000585938     0.000622559     0.00065918     0.000671387     
0.000634766     0.000732422     0.000769043     0.00065918     
0.000646973     0.000708008     0.000793457     0.000769043     
0.000769043     0.000756836     0.00090332     0.000891113     
0.000842285     0.000976563     0.000976563     0.00109863     
0.00098877     0.000976563     0.00114746     0.00106201     
0.00106201     0.000964355     0.0010498     0.00106201     
0.00098877     0.0010498     0.00114746     0.00119629     
0.00113525     0.00119629     0.00128174     0.00134277     
0.00133057     0.00135498     0.00140381     0.00144043     
0.00144043     0.00142822     0.0015625     0.00153809     
0.00155029     0.00148926     0.0015625     0.00155029     
0.00142822     0.00148926     0.00146484     0.00141602     
0.00145264     0.00136719     0.00134277     0.00130615     
0.00124512     0.0012207     0.00118408     0.00114746     
0.00111084     0.00100098     0.000964355     0.00100098     
0.00102539     0.00109863     0.00107422     0.0010498     
0.00107422     0.00117188     0.0012085     0.000939941     
0.0010376     0.00102539     0.000976563     0.000805664     
0.000793457     0.000720215     0.000695801     0.000646973     
0.000585938     0.000622559     0.000634766     0.00065918     
0.000646973     0.000744629     0.000842285     0.000891113     
0.000854492     0.000964355     0.00111084     0.00115967     
0.00117188     0.00113525     0.00129395     0.00119629     
0.00117188     0.00109863     0.00113525     0.00112305     
0.000964355     0.000891113     0.000952148     0.000915527     
0.00078125     0.000756836     0.000854492     0.000842285     
0.000805664     0.000866699     0.000976563     0.000915527     
0.000976563     0.000976563     0.000939941     0.00106201     
0.00100098     0.000952148     0.00109863     0.000964355     
0.00098877     0.000915527     0.000927734     0.00098877     
0.000939941     0.000805664     0.000964355     0.000866699     
0.000866699     0.000842285     0.000878906     0.00101318     
0.000915527     0.000915527     0.00101318     0.00101318     
0.00101318     0.00101318     0.000866699     0.000915527     
0.000830078     0.000683594     0.000756836     0.000622559     
0.000524902     0.000354004     0.000427246     0.000341797     
0.000292969     0.000219727     0.000354004     0.000305176     
0.000402832     0.000524902     0.000622559     0.000732422     
0.000891113     0.000964355     0.00119629     0.00118408     
0.0012207     0.00124512     0.00126953     0.00128174     
0.00117188     0.00124512     0.00107422     0.0010498     
0.00101318     0.000927734     0.000891113     0.000854492     
0.000878906     0.000732422     0.000866699     0.000793457     
0.000891113     0.000891113     0.000854492     0.000939941     
0.00090332     0.000842285     0.000854492     0.00078125     
0.000695801     0.000817871     0.000646973     0.000610352     
0.000476074     0.000512695     0.000476074     0.000427246     
0.000402832     0.000354004     0.000549316     0.000524902     
0.000561523     0.000708008     0.000756836     0.00078125     
0.000756836     0.000732422     0.000817871     0.000708008     
0.000744629     0.000793457     0.000769043     0.000769043     
0.000634766     0.000598145     0.000720215     0.000708008     
0.000671387     0.000695801     0.000756836     0.000744629     
0.000646973     0.000683594     0.000830078     0.00078125     
0.000756836     0.000744629     0.000854492     0.000756836     
0.000805664     0.000708008     0.000854492     0.000817871     
0.000695801     0.000817871     0.000805664     0.000817871     
0.00078125     0.000769043     0.00065918     0.000805664     
0.00078125     0.000708008     0.000744629     0.000830078     
0.000878906     0.000805664     0.000964355     0.000927734     
0.00098877     0.00108643     0.00115967     0.00115967     
0.00119629     0.00123291     0.00133057     0.00130615     
0.00142822     0.0013916     0.00134277     0.00128174     
0.0012207     0.00131836     0.00126953     0.00124512     
0.00119629     0.00123291     0.00131836     0.00134277     
0.00137939     0.00136719     0.00136719     0.00158691     
0.00151367     0.00155029     0.00162354     0.0015625     
0.00167236     0.00162354     0.00168457     0.00155029     
0.00150146     0.00161133     0.00158691     0.00147705     
0.00144043     0.00144043     0.00147705     0.00146484     
0.0013916     0.00141602     0.00142822     0.00131836     
0.00123291     0.0012085     0.00129395     0.00111084     
0.00098877     0.00090332     0.000866699     0.000817871     
0.000671387     0.00057373     0.00057373     0.00057373     
0.000476074     0.00045166     0.000622559     0.00057373     
0.000561523     0.000744629     0.000720215     0.000769043     
0.000817871     0.000878906     0.00100098     0.00098877     
0.000927734     0.00102539     0.00101318     0.0010376     
0.00102539     0.00101318     0.00113525     0.00113525     
0.00115967     0.00113525     0.0012085     0.00113525     
0.00119629     0.00115967     0.00125732     0.00129395     
0.00117188     0.00119629     0.00119629     0.00128174     
0.00115967     0.00115967     0.00123291     0.00112305     
0.0010498     0.00100098     0.000915527     0.00100098     
0.000891113     0.00078125     0.000878906     0.000720215     
0.000695801     0.00065918     0.000744629     0.000720215     
0.000744629     0.000805664     0.00078125     0.000866699     
0.000878906     0.000866699     0.000939941     0.000964355     
0.000891113     0.00090332     0.00109863     0.00106201     
0.00098877     0.00098877     0.00102539     0.0010376     
0.0010498     0.00101318     0.00102539     0.00108643     
0.00112305     0.00102539     0.0010498     0.0010498     
0.00107422     0.00102539     0.0012085     0.00108643     
0.0012085     0.00125732     0.00118408     0.00125732     
0.00119629     0.00113525     0.00102539     0.000952148     
0.000891113     0.000830078     0.000720215     0.000622559     
0.000500488     0.000427246     0.000476074     0.000292969     
0.000415039     0.000341797     0.000427246     0.000378418     
0.000354004     0.000476074     0.000561523     0.000549316     
0.000512695     0.000585938     0.000683594     0.000708008     
0.000732422     0.000891113     0.00098877     0.000915527     
0.000878906     0.000964355     0.00101318     0.0010498     
0.00112305     0.00107422     0.00111084     0.00117188     
0.00109863     0.00114746     0.00118408     0.00112305     
0.00113525     0.00107422     0.00118408     0.00111084     
0.00123291     0.00108643     0.00112305     0.00119629     
0.00115967     0.00114746     0.00109863     0.00117188     
0.00115967     0.00109863     0.00112305     0.00114746     
0.00118408     0.00107422     0.0010498     0.0012207     
0.00124512     0.00112305     0.00125732     0.00133057     
0.00134277     0.00135498     0.00142822     0.00136719     
0.00130615     0.00119629     0.00125732     0.0012207     
0.00109863     0.00102539     0.00102539     0.00102539     
0.000915527     0.00098877     0.000915527     0.000964355     
0.00100098     0.000915527     0.0010376     0.00112305     
0.00106201     0.00114746     0.00115967     0.0012085     
0.00113525     0.0012085     0.00131836     0.00115967     
0.00118408     0.00113525     0.0012207     0.00106201     
0.00118408     0.00111084     0.00111084     0.0010498     
0.00098877     0.0010498     0.00108643     0.0010498     
0.000976563     0.00100098     0.00102539     0.000891113     
0.000878906     0.000878906     0.000805664     0.000830078     
0.000915527     0.000842285     0.0010498     0.00106201     
0.00112305     0.00114746     0.00129395     0.00140381     
0.00150146     0.00153809     0.00163574     0.00157471     
0.00162354     0.00162354     0.00169678     0.00170898     
0.00162354     0.00158691     0.0015625     0.00137939     
0.00146484     0.00128174     0.00124512     0.00128174     
0.00108643     0.00111084     0.00112305     0.000964355     
0.000964355     0.000915527     0.0010376     0.000964355     
0.00108643     0.0010376     0.00117188     0.00118408     
0.0012207     0.00128174     0.00133057     0.00134277     
0.00142822     0.00134277     0.00145264     0.00141602     
0.00136719     0.00135498     0.00140381     0.00146484     
0.00141602     0.00150146     0.00158691     0.00157471     
0.00159912     0.00159912     0.00162354     0.00153809     
0.00148926     0.00157471     0.00148926     0.00147705     
0.0013916     0.00135498     0.00131836     0.00123291     
0.00117188     0.00112305     0.00115967     0.00111084     
0.0010376     0.00101318     0.00108643     0.00107422     
0.00109863     0.0010376     0.00114746     0.00117188     
0.00111084     0.00111084     0.00115967     0.00101318     
0.00100098     0.000842285     0.000817871     0.000671387     
0.000610352     0.000549316     0.000488281     0.000537109     
0.000378418     0.000354004     0.000366211     0.000463867     
0.000463867     0.000561523     0.00057373     0.000634766     
0.000622559     0.000610352     0.000732422     0.00065918     
0.000549316     0.000537109     0.00057373     0.000439453     
0.000415039     0.000476074     0.00045166     0.000463867     
0.000427246     0.000610352     0.000756836     0.000866699     
0.000952148     0.00108643     0.00126953     0.00137939     
0.00141602     0.00146484     0.00146484     0.00152588     
0.00152588     0.0015625     0.00155029     0.00167236     
0.00148926     0.00152588     0.00155029     0.00153809     
0.0015625     0.00158691     0.0015625     0.0015625     
0.0015625     0.00135498     0.00151367     0.00135498     
0.0012085     0.00126953     0.00124512     0.00113525     
0.00108643     0.000927734     0.000964355     0.000964355     
0.000891113     0.000793457     0.000769043     0.000695801     
0.00065918     0.000549316     0.000524902     0.000585938     
0.000585938     0.000488281     0.000622559     0.00065918     
0.000695801     0.000891113     0.000891113     0.00100098     
0.00101318     0.00112305     0.00112305     0.00109863     
0.00111084     0.00108643     0.00102539     0.0010498     
0.00109863     0.00090332     0.000964355     0.000891113     
0.000891113     0.000976563     0.000952148     0.00108643     
0.00108643     0.00115967     0.00125732     0.00126953     
0.0012207     0.00123291     0.00123291     0.00114746     
0.0012207     0.00115967     0.00107422     0.000976563     
0.000939941     0.000952148     0.000854492     0.000744629     
0.000683594     0.000695801     0.000646973     0.000683594     
0.000561523     0.000622559     0.000744629     0.000598145     
0.000695801     0.00078125     0.000830078     0.000866699     
0.000830078     0.000830078     0.000854492     0.000891113     
0.000817871     0.000817871     0.000805664     0.000720215     
0.000708008     0.000646973     0.000622559     0.000598145     
0.000549316     0.000585938     0.000634766     0.000671387     
0.000622559     0.000720215     0.00078125     0.000817871     
0.000769043     0.000756836     0.000854492     0.000805664     
0.000756836     0.00065918     0.000683594     0.00057373     
0.000524902     0.000439453     0.000488281     0.000378418     
0.000305176     0.00020752     0.000244141     0.000292969     
0.000219727     0.000256348     0.000402832     0.000476074     
0.000463867     0.00065918     0.000720215     0.000830078     
0.000915527     0.000952148     0.00111084     0.00102539     
0.00117188     0.00101318     0.0010498     0.00107422     
0.000964355     0.000952148     0.000915527     0.000927734     
0.0010498     0.000830078     0.00090332     0.000976563     
0.00098877     0.000927734     0.000939941     0.000976563     
0.000952148     0.000854492     0.000952148     0.000939941     
0.000830078     0.000805664     0.000769043     0.000708008     
0.000732422     0.000769043     0.000708008     0.000610352     
0.000732422     0.000610352     0.000732422     0.000549316     
0.000634766     0.000537109     0.000598145     0.000500488     
0.00057373     0.000646973     0.000561523     0.000622559     
0.000585938     0.000610352     0.000695801     0.000695801     
0.000695801     0.000817871     0.000915527     0.000744629     
0.000830078     0.000878906     0.000866699     0.000817871     
0.000878906     0.00100098     0.00100098     0.00100098     
0.00108643     0.00111084     0.00119629     0.00141602     
0.00129395     0.0013916     0.00150146     0.00155029     
0.00145264     0.0013916     0.00145264     0.00135498     
0.00128174     0.00119629     0.00113525     0.00112305     
0.000891113     0.00090332     0.000976563     0.000817871     
0.000744629     0.00065918     0.000744629     0.000683594     
0.000708008     0.00057373     0.00065918     0.000732422     
0.000634766     0.000622559     0.000720215     0.000769043     
0.000732422     0.000720215     0.000817871     0.000891113     
0.000830078     0.000756836     0.000817871     0.000744629     
0.000708008     0.000598145     0.00057373     0.000390625     
0.000366211     0.000317383     0.000317383     0.00020752     
0.000195313     0.000146484     9.76563e-05     0.000183105     
0.000183105     0.000170898     0.000244141     0.000231934     
0.000219727     0.000195313     0.000292969     0.000256348     
0.000244141     0.000292969     0.00045166     0.000524902     
0.000402832     0.000500488     0.000415039     0.00057373     
0.000561523     0.000488281     0.000610352     0.000598145     
0.000671387     0.000537109     0.000720215     0.000708008     
0.000830078     0.000793457     0.000793457     0.00078125     
0.000817871     0.000817871     0.000830078     0.000793457     
0.000769043     0.000793457     0.000891113     0.000891113     
0.000891113     0.000891113     0.000927734     0.000952148     
0.00100098     0.00113525     0.00111084     0.00115967     
0.00109863     0.00111084     0.00117188     0.00112305     
0.00098877     0.000939941     0.0010376     0.000939941     
0.000793457     0.00078125     0.000805664     0.000732422     
0.000720215     0.000805664     0.000830078     0.000854492     
0.000891113     0.000976563     0.00113525     0.0012207     
0.00113525     0.0012085     0.00136719     0.00131836     
0.00125732     0.00125732     0.00124512     0.00126953     
0.00111084     0.00107422     0.0010376     0.000805664     
0.000671387     0.000646973     0.000585938     0.000500488     
0.000378418     0.000378418     0.000439453     0.00045166     
0.000390625     0.00057373     0.000634766     0.000708008     
0.00090332     0.000878906     0.00106201     0.00102539     
0.00114746     0.0010498     0.00112305     0.00102539     
0.00106201     0.00109863     0.00098877     0.00106201     
0.000952148     0.00100098     0.00098877     0.00102539     
0.00102539     0.00102539     0.0010376     0.00107422     
0.000891113     0.000976563     0.00108643     0.00100098     
0.000854492     0.00100098     0.00107422     0.000964355     
0.00090332     0.000878906     0.000952148     0.000817871     
0.00078125     0.000646973     0.000817871     0.000598145     
0.000537109     0.00045166     0.000341797     0.000292969     
0.000170898     9.76563e-05     0.000195313     0.000109863     
6.10352e-05     4.88281e-05     0.000158691     0.000195313     
9.76563e-05     0.000231934     0.000378418     0.000317383     
0.000341797     0.000378418     0.000415039     0.000378418     
0.000366211     0.00032959     0.000476074     0.000439453     
0.000402832     0.000341797     0.000500488     0.000524902     
0.000476074     0.000524902     0.000610352     0.000769043     
0.000744629     0.000720215     0.000915527     0.000878906     
0.000891113     0.00090332     0.000891113     0.000927734     
0.000793457     0.000866699     0.000854492     0.000805664     
0.00090332     0.000769043     0.000939941     0.000842285     
0.000866699     0.000756836     0.00090332     0.000793457     
0.000793457     0.000756836     0.000756836     0.000720215     
0.000622559     0.000561523     0.000622559     0.000695801     
0.000671387     0.000622559     0.000744629     0.000744629     
0.000744629     0.000793457     0.000927734     0.000915527     
0.0010376     0.000976563     0.0010376     0.00098877     
0.0010498     0.00106201     0.00106201     0.000964355     
0.00108643     0.00090332     0.000952148     0.000964355     
0.000817871     0.000866699     0.000793457     0.000708008     
0.000695801     0.000720215     0.000720215     0.000842285     
0.000732422     0.000805664     0.000708008     0.000842285     
0.000878906     0.000854492     0.000927734     0.000939941     
0.000793457     0.000793457     0.000817871     0.000695801     
0.000744629     0.000683594     0.000622559     0.00065918     
0.000646973     0.000695801     0.000695801     0.000671387     
0.000817871     0.00090332     0.000964355     0.000878906     
0.00101318     0.00112305     0.00115967     0.00111084     
0.0010498     0.00108643     0.00112305     0.00090332     

