Source : transient; Time : Wed Jun 14 08:16:23 2017
B0 = 3604.000000 Gauss, mw = 9.686280 GHz
 NDI-T2 sa261 20/2 42/25 523nm/1mJ
1 5000 -1.001e-06 8.997e-06 0 0
s                        V                                                 
0.000585938     0.000500488     0.000366211     0.00032959     
0.000146484     7.32422e-05     0.00020752     6.10352e-05     
-0.000170898     -6.10352e-05     -0.00012207     -0.000244141     
-0.000292969     -0.000354004     -0.000292969     -0.000317383     
-0.000402832     -0.000537109     -0.000341797     -0.000439453     
-0.000512695     -0.000341797     -0.000183105     -0.000219727     
-0.000134277     -0.00020752     -0.000195313     -8.54492e-05     
-0.000158691     -0.000256348     -7.32422e-05     -0.000134277     
-0.000268555     -0.000341797     -0.000317383     -0.000268555     
-0.000280762     -0.00020752     -0.000183105     -0.000256348     
-0.000219727     -0.000292969     -0.000268555     -0.000268555     
-0.000354004     -0.000341797     -0.000268555     -0.000341797     
-0.000305176     -0.000183105     -4.88281e-05     -2.44141e-05     
7.32422e-05     0.000244141     0.000415039     0.000378418     
0.000512695     0.000561523     0.000561523     0.000610352     
0.000622559     0.00057373     0.000732422     0.00078125     
0.000671387     0.000610352     0.000708008     0.000695801     
0.000769043     0.00065918     0.000805664     0.00078125     
0.00065918     0.000646973     0.000634766     0.00057373     
0.000561523     0.000488281     0.000512695     0.000488281     
0.000415039     0.000439453     0.000500488     0.000524902     
0.000390625     0.000512695     0.000634766     0.000683594     
0.000610352     0.000634766     0.00065918     0.000622559     
0.000537109     0.000634766     0.000598145     0.000561523     
0.000476074     0.000463867     0.00045166     0.000390625     
0.000354004     0.000415039     0.000427246     0.000415039     
0.000378418     0.000415039     0.000427246     0.000415039     
0.000317383     0.000366211     0.000415039     0.000341797     
0.000170898     0.000305176     0.000219727     0.000244141     
0.000195313     0.00012207     0.000427246     0.000366211     
0.000512695     0.000488281     0.00057373     0.000683594     
0.000708008     0.000793457     0.00102539     0.00100098     
0.00102539     0.000915527     0.00098877     0.000939941     
0.000817871     0.000769043     0.00078125     0.000805664     
0.000683594     0.000598145     0.000537109     0.000524902     
0.000476074     0.000402832     0.000512695     0.000500488     
0.000488281     0.000463867     0.000341797     0.000390625     
0.000268555     0.000305176     0.000292969     0.000378418     
0.000219727     0.000219727     0.000109863     3.66211e-05     
-3.66211e-05     -1.2207e-05     -8.54492e-05     6.10352e-05     
-0.00012207     1.2207e-05     6.10352e-05     4.88281e-05     
7.32422e-05     4.88281e-05     0.000195313     0.000292969     
0.00032959     0.00020752     0.000341797     0.00032959     
0.000256348     0.000231934     0.00045166     0.000378418     
0.000280762     0.000305176     0.000463867     0.000439453     
0.000390625     0.000476074     0.000708008     0.000683594     
0.00065918     0.000744629     0.000878906     0.000952148     
0.00090332     0.00100098     0.00114746     0.00111084     
0.00106201     0.0010376     0.00107422     0.0010498     
0.00090332     0.000891113     0.000830078     0.000769043     
0.000634766     0.000585938     0.00057373     0.000585938     
0.00045166     0.000476074     0.000585938     0.000585938     
0.000561523     0.000720215     0.000805664     0.000695801     
0.000585938     0.000708008     0.00090332     0.00090332     
0.000695801     0.000610352     0.000708008     0.000561523     
0.000415039     0.00032959     0.000402832     0.000354004     
0.000244141     0.000109863     0.000134277     6.10352e-05     
1.2207e-05     0     0.000170898     0.00012207     
6.10352e-05     7.32422e-05     8.54492e-05     0.000134277     
8.54492e-05     0.000109863     0.000134277     0.000195313     
0.000109863     8.54492e-05     0.000109863     0.000158691     
0.000146484     0.000183105     0.000341797     0.000402832     
0.00032959     0.000292969     0.000354004     0.000390625     
0.000244141     0.000195313     0.000268555     0.000280762     
0.000195313     0.00012207     0.000170898     0.000256348     
0.000195313     0.000256348     0.000415039     0.000427246     
0.000622559     0.000683594     0.000744629     0.000817871     
0.000878906     0.000732422     0.000939941     0.000769043     
0.000646973     0.000634766     0.000561523     0.000378418     
0.000231934     0.000183105     0.000256348     0.000146484     
0.000170898     0.000158691     0.000219727     0.000354004     
0.000378418     0.00045166     0.000622559     0.000695801     
0.000744629     0.000720215     0.000732422     0.000756836     
0.000756836     0.000683594     0.000756836     0.00065918     
0.000524902     0.000500488     0.000402832     0.000463867     
0.000354004     0.000354004     0.000488281     0.000488281     
0.000415039     0.000378418     0.000537109     0.00045166     
0.000378418     0.000378418     0.000427246     0.000488281     
0.000341797     0.000158691     0.000280762     0.000134277     
8.54492e-05     6.10352e-05     0.000219727     0.000109863     
0.00020752     0.000158691     0.000170898     0.000219727     
0.00020752     6.10352e-05     0.000195313     0.00020752     
0.00012207     0.000170898     0.000170898     0.00012207     
6.10352e-05     0.00012207     0.00020752     0.000231934     
0.000183105     0.000231934     0.000244141     0.000317383     
0.000244141     0.000244141     0.000476074     0.000415039     
0.000427246     0.000537109     0.000463867     0.000476074     
0.000439453     0.000549316     0.000549316     0.000622559     
0.000390625     0.000500488     0.000463867     0.00032959     
0.00032959     0.000268555     0.000292969     0.000292969     
9.76563e-05     8.54492e-05     0.000146484     4.88281e-05     
-1.2207e-05     -3.66211e-05     0     -0.000146484     
-0.000146484     -0.000183105     -6.10352e-05     -0.000158691     
-8.54492e-05     -3.66211e-05     8.54492e-05     0.00012207     
0.000170898     0.000292969     0.000378418     0.000341797     
0.00045166     0.000415039     0.000598145     0.000561523     
0.000463867     0.000415039     0.000341797     0.000292969     
0.000183105     0.000158691     0.000219727     0.000195313     
6.10352e-05     0.000109863     0.000146484     0.000231934     
0.000219727     0.000292969     0.000390625     0.000488281     
0.000427246     0.000524902     0.000537109     0.00045166     
0.000427246     0.000354004     0.00057373     0.000488281     
0.000341797     0.000500488     0.000524902     0.000439453     
0.000439453     0.000427246     0.00045166     0.000537109     
0.000341797     0.000341797     0.000378418     0.000170898     
9.76563e-05     0     4.88281e-05     0     
-3.66211e-05     -0.000183105     -9.76563e-05     -9.76563e-05     
-0.000231934     -0.000219727     -9.76563e-05     -0.000109863     
-0.000146484     -0.000170898     -6.10352e-05     0     
-0.00012207     -6.10352e-05     9.76563e-05     0.000170898     
0.000134277     0.000146484     0.000305176     0.000268555     
0.000292969     0.000219727     0.000402832     0.00032959     
0.000292969     0.000366211     0.000378418     0.000427246     
0.000219727     0.000317383     0.00045166     0.000476074     
0.000427246     0.00032959     0.000268555     0.000292969     
0.000183105     3.66211e-05     7.32422e-05     1.2207e-05     
-0.00020752     -0.000219727     -0.000280762     -0.000378418     
-0.000378418     -0.000488281     -0.000244141     -0.00032959     
-0.000292969     -0.00012207     -1.2207e-05     -0.000109863     
0     0.000134277     0.000268555     0.000317383     
0.000354004     0.000439453     0.000537109     0.000561523     
0.000439453     0.000488281     0.000512695     0.000561523     
0.000476074     0.000463867     0.000427246     0.000427246     
0.000354004     0.00032959     0.000500488     0.000402832     
0.000341797     0.000439453     0.000415039     0.000390625     
0.000183105     0.000219727     0.000292969     0.000183105     
0.000109863     7.32422e-05     9.76563e-05     8.54492e-05     
-2.44141e-05     0.000134277     0.000292969     0.000292969     
0.000256348     0.000415039     0.000512695     0.000708008     
0.000671387     0.000708008     0.000866699     0.000927734     
0.000866699     0.000927734     0.000866699     0.00090332     
0.000927734     0.000842285     0.0010498     0.00098877     
0.000769043     0.000854492     0.000952148     0.000842285     
0.000695801     0.000744629     0.000817871     0.000830078     
0.000720215     0.000720215     0.000732422     0.000756836     
0.000744629     0.000756836     0.000866699     0.000854492     
0.000744629     0.000756836     0.000634766     0.000683594     
0.000561523     0.000488281     0.000463867     0.000500488     
0.000292969     0.000292969     0.000341797     0.000341797     
0.000366211     0.000512695     0.000708008     0.000952148     
0.00100098     0.00137939     0.00177002     0.00209961     
0.00234375     0.00284424     0.00335693     0.00372314     
0.00410156     0.00440674     0.00489502     0.00516357     
0.00551758     0.00581055     0.00622559     0.00651855     
0.0067627     0.00695801     0.00726318     0.00740967     
0.00773926     0.00783691     0.00821533     0.00841064     
0.0085083     0.0088501     0.00916748     0.00942383     
0.00963135     0.010022     0.0104736     0.0107544     
0.0110718     0.0115479     0.0119873     0.0124023     
0.0126465     0.0131226     0.0135986     0.013916     
0.0140625     0.0143677     0.0145386     0.0148804     
0.0149536     0.0151489     0.0154907     0.0155273     
0.0155029     0.0157349     0.0158936     0.0159424     
0.0159668     0.0160767     0.0163818     0.0165771     
0.0166992     0.0168945     0.0172974     0.0173584     
0.0176636     0.0178711     0.0182861     0.0183472     
0.0185547     0.018689     0.0188232     0.0190186     
0.0190063     0.0191772     0.0194824     0.0196777     
0.0196777     0.0198853     0.0201416     0.0204224     
0.0205444     0.0208008     0.0212036     0.0214966     
0.0216919     0.021814     0.0221191     0.0223877     
0.0224731     0.0226929     0.0230225     0.02323     
0.0232422     0.0233887     0.0234619     0.0237183     
0.0236572     0.0238037     0.0239258     0.0239502     
0.023999     0.023999     0.0240601     0.0241577     
0.0241455     0.024231     0.0244141     0.024585     
0.0246094     0.0246826     0.0247803     0.0248901     
0.0250732     0.0251709     0.0253784     0.0254517     
0.0255005     0.0255737     0.0257202     0.0257202     
0.0258057     0.0258911     0.0261108     0.0261108     
0.0261719     0.0262085     0.0263672     0.0264893     
0.0264648     0.0266357     0.0268555     0.0269531     
0.0270142     0.0270874     0.0272339     0.0272949     
0.0271484     0.0273315     0.0273926     0.0273804     
0.0272217     0.0271973     0.0271729     0.0271484     
0.027063     0.0271362     0.0272583     0.0272949     
0.0272339     0.027356     0.027478     0.0275391     
0.0275635     0.02771     0.027771     0.0278809     
0.0279297     0.0279907     0.0281128     0.0282227     
0.0279785     0.0279053     0.028064     0.0279907     
0.0278564     0.0277344     0.0277222     0.0275757     
0.0274658     0.0274658     0.0274292     0.0273926     
0.0273438     0.0272705     0.0273315     0.027356     
0.0273682     0.0273926     0.027478     0.0274902     
0.0273804     0.0274048     0.0272217     0.0272949     
0.0270752     0.0269653     0.027063     0.0268677     
0.026709     0.0265869     0.0265015     0.0262939     
0.0261353     0.0259888     0.0260742     0.0259521     
0.0257813     0.0257446     0.0257568     0.0257324     
0.025708     0.0257324     0.0258423     0.0259155     
0.0258789     0.0258789     0.0258545     0.0258057     
0.0256836     0.0256226     0.0255981     0.0254883     
0.025354     0.0251221     0.0250244     0.0247437     
0.0244873     0.0243042     0.0243042     0.0240601     
0.0238159     0.0237427     0.023645     0.0235229     
0.0233643     0.0233276     0.0233032     0.0232788     
0.0231934     0.0231323     0.0229858     0.0229858     
0.0228027     0.0228027     0.0226563     0.0226318     
0.0224487     0.0223389     0.0222534     0.0222168     
0.0220337     0.0219238     0.0218994     0.021936     
0.0217041     0.0217773     0.0217041     0.0216675     
0.021521     0.0213623     0.021582     0.0214844     
0.0213379     0.0213257     0.0211914     0.0211426     
0.0210083     0.0209351     0.0209229     0.020813     
0.0205811     0.0204468     0.0204102     0.0201904     
0.0200928     0.019812     0.0197998     0.0195923     
0.0193359     0.019043     0.0189453     0.0186768     
0.018457     0.0182617     0.0181641     0.0178467     
0.0175659     0.0174805     0.0173218     0.0171875     
0.0169678     0.0169434     0.0169678     0.0169434     
0.0167603     0.0167236     0.0167725     0.0167114     
0.0165894     0.0164917     0.0165894     0.0163452     
0.0163086     0.0161987     0.0160889     0.0160278     
0.0157349     0.015686     0.0157227     0.0154175     
0.0154297     0.0153198     0.0151733     0.0151978     
0.0150269     0.0149902     0.0149902     0.0149658     
0.0149048     0.0148682     0.0148315     0.0147217     
0.0146606     0.0145752     0.0146484     0.0145142     
0.0144287     0.0144287     0.0143311     0.0142334     
0.0142456     0.0141479     0.0141602     0.0140381     
0.0139648     0.0138428     0.0138306     0.013623     
0.0135864     0.0135376     0.0134644     0.0134155     
0.0131836     0.0130371     0.012915     0.0126831     
0.0125122     0.0123779     0.0122803     0.012146     
0.0118774     0.0116821     0.0116577     0.0115356     
0.0114258     0.011499     0.0115723     0.0115479     
0.0115112     0.0115112     0.0115601     0.0114868     
0.011377     0.0115356     0.0114746     0.0113647     
0.0112549     0.0112671     0.0111572     0.0110229     
0.0110107     0.0108276     0.0109863     0.0108398     
0.0107666     0.0106567     0.0106689     0.0105835     
0.0105225     0.0105347     0.0106201     0.0106201     
0.0105225     0.0105591     0.0106934     0.0105713     
0.0104492     0.0104004     0.0104126     0.0102783     
0.0100342     0.00997314     0.00977783     0.00961914     
0.009375     0.00926514     0.00931396     0.00906982     
0.00887451     0.00887451     0.00883789     0.00871582     
0.00866699     0.00872803     0.00882568     0.0088501     
0.0086792     0.00872803     0.00880127     0.00869141     
0.00871582     0.00877686     0.00874023     0.00891113     
0.00882568     0.00875244     0.00887451     0.00889893     
0.00888672     0.0088623     0.0090332     0.00894775     
0.00900879     0.00891113     0.009021     0.00900879     
0.00889893     0.00905762     0.00914307     0.00900879     
0.00906982     0.00904541     0.00897217     0.00887451     
0.00887451     0.00877686     0.0088501     0.00871582     
0.00856934     0.00864258     0.0085083     0.0085083     
0.00826416     0.00834961     0.00836182     0.00838623     
0.00838623     0.00834961     0.00841064     0.00853271     
0.00843506     0.00859375     0.00869141     0.00870361     
0.00871582     0.00875244     0.00877686     0.00875244     
0.00870361     0.00871582     0.0088623     0.00881348     
0.00876465     0.0088501     0.00876465     0.00881348     
0.00881348     0.00878906     0.00894775     0.00897217     
0.00887451     0.00876465     0.00894775     0.00878906     
0.00882568     0.00875244     0.00889893     0.00883789     
0.00888672     0.00882568     0.00888672     0.00891113     
0.0088623     0.00892334     0.00914307     0.00924072     
0.00919189     0.00936279     0.00943604     0.00941162     
0.00944824     0.00963135     0.00970459     0.00987549     
0.00996094     0.010022     0.0102051     0.0103149     
0.0103027     0.0104614     0.0105957     0.0106201     
0.0105591     0.0105957     0.0105347     0.0105347     
0.0104004     0.0103271     0.0103882     0.0103271     
0.0102051     0.0101318     0.0100586     0.0100342     
0.0098877     0.00985107     0.0098877     0.00983887     
0.00985107     0.00979004     0.00982666     0.009729     
0.0098999     0.00980225     0.0100586     0.0100342     
0.00996094     0.0100952     0.0101807     0.0100342     
0.0100586     0.0102417     0.0103516     0.0104004     
0.0104492     0.0105469     0.0106934     0.0106567     
0.0107544     0.0108398     0.0109741     0.0109985     
0.0108765     0.0109497     0.0109253     0.0108276     
0.0107178     0.0107056     0.0108521     0.01073     
0.0106079     0.010498     0.0105347     0.0105957     
0.0103638     0.0104858     0.0105347     0.0104248     
0.0102661     0.0102539     0.0103149     0.0101685     
0.0100708     0.0102173     0.0102783     0.0102295     
0.0101929     0.0103271     0.0104614     0.0104858     
0.0105957     0.0106934     0.0110107     0.0109741     
0.0110596     0.0110962     0.0111694     0.0111938     
0.0112305     0.0112061     0.0113403     0.0113403     
0.0112915     0.0111328     0.0111938     0.0110474     
0.0109009     0.0108154     0.0108643     0.0107788     
0.0106079     0.0105347     0.010498     0.0104492     
0.0103271     0.0102905     0.0104248     0.010376     
0.0102295     0.0102173     0.0102539     0.0101929     
0.0101929     0.0102295     0.0103027     0.0103394     
0.0102051     0.0103027     0.0102783     0.0103149     
0.0102783     0.0102539     0.0103638     0.010437     
0.0103638     0.0104004     0.0104492     0.0104858     
0.0105347     0.0105103     0.0105225     0.0105469     
0.0105469     0.0104858     0.0106567     0.0104858     
0.0104248     0.0104492     0.0106079     0.0105347     
0.0104248     0.0103638     0.0103638     0.0102783     
0.0102783     0.0101318     0.0101685     0.0102661     
0.0102051     0.0102051     0.0101807     0.0101685     
0.010144     0.0101196     0.0102173     0.0100952     
0.0101196     0.010022     0.010022     0.0100098     
0.00987549     0.00987549     0.0098999     0.00980225     
0.00966797     0.00974121     0.00964355     0.00969238     
0.00959473     0.00959473     0.00969238     0.00970459     
0.00957031     0.00980225     0.00979004     0.0097168     
0.00969238     0.00977783     0.00985107     0.00985107     
0.00977783     0.00976563     0.00982666     0.00969238     
0.00968018     0.00955811     0.00965576     0.00955811     
0.00946045     0.00938721     0.00928955     0.00925293     
0.00916748     0.00913086     0.00911865     0.00905762     
0.00892334     0.00893555     0.00887451     0.00891113     
0.00878906     0.00888672     0.00874023     0.00878906     
0.00881348     0.00863037     0.00859375     0.00842285     
0.00841064     0.00838623     0.0083252     0.00820313     
0.00806885     0.00802002     0.0079834     0.00786133     
0.00784912     0.00771484     0.0078125     0.0078125     
0.00778809     0.0078125     0.00786133     0.00792236     
0.00786133     0.00795898     0.00803223     0.00799561     
0.0079834     0.00804443     0.00793457     0.00791016     
0.00778809     0.00772705     0.0078125     0.00773926     
0.00758057     0.00754395     0.00755615     0.00739746     
0.0074707     0.00737305     0.00742188     0.00737305     
0.0072876     0.0072876     0.00727539     0.00723877     
0.00704346     0.00695801     0.00705566     0.00689697     
0.0067627     0.00662842     0.00662842     0.00654297     
0.00643311     0.00631104     0.00631104     0.00635986     
0.00611572     0.00601807     0.00604248     0.00599365     
0.00581055     0.00576172     0.00577393     0.0057373     
0.00563965     0.00559082     0.00561523     0.00554199     
0.00545654     0.00544434     0.00550537     0.0055542     
0.00548096     0.00549316     0.00551758     0.00552979     
0.00548096     0.00539551     0.00545654     0.00546875     
0.00549316     0.00541992     0.0053833     0.00535889     
0.00543213     0.00535889     0.00540771     0.00552979     
0.00543213     0.00532227     0.00549316     0.00540771     
0.00522461     0.00522461     0.00522461     0.00510254     
0.00496826     0.00491943     0.00490723     0.00480957     
0.00463867     0.00460205     0.00478516     0.00477295     
0.00472412     0.00477295     0.00473633     0.00474854     
0.00469971     0.00469971     0.00474854     0.00480957     
0.0046875     0.0046875     0.00472412     0.00469971     
0.00471191     0.00473633     0.00474854     0.00479736     
0.00473633     0.00466309     0.00452881     0.00445557     
0.0043457     0.00424805     0.00424805     0.00410156     
0.00400391     0.00390625     0.00388184     0.00368652     
0.00371094     0.00375977     0.00385742     0.00380859     
0.00379639     0.00385742     0.00390625     0.00378418     
0.00379639     0.00371094     0.00384521     0.00383301     
0.00377197     0.00377197     0.00371094     0.00372314     
0.00372314     0.00377197     0.00388184     0.00383301     
0.00378418     0.00390625     0.00394287     0.00380859     
0.00377197     0.00383301     0.0039917     0.00385742     
0.00385742     0.00385742     0.00385742     0.0038208     
0.00377197     0.00384521     0.00397949     0.00393066     
0.00395508     0.00396729     0.00391846     0.00393066     
0.00383301     0.00380859     0.00380859     0.00375977     
0.00358887     0.00345459     0.0034668     0.0032959     
0.00321045     0.00317383     0.00323486     0.00328369     
0.00316162     0.00316162     0.00322266     0.00321045     
0.00314941     0.00332031     0.00355225     0.00344238     
0.00333252     0.00333252     0.00332031     0.00335693     
0.00318604     0.00321045     0.00324707     0.00322266     
0.003125     0.00296631     0.00302734     0.00303955     
0.00289307     0.00291748     0.00299072     0.00291748     
0.00294189     0.00286865     0.00284424     0.00292969     
0.00288086     0.00300293     0.00303955     0.00308838     
0.00311279     0.00303955     0.00317383     0.00327148     
0.00321045     0.00328369     0.00339355     0.00345459     
0.00335693     0.00345459     0.00354004     0.00343018     
0.00341797     0.00338135     0.00356445     0.003479     
0.003479     0.00343018     0.00355225     0.00351563     
0.00354004     0.00358887     0.00371094     0.00377197     
0.00371094     0.00368652     0.00375977     0.00375977     
0.00369873     0.00377197     0.00380859     0.00380859     
0.00368652     0.00373535     0.00371094     0.00366211     
0.00357666     0.00357666     0.00373535     0.00375977     
0.00366211     0.00372314     0.00384521     0.00372314     
0.0038208     0.00397949     0.00410156     0.00407715     
0.00406494     0.00405273     0.00422363     0.00426025     
0.00412598     0.00423584     0.0043335     0.00435791     
0.00421143     0.00430908     0.00432129     0.00430908     
0.00419922     0.00428467     0.00449219     0.00432129     
0.00429688     0.00432129     0.00438232     0.00444336     
0.00437012     0.00432129     0.00460205     0.00456543     
0.00456543     0.00462646     0.00465088     0.00471191     
0.00473633     0.00476074     0.00489502     0.00498047     
0.00507813     0.00500488     0.00501709     0.00515137     
0.00505371     0.00505371     0.00518799     0.00513916     
0.0050415     0.00494385     0.00493164     0.00488281     
0.00479736     0.00478516     0.00473633     0.00480957     
0.00471191     0.00466309     0.00458984     0.00449219     
0.00443115     0.00445557     0.00443115     0.0045166     
0.00437012     0.00422363     0.00419922     0.00429688     
0.00426025     0.00418701     0.00430908     0.00421143     
0.0041748     0.00407715     0.00428467     0.0041748     
0.00405273     0.00410156     0.00418701     0.00421143     
0.00413818     0.00418701     0.00401611     0.00394287     
0.0039917     0.00390625     0.00396729     0.00388184     
0.00380859     0.00368652     0.00367432     0.00372314     
0.00361328     0.0036377     0.00371094     0.00378418     
0.00378418     0.00390625     0.0039917     0.00412598     
0.00423584     0.00430908     0.00446777     0.00465088     
0.00452881     0.00466309     0.00460205     0.00460205     
0.00456543     0.00444336     0.00454102     0.00440674     
0.00427246     0.00418701     0.00411377     0.0039917     
0.00390625     0.00384521     0.00391846     0.00393066     
0.00379639     0.00380859     0.00395508     0.00393066     
0.00397949     0.00390625     0.00408936     0.0041748     
0.00407715     0.00419922     0.00421143     0.00421143     
0.00415039     0.00415039     0.00426025     0.00415039     
0.0041748     0.00407715     0.00411377     0.00423584     
0.00413818     0.0041748     0.00422363     0.00429688     
0.00439453     0.00435791     0.00447998     0.00447998     
0.00450439     0.00447998     0.00461426     0.00450439     
0.00438232     0.00438232     0.00427246     0.00407715     
0.00385742     0.00380859     0.00379639     0.00362549     
0.003479     0.00332031     0.00330811     0.0032959     
0.00323486     0.00327148     0.00340576     0.00356445     
0.00357666     0.00377197     0.00394287     0.00393066     
0.00404053     0.00401611     0.00421143     0.00413818     
0.00406494     0.00404053     0.00401611     0.00377197     
0.00372314     0.00358887     0.00357666     0.00338135     
0.00339355     0.00340576     0.00330811     0.00334473     
0.00318604     0.00327148     0.00339355     0.00338135     
0.00324707     0.00338135     0.00328369     0.00319824     
0.00317383     0.00307617     0.00313721     0.00306396     
0.00286865     0.00280762     0.00272217     0.0026123     
0.00253906     0.00250244     0.00252686     0.00252686     
0.00251465     0.00235596     0.00247803     0.00249023     
0.00239258     0.00251465     0.00263672     0.00279541     
0.00269775     0.00279541     0.00283203     0.00285645     
0.00286865     0.00285645     0.00305176     0.00290527     
0.00288086     0.00288086     0.00288086     0.00284424     
0.00288086     0.00275879     0.0029541     0.00290527     
0.00290527     0.00288086     0.0029541     0.00285645     
0.0027832     0.00266113     0.00275879     0.0027832     
0.00251465     0.00255127     0.00249023     0.00241699     
0.00231934     0.0022583     0.00234375     0.00235596     
0.0022583     0.00231934     0.0022583     0.00223389     
0.00214844     0.00222168     0.0022583     0.00231934     
0.00219727     0.00224609     0.00220947     0.00218506     
0.00227051     0.00214844     0.00223389     0.00228271     
0.00217285     0.00222168     0.00216064     0.00211182     
0.00212402     0.00216064     0.00228271     0.00220947     
0.00235596     0.00235596     0.00240479     0.0024292     
0.00240479     0.00247803     0.00272217     0.00257568     
0.00256348     0.00264893     0.00256348     0.00250244     
0.0024292     0.00234375     0.00234375     0.00218506     
0.00196533     0.0019165     0.00179443     0.00164795     
0.00147705     0.00142822     0.00151367     0.00137939     
0.00142822     0.00134277     0.00145264     0.00144043     
0.0013916     0.0013916     0.00145264     0.00147705     
0.00142822     0.00129395     0.00130615     0.00130615     
0.00119629     0.00107422     0.00129395     0.00119629     
0.00111084     0.00123291     0.00128174     0.00129395     
0.00130615     0.00128174     0.00140381     0.00137939     
0.00128174     0.00137939     0.00136719     0.00124512     
0.00126953     0.00108643     0.00125732     0.00128174     
0.00115967     0.00111084     0.00123291     0.00117188     
0.00125732     0.00112305     0.00125732     0.00124512     
0.00119629     0.00117188     0.00106201     0.00114746     
0.000952148     0.00100098     0.000976563     0.0010376     
0.000952148     0.000866699     0.000939941     0.000939941     
0.000805664     0.000854492     0.000939941     0.00098877     
0.000891113     0.000927734     0.000976563     0.000939941     
0.000817871     0.000976563     0.00098877     0.000964355     
0.00098877     0.00101318     0.000842285     0.000878906     
0.000927734     0.000756836     0.000756836     0.000842285     
0.00078125     0.000744629     0.000683594     0.000549316     
0.000622559     0.000585938     0.000720215     0.000561523     
0.000524902     0.00057373     0.000524902     0.000476074     
0.000390625     0.000366211     0.00057373     0.000561523     
0.00057373     0.000610352     0.00065918     0.000720215     
0.000683594     0.000878906     0.000976563     0.00102539     
0.00098877     0.00100098     0.0010498     0.00102539     
0.00106201     0.000891113     0.000915527     0.000952148     
0.000830078     0.000805664     0.00078125     0.000744629     
0.000769043     0.000854492     0.000842285     0.000854492     
0.00090332     0.000915527     0.00098877     0.00102539     
0.000976563     0.0012085     0.00123291     0.00134277     
0.00128174     0.00128174     0.00140381     0.00141602     
0.00129395     0.00130615     0.00150146     0.0013916     
0.00128174     0.00130615     0.00129395     0.00129395     
0.00123291     0.0012207     0.00130615     0.0013916     
0.00129395     0.00135498     0.00142822     0.00134277     
0.00128174     0.0012085     0.00123291     0.00111084     
0.0010376     0.0010498     0.00102539     0.000915527     
0.000878906     0.000927734     0.0010498     0.00113525     
0.00108643     0.00117188     0.00126953     0.00131836     
0.0012207     0.00130615     0.00147705     0.00147705     
0.00134277     0.00134277     0.00126953     0.0012085     
0.00115967     0.0010498     0.00117188     0.00124512     
0.00111084     0.00107422     0.0012207     0.0012085     
0.0012207     0.00130615     0.00134277     0.00151367     
0.00151367     0.00152588     0.00172119     0.00183105     
0.00184326     0.0019043     0.00218506     0.00219727     
0.00231934     0.00241699     0.00241699     0.00252686     
0.00253906     0.00256348     0.00270996     0.00273438     
0.0026001     0.00258789     0.00262451     0.00258789     
0.0024292     0.00249023     0.00257568     0.00240479     
0.00220947     0.00219727     0.00214844     0.00200195     
0.00183105     0.00178223     0.00180664     0.00179443     
0.00147705     0.00159912     0.00158691     0.00155029     
0.00141602     0.00148926     0.00169678     0.00162354     
0.00153809     0.00157471     0.00162354     0.00153809     
0.00145264     0.00152588     0.00163574     0.00172119     
0.00159912     0.00151367     0.00163574     0.00151367     
0.00151367     0.00150146     0.0015625     0.0015625     
0.00155029     0.00137939     0.00144043     0.00151367     
0.00147705     0.00141602     0.00162354     0.00159912     
0.00159912     0.00168457     0.00161133     0.00172119     
0.00170898     0.00170898     0.0019043     0.00179443     
0.00172119     0.00172119     0.00174561     0.00167236     
0.00158691     0.00162354     0.00158691     0.00170898     
0.00161133     0.00163574     0.00175781     0.0017334     
0.00157471     0.00168457     0.00180664     0.00179443     
0.00183105     0.00177002     0.00178223     0.00186768     
0.00179443     0.00177002     0.0019165     0.00196533     
0.00195313     0.00200195     0.00198975     0.00206299     
0.00205078     0.00196533     0.00213623     0.00213623     
0.00205078     0.00202637     0.00214844     0.00202637     
0.00202637     0.00200195     0.00197754     0.00185547     
0.00186768     0.00174561     0.00177002     0.00164795     
0.00159912     0.00147705     0.00148926     0.00153809     
0.00133057     0.00135498     0.00134277     0.00128174     
0.00117188     0.00119629     0.00133057     0.00129395     
0.00125732     0.00133057     0.00135498     0.00141602     
0.00128174     0.00140381     0.00158691     0.00159912     
0.00150146     0.00148926     0.00158691     0.00161133     
0.00144043     0.00157471     0.0015625     0.00164795     
0.00153809     0.00147705     0.00151367     0.00152588     
0.00141602     0.00128174     0.00147705     0.00140381     
0.00126953     0.00133057     0.00131836     0.00130615     
0.00128174     0.00137939     0.00144043     0.00140381     
0.00135498     0.00147705     0.00142822     0.00131836     
0.00118408     0.00118408     0.00114746     0.00114746     
0.000976563     0.000927734     0.000817871     0.00078125     
0.000622559     0.000561523     0.000708008     0.000683594     
0.00057373     0.000708008     0.000756836     0.000805664     
0.00078125     0.000830078     0.00098877     0.00106201     
0.0010498     0.00109863     0.00111084     0.00109863     
0.00113525     0.00114746     0.00119629     0.00118408     
0.00102539     0.000976563     0.000939941     0.000866699     
0.000671387     0.000671387     0.00078125     0.000622559     
0.000622559     0.000512695     0.000598145     0.000561523     
0.000561523     0.000549316     0.000744629     0.000842285     
0.000744629     0.000708008     0.000854492     0.000805664     
0.000805664     0.000793457     0.000952148     0.000891113     
0.000891113     0.000939941     0.000891113     0.000915527     
0.000817871     0.000891113     0.00098877     0.000878906     
0.000842285     0.000866699     0.00090332     0.000720215     
0.00065918     0.000634766     0.000610352     0.000585938     
0.000549316     0.000524902     0.000427246     0.000427246     
0.00032959     0.000292969     0.000427246     0.000256348     
0.00012207     0.000256348     0.000170898     0.00012207     
-1.2207e-05     0     1.2207e-05     6.10352e-05     
-1.2207e-05     -9.76563e-05     -9.76563e-05     -0.000134277     
-7.32422e-05     -0.00012207     1.2207e-05     6.10352e-05     
-1.2207e-05     -2.44141e-05     8.54492e-05     3.66211e-05     
2.44141e-05     7.32422e-05     0.000305176     0.000378418     
0.000415039     0.000537109     0.000598145     0.000769043     
0.000793457     0.000866699     0.000952148     0.00106201     
0.000939941     0.000939941     0.000830078     0.000695801     
0.000610352     0.00057373     0.000500488     0.000378418     
0.000256348     0.000256348     0.000219727     0.000195313     
8.54492e-05     0.000158691     0.000305176     0.000305176     
0.000366211     0.000439453     0.000488281     0.000598145     
0.000512695     0.000524902     0.000646973     0.000756836     
0.000683594     0.00065918     0.00057373     0.000524902     
0.000561523     0.000427246     0.000549316     0.000512695     
0.000390625     0.000415039     0.00045166     0.000354004     
0.00032959     0.000268555     0.000439453     0.000402832     
0.000427246     0.000390625     0.000439453     0.000463867     
0.000476074     0.000537109     0.000610352     0.00065918     
0.000488281     0.000488281     0.000561523     0.000378418     
0.000219727     0.00020752     0.000256348     0.000158691     
4.88281e-05     0     -0.00012207     -6.10352e-05     
-7.32422e-05     -4.88281e-05     -1.2207e-05     7.32422e-05     
6.10352e-05     0.000109863     0.00020752     0.000195313     
0     8.54492e-05     0.00012207     9.76563e-05     
-6.10352e-05     -0.000109863     -0.000134277     -8.54492e-05     
-0.00020752     -0.000305176     -0.000183105     -0.000231934     
-0.000158691     -6.10352e-05     -0.000109863     -0.000158691     
-0.000195313     -0.000244141     -0.000170898     -0.00020752     
-0.000256348     -0.000415039     -0.000402832     -0.000402832     
-0.000585938     -0.000549316     -0.000500488     -0.000378418     
-0.000488281     -0.000439453     -0.000488281     -0.000366211     
-0.000317383     -0.00032959     -8.54492e-05     -3.66211e-05     
-2.44141e-05     1.2207e-05     0     9.76563e-05     
2.44141e-05     4.88281e-05     3.66211e-05     7.32422e-05     
-7.32422e-05     -4.88281e-05     -0.000183105     -0.000280762     
-0.000231934     -0.000439453     -0.000439453     -0.000378418     
-0.000463867     -0.000512695     -0.000549316     -0.000463867     
-0.000415039     -0.000366211     -7.32422e-05     -3.66211e-05     
0.00012207     0.000195313     0.000415039     0.000476074     
0.000585938     0.000769043     0.000964355     0.000927734     
0.000952148     0.0010498     0.0010498     0.0010376     
0.00106201     0.00100098     0.0010376     0.00100098     
0.00098877     0.000952148     0.000952148     0.000927734     
0.000866699     0.000854492     0.00098877     0.000939941     
0.000878906     0.000854492     0.000842285     0.000830078     
0.00065918     0.000695801     0.000769043     0.000683594     
0.000537109     0.000537109     0.000463867     0.000402832     
0.000268555     0.000195313     0.000354004     0.00032959     
0.00020752     0.000231934     0.000292969     0.000427246     
0.000427246     0.00045166     0.000671387     0.000756836     
0.000756836     0.000793457     0.000952148     0.000891113     
0.000915527     0.000891113     0.00098877     0.000939941     
0.000830078     0.00057373     0.000549316     0.000415039     
0.000244141     0.000134277     0.00020752     0.000109863     
8.54492e-05     2.44141e-05     0     4.88281e-05     
6.10352e-05     4.88281e-05     0.000109863     0.000280762     
0.00012207     0.000109863     0.000195313     0.000219727     
0.000183105     0.000231934     0.000280762     0.000427246     
0.00032959     0.000402832     0.000500488     0.000524902     
0.000476074     0.00057373     0.000756836     0.00078125     
0.000878906     0.00078125     0.000805664     0.000976563     
0.00100098     0.000952148     0.0010498     0.00108643     
0.00102539     0.000964355     0.000939941     0.00090332     
0.000817871     0.000720215     0.000769043     0.000683594     
0.00065918     0.000598145     0.000622559     0.000500488     
0.000500488     0.000512695     0.000537109     0.00057373     
0.000488281     0.000537109     0.000549316     0.000427246     
0.000366211     0.000463867     0.00045166     0.000476074     
0.000427246     0.000317383     0.00032959     0.000268555     
0.000244141     0.000280762     0.000341797     0.000317383     
0.000231934     0.000195313     0.000183105     0.000146484     
9.76563e-05     0.000158691     0.000244141     0.000244141     
0.000183105     0.000231934     0.000341797     0.000305176     
0.000402832     0.000463867     0.000610352     0.000598145     
0.000561523     0.000646973     0.000683594     0.00078125     
0.000720215     0.000720215     0.000964355     0.000793457     
0.000793457     0.000720215     0.000756836     0.000732422     
0.000598145     0.000561523     0.000695801     0.000610352     
0.000390625     0.000415039     0.000390625     0.00032959     
0.000366211     0.000390625     0.00045166     0.000500488     
0.00045166     0.000585938     0.000488281     0.000634766     
0.000634766     0.000549316     0.000769043     0.000878906     
0.000720215     0.000830078     0.000830078     0.000927734     
0.00078125     0.000805664     0.000866699     0.00101318     
0.000805664     0.000769043     0.000695801     0.000585938     
0.00065918     0.000476074     0.000463867     0.000537109     
0.000463867     0.000500488     0.000537109     0.000561523     
0.000549316     0.000585938     0.000695801     0.000585938     
0.000634766     0.000610352     0.000634766     0.00045166     
0.000390625     0.000305176     0.000402832     0.000183105     
0.00020752     0.000146484     6.10352e-05     -8.54492e-05     
-0.000109863     -3.66211e-05     -0.000109863     -9.76563e-05     
-0.000170898     -0.000134277     -0.00020752     -0.000183105     
-0.000134277     -9.76563e-05     2.44141e-05     0.000109863     
0.000183105     0.000219727     0.000354004     0.00045166     
0.000463867     0.000488281     0.000598145     0.00065918     
0.000512695     0.000561523     0.000500488     0.000488281     
0.00032959     0.000280762     0.000512695     0.000378418     
0.000244141     0.000341797     0.000439453     0.000378418     
0.000256348     0.000390625     0.000500488     0.000415039     
0.000354004     0.000280762     0.000366211     0.000183105     
0.000231934     0.000134277     0.000231934     0.000195313     
0.000170898     0.000134277     0.000195313     0.000231934     
0.00020752     0.000195313     0.000415039     0.000390625     
0.000402832     0.000390625     0.00045166     0.000366211     
0.000305176     0.00032959     0.000366211     0.000317383     
0.000219727     3.66211e-05     9.76563e-05     -3.66211e-05     
-0.000305176     -0.000366211     -0.000292969     -0.000476074     
-0.000610352     -0.000610352     -0.00065918     -0.000756836     
-0.000830078     -0.000830078     -0.000769043     -0.000842285     
-0.000769043     -0.000744629     -0.000793457     -0.000720215     
-0.000683594     -0.000598145     -0.000463867     -0.000341797     
-0.000378418     -0.00020752     -0.000109863     -0.000146484     
-4.88281e-05     -1.2207e-05     0.000354004     0.000268555     
0.00020752     0.000219727     0.000268555     0.000146484     
2.44141e-05     4.88281e-05     9.76563e-05     -4.88281e-05     
-9.76563e-05     -0.000134277     -0.00020752     -0.000292969     
-0.000280762     -0.000231934     -0.000146484     9.76563e-05     
-2.44141e-05     0.000109863     0.000268555     0.000158691     
0.00032959     0.000317383     0.000402832     0.000463867     
0.000402832     0.00032959     0.000305176     0.000341797     
0.000183105     0.000268555     0.000292969     0.000231934     
0.000146484     0.000158691     0.000219727     0.000183105     
0.000134277     0.000231934     0.00032959     0.000378418     
0.000354004     0.000366211     0.000512695     0.000561523     
0.000524902     0.000598145     0.000720215     0.000671387     
0.000793457     0.000695801     0.000646973     0.000695801     
0.000476074     0.000476074     0.00065918     0.000598145     
0.000439453     0.000341797     0.000500488     0.000512695     
0.000439453     0.000512695     0.000500488     0.000610352     
0.000463867     0.000390625     0.000256348     0.00020752     
-4.88281e-05     -0.000109863     -0.000109863     -0.00032959     
-0.000488281     -0.000512695     -0.000610352     -0.000708008     
-0.000793457     -0.000793457     -0.000842285     -0.000830078     
-0.000817871     -0.000817871     -0.000817871     -0.000842285     
-0.00078125     -0.000793457     -0.000842285     -0.000769043     
-0.000891113     -0.00101318     -0.0010376     -0.00112305     
-0.00112305     -0.00115967     -0.0010498     -0.00115967     
-0.00107422     -0.00108643     -0.000964355     -0.000915527     
-0.000878906     -0.000732422     -0.000415039     -0.000366211     
-0.000378418     -0.000292969     -0.000170898     -0.000158691     
-0.00012207     -0.000146484     2.44141e-05     2.44141e-05     
-9.76563e-05     4.88281e-05     2.44141e-05     0     
-8.54492e-05     -4.88281e-05     0     -4.88281e-05     
-0.000134277     -9.76563e-05     -0.000317383     -0.000268555     
-0.00032959     -0.000158691     -0.000146484     -0.000170898     
-0.000244141     -8.54492e-05     -0.000134277     -1.2207e-05     
-7.32422e-05     -4.88281e-05     0.000219727     0.000170898     
6.10352e-05     0.000268555     0.000219727     0.000170898     
0.000170898     0.000219727     0.00020752     0.000244141     
0.00020752     0.000158691     0.000195313     -3.66211e-05     
6.10352e-05     -6.10352e-05     6.10352e-05     1.2207e-05     
-2.44141e-05     0     0.00012207     0.000146484     
0.00012207     0.000219727     0.000305176     0.000366211     
0.000292969     0.000317383     0.00045166     0.000378418     
0.00032959     0.000378418     0.00045166     0.000463867     
0.00032959     0.000366211     0.000378418     0.000341797     
0.000158691     0.000219727     0.000256348     0.000134277     
0.000170898     2.44141e-05     -0.000109863     -0.000146484     
-0.000244141     -0.000280762     -0.000244141     -0.000317383     
-0.000354004     -0.000378418     -0.000378418     -0.00032959     
-0.000354004     -0.000280762     -0.000183105     -0.000146484     
-6.10352e-05     -3.66211e-05     1.2207e-05     4.88281e-05     
2.44141e-05     -1.2207e-05     0.000183105     0.000170898     
4.88281e-05     0.00012207     0.00012207     3.66211e-05     
9.76563e-05     0.000109863     0.000134277     0.000170898     
0.000183105     0.000158691     0.000231934     0.000219727     
0.000195313     0.000244141     0.000292969     0.000378418     
0.000341797     0.00045166     0.000439453     0.000463867     
0.000488281     0.000537109     0.00057373     0.000512695     
0.000549316     0.000671387     0.000598145     0.000610352     
0.000439453     0.000512695     0.000634766     0.000610352     
0.000500488     0.000500488     0.000622559     0.000500488     
0.000500488     0.000488281     0.000476074     0.000537109     
0.000402832     0.000292969     0.000317383     0.000183105     
7.32422e-05     -1.2207e-05     0.000146484     0     
2.44141e-05     3.66211e-05     4.88281e-05     0.000146484     
0.000134277     0.00012207     0.000317383     0.000305176     
0.000280762     0.000219727     0.000268555     0.00020752     
0.00012207     9.76563e-05     0.000109863     8.54492e-05     
0     4.88281e-05     -6.10352e-05     -7.32422e-05     
-2.44141e-05     -0.000134277     4.88281e-05     6.10352e-05     
6.10352e-05     7.32422e-05     0.000170898     0.000183105     
9.76563e-05     0.00020752     0.000317383     0.000280762     
0.00020752     0.000231934     0.00020752     0.000195313     
0.000183105     0.000195313     0.000195313     0.000305176     
0.000158691     0.00012207     0.000158691     0.000183105     
0.000170898     9.76563e-05     0.00020752     0.000158691     
0.000183105     6.10352e-05     0.000146484     8.54492e-05     
3.66211e-05     -1.2207e-05     8.54492e-05     7.32422e-05     
-1.2207e-05     3.66211e-05     -6.10352e-05     -7.32422e-05     
-0.000170898     -0.000292969     -0.00020752     -0.00012207     
-0.000280762     -0.000317383     -0.000378418     -0.000231934     
-0.000378418     -0.000268555     -0.00020752     -0.000244141     
-0.000366211     -0.000268555     -0.000219727     -0.000268555     
-0.000305176     -0.000244141     -3.66211e-05     -2.44141e-05     
-0.000109863     -6.10352e-05     0.000109863     7.32422e-05     
7.32422e-05     -1.2207e-05     0.000146484     0.000134277     
0     -3.66211e-05     0     -9.76563e-05     
-0.000195313     -0.000219727     -3.66211e-05     -1.2207e-05     
-0.000170898     -8.54492e-05     0.000109863     4.88281e-05     
0.00012207     0.000219727     0.00032959     0.000390625     
0.000439453     0.000390625     0.000524902     0.000439453     
0.000378418     0.000280762     0.000378418     0.000378418     
0.000292969     0.000268555     0.000292969     0.000268555     
7.32422e-05     0.000109863     0.000109863     8.54492e-05     
-6.10352e-05     -9.76563e-05     -0.000195313     -0.000231934     
-0.000305176     -0.000280762     -0.000268555     -0.000305176     
-0.00032959     -0.000390625     -0.000305176     -0.00032959     
-0.000390625     -0.000305176     -0.000231934     -0.000219727     
-0.000268555     -0.000305176     -0.000244141     -0.000378418     
-0.000463867     -0.000476074     -0.000378418     -0.000366211     
-0.000476074     -0.000427246     -0.000488281     -0.000512695     
-0.000463867     -0.000512695     -0.000366211     -0.000378418     
-0.00032959     -0.000354004     -0.000195313     -0.00020752     
-0.000256348     -0.000280762     -0.000219727     -0.000256348     
-0.000341797     -0.000390625     -0.000463867     -0.000476074     
-0.000439453     -0.000439453     -0.000305176     -0.000170898     
-0.000244141     -2.44141e-05     1.2207e-05     7.32422e-05     
0.000170898     0.000219727     0.000378418     0.000354004     
0.000354004     0.000354004     0.000390625     0.00032959     
0.000219727     0.000256348     0.000268555     0.00020752     
7.32422e-05     -6.10352e-05     -0.000109863     -0.000280762     
-0.000476074     -0.000537109     -0.000512695     -0.000598145     
-0.000720215     -0.000769043     -0.000695801     -0.000671387     
-0.000769043     -0.000793457     -0.00057373     -0.000598145     
-0.000610352     -0.000488281     -0.000305176     -0.00032959     
-0.000317383     -0.000317383     1.2207e-05     -7.32422e-05     
-0.00012207     -8.54492e-05     -2.44141e-05     -0.000158691     
-0.000219727     -0.000195313     -0.000183105     -0.000244141     
-0.000354004     -0.000390625     -0.00045166     -0.000415039     
-0.000439453     -0.000488281     -0.000427246     -0.000402832     
-0.00045166     -0.000378418     -0.000292969     -0.000341797     
-0.000341797     -0.000268555     -0.000134277     -0.00012207     
-0.000292969     -0.000158691     -0.000219727     -0.000244141     
-0.00020752     -0.000109863     -0.000109863     8.54492e-05     
0.000134277     0.000183105     0.000268555     0.000366211     
0.000415039     0.000439453     0.000585938     0.000561523     
0.000610352     0.000561523     0.000720215     0.00065918     
0.000537109     0.000488281     0.000537109     0.000341797     
0.00032959     0.000244141     0.000146484     0     
-8.54492e-05     -0.000134277     -0.000146484     -0.000134277     
-0.000195313     -0.000170898     -0.000195313     -8.54492e-05     
-0.000183105     4.88281e-05     0.000268555     0.000231934     
0.000317383     0.000378418     0.000500488     0.000585938     
0.000524902     0.000524902     0.000598145     0.000549316     
0.000415039     0.000415039     0.00032959     0.000292969     
8.54492e-05     0.000134277     0.000183105     0.000256348     
0.000109863     0.00020752     0.000170898     0.000219727     
0.000256348     0.000280762     0.000317383     0.000415039     
0.00032959     0.000268555     0.000390625     0.000256348     
0.000244141     3.66211e-05     0.00020752     3.66211e-05     
1.2207e-05     -0.00012207     -6.10352e-05     -7.32422e-05     
-9.76563e-05     -0.000134277     2.44141e-05     6.10352e-05     
-1.2207e-05     7.32422e-05     0.000134277     0.000146484     
7.32422e-05     9.76563e-05     0.000158691     4.88281e-05     
-7.32422e-05     -2.44141e-05     -0.00012207     -0.00020752     
-0.000219727     -0.00020752     -0.000146484     -0.000109863     
-0.000305176     -9.76563e-05     -1.2207e-05     2.44141e-05     
-7.32422e-05     0.000109863     0.000219727     0.00020752     
0.000183105     0.00012207     0.000134277     0.000146484     
0     6.10352e-05     1.2207e-05     2.44141e-05     
-8.54492e-05     -0.000195313     -0.000378418     -0.000476074     
-0.000427246     -0.000708008     -0.000646973     -0.000769043     
-0.000817871     -0.000830078     -0.000830078     -0.000915527     
-0.000891113     -0.000817871     -0.000634766     -0.000610352     
-0.00057373     -0.000488281     -0.000402832     -0.000402832     
-0.000463867     -0.000354004     -0.00032959     -0.000292969     
-0.000476074     -0.000402832     -0.000317383     -0.000524902     
-0.000585938     -0.00045166     -0.000427246     -0.000427246     
-0.000537109     -0.000500488     -0.000402832     -0.000537109     
-0.000598145     -0.000524902     -0.000476074     -0.000585938     
-0.000671387     -0.000720215     -0.000683594     -0.000817871     
-0.000964355     -0.000805664     -0.000769043     -0.000817871     
-0.000915527     -0.000830078     -0.00078125     -0.000817871     
-0.000854492     -0.000878906     -0.000756836     -0.00090332     
-0.000927734     -0.00098877     -0.00106201     -0.00123291     
-0.00135498     -0.00144043     -0.00136719     -0.00140381     
-0.00157471     -0.00162354     -0.00142822     -0.00137939     
-0.00128174     -0.00111084     -0.000878906     -0.000756836     
-0.000585938     -0.000378418     -0.000231934     -2.44141e-05     
-0.000109863     -3.66211e-05     0.000170898     0.000231934     
0.000134277     0.000195313     9.76563e-05     -3.66211e-05     
-0.000219727     -0.000183105     -0.000256348     -0.000317383     
-0.000488281     -0.000537109     -0.000512695     -0.000524902     
-0.000500488     -0.000585938     -0.000537109     -0.000366211     
-0.000402832     -0.000390625     -0.000354004     -0.000268555     
-0.000219727     -0.000317383     -7.32422e-05     -0.00020752     
-0.000231934     -0.000292969     -0.000244141     -0.000292969     
-0.000415039     -0.000427246     -0.000317383     -0.000378418     
-0.000439453     -0.000439453     -0.00045166     -0.000463867     
-0.000378418     -0.000366211     -0.000219727     -0.000170898     
-0.000195313     -0.00012207     -4.88281e-05     -0.000109863     
-0.000219727     -0.00012207     -0.000134277     -0.000195313     
-0.000244141     -0.000219727     -0.000317383     -0.000415039     
-0.000439453     -0.00045166     -0.000390625     -0.000366211     
-0.00045166     -0.000476074     -0.000390625     -0.000354004     
-0.000427246     -0.000427246     -0.000219727     -0.000305176     
-0.000378418     -0.000341797     -0.000256348     -0.000317383     
-0.000427246     -0.000390625     -0.000305176     -0.000292969     
-0.000378418     -0.000341797     -0.000256348     -0.000488281     
-0.000366211     -0.00045166     -0.000390625     -0.000415039     
-0.000402832     -0.000427246     -0.000427246     -0.000439453     
-0.000476074     -0.00045166     -0.000268555     -0.000390625     
-0.00032959     -0.000292969     -0.000231934     -0.000146484     
-0.000268555     -0.000170898     -0.00012207     -0.000170898     
-0.00020752     -0.000244141     -0.000317383     -0.000378418     
-0.000561523     -0.000549316     -0.000561523     -0.000598145     
-0.000695801     -0.000744629     -0.00078125     -0.000695801     
-0.000708008     -0.000744629     -0.000634766     -0.000671387     
-0.000646973     -0.000610352     -0.000720215     -0.00057373     
-0.000720215     -0.000671387     -0.00065918     -0.000756836     
-0.000830078     -0.000769043     -0.000793457     -0.000793457     
-0.000732422     -0.00078125     -0.000585938     -0.000512695     
-0.000463867     -0.000415039     -0.00012207     -0.00012207     
-0.000158691     -4.88281e-05     6.10352e-05     7.32422e-05     
-1.2207e-05     -1.2207e-05     -0.000146484     -0.000195313     
-0.000317383     -0.000476074     -0.00045166     -0.000598145     
-0.000695801     -0.000756836     -0.000756836     -0.000842285     
-0.000878906     -0.000830078     -0.00065918     -0.00057373     
-0.000634766     -0.000561523     -0.000488281     -0.000427246     
-0.000463867     -0.000366211     -0.000292969     -0.000292969     
-0.000341797     -0.000305176     -0.000244141     -0.000317383     
-0.000415039     -0.00032959     -0.000305176     -0.00020752     
-0.000366211     -0.000439453     -0.000317383     -0.000280762     
-0.000378418     -0.000366211     -0.000305176     -0.000354004     
-0.000366211     -0.000488281     -0.000537109     -0.000610352     
-0.000610352     -0.000830078     -0.00078125     -0.000866699     
-0.00112305     -0.00109863     -0.00101318     -0.00111084     
-0.00119629     -0.00113525     -0.00114746     -0.00112305     
-0.00130615     -0.00119629     -0.00133057     -0.00137939     
-0.00147705     -0.00137939     -0.00136719     -0.00124512     
-0.00136719     -0.00129395     -0.00125732     -0.0012207     
-0.00131836     -0.00113525     -0.00108643     -0.00107422     
-0.00109863     -0.0010498     -0.0010376     -0.00112305     
-0.00112305     -0.00112305     -0.00102539     -0.000927734     
-0.000939941     -0.000964355     -0.000927734     -0.000891113     
-0.000830078     -0.000817871     -0.000830078     -0.000891113     
-0.000817871     -0.000830078     -0.000805664     -0.000964355     
-0.0010498     -0.000915527     -0.000817871     -0.000927734     
-0.000952148     -0.000866699     -0.00078125     -0.000756836     
-0.000671387     -0.00057373     -0.000402832     -0.000268555     
-0.000256348     -0.000109863     -6.10352e-05     -4.88281e-05     
-4.88281e-05     0     -2.44141e-05     -7.32422e-05     
-0.000231934     -0.000219727     -0.00032959     -0.000439453     
-0.000622559     -0.000683594     -0.000683594     -0.000756836     
-0.000854492     -0.000805664     -0.000842285     -0.000769043     
-0.000842285     -0.000793457     -0.000512695     -0.000524902     
-0.000561523     -0.000427246     -0.000402832     -0.000427246     
-0.000512695     -0.000439453     -0.000390625     -0.000366211     
-0.000512695     -0.000500488     -0.000378418     -0.000512695     
-0.000488281     -0.000439453     -0.00032959     -0.000195313     
-0.000170898     -0.000280762     -0.000146484     -9.76563e-05     
-7.32422e-05     -0.000158691     -1.2207e-05     3.66211e-05     
-9.76563e-05     -0.000219727     -9.76563e-05     -0.000195313     
-0.000231934     -0.000280762     -0.000170898     -0.000231934     
-0.00032959     -0.000402832     -0.000390625     -0.000378418     
-0.000549316     -0.000549316     -0.000585938     -0.00065918     
-0.000769043     -0.000891113     -0.000964355     -0.000939941     
-0.00114746     -0.00115967     -0.00106201     -0.00112305     
-0.00108643     -0.00111084     -0.00118408     -0.00100098     
-0.0010376     -0.000939941     -0.000891113     -0.00078125     
-0.000817871     -0.000708008     -0.000695801     -0.000720215     
-0.000585938     -0.000634766     -0.000500488     -0.000537109     
-0.00057373     -0.000549316     -0.000537109     -0.000610352     
-0.000488281     -0.000512695     -0.000402832     -0.000402832     
-0.00032959     -0.00032959     -0.000292969     -0.00032959     
-0.000463867     -0.000439453     -0.000488281     -0.00045166     
-0.000683594     -0.000671387     -0.000695801     -0.000891113     
-0.000830078     -0.000854492     -0.000720215     -0.000671387     
-0.000683594     -0.000598145     -0.000463867     -0.00045166     
-0.000500488     -0.000268555     -0.000256348     -0.000219727     
-0.000280762     -0.000244141     -0.00020752     -0.000231934     
-0.000402832     -0.000305176     -0.000292969     -0.00032959     
-0.000463867     -0.000512695     -0.000439453     -0.000524902     
-0.000610352     -0.000720215     -0.000512695     -0.000744629     
-0.000646973     -0.000744629     -0.000708008     -0.000708008     
-0.000756836     -0.000732422     -0.00065918     -0.00065918     
-0.000695801     -0.000634766     -0.000598145     -0.000598145     
-0.000695801     -0.000695801     -0.000695801     -0.000610352     
-0.000756836     -0.000732422     -0.000805664     -0.000842285     
-0.000817871     -0.000866699     -0.000720215     -0.000756836     
-0.000866699     -0.000793457     -0.000817871     -0.000732422     
-0.000769043     -0.000793457     -0.000622559     -0.000585938     
-0.000622559     -0.000549316     -0.000537109     -0.000537109     
-0.000378418     -0.00045166     -0.000402832     -0.000317383     
-0.000427246     -0.000390625     -0.000366211     -0.000476074     
-0.000537109     -0.00045166     -0.000366211     -0.000488281     
-0.000427246     -0.000476074     -0.000317383     -0.000378418     
-0.000402832     -0.000366211     -0.000268555     -0.000256348     
-0.000354004     -0.000488281     -0.000463867     -0.000463867     
-0.000537109     -0.000610352     -0.000524902     -0.000476074     
-0.000561523     -0.00065918     -0.000671387     -0.000622559     
-0.000695801     -0.000634766     -0.000463867     -0.000598145     
-0.000634766     -0.000549316     -0.000561523     -0.000549316     
-0.000622559     -0.000585938     -0.000488281     -0.00057373     
-0.000671387     -0.000598145     -0.000683594     -0.000744629     
-0.000817871     -0.000793457     -0.000817871     -0.000927734     
-0.00109863     -0.0010498     -0.0010498     -0.00117188     
-0.0012207     -0.00126953     -0.00125732     -0.00125732     
-0.00128174     -0.00128174     -0.00111084     -0.0012207     
-0.00113525     -0.00108643     -0.000927734     -0.000756836     
-0.000793457     -0.00065918     -0.000488281     -0.000500488     
-0.000476074     -0.000378418     -0.000158691     -0.000170898     
-0.000244141     -0.000146484     -0.00020752     -0.000158691     
-0.000219727     -0.000195313     -0.000158691     -8.54492e-05     
-0.000195313     -0.000231934     -0.000219727     -0.000292969     
-0.000354004     -0.000366211     -0.000292969     -0.000317383     
-0.000512695     -0.000427246     -0.000512695     -0.000561523     
-0.000732422     -0.000671387     -0.000646973     -0.000720215     
-0.000683594     -0.000720215     -0.000744629     -0.00065918     
-0.000683594     -0.000646973     -0.000476074     -0.000476074     
-0.000390625     -0.000415039     -0.000390625     -0.000366211     
-0.000390625     -0.000439453     -0.000305176     -0.000366211     
-0.000439453     -0.000415039     -0.00045166     -0.00065918     
-0.000634766     -0.000708008     -0.000683594     -0.000793457     
-0.000891113     -0.000964355     -0.000976563     -0.00112305     
-0.00119629     -0.00124512     -0.00123291     -0.00112305     
-0.00124512     -0.00123291     -0.00126953     -0.0012085     
-0.0012085     -0.0012207     -0.00108643     -0.0010498     
-0.00106201     -0.0010498     -0.00090332     -0.000817871     
-0.000878906     -0.000744629     -0.000720215     -0.000683594     
-0.000744629     -0.000695801     -0.000585938     -0.000634766     
-0.000744629     -0.000683594     -0.000610352     -0.000683594     
-0.000830078     -0.00078125     -0.000769043     -0.000769043     
-0.000854492     -0.000854492     -0.000708008     -0.000732422     
-0.000695801     -0.00065918     -0.000634766     -0.00065918     
-0.00065918     -0.00065918     -0.000537109     -0.000585938     
-0.00065918     -0.000671387     -0.00065918     -0.000793457     
-0.00078125     -0.000683594     -0.000695801     -0.000769043     
-0.000878906     -0.000878906     -0.000976563     -0.00090332     
-0.00106201     -0.00113525     -0.0010376     -0.00108643     
-0.00123291     -0.00123291     -0.00134277     -0.00131836     
-0.0013916     -0.00135498     -0.00124512     -0.00113525     
-0.00126953     -0.00117188     -0.00112305     -0.00113525     
-0.00108643     -0.00100098     -0.000891113     -0.000866699     
-0.000952148     -0.000854492     -0.00090332     -0.000866699     
-0.000878906     -0.000915527     -0.000866699     -0.000891113     
-0.000964355     -0.000927734     -0.00078125     -0.00090332     
-0.000866699     -0.000793457     -0.00057373     -0.000537109     
-0.000500488     -0.000366211     -0.00032959     -0.000341797     
-0.000183105     -9.76563e-05     -6.10352e-05     0     
-6.10352e-05     2.44141e-05     -8.54492e-05     -0.000231934     
-0.000390625     -0.00032959     -0.000402832     -0.000537109     
-0.000756836     -0.000805664     -0.000915527     -0.00101318     
-0.00107422     -0.00117188     -0.00114746     -0.00118408     
-0.0012085     -0.00109863     -0.00106201     -0.00109863     
-0.0012085     -0.00118408     -0.000976563     -0.00100098     
-0.00114746     -0.000976563     -0.00102539     -0.00113525     
-0.00115967     -0.00119629     -0.00107422     -0.00098877     
-0.00126953     -0.00129395     -0.00118408     -0.00126953     
-0.00129395     -0.00131836     -0.00107422     -0.00107422     
-0.00111084     -0.00106201     -0.00090332     -0.000939941     
-0.000915527     -0.000964355     -0.000769043     -0.000793457     
-0.000854492     -0.00078125     -0.000756836     -0.000756836     
-0.000805664     -0.000720215     -0.000671387     -0.00065918     
-0.000671387     -0.000708008     -0.000708008     -0.000769043     
-0.000793457     -0.000830078     -0.000744629     -0.000915527     
-0.000891113     -0.000878906     -0.000878906     -0.00090332     
-0.000976563     -0.000927734     -0.000805664     -0.000866699     
-0.000744629     -0.000866699     -0.000830078     -0.000744629     
-0.000805664     -0.00078125     -0.000793457     -0.000744629     
-0.000915527     -0.000915527     -0.000854492     -0.000939941     
-0.000756836     -0.000830078     -0.000671387     -0.000756836     
-0.000671387     -0.000720215     -0.000598145     -0.000695801     
-0.000683594     -0.00065918     -0.000549316     -0.000598145     
-0.000524902     -0.000439453     -0.00045166     -0.000378418     
-0.00045166     -0.000390625     -0.000231934     -0.000244141     
-0.000415039     -0.000256348     -0.000292969     -0.000292969     
-0.00045166     -0.000488281     -0.000378418     -0.000537109     
-0.000610352     -0.000695801     -0.00065918     -0.000732422     
-0.000805664     -0.000744629     -0.000610352     -0.00057373     
-0.000524902     -0.000622559     -0.000439453     -0.000415039     
-0.00045166     -0.000378418     -0.000317383     -0.000292969     
-0.00045166     -0.000439453     -0.000390625     -0.000390625     
-0.000646973     -0.000610352     -0.000427246     -0.000537109     
-0.000549316     -0.000646973     -0.000671387     -0.000634766     
-0.000695801     -0.000708008     -0.000622559     -0.000598145     
-0.00057373     -0.000683594     -0.000634766     -0.00065918     
-0.000646973     -0.00057373     -0.000500488     -0.000463867     
-0.00045166     -0.000476074     -0.000427246     -0.000366211     
-0.00045166     -0.000500488     -0.000378418     -0.000341797     
-0.00065918     -0.00057373     -0.000671387     -0.000805664     
-0.00098877     -0.000964355     -0.00100098     -0.00101318     
-0.00112305     -0.00113525     -0.00112305     -0.00114746     
-0.0012085     -0.00119629     -0.00114746     -0.00112305     
-0.00126953     -0.00131836     -0.0013916     -0.00152588     
-0.00152588     -0.00161133     -0.00158691     -0.0015625     
-0.00155029     -0.00168457     -0.00153809     -0.00159912     
-0.00151367     -0.00151367     -0.00128174     -0.0012085     
-0.00119629     -0.000952148     -0.000866699     -0.000927734     
-0.000817871     -0.000769043     -0.000646973     -0.000732422     
-0.000756836     -0.000744629     -0.000793457     -0.00100098     
-0.00112305     -0.00111084     -0.00117188     -0.00129395     
-0.00133057     -0.00135498     -0.00144043     -0.00137939     
-0.00136719     -0.00136719     -0.00115967     -0.00106201     
-0.00112305     -0.000915527     -0.000805664     -0.000842285     
-0.00065918     -0.000671387     -0.00045166     -0.00045166     
-0.000488281     -0.000427246     -0.000317383     -0.000305176     
-0.000390625     -0.000305176     -8.54492e-05     -9.76563e-05     
-0.000268555     -0.00032959     -0.000244141     -0.000280762     
-0.000366211     -0.00057373     -0.00032959     -0.00045166     
-0.000500488     -0.00057373     -0.000488281     -0.00045166     
-0.000439453     -0.000537109     -0.00032959     -0.000341797     
-0.000390625     -0.000366211     -0.000354004     -0.000415039     
-0.000415039     -0.000463867     -0.00057373     -0.00057373     
-0.000720215     -0.000866699     -0.000817871     -0.000927734     
-0.000964355     -0.00100098     -0.000915527     -0.000964355     
-0.00101318     -0.000878906     -0.000866699     -0.000817871     
-0.000793457     -0.00078125     -0.000610352     -0.000646973     
-0.000585938     -0.000634766     -0.000744629     -0.000610352     
-0.000610352     -0.00065918     -0.00057373     -0.00045166     
-0.000549316     -0.000537109     -0.00065918     -0.000683594     
-0.00065918     -0.000866699     -0.000732422     -0.000927734     
-0.00098877     -0.00098877     -0.00112305     -0.00124512     
-0.0012085     -0.00125732     -0.00102539     -0.00109863     
-0.000964355     -0.000939941     -0.000878906     -0.000744629     
-0.000732422     -0.000671387     -0.000524902     -0.00045166     
-0.000622559     -0.000634766     -0.000549316     -0.000744629     
-0.000805664     -0.000866699     -0.000830078     -0.000976563     
-0.00111084     -0.00108643     -0.00119629     -0.00129395     
-0.00124512     -0.00119629     -0.00113525     -0.00111084     
-0.0010376     -0.00108643     -0.00100098     -0.000854492     
-0.000927734     -0.000891113     -0.000805664     -0.00078125     
-0.000891113     -0.000891113     -0.000854492     -0.000891113     
-0.000891113     -0.000866699     -0.000634766     -0.000866699     
-0.000854492     -0.000866699     -0.000878906     -0.000732422     
-0.000817871     -0.000842285     -0.00065918     -0.00078125     
-0.000695801     -0.000683594     -0.000683594     -0.000646973     
-0.000732422     -0.000634766     -0.00057373     -0.00057373     
-0.000720215     -0.000671387     -0.000671387     -0.00078125     
-0.000842285     -0.000866699     -0.000683594     -0.000671387     
-0.000891113     -0.000708008     -0.000732422     -0.000732422     
-0.000671387     -0.000695801     -0.000500488     -0.000415039     
-0.000439453     -0.000390625     -0.000354004     -0.00032959     
-0.00032959     -0.000219727     -0.000134277     -3.66211e-05     
-0.000146484     -0.000146484     -6.10352e-05     -0.000268555     
-0.000366211     -0.000463867     -0.000378418     -0.000671387     
-0.000756836     -0.00090332     -0.00102539     -0.00117188     
-0.00131836     -0.00128174     -0.00119629     -0.00136719     
-0.00135498     -0.00137939     -0.00131836     -0.00133057     
-0.00129395     -0.00114746     -0.00101318     -0.000964355     
-0.00106201     -0.000964355     -0.000915527     -0.000878906     
-0.00102539     -0.00098877     -0.000891113     -0.000939941     
-0.00100098     -0.00102539     -0.00109863     -0.00107422     
-0.00115967     -0.00117188     -0.00108643     -0.00102539     
-0.0012085     -0.00123291     -0.00126953     -0.00126953     
-0.00135498     -0.0013916     -0.00119629     -0.00133057     
-0.00141602     -0.00130615     -0.00140381     -0.00147705     
-0.00152588     -0.00135498     -0.00131836     -0.00124512     
-0.00125732     -0.00123291     -0.0010498     -0.00107422     
-0.00106201     -0.000939941     -0.000732422     -0.000683594     
-0.000646973     -0.000622559     -0.000524902     -0.00057373     
-0.00057373     -0.000585938     -0.000610352     -0.00065918     
-0.000805664     -0.000878906     -0.000927734     -0.00102539     
-0.00114746     -0.00112305     -0.00111084     -0.00115967     
-0.0012085     -0.00124512     -0.00129395     -0.00119629     
-0.00126953     -0.00131836     -0.00118408     -0.00109863     
-0.00112305     -0.00112305     -0.0010376     -0.000927734     
-0.00109863     -0.00101318     -0.000854492     -0.00090332     
-0.00090332     -0.000866699     -0.000878906     -0.000891113     
-0.000842285     -0.00090332     -0.00078125     -0.00078125     
-0.000817871     -0.00078125     -0.000744629     -0.000805664     
-0.000756836     -0.000805664     -0.000598145     -0.000793457     
-0.000842285     -0.000915527     -0.000915527     -0.00102539     
-0.00109863     -0.0012207     -0.00101318     -0.00106201     
-0.00117188     -0.00109863     -0.00106201     -0.000976563     
-0.000939941     -0.000952148     -0.000610352     -0.000561523     
-0.000598145     -0.00045166     -0.000402832     -0.000427246     
-0.000378418     -0.000292969     -0.000292969     -0.000366211     
-0.00045166     -0.000512695     -0.000549316     -0.000695801     
-0.000793457     -0.000878906     -0.000756836     -0.000769043     
-0.000805664     -0.000939941     -0.000756836     -0.00078125     
-0.000817871     -0.000671387     -0.00057373     -0.000561523     
-0.00065918     -0.000537109     -0.000488281     -0.000463867     
-0.000561523     -0.00057373     -0.000390625     -0.000561523     
-0.000671387     -0.000744629     -0.00078125     -0.000891113     
-0.00098877     -0.00101318     -0.00100098     -0.00108643     
-0.00113525     -0.00114746     -0.000964355     -0.00098877     
-0.0010376     -0.000842285     -0.000744629     -0.000695801     
-0.000756836     -0.000708008     -0.000720215     -0.000708008     
-0.000732422     -0.00078125     -0.000732422     -0.000830078     
-0.000976563     -0.000891113     -0.000976563     -0.000952148     
-0.0010498     -0.00111084     -0.00107422     -0.000964355     
-0.00107422     -0.0010498     -0.00098877     -0.000891113     
-0.000830078     -0.000939941     -0.000805664     -0.000732422     
-0.000744629     -0.000708008     -0.000708008     -0.000708008     
-0.000769043     -0.000732422     -0.000561523     -0.00065918     
-0.000549316     -0.000622559     -0.000524902     -0.000610352     
-0.000598145     -0.000463867     -0.000378418     -0.000427246     
-0.000390625     -0.000439453     -0.000463867     -0.000549316     
-0.000524902     -0.00057373     -0.00057373     -0.000415039     
-0.000524902     -0.000561523     -0.000476074     -0.000500488     
-0.000500488     -0.000463867     -0.00032959     -0.000402832     
-0.000402832     -0.000488281     -0.000463867     -0.000512695     
-0.000695801     -0.000683594     -0.000695801     -0.000805664     
-0.000976563     -0.000939941     -0.000939941     -0.0010376     
-0.0010498     -0.00098877     -0.00090332     -0.000866699     
-0.000927734     -0.000732422     -0.000683594     -0.000634766     
-0.000732422     -0.00065918     -0.000537109     -0.000549316     
-0.000646973     -0.000634766     -0.000598145     -0.000842285     
-0.000756836     -0.000756836     -0.000756836     -0.000866699     
-0.000793457     -0.000793457     -0.000817871     -0.000915527     
-0.000891113     -0.000830078     -0.000769043     -0.000769043     
-0.00078125     -0.000769043     -0.000830078     -0.000769043     
-0.000830078     -0.000891113     -0.000891113     -0.000830078     
-0.000964355     -0.000927734     -0.000927734     -0.00101318     
-0.00101318     -0.00098877     -0.000878906     -0.00078125     
-0.00078125     -0.000732422     -0.00065918     -0.000634766     
-0.000622559     -0.000537109     -0.00057373     -0.000488281     
-0.000537109     -0.000561523     -0.000549316     -0.000402832     
-0.000524902     -0.000561523     -0.00032959     -0.000378418     
-0.000390625     -0.00045166     -0.000341797     -0.000476074     
-0.000622559     -0.000634766     -0.000524902     -0.000793457     
-0.000939941     -0.0010498     -0.00101318     -0.00114746     
-0.00123291     -0.00129395     -0.0012085     -0.00128174     
-0.0012085     -0.00125732     -0.00117188     -0.0012085     
-0.00129395     -0.00119629     -0.00102539     -0.00106201     
-0.00124512     -0.00109863     -0.00107422     -0.00117188     
-0.00107422     -0.00108643     -0.000878906     -0.000817871     
-0.000927734     -0.000805664     -0.00078125     -0.000769043     
-0.000793457     -0.000695801     -0.000646973     -0.000598145     
-0.000610352     -0.000683594     -0.00057373     -0.000524902     
-0.00065918     -0.000537109     -0.000500488     -0.000500488     
-0.000634766     -0.000683594     -0.000720215     -0.000756836     
-0.000891113     -0.000952148     -0.000830078     -0.0010376     
-0.000939941     -0.00111084     -0.00106201     -0.00098877     
-0.00106201     -0.00112305     -0.000866699     -0.000817871     
-0.00090332     -0.000878906     -0.000622559     -0.000732422     
-0.00078125     -0.000598145     -0.000427246     -0.000366211     
-0.000390625     -0.000317383     -0.000280762     -0.00020752     
-0.000268555     -0.000378418     -8.54492e-05     -8.54492e-05     
-0.000170898     -0.000183105     -0.000134277     -0.000268555     
-0.000354004     -0.000354004     -0.000317383     -0.000366211     
-0.000463867     -0.000512695     -0.000500488     -0.00057373     
-0.000610352     -0.000683594     -0.000646973     -0.000634766     
-0.000695801     -0.000732422     -0.000756836     -0.000830078     
-0.000866699     -0.00078125     -0.000866699     -0.000817871     
-0.00090332     -0.000854492     -0.000915527     -0.000866699     
-0.000817871     -0.000842285     -0.000708008     -0.000769043     
-0.000671387     -0.000695801     -0.000708008     -0.000598145     
-0.000537109     -0.00057373     -0.000439453     -0.000390625     
-0.000268555     -0.000402832     -0.000231934     -0.00032959     
-0.000512695     -0.000463867     -0.000280762     -0.000402832     
-0.000524902     -0.000634766     -0.00065918     -0.000646973     
-0.000915527     -0.000830078     -0.000793457     -0.000720215     
-0.000915527     -0.000769043     -0.00078125     -0.000756836     
-0.000793457     -0.000842285     -0.000598145     -0.000708008     
-0.000805664     -0.000744629     -0.00078125     -0.000817871     
-0.000878906     -0.000927734     -0.00090332     -0.0010376     
-0.00118408     -0.00118408     -0.0010376     -0.00125732     
-0.0012207     -0.00126953     -0.00117188     -0.00111084     
-0.0012207     -0.00128174     -0.00112305     -0.00119629     
-0.00118408     -0.00112305     -0.000915527     -0.000952148     
-0.00102539     -0.000952148     -0.000891113     -0.000817871     
-0.000915527     -0.000915527     -0.000732422     -0.000756836     
-0.000842285     -0.00098877     -0.000952148     -0.00100098     
-0.00111084     -0.00113525     -0.00107422     -0.00112305     
-0.00124512     -0.00115967     -0.00119629     -0.00118408     
-0.00129395     -0.00114746     -0.00098877     -0.000976563     
-0.000878906     -0.000830078     -0.000769043     -0.000646973     
-0.000756836     -0.000598145     -0.000488281     -0.000415039     
-0.000512695     -0.000402832     -0.000476074     -0.000402832     
-0.00045166     -0.00057373     -0.000354004     -0.000488281     
-0.000549316     -0.000537109     -0.000390625     -0.000500488     
-0.000500488     -0.000524902     -0.000439453     -0.000463867     
-0.000524902     -0.000585938     -0.000622559     -0.000720215     
-0.000939941     -0.00100098     -0.00102539     -0.00109863     
-0.00135498     -0.00140381     -0.00141602     -0.00152588     
-0.00158691     -0.00148926     -0.00140381     -0.00134277     
-0.00137939     -0.00130615     -0.00118408     -0.00114746     
-0.0012085     -0.00114746     -0.00111084     -0.00100098     
-0.00113525     -0.00117188     -0.00113525     -0.00107422     
-0.00115967     -0.00117188     -0.000952148     -0.000915527     
-0.0010376     -0.00090332     -0.000744629     -0.000695801     
-0.000732422     -0.000695801     -0.000500488     -0.000512695     
-0.000439453     -0.000537109     -0.000415039     -0.000415039     
-0.000354004     -0.000439453     -0.000354004     -0.000427246     
-0.000463867     -0.000585938     -0.000500488     -0.000598145     
-0.000732422     -0.000732422     -0.000708008     -0.000720215     
-0.000793457     -0.000866699     -0.000891113     -0.000830078     
-0.000891113     -0.000964355     -0.000805664     -0.000695801     
-0.000830078     -0.000854492     -0.000720215     -0.000720215     
-0.000927734     -0.000805664     -0.000695801     -0.000683594     
-0.000805664     -0.000708008     -0.00065918     -0.00065918     
-0.000720215     -0.000683594     -0.000622559     -0.000585938     
-0.000756836     -0.000744629     -0.000756836     -0.000805664     
-0.000842285     -0.00078125     -0.000817871     -0.000854492     
-0.000805664     -0.00090332     -0.000878906     -0.00100098     
-0.000964355     -0.000805664     -0.000732422     -0.000830078     
-0.000915527     -0.000915527     -0.000817871     -0.00098877     
-0.00090332     -0.00098877     -0.000927734     -0.00090332     
-0.00111084     -0.00114746     -0.00114746     -0.00124512     
-0.00144043     -0.00137939     -0.00130615     -0.0013916     
-0.00146484     -0.00146484     -0.00145264     -0.0013916     
-0.00150146     -0.00150146     -0.00134277     -0.00144043     

