Source : transient; Time : Wed Jun 14 05:13:30 2017
B0 = 3116.000000 Gauss, mw = 9.686281 GHz
 NDI-T2 sa261 20/2 42/25 523nm/1mJ
1 5000 -1.001e-06 8.997e-06 0 0
s                        V                                                 
-0.000524902     -0.000488281     -0.000585938     -0.000512695     
-0.000646973     -0.000598145     -0.000610352     -0.000634766     
-0.000610352     -0.000671387     -0.000708008     -0.000695801     
-0.000878906     -0.000927734     -0.0010376     -0.0010498     
-0.00111084     -0.00128174     -0.00134277     -0.0013916     
-0.00144043     -0.00144043     -0.00133057     -0.00137939     
-0.00140381     -0.00118408     -0.00119629     -0.00129395     
-0.00119629     -0.00118408     -0.00113525     -0.00115967     
-0.00112305     -0.00118408     -0.00126953     -0.00134277     
-0.00133057     -0.00126953     -0.00126953     -0.00131836     
-0.00141602     -0.00135498     -0.0013916     -0.00148926     
-0.00142822     -0.00140381     -0.00145264     -0.00141602     
-0.00145264     -0.00137939     -0.00134277     -0.00145264     
-0.00137939     -0.00123291     -0.0012085     -0.00118408     
-0.00107422     -0.0010498     -0.000964355     -0.000976563     
-0.0010376     -0.00100098     -0.0010498     -0.00108643     
-0.00107422     -0.00111084     -0.00101318     -0.0010498     
-0.00119629     -0.00115967     -0.00124512     -0.0012085     
-0.00126953     -0.00135498     -0.00141602     -0.00125732     
-0.00140381     -0.00142822     -0.00135498     -0.00145264     
-0.00130615     -0.00126953     -0.00135498     -0.00125732     
-0.00135498     -0.00131836     -0.00129395     -0.00133057     
-0.00146484     -0.00145264     -0.00150146     -0.00151367     
-0.00159912     -0.00157471     -0.00142822     -0.00150146     
-0.00157471     -0.00147705     -0.00148926     -0.00140381     
-0.00150146     -0.00137939     -0.00126953     -0.00125732     
-0.00129395     -0.00123291     -0.00119629     -0.0012207     
-0.00119629     -0.00124512     -0.00113525     -0.0010376     
-0.00109863     -0.000976563     -0.000915527     -0.000866699     
-0.000830078     -0.000756836     -0.000695801     -0.000744629     
-0.000744629     -0.000708008     -0.000817871     -0.00078125     
-0.000817871     -0.00078125     -0.000866699     -0.000866699     
-0.000891113     -0.00106201     -0.0010498     -0.00102539     
-0.00108643     -0.000964355     -0.00106201     -0.00112305     
-0.00108643     -0.00109863     -0.00115967     -0.00107422     
-0.00119629     -0.00112305     -0.00114746     -0.00113525     
-0.00112305     -0.00119629     -0.0012207     -0.00113525     
-0.00129395     -0.00111084     -0.00115967     -0.0012085     
-0.00131836     -0.00117188     -0.00125732     -0.00140381     
-0.00129395     -0.00141602     -0.00137939     -0.00151367     
-0.00159912     -0.0015625     -0.00166016     -0.00158691     
-0.00180664     -0.00161133     -0.00158691     -0.00163574     
-0.00166016     -0.00147705     -0.00153809     -0.00150146     
-0.0013916     -0.0012207     -0.00123291     -0.000976563     
-0.000952148     -0.000854492     -0.000708008     -0.000683594     
-0.000500488     -0.000500488     -0.000512695     -0.000415039     
-0.000549316     -0.000439453     -0.000415039     -0.000439453     
-0.000585938     -0.000512695     -0.000537109     -0.000537109     
-0.00057373     -0.000585938     -0.000622559     -0.00057373     
-0.00057373     -0.000415039     -0.000415039     -0.000366211     
-0.000317383     -0.000195313     -0.000183105     -6.10352e-05     
-0.000195313     -0.000231934     -9.76563e-05     -0.000317383     
-0.00032959     -0.000378418     -0.000524902     -0.000671387     
-0.000732422     -0.000817871     -0.00101318     -0.00106201     
-0.00113525     -0.00117188     -0.0012207     -0.00125732     
-0.00136719     -0.00131836     -0.00126953     -0.00136719     
-0.00128174     -0.00128174     -0.00131836     -0.00137939     
-0.00133057     -0.00128174     -0.00119629     -0.0012085     
-0.00123291     -0.00115967     -0.00117188     -0.0010498     
-0.00111084     -0.00102539     -0.000927734     -0.000939941     
-0.000891113     -0.000769043     -0.000756836     -0.000817871     
-0.000793457     -0.000756836     -0.000842285     -0.000842285     
-0.000939941     -0.000976563     -0.00112305     -0.00117188     
-0.00126953     -0.00128174     -0.00134277     -0.00144043     
-0.00141602     -0.00136719     -0.00133057     -0.00126953     
-0.00130615     -0.00119629     -0.00111084     -0.0010376     
-0.000976563     -0.000830078     -0.000854492     -0.000793457     
-0.00078125     -0.000683594     -0.000683594     -0.000622559     
-0.000683594     -0.000610352     -0.000610352     -0.000622559     
-0.000671387     -0.000695801     -0.000720215     -0.000927734     
-0.000964355     -0.0010376     -0.00107422     -0.00112305     
-0.00131836     -0.00126953     -0.00131836     -0.00137939     
-0.00135498     -0.00128174     -0.00130615     -0.00119629     
-0.00133057     -0.00123291     -0.00107422     -0.00108643     
-0.00114746     -0.000964355     -0.00100098     -0.00102539     
-0.0010498     -0.00101318     -0.00100098     -0.000952148     
-0.00100098     -0.0010376     -0.00098877     -0.0010498     
-0.00106201     -0.0012207     -0.00115967     -0.00125732     
-0.0012207     -0.00117188     -0.00128174     -0.00118408     
-0.00126953     -0.00128174     -0.00113525     -0.0010498     
-0.00106201     -0.00090332     -0.000866699     -0.000793457     
-0.000830078     -0.00078125     -0.00065918     -0.000634766     
-0.000671387     -0.000720215     -0.000695801     -0.000769043     
-0.000805664     -0.000732422     -0.000732422     -0.00078125     
-0.000830078     -0.000830078     -0.000866699     -0.000939941     
-0.00098877     -0.000817871     -0.000891113     -0.00090332     
-0.000793457     -0.000744629     -0.00078125     -0.000646973     
-0.00065918     -0.000646973     -0.000683594     -0.000549316     
-0.000634766     -0.000463867     -0.000476074     -0.000634766     
-0.00057373     -0.000622559     -0.000476074     -0.000610352     
-0.000524902     -0.000549316     -0.000622559     -0.000610352     
-0.000622559     -0.00065918     -0.000708008     -0.000756836     
-0.000817871     -0.000769043     -0.000756836     -0.000756836     
-0.000744629     -0.000695801     -0.000695801     -0.000622559     
-0.00065918     -0.000537109     -0.00057373     -0.000769043     
-0.000769043     -0.000830078     -0.000915527     -0.000939941     
-0.00109863     -0.00109863     -0.00118408     -0.00115967     
-0.00129395     -0.00125732     -0.00124512     -0.0012207     
-0.00133057     -0.00129395     -0.0012207     -0.00123291     
-0.00137939     -0.00119629     -0.00128174     -0.00124512     
-0.00125732     -0.00119629     -0.00106201     -0.0010498     
-0.00114746     -0.00111084     -0.000976563     -0.0010376     
-0.00101318     -0.00106201     -0.000976563     -0.0010376     
-0.00117188     -0.00111084     -0.00106201     -0.00112305     
-0.00111084     -0.00114746     -0.00118408     -0.00117188     
-0.00131836     -0.00123291     -0.00124512     -0.00125732     
-0.00125732     -0.00112305     -0.00111084     -0.0010376     
-0.000952148     -0.00100098     -0.000891113     -0.000854492     
-0.000817871     -0.000744629     -0.000769043     -0.000683594     
-0.000720215     -0.000671387     -0.000683594     -0.000744629     
-0.000805664     -0.000708008     -0.000891113     -0.000915527     
-0.00101318     -0.00106201     -0.00115967     -0.00108643     
-0.00131836     -0.00125732     -0.00130615     -0.00142822     
-0.00150146     -0.00145264     -0.00145264     -0.00147705     
-0.00145264     -0.00151367     -0.00140381     -0.00146484     
-0.00142822     -0.00135498     -0.00129395     -0.00119629     
-0.00114746     -0.0010376     -0.000976563     -0.00098877     
-0.000964355     -0.000854492     -0.000842285     -0.000769043     
-0.000805664     -0.000793457     -0.000854492     -0.000817871     
-0.000976563     -0.00100098     -0.000793457     -0.000939941     
-0.00098877     -0.000915527     -0.000891113     -0.00078125     
-0.000769043     -0.00057373     -0.000598145     -0.00057373     
-0.000610352     -0.000549316     -0.000598145     -0.000598145     
-0.00065918     -0.000683594     -0.000646973     -0.000732422     
-0.000817871     -0.000793457     -0.000817871     -0.000854492     
-0.000805664     -0.000720215     -0.000720215     -0.000671387     
-0.000708008     -0.000695801     -0.000585938     -0.000634766     
-0.000708008     -0.000695801     -0.000610352     -0.000720215     
-0.000878906     -0.000695801     -0.000805664     -0.000805664     
-0.000866699     -0.000842285     -0.00078125     -0.000622559     
-0.000683594     -0.000708008     -0.000634766     -0.000634766     
-0.000671387     -0.000512695     -0.000524902     -0.000708008     
-0.000769043     -0.000769043     -0.000817871     -0.000891113     
-0.00098877     -0.00101318     -0.00109863     -0.0012085     
-0.00126953     -0.00123291     -0.0012207     -0.0012085     
-0.00128174     -0.00112305     -0.00117188     -0.00118408     
-0.00111084     -0.00112305     -0.00119629     -0.00118408     
-0.00135498     -0.00123291     -0.00133057     -0.0013916     
-0.0015625     -0.00145264     -0.0017334     -0.00192871     
-0.00192871     -0.00212402     -0.0022583     -0.00251465     
-0.00270996     -0.00291748     -0.00327148     -0.00357666     
-0.00393066     -0.00428467     -0.00455322     -0.00517578     
-0.00563965     -0.00593262     -0.00638428     -0.00686035     
-0.00738525     -0.0078125     -0.00814209     -0.00855713     
-0.00900879     -0.00936279     -0.00974121     -0.0102417     
-0.0106567     -0.0110352     -0.0114502     -0.0118164     
-0.0123413     -0.0126831     -0.0131226     -0.013562     
-0.0140259     -0.0144287     -0.0147705     -0.0151367     
-0.0155396     -0.0157837     -0.0161499     -0.016626     
-0.01698     -0.017334     -0.0176758     -0.0180664     
-0.0184937     -0.0187744     -0.0192871     -0.0195068     
-0.0201172     -0.0203979     -0.0205688     -0.0210083     
-0.0213867     -0.0217651     -0.0220459     -0.02229     
-0.0226685     -0.0229248     -0.0230957     -0.0234131     
-0.0236694     -0.0240234     -0.0242676     -0.0245117     
-0.0249023     -0.0250488     -0.0253906     -0.0256958     
-0.0260254     -0.0262939     -0.0266724     -0.0270142     
-0.0274292     -0.0278564     -0.0281006     -0.0285156     
-0.0288086     -0.0290405     -0.0293701     -0.0297363     
-0.0300415     -0.0301758     -0.0303345     -0.0305054     
-0.0307861     -0.030835     -0.0309692     -0.0310547     
-0.0312866     -0.0312866     -0.0314331     -0.031604     
-0.0318848     -0.0321411     -0.0323486     -0.0325928     
-0.0328613     -0.0330078     -0.0332886     -0.0335938     
-0.0336914     -0.03396     -0.0340698     -0.034314     
-0.0344604     -0.0346313     -0.0348022     -0.0349365     
-0.0351074     -0.0351074     -0.0351685     -0.0354248     
-0.0356079     -0.0356689     -0.035791     -0.0358643     
-0.0361328     -0.0362671     -0.0363281     -0.0365479     
-0.0368774     -0.0368164     -0.0368774     -0.037146     
-0.0372314     -0.0372559     -0.0374146     -0.037439     
-0.0375122     -0.0375122     -0.0376099     -0.0376343     
-0.037793     -0.0377686     -0.0379639     -0.0379883     
-0.0381348     -0.038269     -0.0383179     -0.0385254     
-0.0385986     -0.0386719     -0.0387695     -0.0388916     
-0.0390137     -0.0390625     -0.0391235     -0.0391846     
-0.0393311     -0.0394409     -0.0393188     -0.0395142     
-0.0395874     -0.0395874     -0.0395996     -0.0396606     
-0.039563     -0.039563     -0.0396851     -0.0396729     
-0.0396362     -0.0396851     -0.0396973     -0.0396606     
-0.0397339     -0.0397095     -0.0397461     -0.0397461     
-0.0397339     -0.0397827     -0.0398071     -0.0397827     
-0.0397705     -0.0397461     -0.0396851     -0.0396729     
-0.0397461     -0.0395752     -0.0394653     -0.0393921     
-0.0395386     -0.0394165     -0.0393555     -0.0393066     
-0.0394409     -0.0393433     -0.0393066     -0.0393921     
-0.0392334     -0.0392822     -0.0391357     -0.0390747     
-0.0390503     -0.0388672     -0.0387451     -0.0387085     
-0.0386353     -0.0383057     -0.0383179     -0.038208     
-0.0381348     -0.0379028     -0.0378174     -0.0377686     
-0.0376465     -0.037439     -0.0373535     -0.0372437     
-0.0371948     -0.0370239     -0.0368164     -0.0368652     
-0.036731     -0.0366089     -0.0365356     -0.0365112     
-0.0364868     -0.0363525     -0.0361816     -0.0361206     
-0.0361084     -0.0359619     -0.0358887     -0.0358032     
-0.0358032     -0.0356812     -0.0355591     -0.0354126     
-0.0354736     -0.0352417     -0.0351563     -0.0350586     
-0.035083     -0.0349365     -0.0348145     -0.0347534     
-0.0347168     -0.0345459     -0.0342896     -0.0342896     
-0.0342163     -0.034021     -0.0338745     -0.0338379     
-0.0337769     -0.0335571     -0.0334106     -0.033252     
-0.0331787     -0.032959     -0.0326538     -0.0325928     
-0.0323242     -0.0321411     -0.032019     -0.0317749     
-0.0317017     -0.0314697     -0.0314697     -0.0313477     
-0.0311523     -0.0311401     -0.0310791     -0.0309204     
-0.0309204     -0.0307251     -0.0306763     -0.0305542     
-0.0304565     -0.0302124     -0.0301514     -0.0300171     
-0.0299194     -0.029895     -0.0296875     -0.0296509     
-0.0296631     -0.0295532     -0.0294678     -0.0292969     
-0.0293335     -0.0291626     -0.0290527     -0.0289429     
-0.028833     -0.0286255     -0.0285522     -0.0283325     
-0.0282227     -0.0280396     -0.0278687     -0.0276855     
-0.0275269     -0.0273315     -0.0271362     -0.0269897     
-0.0268799     -0.0266724     -0.0264893     -0.026416     
-0.0261841     -0.0261597     -0.0260376     -0.0258667     
-0.0259644     -0.0257446     -0.0255737     -0.0254272     
-0.0254028     -0.0251587     -0.0248901     -0.0248535     
-0.0247437     -0.0245728     -0.0244263     -0.0241943     
-0.0242065     -0.0240845     -0.0239868     -0.0238892     
-0.0239868     -0.0238403     -0.0237061     -0.0238403     
-0.0236938     -0.023645     -0.0236694     -0.0235596     
-0.0235718     -0.0234497     -0.0233765     -0.0234009     
-0.0233643     -0.0231201     -0.0231079     -0.0229736     
-0.0230103     -0.0227783     -0.0225708     -0.0225342     
-0.0223511     -0.0221436     -0.0220459     -0.0219971     
-0.0219604     -0.0219116     -0.0217651     -0.0218018     
-0.0217529     -0.0218994     -0.0217407     -0.0218018     
-0.0217529     -0.0217285     -0.0216675     -0.0216064     
-0.0215942     -0.0214966     -0.0214966     -0.0213135     
-0.0211914     -0.0210571     -0.0208984     -0.020813     
-0.0206543     -0.0205444     -0.020459     -0.0203125     
-0.0203003     -0.0201416     -0.0201782     -0.0201782     
-0.0201172     -0.0202026     -0.0201904     -0.0202759     
-0.0204346     -0.0202881     -0.0203857     -0.0204102     
-0.0202759     -0.0201538     -0.020166     -0.0199585     
-0.0200562     -0.019812     -0.0198364     -0.0197998     
-0.0196167     -0.0195068     -0.0195557     -0.0195068     
-0.0194702     -0.019397     -0.0192993     -0.019397     
-0.0192749     -0.0191895     -0.0192261     -0.0192139     
-0.0190796     -0.0190186     -0.0188721     -0.0188721     
-0.0187622     -0.0187256     -0.0187378     -0.0186035     
-0.0186523     -0.0185669     -0.0185059     -0.0184692     
-0.0184692     -0.018457     -0.0183716     -0.018396     
-0.0184082     -0.018396     -0.0184204     -0.0183594     
-0.0183594     -0.0183472     -0.018335     -0.0184326     
-0.0184448     -0.0182983     -0.0182495     -0.0181763     
-0.0182251     -0.0180054     -0.017981     -0.0178955     
-0.0179077     -0.0178711     -0.0177856     -0.0177734     
-0.0177856     -0.0177246     -0.0176514     -0.017749     
-0.0178467     -0.0177246     -0.017688     -0.0177734     
-0.0178345     -0.0178223     -0.0178223     -0.0177368     
-0.0178101     -0.0178589     -0.0177734     -0.0179932     
-0.0179932     -0.0180054     -0.0180908     -0.0181274     
-0.0182007     -0.0182251     -0.0182739     -0.0183594     
-0.0183472     -0.018396     -0.0184082     -0.0183716     
-0.0185181     -0.018457     -0.0183838     -0.0184082     
-0.0184204     -0.018335     -0.018335     -0.0183472     
-0.0182983     -0.0183716     -0.0181763     -0.0182495     
-0.0183228     -0.0182251     -0.018335     -0.0182373     
-0.0182739     -0.0181519     -0.0182007     -0.0181396     
-0.0181763     -0.0181519     -0.0181396     -0.0181885     
-0.0181763     -0.0181763     -0.0181641     -0.0181152     
-0.0182251     -0.0181763     -0.0181763     -0.0181763     
-0.0182495     -0.0181396     -0.0181519     -0.0182983     
-0.0182495     -0.0182129     -0.0182739     -0.018335     
-0.018396     -0.0183838     -0.0184814     -0.0184814     
-0.0186035     -0.0186035     -0.0186157     -0.018689     
-0.0188354     -0.01875     -0.018811     -0.0187012     
-0.0187134     -0.0187134     -0.0187256     -0.0186523     
-0.018689     -0.0186646     -0.0185669     -0.0187134     
-0.0186768     -0.0187134     -0.0187256     -0.0187866     
-0.0189087     -0.0190308     -0.0188843     -0.0189453     
-0.0190063     -0.0190552     -0.0191162     -0.019043     
-0.0190796     -0.0190674     -0.0188843     -0.0189575     
-0.0188965     -0.0187866     -0.0188721     -0.0188232     
-0.0187988     -0.0187256     -0.0187866     -0.0186646     
-0.0187988     -0.0188477     -0.0188599     -0.0190063     
-0.0190063     -0.0190918     -0.0190796     -0.0192139     
-0.0193481     -0.0193115     -0.0194092     -0.0195068     
-0.0195923     -0.0196045     -0.0197021     -0.0196777     
-0.0197632     -0.0197021     -0.0196777     -0.0197632     
-0.0198975     -0.0196411     -0.0196411     -0.0197388     
-0.019751     -0.0197144     -0.0196655     -0.0196655     
-0.0199463     -0.0197876     -0.019751     -0.0198853     
-0.0198608     -0.0198486     -0.0199097     -0.0198608     
-0.0199219     -0.019812     -0.0197632     -0.0197388     
-0.0196045     -0.0194336     -0.0193481     -0.0191162     
-0.0192505     -0.0190552     -0.0189575     -0.0189209     
-0.0189087     -0.0188721     -0.0187744     -0.0189331     
-0.0188599     -0.0188477     -0.0188232     -0.0188721     
-0.0187378     -0.0188232     -0.0187622     -0.0186768     
-0.0187012     -0.0185669     -0.0184814     -0.0185181     
-0.0184448     -0.0183716     -0.0183838     -0.0182617     
-0.0182373     -0.0181885     -0.0181641     -0.0180542     
-0.0180542     -0.0180176     -0.0179565     -0.018042     
-0.018103     -0.0180664     -0.0180298     -0.0181152     
-0.0181885     -0.0180664     -0.0181763     -0.0181763     
-0.0182983     -0.0181885     -0.0182129     -0.0181396     
-0.0181763     -0.0181763     -0.0181274     -0.0181396     
-0.0182129     -0.0181519     -0.0182129     -0.0181641     
-0.0181885     -0.0181885     -0.0181885     -0.0181274     
-0.0181519     -0.0180908     -0.0179199     -0.0179932     
-0.0178833     -0.0177979     -0.017688     -0.017627     
-0.0176758     -0.0174683     -0.0174683     -0.0172852     
-0.0172729     -0.0172852     -0.0171875     -0.0170776     
-0.0171021     -0.01698     -0.0169312     -0.0169067     
-0.0168945     -0.0167847     -0.0168091     -0.0167114     
-0.0166626     -0.0166626     -0.0165527     -0.0165039     
-0.0164429     -0.0162842     -0.0163574     -0.0162598     
-0.0162354     -0.0161987     -0.0161133     -0.0161499     
-0.0161743     -0.0161011     -0.0161133     -0.0162109     
-0.0162354     -0.0162109     -0.0161621     -0.0161621     
-0.0161865     -0.0160767     -0.0159912     -0.0160889     
-0.0160645     -0.0159302     -0.0158325     -0.0157959     
-0.0156616     -0.0157227     -0.0156372     -0.0155518     
-0.0154907     -0.0154663     -0.0153809     -0.015271     
-0.0153198     -0.0151978     -0.0151978     -0.0152222     
-0.0151855     -0.0150879     -0.0151123     -0.0151611     
-0.0151245     -0.0150879     -0.0151978     -0.0152222     
-0.0152344     -0.0152832     -0.0151367     -0.0152954     
-0.01521     -0.0151978     -0.0152344     -0.0150513     
-0.0150757     -0.0149414     -0.0148071     -0.0147095     
-0.0146118     -0.0145142     -0.0144165     -0.0143677     
-0.0143433     -0.0141479     -0.0141235     -0.0140869     
-0.0141235     -0.0140137     -0.0140015     -0.0138672     
-0.0140259     -0.013916     -0.0137695     -0.0136841     
-0.0136475     -0.0135498     -0.0133911     -0.0134888     
-0.0134644     -0.0133911     -0.0133789     -0.0134033     
-0.0134644     -0.0133911     -0.0133789     -0.0134521     
-0.0134521     -0.0133057     -0.0132813     -0.0131836     
-0.0131348     -0.0129517     -0.0128052     -0.0126831     
-0.0126343     -0.0123657     -0.0123779     -0.0122681     
-0.012085     -0.0120483     -0.0119751     -0.0119995     
-0.0119873     -0.0118286     -0.0118774     -0.0119019     
-0.011853     -0.0118286     -0.011792     -0.0116821     
-0.011853     -0.0116821     -0.0116333     -0.0115601     
-0.0115967     -0.0114746     -0.0115479     -0.0114136     
-0.0115356     -0.0113281     -0.0113403     -0.0114502     
-0.0115112     -0.0114258     -0.0115112     -0.0115479     
-0.0116089     -0.0116821     -0.0115723     -0.0116821     
-0.0116821     -0.0115845     -0.0116455     -0.0116089     
-0.0116821     -0.0115967     -0.0115356     -0.0115356     
-0.0115234     -0.0115479     -0.0116577     -0.0115601     
-0.0116211     -0.0116089     -0.0115967     -0.011499     
-0.0115845     -0.0114502     -0.0112915     -0.0113281     
-0.0112915     -0.011145     -0.0109985     -0.0108765     
-0.0108276     -0.0107178     -0.0107178     -0.0106445     
-0.0106934     -0.0105591     -0.010498     -0.0104004     
-0.0105103     -0.0103149     -0.0103271     -0.0104126     
-0.0103882     -0.0101807     -0.0102905     -0.0102539     
-0.0101318     -0.00999756     -0.010144     -0.0100098     
-0.0101196     -0.0100098     -0.00976563     -0.0098999     
-0.00981445     -0.00983887     -0.00974121     -0.00981445     
-0.0098877     -0.00976563     -0.00975342     -0.00974121     
-0.00970459     -0.00964355     -0.00969238     -0.00958252     
-0.00961914     -0.0095459     -0.00957031     -0.00947266     
-0.00949707     -0.00948486     -0.00948486     -0.00948486     
-0.0095459     -0.00960693     -0.00953369     -0.00961914     
-0.00982666     -0.00976563     -0.00983887     -0.00983887     
-0.00993652     -0.00998535     -0.0100342     -0.010083     
-0.0103027     -0.0101807     -0.0102173     -0.0103149     
-0.0103271     -0.0102051     -0.0101685     -0.0101318     
-0.010144     -0.00993652     -0.0100464     -0.00985107     
-0.00986328     -0.0097168     -0.00966797     -0.00966797     
-0.00948486     -0.00950928     -0.00947266     -0.00944824     
-0.00938721     -0.00927734     -0.00930176     -0.00930176     
-0.00936279     -0.00924072     -0.00925293     -0.00941162     
-0.00944824     -0.00936279     -0.00941162     -0.00953369     
-0.00946045     -0.00953369     -0.00965576     -0.00959473     
-0.00969238     -0.00975342     -0.00965576     -0.00979004     
-0.00980225     -0.00987549     -0.00987549     -0.010022     
-0.0100464     -0.00992432     -0.0100098     -0.0100098     
-0.010083     -0.00994873     -0.010022     -0.00998535     
-0.0101074     -0.0100586     -0.00996094     -0.0101685     
-0.0100586     -0.010022     -0.0101563     -0.0101685     
-0.0102661     -0.0101685     -0.0102539     -0.0102173     
-0.0102905     -0.0102173     -0.010083     -0.0101196     
-0.0100952     -0.0100098     -0.00977783     -0.00968018     
-0.00964355     -0.00948486     -0.00947266     -0.00936279     
-0.00932617     -0.00926514     -0.0092041     -0.00922852     
-0.00916748     -0.00916748     -0.00916748     -0.009021     
-0.00898438     -0.00894775     -0.00888672     -0.00893555     
-0.00881348     -0.0088501     -0.00882568     -0.0088501     
-0.00900879     -0.0088623     -0.00895996     -0.00914307     
-0.00906982     -0.00914307     -0.00936279     -0.00946045     
-0.00958252     -0.00957031     -0.009729     -0.00985107     
-0.0098999     -0.00992432     -0.00993652     -0.00992432     
-0.0100708     -0.00997314     -0.0100342     -0.010022     
-0.0101318     -0.00998535     -0.0100464     -0.0101196     
-0.0100586     -0.0101685     -0.0100342     -0.0100708     
-0.00997314     -0.0098877     -0.00992432     -0.00977783     
-0.00985107     -0.00976563     -0.00961914     -0.00965576     
-0.00975342     -0.00980225     -0.00975342     -0.00970459     
-0.0098877     -0.00986328     -0.00979004     -0.00982666     
-0.00983887     -0.00980225     -0.00975342     -0.00980225     
-0.00979004     -0.00970459     -0.00975342     -0.009729     
-0.00979004     -0.00965576     -0.00965576     -0.00968018     
-0.00974121     -0.00963135     -0.00952148     -0.00955811     
-0.00959473     -0.00955811     -0.00938721     -0.00939941     
-0.00943604     -0.00930176     -0.00932617     -0.00935059     
-0.00947266     -0.00949707     -0.00952148     -0.00947266     
-0.00963135     -0.00974121     -0.00970459     -0.00993652     
-0.00996094     -0.0100586     -0.0101929     -0.0101563     
-0.0102417     -0.0102783     -0.0103394     -0.0103271     
-0.0102539     -0.0102051     -0.0102173     -0.0101685     
-0.010083     -0.0100342     -0.00997314     -0.0100098     
-0.00998535     -0.00986328     -0.00992432     -0.00992432     
-0.010022     -0.00999756     -0.00992432     -0.010022     
-0.0100098     -0.00997314     -0.00993652     -0.00999756     
-0.00991211     -0.00986328     -0.00981445     -0.00980225     
-0.00981445     -0.00963135     -0.00976563     -0.00974121     
-0.00961914     -0.00957031     -0.00953369     -0.00959473     
-0.00959473     -0.00944824     -0.00944824     -0.00948486     
-0.00957031     -0.00930176     -0.00931396     -0.00947266     
-0.00926514     -0.00932617     -0.00933838     -0.00935059     
-0.00925293     -0.00925293     -0.00916748     -0.00904541     
-0.00910645     -0.00895996     -0.00892334     -0.00894775     
-0.00895996     -0.0088623     -0.00880127     -0.0088501     
-0.00883789     -0.0088623     -0.00887451     -0.00887451     
-0.00899658     -0.00897217     -0.009021     -0.00911865     
-0.00905762     -0.00917969     -0.00924072     -0.00919189     
-0.00932617     -0.00926514     -0.00930176     -0.00931396     
-0.00938721     -0.00926514     -0.00932617     -0.00936279     
-0.00935059     -0.00930176     -0.00921631     -0.00931396     
-0.00935059     -0.00925293     -0.00928955     -0.00932617     
-0.00939941     -0.00928955     -0.0092041     -0.00916748     
-0.00914307     -0.00921631     -0.00899658     -0.00909424     
-0.0090332     -0.00908203     -0.00897217     -0.00893555     
-0.00895996     -0.00894775     -0.00888672     -0.00889893     
-0.0088501     -0.0088623     -0.00888672     -0.00878906     
-0.00882568     -0.00872803     -0.00870361     -0.00869141     
-0.00874023     -0.00863037     -0.00865479     -0.00871582     
-0.00865479     -0.00863037     -0.00848389     -0.00855713     
-0.00853271     -0.00836182     -0.00836182     -0.00831299     
-0.00828857     -0.00822754     -0.00822754     -0.00817871     
-0.00825195     -0.00814209     -0.00823975     -0.00820313     
-0.00812988     -0.00811768     -0.0081665     -0.00811768     
-0.00806885     -0.00803223     -0.00788574     -0.00786133     
-0.00788574     -0.00765381     -0.00767822     -0.0076416     
-0.00749512     -0.00753174     -0.00743408     -0.00744629     
-0.00742188     -0.00739746     -0.00738525     -0.00742188     
-0.00750732     -0.00744629     -0.00738525     -0.00756836     
-0.00751953     -0.00754395     -0.0076416     -0.00765381     
-0.00770264     -0.00765381     -0.00766602     -0.00772705     
-0.00780029     -0.00778809     -0.00778809     -0.00792236     
-0.00791016     -0.00797119     -0.00793457     -0.00788574     
-0.00799561     -0.00792236     -0.00783691     -0.00772705     
-0.00775146     -0.00760498     -0.00749512     -0.00739746     
-0.00726318     -0.00712891     -0.0069458     -0.00681152     
-0.00671387     -0.00643311     -0.0064209     -0.00634766     
-0.00629883     -0.00627441     -0.00632324     -0.00618896     
-0.00634766     -0.00635986     -0.00632324     -0.00646973     
-0.00654297     -0.0065918     -0.0065918     -0.00661621     
-0.00679932     -0.00670166     -0.0067627     -0.00671387     
-0.00672607     -0.00673828     -0.0067627     -0.00681152     
-0.00692139     -0.0067749     -0.0067749     -0.00684814     
-0.00690918     -0.00679932     -0.00684814     -0.00681152     
-0.00672607     -0.0067627     -0.00656738     -0.006604     
-0.00654297     -0.00638428     -0.0064209     -0.00632324     
-0.00627441     -0.00617676     -0.00622559     -0.00622559     
-0.00611572     -0.00611572     -0.00617676     -0.00623779     
-0.00611572     -0.00617676     -0.00625     -0.00625     
-0.00634766     -0.00634766     -0.00643311     -0.00646973     
-0.00657959     -0.00645752     -0.0064209     -0.00651855     
-0.00639648     -0.0064209     -0.00628662     -0.00628662     
-0.00625     -0.00616455     -0.00609131     -0.00603027     
-0.00598145     -0.00593262     -0.00587158     -0.0059082     
-0.00585938     -0.00571289     -0.00566406     -0.00562744     
-0.00559082     -0.00550537     -0.00559082     -0.00548096     
-0.00549316     -0.00549316     -0.00534668     -0.00550537     
-0.00548096     -0.00546875     -0.00545654     -0.00546875     
-0.0055542     -0.00544434     -0.00544434     -0.00544434     
-0.00554199     -0.00551758     -0.00546875     -0.00546875     
-0.00550537     -0.00556641     -0.00543213     -0.00550537     
-0.00556641     -0.00557861     -0.00565186     -0.00571289     
-0.00577393     -0.0057373     -0.00581055     -0.00568848     
-0.00576172     -0.00579834     -0.00584717     -0.00594482     
-0.005896     -0.00587158     -0.00574951     -0.00579834     
-0.00576172     -0.00566406     -0.00566406     -0.00561523     
-0.00562744     -0.00566406     -0.00562744     -0.0057251     
-0.00579834     -0.00583496     -0.00595703     -0.00606689     
-0.00616455     -0.00614014     -0.00621338     -0.00633545     
-0.00627441     -0.00640869     -0.00637207     -0.00621338     
-0.00632324     -0.00617676     -0.00620117     -0.00604248     
-0.0060791     -0.00599365     -0.00605469     -0.00603027     
-0.00606689     -0.00603027     -0.00609131     -0.00611572     
-0.00617676     -0.00622559     -0.00634766     -0.00633545     
-0.0064209     -0.00640869     -0.00644531     -0.0064209     
-0.00639648     -0.00638428     -0.00635986     -0.00638428     
-0.00631104     -0.00622559     -0.00617676     -0.00620117     
-0.00622559     -0.00605469     -0.00615234     -0.00616455     
-0.00623779     -0.00617676     -0.00614014     -0.00616455     
-0.00617676     -0.00610352     -0.00617676     -0.0060791     
-0.00614014     -0.00614014     -0.00615234     -0.00616455     
-0.00609131     -0.00614014     -0.00606689     -0.00623779     
-0.00610352     -0.00618896     -0.00618896     -0.00615234     
-0.00628662     -0.00621338     -0.00625     -0.00620117     
-0.00631104     -0.00614014     -0.00612793     -0.00605469     
-0.00604248     -0.00598145     -0.0059082     -0.00588379     
-0.00593262     -0.00584717     -0.00594482     -0.00603027     
-0.00601807     -0.00610352     -0.00616455     -0.00618896     
-0.00628662     -0.00631104     -0.00614014     -0.00635986     
-0.00629883     -0.00627441     -0.00625     -0.00622559     
-0.00640869     -0.00628662     -0.00635986     -0.00640869     
-0.00635986     -0.00634766     -0.00635986     -0.00627441     
-0.00631104     -0.00622559     -0.00610352     -0.00606689     
-0.00615234     -0.00596924     -0.00596924     -0.00600586     
-0.00593262     -0.00598145     -0.00584717     -0.00593262     
-0.00593262     -0.00578613     -0.00594482     -0.00588379     
-0.00585938     -0.00583496     -0.00574951     -0.0057251     
-0.00574951     -0.00556641     -0.00560303     -0.00562744     
-0.00567627     -0.00574951     -0.0057373     -0.00579834     
-0.00598145     -0.00598145     -0.00616455     -0.00631104     
-0.00646973     -0.00657959     -0.00662842     -0.00670166     
-0.00667725     -0.0067749     -0.00678711     -0.00681152     
-0.00671387     -0.00661621     -0.00667725     -0.00653076     
-0.006604     -0.00634766     -0.00632324     -0.00633545     
-0.00635986     -0.00628662     -0.00629883     -0.00633545     
-0.00640869     -0.00638428     -0.00639648     -0.00632324     
-0.00655518     -0.00637207     -0.00629883     -0.0064209     
-0.00634766     -0.00626221     -0.00621338     -0.00616455     
-0.00617676     -0.00596924     -0.00593262     -0.005896     
-0.00593262     -0.00595703     -0.005896     -0.00594482     
-0.00606689     -0.00600586     -0.00598145     -0.00611572     
-0.00612793     -0.00600586     -0.0060791     -0.00618896     
-0.00620117     -0.00610352     -0.00615234     -0.00606689     
-0.00610352     -0.00616455     -0.00605469     -0.00609131     
-0.00614014     -0.00629883     -0.00614014     -0.00625     
-0.00635986     -0.00623779     -0.00634766     -0.00637207     
-0.00638428     -0.00640869     -0.00628662     -0.00635986     
-0.00632324     -0.00617676     -0.00609131     -0.00600586     
-0.00601807     -0.00565186     -0.00567627     -0.00557861     
-0.00539551     -0.00546875     -0.00544434     -0.00546875     
-0.00563965     -0.00552979     -0.00560303     -0.00574951     
-0.00582275     -0.00584717     -0.00592041     -0.00595703     
-0.00594482     -0.00584717     -0.00584717     -0.00578613     
-0.00574951     -0.0057373     -0.00565186     -0.00554199     
-0.00571289     -0.0055542     -0.00556641     -0.00562744     
-0.0057373     -0.00566406     -0.00571289     -0.00576172     
-0.00562744     -0.00582275     -0.0057251     -0.00570068     
-0.00574951     -0.00566406     -0.0057251     -0.00563965     
-0.00566406     -0.00554199     -0.00554199     -0.00559082     
-0.00557861     -0.00554199     -0.00559082     -0.00565186     
-0.00562744     -0.00571289     -0.00577393     -0.00568848     
-0.00571289     -0.00571289     -0.00571289     -0.00570068     
-0.00562744     -0.00556641     -0.00557861     -0.00539551     
-0.00527344     -0.00529785     -0.00524902     -0.0052002     
-0.00518799     -0.00512695     -0.00513916     -0.00506592     
-0.00518799     -0.00511475     -0.00510254     -0.00512695     
-0.00516357     -0.0050293     -0.00507813     -0.00505371     
-0.00501709     -0.00491943     -0.00507813     -0.00499268     
-0.00506592     -0.0050415     -0.00491943     -0.00505371     
-0.0050293     -0.00506592     -0.0050415     -0.0050415     
-0.00515137     -0.00496826     -0.00498047     -0.00494385     
-0.00489502     -0.00487061     -0.00484619     -0.00489502     
-0.00496826     -0.00477295     -0.00477295     -0.00472412     
-0.00483398     -0.00461426     -0.00476074     -0.0046875     
-0.00469971     -0.00474854     -0.00472412     -0.00479736     
-0.00484619     -0.00480957     -0.00493164     -0.00495605     
-0.00501709     -0.00498047     -0.00501709     -0.0050293     
-0.00510254     -0.00517578     -0.00517578     -0.0052002     
-0.00532227     -0.00531006     -0.00535889     -0.00528564     
-0.0053833     -0.00540771     -0.00545654     -0.00541992     
-0.00544434     -0.00537109     -0.00535889     -0.00535889     
-0.0052124     -0.00527344     -0.00512695     -0.00517578     
-0.0052002     -0.00510254     -0.00507813     -0.0050415     
-0.00512695     -0.00507813     -0.00501709     -0.00506592     
-0.0052002     -0.00505371     -0.0050293     -0.00496826     
-0.0050293     -0.00496826     -0.00483398     -0.00474854     
-0.00472412     -0.00466309     -0.00447998     -0.0045166     
-0.00438232     -0.0043457     -0.00449219     -0.00445557     
-0.00458984     -0.0045166     -0.00444336     -0.00454102     
-0.0046875     -0.0046875     -0.00463867     -0.00458984     
-0.00473633     -0.00474854     -0.00469971     -0.00479736     
-0.00474854     -0.0046875     -0.00476074     -0.00483398     
-0.00487061     -0.00482178     -0.00494385     -0.0048584     
-0.00490723     -0.00498047     -0.00489502     -0.00494385     
-0.00501709     -0.00494385     -0.00493164     -0.00483398     
-0.0048584     -0.00477295     -0.00483398     -0.00471191     
-0.00466309     -0.00452881     -0.00466309     -0.00454102     
-0.00456543     -0.00449219     -0.00462646     -0.00463867     
-0.00473633     -0.00461426     -0.00466309     -0.00465088     
-0.00467529     -0.0046875     -0.00461426     -0.0046875     
-0.00462646     -0.00450439     -0.00443115     -0.00446777     
-0.00444336     -0.00443115     -0.00446777     -0.00441895     
-0.00460205     -0.00449219     -0.00455322     -0.00463867     
-0.00458984     -0.0046875     -0.00471191     -0.00461426     
-0.00472412     -0.00456543     -0.00460205     -0.00463867     
-0.00463867     -0.00449219     -0.00455322     -0.00469971     
-0.00461426     -0.00473633     -0.0046875     -0.00484619     
-0.00474854     -0.00476074     -0.00487061     -0.00487061     
-0.00496826     -0.00482178     -0.00487061     -0.00498047     
-0.00493164     -0.00479736     -0.00483398     -0.00493164     
-0.0048584     -0.00471191     -0.00471191     -0.00463867     
-0.00471191     -0.00454102     -0.00452881     -0.00452881     
-0.0043335     -0.00432129     -0.00428467     -0.0041626     
-0.00427246     -0.00421143     -0.00423584     -0.00413818     
-0.00429688     -0.00422363     -0.00413818     -0.00412598     
-0.00418701     -0.0041626     -0.00406494     -0.00412598     
-0.00412598     -0.00402832     -0.00402832     -0.00400391     
-0.00412598     -0.00402832     -0.00406494     -0.00405273     
-0.00413818     -0.00429688     -0.00406494     -0.00413818     
-0.00424805     -0.00432129     -0.00438232     -0.00447998     
-0.00461426     -0.00458984     -0.00462646     -0.0046875     
-0.00473633     -0.00482178     -0.00480957     -0.00474854     
-0.00476074     -0.00474854     -0.00471191     -0.00462646     
-0.00463867     -0.00441895     -0.00446777     -0.00446777     
-0.00440674     -0.0043335     -0.00426025     -0.00437012     
-0.00439453     -0.00426025     -0.00446777     -0.00444336     
-0.00454102     -0.00457764     -0.00456543     -0.00463867     
-0.00469971     -0.00458984     -0.00469971     -0.0046875     
-0.00465088     -0.00466309     -0.00467529     -0.00458984     
-0.00465088     -0.00455322     -0.00455322     -0.00454102     
-0.00452881     -0.00440674     -0.00443115     -0.00440674     
-0.00429688     -0.00426025     -0.00421143     -0.0043457     
-0.00427246     -0.00435791     -0.00435791     -0.00438232     
-0.0045166     -0.00446777     -0.00440674     -0.00456543     
-0.00466309     -0.00460205     -0.00462646     -0.00472412     
-0.00473633     -0.00476074     -0.00472412     -0.00471191     
-0.00483398     -0.00463867     -0.00467529     -0.00463867     
-0.00456543     -0.00461426     -0.00457764     -0.00449219     
-0.00457764     -0.00445557     -0.00447998     -0.00455322     
-0.00458984     -0.00460205     -0.00465088     -0.00466309     
-0.00471191     -0.00479736     -0.00466309     -0.00467529     
-0.00471191     -0.00457764     -0.00474854     -0.00458984     
-0.00463867     -0.00456543     -0.00460205     -0.00456543     
-0.00461426     -0.00460205     -0.00454102     -0.0045166     
-0.00455322     -0.00447998     -0.00435791     -0.00432129     
-0.00440674     -0.00421143     -0.00424805     -0.00418701     
-0.00419922     -0.00419922     -0.00419922     -0.00422363     
-0.00421143     -0.0041748     -0.00419922     -0.0043335     
-0.0043335     -0.00415039     -0.00429688     -0.00429688     
-0.00426025     -0.0043457     -0.00440674     -0.00437012     
-0.00449219     -0.00447998     -0.00454102     -0.00454102     
-0.00457764     -0.00473633     -0.00483398     -0.00488281     
-0.00501709     -0.00501709     -0.00512695     -0.00511475     
-0.00509033     -0.00510254     -0.00517578     -0.00515137     
-0.00516357     -0.00505371     -0.00506592     -0.00506592     
-0.00510254     -0.00487061     -0.00489502     -0.00493164     
-0.0048584     -0.0048584     -0.00479736     -0.00489502     
-0.00487061     -0.00480957     -0.00496826     -0.00495605     
-0.00501709     -0.00496826     -0.00498047     -0.00507813     
-0.0050415     -0.00495605     -0.00501709     -0.00499268     
-0.00507813     -0.00498047     -0.00500488     -0.00498047     
-0.00511475     -0.00506592     -0.00506592     -0.00527344     
-0.00522461     -0.00516357     -0.00522461     -0.00528564     
-0.00529785     -0.00531006     -0.00528564     -0.00532227     
-0.00526123     -0.00526123     -0.00523682     -0.00512695     
-0.00515137     -0.00505371     -0.00496826     -0.00493164     
-0.0050293     -0.00476074     -0.00462646     -0.0046875     
-0.00461426     -0.00458984     -0.00461426     -0.00463867     
-0.00469971     -0.00474854     -0.00480957     -0.00494385     
-0.00499268     -0.00501709     -0.00513916     -0.00517578     
-0.00522461     -0.00510254     -0.00498047     -0.00495605     
-0.00483398     -0.00466309     -0.00456543     -0.00455322     
-0.00441895     -0.00423584     -0.00412598     -0.00413818     
-0.00413818     -0.00405273     -0.0041748     -0.00411377     
-0.00419922     -0.0043457     -0.00423584     -0.00429688     
-0.00445557     -0.00441895     -0.00446777     -0.0043335     
-0.00437012     -0.00424805     -0.00427246     -0.00423584     
-0.00424805     -0.00413818     -0.00419922     -0.00422363     
-0.00419922     -0.00426025     -0.00422363     -0.00432129     
-0.00443115     -0.00432129     -0.00438232     -0.00444336     
-0.00456543     -0.00445557     -0.00446777     -0.00452881     
-0.00443115     -0.00446777     -0.00435791     -0.00440674     
-0.00445557     -0.00438232     -0.00438232     -0.00438232     
-0.00439453     -0.00439453     -0.00438232     -0.00450439     
-0.00450439     -0.00440674     -0.00444336     -0.00441895     
-0.00440674     -0.0043335     -0.00429688     -0.00423584     
-0.0043457     -0.0041748     -0.00402832     -0.00427246     
-0.00412598     -0.00396729     -0.00401611     -0.00397949     
-0.0039917     -0.00383301     -0.00372314     -0.00374756     
-0.00377197     -0.0036377     -0.0036377     -0.0036499     
-0.00369873     -0.00362549     -0.00350342     -0.00357666     
-0.0036499     -0.00349121     -0.00355225     -0.00349121     
-0.00349121     -0.00338135     -0.00334473     -0.0032959     
-0.00336914     -0.00338135     -0.00340576     -0.0034668     
-0.00351563     -0.0036499     -0.00352783     -0.0036377     
-0.00378418     -0.00369873     -0.00383301     -0.00374756     
-0.00380859     -0.00375977     -0.0036499     -0.00367432     
-0.00371094     -0.00360107     -0.00361328     -0.00356445     
-0.00360107     -0.00358887     -0.00358887     -0.00361328     
-0.00354004     -0.00368652     -0.00361328     -0.0036499     
-0.00374756     -0.00360107     -0.00368652     -0.0036377     
-0.00358887     -0.00352783     -0.0036499     -0.00356445     
-0.00355225     -0.003479     -0.00343018     -0.00341797     
-0.00341797     -0.00338135     -0.00338135     -0.00340576     
-0.00344238     -0.00340576     -0.00340576     -0.00360107     
-0.0036499     -0.00356445     -0.00367432     -0.00374756     
-0.00373535     -0.00383301     -0.00377197     -0.00383301     
-0.00384521     -0.00379639     -0.00389404     -0.00385742     
-0.00389404     -0.00390625     -0.00383301     -0.00396729     
-0.00395508     -0.00394287     -0.00385742     -0.00389404     
-0.0039917     -0.00397949     -0.00378418     -0.00375977     
-0.00385742     -0.0036499     -0.0036499     -0.00369873     
-0.00372314     -0.00362549     -0.00357666     -0.00358887     
-0.00366211     -0.00362549     -0.0036377     -0.00368652     
-0.00379639     -0.00378418     -0.00389404     -0.00390625     
-0.00393066     -0.00394287     -0.00386963     -0.00391846     
-0.00386963     -0.00371094     -0.00371094     -0.00354004     
-0.00349121     -0.00332031     -0.00338135     -0.00324707     
-0.00327148     -0.00322266     -0.00306396     -0.00311279     
-0.00303955     -0.00302734     -0.00300293     -0.00302734     
-0.00316162     -0.00317383     -0.00330811     -0.00328369     
-0.00333252     -0.00349121     -0.00349121     -0.00350342     
-0.00355225     -0.00354004     -0.00350342     -0.00360107     
-0.00345459     -0.00343018     -0.00350342     -0.00343018     
-0.00335693     -0.00343018     -0.0032959     -0.00341797     
-0.00341797     -0.00330811     -0.00345459     -0.00343018     
-0.00341797     -0.00336914     -0.003479     -0.00352783     
-0.00354004     -0.00341797     -0.00352783     -0.00360107     
-0.00366211     -0.00350342     -0.00358887     -0.00358887     
-0.00371094     -0.00372314     -0.0036499     -0.00384521     
-0.00393066     -0.00377197     -0.00391846     -0.00396729     
-0.00389404     -0.00401611     -0.00396729     -0.0039917     
-0.00401611     -0.00397949     -0.00391846     -0.00390625     
-0.00385742     -0.00372314     -0.00366211     -0.00375977     
-0.00372314     -0.00367432     -0.00361328     -0.00369873     
-0.00368652     -0.00377197     -0.00384521     -0.00372314     
-0.00401611     -0.0038208     -0.00380859     -0.00400391     
-0.00396729     -0.00390625     -0.00404053     -0.00394287     
-0.00396729     -0.00391846     -0.00386963     -0.00380859     
-0.00380859     -0.00369873     -0.0038208     -0.00372314     
-0.00366211     -0.0036499     -0.00354004     -0.00361328     
-0.00361328     -0.00357666     -0.00373535     -0.00377197     
-0.00389404     -0.00397949     -0.00405273     -0.00415039     
-0.00430908     -0.0043335     -0.00428467     -0.00438232     
-0.0043457     -0.00435791     -0.00424805     -0.0041748     
-0.00424805     -0.00404053     -0.00400391     -0.00402832     
-0.0039917     -0.00400391     -0.00393066     -0.00394287     
-0.00408936     -0.00404053     -0.0041626     -0.00427246     
-0.00438232     -0.00440674     -0.0045166     -0.00452881     
-0.00450439     -0.00445557     -0.00447998     -0.0043457     
-0.00440674     -0.00422363     -0.00411377     -0.00404053     
-0.00393066     -0.00373535     -0.00372314     -0.00362549     
-0.00362549     -0.00349121     -0.00345459     -0.00345459     
-0.00343018     -0.00339355     -0.00339355     -0.00330811     
-0.00338135     -0.00323486     -0.00313721     -0.00310059     
-0.003125     -0.00296631     -0.00308838     -0.00317383     
-0.003125     -0.00318604     -0.00330811     -0.003479     
-0.00351563     -0.00357666     -0.00368652     -0.00378418     
-0.00391846     -0.00379639     -0.00384521     -0.00383301     
-0.0038208     -0.00368652     -0.00362549     -0.00351563     
-0.00356445     -0.00345459     -0.00332031     -0.00333252     
-0.00333252     -0.00322266     -0.00324707     -0.0032959     
-0.00327148     -0.00321045     -0.00323486     -0.00323486     
-0.00333252     -0.00324707     -0.00333252     -0.00334473     
-0.00341797     -0.00335693     -0.00334473     -0.00333252     
-0.00345459     -0.00334473     -0.00333252     -0.00333252     
-0.00345459     -0.00338135     -0.0034668     -0.0034668     
-0.00349121     -0.00350342     -0.00366211     -0.00361328     
-0.0038208     -0.00378418     -0.00377197     -0.00385742     
-0.0038208     -0.00386963     -0.0038208     -0.00379639     
-0.00379639     -0.00369873     -0.0036377     -0.00356445     
-0.003479     -0.0034668     -0.00344238     -0.0032959     
-0.00335693     -0.00323486     -0.00317383     -0.00319824     
-0.00321045     -0.00319824     -0.0032959     -0.0032959     
-0.00330811     -0.0034668     -0.00345459     -0.00351563     
-0.00351563     -0.00340576     -0.00351563     -0.00354004     
-0.00357666     -0.0034668     -0.00349121     -0.003479     
-0.00351563     -0.003479     -0.00350342     -0.00355225     
-0.0036377     -0.00362549     -0.00369873     -0.00369873     
-0.00375977     -0.00377197     -0.00385742     -0.0038208     
-0.00389404     -0.0038208     -0.00378418     -0.00366211     
-0.00352783     -0.00358887     -0.003479     -0.0034668     
-0.00345459     -0.00330811     -0.00333252     -0.00325928     
-0.00334473     -0.00327148     -0.00330811     -0.00340576     
-0.00350342     -0.00355225     -0.00355225     -0.00367432     
-0.00366211     -0.00375977     -0.00385742     -0.0038208     
-0.00408936     -0.00389404     -0.00386963     -0.00397949     
-0.00397949     -0.00393066     -0.00391846     -0.0038208     
-0.0038208     -0.00374756     -0.00368652     -0.00366211     
-0.00360107     -0.00357666     -0.00355225     -0.00345459     
-0.00357666     -0.00351563     -0.00345459     -0.00354004     
-0.00355225     -0.00344238     -0.00355225     -0.00351563     
-0.00358887     -0.00371094     -0.00358887     -0.00355225     
-0.00361328     -0.00372314     -0.00355225     -0.00362549     
-0.00366211     -0.0036377     -0.00351563     -0.00361328     
-0.00354004     -0.00360107     -0.00357666     -0.00343018     
-0.00350342     -0.00344238     -0.00336914     -0.00338135     
-0.00343018     -0.00328369     -0.00330811     -0.00339355     
-0.00334473     -0.00330811     -0.00336914     -0.00343018     
-0.00341797     -0.00357666     -0.00351563     -0.00354004     
-0.00360107     -0.00356445     -0.00362549     -0.00368652     
-0.00369873     -0.00371094     -0.00379639     -0.0038208     
-0.00390625     -0.00383301     -0.00397949     -0.00400391     
-0.00402832     -0.00407715     -0.00407715     -0.00411377     
-0.00424805     -0.00407715     -0.00407715     -0.00407715     
-0.00401611     -0.00389404     -0.00390625     -0.00389404     
-0.00378418     -0.00374756     -0.0036499     -0.00357666     
-0.0034668     -0.00343018     -0.00338135     -0.00325928     
-0.00332031     -0.00318604     -0.0029541     -0.00307617     
-0.00299072     -0.00275879     -0.0027832     -0.00272217     
-0.00270996     -0.00269775     -0.00269775     -0.00264893     
-0.00263672     -0.00269775     -0.00262451     -0.00273438     
-0.00272217     -0.00268555     -0.0027832     -0.00270996     
-0.00274658     -0.00267334     -0.0027832     -0.00279541     
-0.00292969     -0.00289307     -0.00285645     -0.00290527     
-0.00299072     -0.00286865     -0.00292969     -0.00297852     
-0.00308838     -0.00306396     -0.00308838     -0.00313721     
-0.00324707     -0.00325928     -0.00341797     -0.003479     
-0.00357666     -0.00367432     -0.00355225     -0.00369873     
-0.00367432     -0.00378418     -0.00369873     -0.00372314     
-0.00375977     -0.00372314     -0.00385742     -0.00386963     
-0.00385742     -0.00393066     -0.00391846     -0.00390625     
-0.0039917     -0.00393066     -0.00386963     -0.00388184     
-0.00386963     -0.00377197     -0.00379639     -0.0036377     
-0.00357666     -0.0036377     -0.00350342     -0.00336914     
-0.00340576     -0.00317383     -0.00317383     -0.00316162     
-0.003125     -0.00301514     -0.00300293     -0.00302734     
-0.00302734     -0.0029541     -0.00300293     -0.00294189     
-0.0029541     -0.00292969     -0.00286865     -0.00279541     
-0.00286865     -0.00270996     -0.0026001     -0.0026123     
-0.00255127     -0.00245361     -0.00241699     -0.00257568     
-0.00246582     -0.00245361     -0.00247803     -0.0026123     
-0.00273438     -0.00263672     -0.00266113     -0.0027832     
-0.00279541     -0.002771     -0.00283203     -0.00292969     
-0.00296631     -0.00284424     -0.00283203     -0.00279541     
-0.00281982     -0.00283203     -0.00285645     -0.00284424     
-0.00279541     -0.00274658     -0.00275879     -0.00283203     
-0.00279541     -0.00280762     -0.002771     -0.00280762     
-0.00283203     -0.00273438     -0.00273438     -0.0026123     
-0.00263672     -0.00258789     -0.00257568     -0.00246582     
-0.00255127     -0.00246582     -0.00228271     -0.00230713     
-0.00235596     -0.00228271     -0.00224609     -0.00229492     
-0.00233154     -0.00235596     -0.00234375     -0.0024292     
-0.00249023     -0.00263672     -0.0026001     -0.00275879     
-0.00279541     -0.00283203     -0.00285645     -0.00291748     
-0.00288086     -0.00270996     -0.00280762     -0.00272217     
-0.00263672     -0.0026001     -0.00247803     -0.00236816     
-0.00233154     -0.00224609     -0.00230713     -0.00239258     
-0.00246582     -0.00241699     -0.00253906     -0.0026001     
-0.00275879     -0.00291748     -0.00286865     -0.00305176     
-0.00313721     -0.00318604     -0.00328369     -0.00327148     
-0.00325928     -0.00341797     -0.0034668     -0.00340576     
-0.00350342     -0.00339355     -0.00339355     -0.00339355     
-0.00333252     -0.00322266     -0.00324707     -0.00317383     
-0.00321045     -0.00305176     -0.00297852     -0.00297852     
-0.00292969     -0.00288086     -0.00294189     -0.00297852     
-0.00300293     -0.00306396     -0.00302734     -0.00319824     
-0.00325928     -0.00323486     -0.00323486     -0.00324707     
-0.00335693     -0.00325928     -0.00308838     -0.003125     
-0.00317383     -0.003125     -0.00310059     -0.00311279     
-0.00307617     -0.00300293     -0.00297852     -0.00285645     
-0.00296631     -0.00286865     -0.0027832     -0.00286865     
-0.00280762     -0.0027832     -0.00283203     -0.00270996     
-0.00281982     -0.00281982     -0.00281982     -0.00294189     
-0.00316162     -0.00311279     -0.00321045     -0.00336914     
-0.00349121     -0.00356445     -0.00357666     -0.00373535     
-0.00378418     -0.00368652     -0.00378418     -0.00367432     
-0.00369873     -0.00367432     -0.00354004     -0.00341797     
-0.00349121     -0.00336914     -0.00321045     -0.00322266     
-0.00305176     -0.00305176     -0.00289307     -0.00279541     
-0.00288086     -0.00281982     -0.00275879     -0.00268555     
-0.00267334     -0.00264893     -0.00264893     -0.00270996     
-0.00284424     -0.00290527     -0.00284424     -0.00290527     
-0.00303955     -0.00308838     -0.00313721     -0.00323486     
-0.00324707     -0.003479     -0.0034668     -0.0034668     
-0.00356445     -0.00361328     -0.00373535     -0.00362549     
-0.00358887     -0.00354004     -0.00350342     -0.00335693     
-0.00330811     -0.00313721     -0.00319824     -0.00318604     
-0.00301514     -0.00296631     -0.00296631     -0.00291748     
-0.0029541     -0.00291748     -0.00300293     -0.00297852     
-0.00303955     -0.0029541     -0.00292969     -0.00296631     
-0.00286865     -0.00294189     -0.00296631     -0.00289307     
-0.0029541     -0.00273438     -0.00292969     -0.002771     
-0.00284424     -0.00280762     -0.00263672     -0.002771     
-0.00284424     -0.00267334     -0.00272217     -0.00275879     
-0.0027832     -0.002771     -0.00280762     -0.00274658     
-0.00296631     -0.00288086     -0.00286865     -0.00303955     
-0.0029541     -0.00296631     -0.00300293     -0.00303955     
-0.00314941     -0.003125     -0.00297852     -0.00294189     
-0.00308838     -0.00297852     -0.00292969     -0.00289307     
-0.00296631     -0.00296631     -0.00296631     -0.00305176     
-0.00306396     -0.00308838     -0.00324707     -0.00323486     
-0.00332031     -0.00325928     -0.00330811     -0.00335693     
-0.00330811     -0.00325928     -0.00324707     -0.00327148     
-0.00322266     -0.00323486     -0.00313721     -0.00317383     
-0.00330811     -0.00319824     -0.00343018     -0.00345459     
-0.00351563     -0.00358887     -0.00362549     -0.00360107     
-0.00368652     -0.00357666     -0.00357666     -0.00357666     
-0.00351563     -0.00335693     -0.00324707     -0.00324707     
-0.003125     -0.00314941     -0.00300293     -0.00300293     
-0.00291748     -0.00290527     -0.00288086     -0.00296631     
-0.00302734     -0.00302734     -0.00305176     -0.00306396     
-0.00314941     -0.00296631     -0.00308838     -0.00313721     
-0.00301514     -0.003125     -0.00307617     -0.00299072     
-0.00323486     -0.003125     -0.00311279     -0.00323486     
-0.00327148     -0.00322266     -0.00323486     -0.00336914     
-0.00325928     -0.00327148     -0.00322266     -0.00328369     
-0.00333252     -0.00325928     -0.0032959     -0.00327148     
-0.00350342     -0.00349121     -0.00352783     -0.00378418     
-0.00377197     -0.0038208     -0.00402832     -0.0039917     
-0.00407715     -0.0041748     -0.00413818     -0.00410156     
-0.00423584     -0.00405273     -0.00402832     -0.00412598     
-0.00406494     -0.00391846     -0.00389404     -0.0038208     
-0.0038208     -0.00369873     -0.00362549     -0.00366211     
-0.00366211     -0.003479     -0.0034668     -0.00336914     
-0.003479     -0.00339355     -0.00333252     -0.00333252     
-0.00330811     -0.00313721     -0.00308838     -0.00308838     
-0.00303955     -0.00300293     -0.00296631     -0.00286865     
-0.00290527     -0.00284424     -0.00267334     -0.00274658     
-0.00273438     -0.00274658     -0.00270996     -0.00264893     
-0.00274658     -0.00264893     -0.00279541     -0.00275879     
-0.00274658     -0.00273438     -0.00274658     -0.00284424     
-0.00290527     -0.00279541     -0.00272217     -0.00267334     
-0.0026001     -0.00240479     -0.00241699     -0.00224609     
-0.00214844     -0.00214844     -0.00194092     -0.00196533     
-0.00196533     -0.00194092     -0.00205078     -0.00201416     
-0.0020874     -0.00223389     -0.00231934     -0.00240479     
-0.00245361     -0.00239258     -0.00258789     -0.00272217     
-0.00263672     -0.00264893     -0.00267334     -0.00267334     
-0.00267334     -0.0026123     -0.00264893     -0.00263672     
-0.002771     -0.00256348     -0.00264893     -0.00274658     
-0.0026123     -0.00274658     -0.00272217     -0.00279541     
-0.00292969     -0.00292969     -0.00310059     -0.00299072     
-0.00308838     -0.00299072     -0.00301514     -0.00297852     
-0.00299072     -0.00288086     -0.00275879     -0.0027832     
-0.00269775     -0.00269775     -0.00255127     -0.00252686     
-0.00262451     -0.00241699     -0.00250244     -0.00251465     
-0.00250244     -0.00253906     -0.00258789     -0.00251465     
-0.00262451     -0.00256348     -0.00255127     -0.00258789     
-0.00264893     -0.00255127     -0.00262451     -0.00258789     
-0.00264893     -0.00256348     -0.00252686     -0.00244141     
-0.00241699     -0.00233154     -0.00235596     -0.00233154     
-0.00235596     -0.00227051     -0.00228271     -0.00220947     
-0.00222168     -0.00235596     -0.00231934     -0.00244141     
-0.00252686     -0.00262451     -0.00266113     -0.00266113     
-0.00279541     -0.00284424     -0.00284424     -0.00292969     
-0.00291748     -0.00283203     -0.00290527     -0.00283203     
-0.00284424     -0.00292969     -0.00285645     -0.00283203     
-0.00286865     -0.00275879     -0.00286865     -0.00283203     
-0.00284424     -0.00285645     -0.00285645     -0.00286865     
-0.00310059     -0.00294189     -0.00294189     -0.00301514     
-0.00303955     -0.00292969     -0.0029541     -0.00291748     
-0.00291748     -0.00273438     -0.00272217     -0.002771     
-0.00258789     -0.0026001     -0.00257568     -0.00270996     
-0.00273438     -0.00270996     -0.002771     -0.00289307     
-0.00301514     -0.00299072     -0.00311279     -0.00325928     
-0.00324707     -0.00330811     -0.00330811     -0.00327148     
-0.00330811     -0.00317383     -0.003125     -0.00308838     
-0.00291748     -0.00285645     -0.00273438     -0.0026001     
-0.00257568     -0.0024292     -0.00253906     -0.00258789     
-0.00256348     -0.00262451     -0.00257568     -0.0026123     
-0.00274658     -0.00273438     -0.00263672     -0.00274658     
-0.00267334     -0.00253906     -0.00255127     -0.00244141     
-0.00245361     -0.00234375     -0.00227051     -0.00218506     
-0.00233154     -0.00214844     -0.00213623     -0.00212402     
-0.00234375     -0.0022583     -0.0022583     -0.00245361     
-0.00252686     -0.00247803     -0.00256348     -0.00264893     
-0.00268555     -0.002771     -0.00284424     -0.00279541     
-0.0029541     -0.00302734     -0.0029541     -0.003125     
-0.00307617     -0.00321045     -0.0032959     -0.00341797     
-0.00358887     -0.00356445     -0.003479     -0.00349121     
-0.00345459     -0.00343018     -0.00340576     -0.00325928     
-0.00322266     -0.00307617     -0.00291748     -0.00292969     
-0.00290527     -0.00274658     -0.00270996     -0.00270996     
-0.00272217     -0.0027832     -0.00275879     -0.00284424     
-0.00281982     -0.00290527     -0.00292969     -0.00297852     
-0.00301514     -0.00300293     -0.00310059     -0.00310059     
-0.00318604     -0.00313721     -0.00330811     -0.00318604     
-0.00323486     -0.00317383     -0.00318604     -0.0029541     
-0.00302734     -0.00294189     -0.00281982     -0.00275879     
-0.00272217     -0.00250244     -0.00250244     -0.00246582     
-0.0022583     -0.00218506     -0.00222168     -0.00223389     
-0.00218506     -0.00217285     -0.00223389     -0.00219727     
-0.0022583     -0.00218506     -0.00222168     -0.00233154     
-0.0024292     -0.00235596     -0.00244141     -0.00245361     
-0.00252686     -0.00253906     -0.00258789     -0.00251465     
-0.00267334     -0.0026123     -0.00251465     -0.00263672     
-0.00250244     -0.00245361     -0.00245361     -0.00235596     
-0.00239258     -0.00228271     -0.0022583     -0.00227051     
-0.00216064     -0.00216064     -0.00217285     -0.0020874     
-0.0020752     -0.00200195     -0.00194092     -0.00202637     
-0.00209961     -0.00200195     -0.00216064     -0.00222168     
-0.00240479     -0.00249023     -0.00253906     -0.00272217     
-0.00275879     -0.00292969     -0.00289307     -0.00305176     
-0.00308838     -0.00306396     -0.00297852     -0.0029541     
-0.0029541     -0.00296631     -0.00290527     -0.00279541     
-0.00281982     -0.00275879     -0.00275879     -0.00262451     
-0.0026123     -0.00262451     -0.00267334     -0.002771     
-0.00281982     -0.00268555     -0.00280762     -0.00289307     
-0.00279541     -0.00290527     -0.00291748     -0.00290527     
-0.00305176     -0.0029541     -0.00290527     -0.00296631     
-0.00297852     -0.00288086     -0.00285645     -0.00280762     
-0.00292969     -0.00288086     -0.00283203     -0.00292969     
-0.00281982     -0.00284424     -0.00294189     -0.00289307     
-0.00302734     -0.00292969     -0.00292969     -0.00291748     
-0.00297852     -0.00280762     -0.00283203     -0.00281982     
-0.00272217     -0.00269775     -0.0026123     -0.00262451     
-0.0026123     -0.00257568     -0.00253906     -0.00262451     
-0.00280762     -0.00268555     -0.00272217     -0.00285645     
-0.00284424     -0.00291748     -0.00290527     -0.00285645     
-0.00289307     -0.00281982     -0.00270996     -0.00258789     
-0.00252686     -0.00247803     -0.00251465     -0.00257568     
-0.00245361     -0.00250244     -0.00262451     -0.00253906     
-0.00258789     -0.00258789     -0.0026001     -0.00258789     
-0.00266113     -0.00255127     -0.00247803     -0.00233154     
-0.00235596     -0.00217285     -0.00209961     -0.00209961     
-0.00209961     -0.0019165     -0.00184326     -0.00183105     
-0.00195313     -0.00184326     -0.00194092     -0.00200195     
-0.00213623     -0.00216064     -0.00214844     -0.00229492     
-0.00244141     -0.00250244     -0.00247803     -0.0026123     
-0.00270996     -0.0026001     -0.00262451     -0.0026123     
-0.00252686     -0.00246582     -0.00252686     -0.00247803     
-0.00241699     -0.00236816     -0.00230713     -0.00233154     
-0.00228271     -0.00223389     -0.0022583     -0.00224609     
-0.00223389     -0.00230713     -0.00222168     -0.00218506     
-0.00229492     -0.00217285     -0.0022583     -0.00219727     
-0.0022583     -0.0022583     -0.00229492     -0.00220947     
-0.00233154     -0.00228271     -0.00228271     -0.00227051     
-0.00229492     -0.00224609     -0.00224609     -0.00223389     
-0.00228271     -0.00214844     -0.00227051     -0.00224609     
-0.00228271     -0.00228271     -0.00233154     -0.00229492     
-0.00240479     -0.00239258     -0.00235596     -0.00245361     
-0.00247803     -0.00240479     -0.00241699     -0.00244141     
-0.0024292     -0.00233154     -0.00224609     -0.00233154     
-0.00229492     -0.00224609     -0.00224609     -0.00230713     
-0.00227051     -0.00239258     -0.00247803     -0.00251465     
-0.00266113     -0.00269775     -0.00263672     -0.00275879     
-0.00269775     -0.0026001     -0.00256348     -0.00262451     
-0.00258789     -0.00235596     -0.00227051     -0.00216064     
-0.00214844     -0.00202637     -0.00205078     -0.00198975     
-0.00206299     -0.00203857     -0.00180664     -0.00197754     
-0.00213623     -0.00200195     -0.0020752     -0.00206299     
-0.00216064     -0.00223389     -0.00214844     -0.00213623     
-0.00219727     -0.00227051     -0.00227051     -0.00220947     
-0.00219727     -0.00222168     -0.00217285     -0.00209961     
-0.00220947     -0.00211182     -0.00211182     -0.00202637     
-0.0020874     -0.00203857     -0.00197754     -0.00198975     
-0.00205078     -0.0019165     -0.00195313     -0.0020874     
-0.00212402     -0.00202637     -0.00211182     -0.00212402     
-0.00214844     -0.00222168     -0.0020752     -0.00212402     
-0.00224609     -0.00214844     -0.00211182     -0.00217285     
-0.00213623     -0.00216064     -0.00217285     -0.00219727     
-0.00227051     -0.00216064     -0.00223389     -0.00213623     
-0.0020874     -0.00203857     -0.00205078     -0.00201416     
-0.00200195     -0.00187988     -0.00184326     -0.00194092     
-0.00200195     -0.00186768     -0.00195313     -0.00209961     
-0.00203857     -0.00206299     -0.0020752     -0.00219727     
-0.0020874     -0.00214844     -0.00219727     -0.00203857     
-0.00218506     -0.00202637     -0.00187988     -0.0019043     
-0.00195313     -0.00181885     -0.00185547     -0.00192871     
-0.00185547     -0.00177002     -0.00175781     -0.00179443     
-0.00187988     -0.00181885     -0.00187988     -0.00195313     
-0.00202637     -0.00197754     -0.00206299     -0.00206299     
-0.0020752     -0.0020752     -0.00209961     -0.00217285     
-0.00213623     -0.00218506     -0.00216064     -0.00209961     
-0.00219727     -0.0022583     -0.00209961     -0.00227051     
-0.00241699     -0.00238037     -0.00235596     -0.00249023     
-0.00267334     -0.00270996     -0.00283203     -0.00288086     
-0.00296631     -0.00301514     -0.00291748     -0.00297852     
-0.00290527     -0.002771     -0.00264893     -0.0026123     
-0.00255127     -0.00231934     -0.00228271     -0.00217285     
-0.00202637     -0.00197754     -0.00195313     -0.00195313     
-0.00200195     -0.00197754     -0.00198975     -0.0020874     
-0.00214844     -0.00217285     -0.00227051     -0.00233154     
-0.00229492     -0.00241699     -0.00229492     -0.00236816     
-0.00247803     -0.00241699     -0.00250244     -0.00250244     
-0.00256348     -0.00251465     -0.00252686     -0.00249023     
-0.00246582     -0.00246582     -0.00235596     -0.00238037     
-0.00235596     -0.00223389     -0.00213623     -0.00217285     
-0.0022583     -0.00218506     -0.00222168     -0.00235596     
-0.00246582     -0.00224609     -0.00236816     -0.0024292     
-0.00238037     -0.00246582     -0.00238037     -0.00247803     
-0.00249023     -0.0024292     -0.00230713     -0.00233154     
-0.00229492     -0.00217285     -0.00214844     -0.00202637     
-0.00201416     -0.0019043     -0.00184326     -0.00174561     
-0.00175781     -0.00166016     -0.00157471     -0.00162354     
-0.00161133     -0.00164795     -0.00162354     -0.00169678     
-0.00180664     -0.00186768     -0.0019165     -0.00201416     
-0.00220947     -0.00222168     -0.00235596     -0.00233154     
-0.00238037     -0.0024292     -0.00256348     -0.00255127     
-0.00270996     -0.00263672     -0.00258789     -0.00262451     
-0.00263672     -0.00251465     -0.00258789     -0.00253906     
-0.00249023     -0.00252686     -0.00238037     -0.00229492     
-0.00235596     -0.00244141     -0.00229492     -0.00245361     
-0.00244141     -0.00239258     -0.0024292     -0.00250244     
-0.00256348     -0.00249023     -0.00246582     -0.00251465     
-0.00251465     -0.00244141     -0.00234375     -0.00234375     
-0.00233154     -0.00228271     -0.00228271     -0.00231934     
-0.00241699     -0.00238037     -0.00236816     -0.0024292     
-0.00249023     -0.00256348     -0.00255127     -0.00263672     
-0.00262451     -0.00262451     -0.00263672     -0.00263672     
-0.00263672     -0.00258789     -0.0026001     -0.0026123     
-0.00264893     -0.00256348     -0.00262451     -0.0026123     
-0.00250244     -0.00256348     -0.00256348     -0.00252686     
-0.00266113     -0.00256348     -0.00256348     -0.00250244     
-0.00258789     -0.0024292     -0.00247803     -0.00249023     
-0.00247803     -0.00238037     -0.00228271     -0.0022583     
-0.00219727     -0.00216064     -0.00211182     -0.00197754     
-0.00201416     -0.00205078     -0.00198975     -0.00200195     
-0.00216064     -0.00212402     -0.00223389     -0.00223389     
-0.00236816     -0.00239258     -0.00241699     -0.00246582     
-0.00258789     -0.00262451     -0.00249023     -0.00262451     
-0.00264893     -0.00263672     -0.00267334     -0.00275879     
-0.00283203     -0.00268555     -0.00274658     -0.00275879     
-0.0027832     -0.00267334     -0.0026123     -0.00256348     
-0.00241699     -0.00236816     -0.00213623     -0.00214844     
-0.0020874     -0.0019165     -0.00200195     -0.00194092     
-0.00197754     -0.00198975     -0.00209961     -0.0022583     
-0.00231934     -0.0024292     -0.00247803     -0.00273438     
-0.0027832     -0.00283203     -0.00294189     -0.00301514     
-0.00310059     -0.00305176     -0.00297852     -0.00294189     
-0.00292969     -0.00294189     -0.00292969     -0.00292969     
-0.00297852     -0.00285645     -0.00274658     -0.00269775     
-0.00262451     -0.00252686     -0.00255127     -0.00239258     
-0.00227051     -0.00230713     -0.0020874     -0.00198975     
-0.00198975     -0.00187988     -0.00185547     -0.00179443     
-0.0019165     -0.00195313     -0.00198975     -0.00206299     
-0.00217285     -0.00212402     -0.00227051     -0.00241699     
-0.00253906     -0.00255127     -0.00258789     -0.00266113     
-0.00279541     -0.00275879     -0.0027832     -0.00280762     
-0.00281982     -0.00263672     -0.00245361     -0.00244141     
-0.00220947     -0.00224609     -0.00203857     -0.0019043     
-0.00192871     -0.00172119     -0.00167236     -0.00168457     
-0.00169678     -0.00159912     -0.00164795     -0.00177002     
-0.00180664     -0.00185547     -0.00197754     -0.00203857     
-0.00205078     -0.00211182     -0.00228271     -0.00228271     
-0.00245361     -0.00245361     -0.00244141     -0.00250244     
-0.00246582     -0.00241699     -0.00250244     -0.00255127     
-0.00263672     -0.00244141     -0.00239258     -0.00241699     
-0.00241699     -0.00235596     -0.00239258     -0.00233154     
-0.00244141     -0.00241699     -0.00235596     -0.00246582     
-0.00247803     -0.00247803     -0.00257568     -0.00262451     
-0.00273438     -0.00270996     -0.00256348     -0.00250244     
-0.00253906     -0.00249023     -0.00236816     -0.00233154     
-0.00227051     -0.00216064     -0.00195313     -0.00192871     
-0.00183105     -0.00162354     -0.00161133     -0.00161133     
-0.00147705     -0.00133057     -0.00135498     -0.00130615     
-0.00137939     -0.00141602     -0.00153809     -0.00158691     
-0.00172119     -0.00179443     -0.00197754     -0.00212402     
-0.00223389     -0.00238037     -0.00231934     -0.00253906     
-0.00264893     -0.00253906     -0.00256348     -0.00258789     
-0.00258789     -0.00256348     -0.00250244     -0.00246582     
-0.00255127     -0.00244141     -0.00239258     -0.0024292     
-0.00231934     -0.00229492     -0.00234375     -0.00224609     
-0.00233154     -0.00222168     -0.00216064     -0.00218506     
-0.00219727     -0.00217285     -0.00216064     -0.00205078     
-0.00201416     -0.00211182     -0.0019043     -0.00195313     
-0.00196533     -0.00181885     -0.00180664     -0.00172119     
-0.00170898     -0.00159912     -0.00158691     -0.00155029     
-0.00159912     -0.00151367     -0.00146484     -0.00147705     
-0.00151367     -0.00150146     -0.00145264     -0.00147705     
-0.00150146     -0.00148926     -0.0015625     -0.00169678     
-0.00179443     -0.00184326     -0.0019043     -0.00203857     
-0.00203857     -0.00209961     -0.00217285     -0.00219727     
-0.00227051     -0.00214844     -0.00218506     -0.00205078     
-0.00211182     -0.00201416     -0.00202637     -0.00203857     
-0.00209961     -0.00198975     -0.00198975     -0.00201416     
-0.0020874     -0.00202637     -0.00224609     -0.00217285     
-0.00223389     -0.00224609     -0.00217285     -0.00233154     
-0.00231934     -0.0022583     -0.00227051     -0.00227051     
-0.00231934     -0.0022583     -0.00227051     -0.00216064     
-0.00214844     -0.00211182     -0.0020752     -0.00206299     
-0.0020752     -0.00197754     -0.00195313     -0.00194092     
-0.0019043     -0.00177002     -0.00177002     -0.0017334     
-0.00163574     -0.00167236     -0.00161133     -0.00159912     
-0.00158691     -0.00162354     -0.00167236     -0.00178223     
-0.00196533     -0.00198975     -0.00200195     -0.00220947     
-0.00244141     -0.00251465     -0.0026001     -0.0027832     
-0.00273438     -0.00283203     -0.00286865     -0.00275879     
-0.00270996     -0.00257568     -0.00251465     -0.00233154     
-0.00223389     -0.00201416     -0.00196533     -0.00175781     
-0.00153809     -0.00153809     -0.00141602     -0.00136719     
-0.00136719     -0.00140381     -0.00133057     -0.00130615     
-0.00148926     -0.00137939     -0.00151367     -0.00157471     
-0.00162354     -0.00159912     -0.00172119     -0.00168457     
-0.00178223     -0.00183105     -0.00205078     -0.00189209     
-0.00206299     -0.00206299     -0.00200195     -0.00211182     
-0.0020752     -0.00201416     -0.00203857     -0.00195313     
-0.00195313     -0.00184326     -0.00183105     -0.00168457     
-0.00168457     -0.00153809     -0.00157471     -0.00147705     
-0.00146484     -0.0013916     -0.00142822     -0.00144043     
-0.00144043     -0.00142822     -0.00150146     -0.00155029     
-0.00164795     -0.00168457     -0.0017334     -0.00166016     
-0.00168457     -0.00189209     -0.00175781     -0.00185547     
-0.00192871     -0.00194092     -0.00185547     -0.00185547     
-0.00192871     -0.00186768     -0.00183105     -0.00186768     
-0.00194092     -0.00192871     -0.0019165     -0.00195313     
-0.0019043     -0.00192871     -0.00184326     -0.00186768     
-0.00201416     -0.0019043     -0.00201416     -0.0020874     
-0.00202637     -0.00213623     -0.0020874     -0.00220947     
-0.00214844     -0.00203857     -0.00200195     -0.00195313     
-0.00189209     -0.00181885     -0.00177002     -0.00167236     
-0.00174561     -0.00152588     -0.00152588     -0.00157471     
-0.00152588     -0.00152588     -0.00162354     -0.00157471     
-0.00172119     -0.00169678     -0.00169678     -0.00170898     
-0.00179443     -0.00167236     -0.00163574     -0.0017334     
-0.00172119     -0.00168457     -0.00158691     -0.00168457     
-0.0017334     -0.00166016     -0.00177002     -0.00177002     
-0.00194092     -0.00177002     -0.00181885     -0.00203857     
-0.00197754     -0.00194092     -0.00200195     -0.00201416     
-0.00195313     -0.00195313     -0.00194092     -0.00183105     
-0.00189209     -0.00183105     -0.00181885     -0.00181885     
-0.00185547     -0.00185547     -0.00187988     -0.00186768     
-0.00203857     -0.00189209     -0.00189209     -0.00196533     
-0.00206299     -0.00197754     -0.0019043     -0.00198975     
-0.00197754     -0.00200195     -0.00195313     -0.00206299     
-0.00218506     -0.00220947     -0.00216064     -0.00224609     
-0.00230713     -0.00239258     -0.00238037     -0.00238037     
-0.00249023     -0.00245361     -0.00233154     -0.00245361     
-0.00233154     -0.00223389     -0.0022583     -0.00214844     
-0.00211182     -0.00209961     -0.00213623     -0.0020874     
-0.00205078     -0.0020874     -0.00222168     -0.00223389     
-0.00236816     -0.00235596     -0.00241699     -0.00250244     
-0.00249023     -0.00247803     -0.00257568     -0.00257568     
-0.00268555     -0.00266113     -0.0026123     -0.00266113     
-0.00264893     -0.00249023     -0.00247803     -0.0024292     
-0.00247803     -0.00234375     -0.00233154     -0.00235596     
-0.00239258     -0.0022583     -0.00234375     -0.00244141     
-0.00246582     -0.00233154     -0.00251465     -0.00252686     
-0.00256348     -0.00251465     -0.00252686     -0.0026123     
-0.00262451     -0.00249023     -0.00264893     -0.00256348     
-0.00240479     -0.0024292     -0.00241699     -0.00233154     
-0.00236816     -0.00231934     -0.00222168     -0.00220947     
-0.00223389     -0.00223389     -0.00219727     -0.00228271     
-0.00231934     -0.00217285     -0.00227051     -0.00222168     
-0.0022583     -0.00223389     -0.0022583     -0.00220947     
-0.00224609     -0.00216064     -0.00211182     -0.00213623     
-0.0020752     -0.00200195     -0.00209961     -0.00196533     
-0.00197754     -0.0019165     -0.00185547     -0.00175781     
-0.00181885     -0.00169678     -0.0017334     -0.00172119     
-0.00175781     -0.00172119     -0.0015625     -0.00174561     
-0.00174561     -0.00167236     -0.00174561     -0.00170898     
-0.0017334     -0.00177002     -0.00177002     -0.0017334     
-0.00183105     -0.00196533     -0.00202637     -0.00214844     
-0.00219727     -0.00228271     -0.00238037     -0.0024292     
-0.00262451     -0.0026001     -0.00275879     -0.00270996     
-0.00283203     -0.00281982     -0.00281982     -0.00294189     
-0.00294189     -0.00284424     -0.00296631     -0.00291748     
-0.00300293     -0.00292969     -0.00294189     -0.00286865     
-0.00284424     -0.00279541     -0.0027832     -0.00274658     
-0.00275879     -0.0026001     -0.00252686     -0.00252686     
-0.00250244     -0.00246582     -0.00251465     -0.00255127     
-0.0026123     -0.00247803     -0.00245361     -0.00251465     
-0.00253906     -0.00246582     -0.00255127     -0.00255127     
-0.00263672     -0.00251465     -0.00255127     -0.00255127     
-0.00262451     -0.00245361     -0.00238037     -0.00246582     
-0.00240479     -0.00231934     -0.00219727     -0.00218506     
-0.00219727     -0.00209961     -0.00203857     -0.00187988     
-0.0020874     -0.00196533     -0.00187988     -0.00196533     
-0.00205078     -0.00201416     -0.00196533     -0.0020874     
-0.00216064     -0.00223389     -0.00219727     -0.00214844     
-0.00223389     -0.00224609     -0.00223389     -0.00236816     
-0.00228271     -0.00224609     -0.00228271     -0.00220947     
-0.00230713     -0.00222168     -0.00228271     -0.00222168     
-0.00233154     -0.00216064     -0.00216064     -0.00209961     
-0.00211182     -0.00200195     -0.00194092     -0.00201416     
-0.00202637     -0.00179443     -0.00183105     -0.00172119     

