Source : transient; Time : Wed Jun 14 07:21:08 2017
B0 = 3660.000000 Gauss, mw = 9.686281 GHz
 NDI-T2 sa261 20/2 42/25 523nm/1mJ
1 5000 -1.001e-06 8.997e-06 0 0
s                        V                                                 
0.000415039     0.000402832     0.000463867     0.00045166     
0.000537109     0.000537109     0.000427246     0.000439453     
0.000500488     0.000402832     0.000378418     0.000366211     
0.000146484     0.000219727     9.76563e-05     6.10352e-05     
0.000158691     0.000109863     0.00012207     7.32422e-05     
0.000134277     0.000170898     8.54492e-05     0.00012207     
0.000341797     0.000244141     0.000219727     0.000268555     
0.000402832     0.00045166     0.000280762     0.00032959     
0.000390625     0.000439453     0.000244141     0.000146484     
0.000134277     0.000146484     -7.32422e-05     -0.00012207     
-2.44141e-05     0     -0.000183105     -0.000146484     
-0.000146484     -3.66211e-05     -2.44141e-05     -7.32422e-05     
9.76563e-05     0.000183105     0.00020752     3.66211e-05     
0.000158691     0.000170898     0.00020752     -2.44141e-05     
0.000195313     0.000195313     3.66211e-05     2.44141e-05     
0.000109863     0.000195313     -1.2207e-05     9.76563e-05     
0.000158691     0.000219727     8.54492e-05     -1.2207e-05     
9.76563e-05     0.000158691     3.66211e-05     -3.66211e-05     
2.44141e-05     6.10352e-05     6.10352e-05     -8.54492e-05     
0.000134277     9.76563e-05     0.00012207     7.32422e-05     
0.000183105     0.000256348     0.000158691     0.000280762     
0.000256348     0.000292969     0.000183105     0.000244141     
0.000292969     0.000341797     0.000231934     0.00020752     
0.000244141     0.00032959     0.000195313     0.00012207     
0.000195313     0.00020752     0.000134277     6.10352e-05     
0.000195313     7.32422e-05     3.66211e-05     -7.32422e-05     
0.000219727     7.32422e-05     0     0     
4.88281e-05     0.000146484     0     8.54492e-05     
0.00012207     0.000195313     4.88281e-05     0.000109863     
0.000170898     0.000146484     7.32422e-05     6.10352e-05     
0.00012207     0.000231934     0.000305176     0.000195313     
0.000378418     0.000439453     0.00032959     0.000390625     
0.000561523     0.000671387     0.000634766     0.00065918     
0.000671387     0.000842285     0.000695801     0.000805664     
0.000878906     0.000915527     0.000793457     0.000756836     
0.000769043     0.000817871     0.000622559     0.00057373     
0.000585938     0.000561523     0.000427246     0.000256348     
0.000317383     0.000366211     0.000256348     0.00020752     
0.000354004     0.000292969     0.000354004     0.000354004     
0.000427246     0.000561523     0.000415039     0.000354004     
0.000488281     0.000598145     0.000378418     0.000415039     
0.000378418     0.000354004     0.000341797     0.000231934     
0.00032959     0.000317383     0.000219727     0.000195313     
0.000231934     0.000195313     0.000134277     0     
0.00020752     0.00020752     0.00012207     0.000195313     
0.00020752     0.000402832     0.000219727     0.000415039     
0.000524902     0.000598145     0.000524902     0.000646973     
0.000695801     0.000756836     0.00078125     0.000744629     
0.000720215     0.000805664     0.000720215     0.000683594     
0.000598145     0.000720215     0.000561523     0.000512695     
0.000646973     0.000549316     0.000512695     0.00045166     
0.000537109     0.000476074     0.000341797     0.000402832     
0.000366211     0.000341797     0.000341797     0.000341797     
0.000244141     0.000512695     0.000415039     0.00045166     
0.000585938     0.000671387     0.000634766     0.000634766     
0.000598145     0.000756836     0.000561523     0.00045166     
0.000598145     0.000512695     0.000354004     0.000231934     
0.000195313     0.000292969     8.54492e-05     0.00012207     
0.000244141     0.000280762     0.000109863     0.00020752     
0.000317383     0.000354004     0.000305176     0.000378418     
0.000427246     0.000561523     0.000500488     0.000549316     
0.000732422     0.00078125     0.000695801     0.000671387     
0.000842285     0.000805664     0.000830078     0.000817871     
0.000927734     0.00100098     0.000964355     0.00078125     
0.000866699     0.000866699     0.000671387     0.000646973     
0.00065918     0.000732422     0.000512695     0.000622559     
0.000585938     0.000585938     0.000524902     0.000366211     
0.000476074     0.000537109     0.000378418     0.000354004     
0.000439453     0.000415039     0.000390625     0.000317383     
0.000366211     0.000402832     0.000280762     0.000305176     
0.000280762     0.000378418     0.000219727     0.000341797     
0.000366211     0.000366211     0.00032959     0.000354004     
0.000390625     0.000415039     0.000366211     0.000354004     
0.000366211     0.000390625     0.000195313     0.000146484     
0.00020752     0.000183105     2.44141e-05     -6.10352e-05     
-0.000109863     -9.76563e-05     -0.000244141     -0.00045166     
-0.000366211     -0.000488281     -0.000610352     -0.000610352     
-0.00065918     -0.000585938     -0.000646973     -0.00057373     
-0.000537109     -0.000390625     -0.000427246     -0.000244141     
-8.54492e-05     -0.00012207     -7.32422e-05     -4.88281e-05     
6.10352e-05     0.000146484     0     3.66211e-05     
6.10352e-05     0.000146484     0     2.44141e-05     
0.000109863     3.66211e-05     -6.10352e-05     -0.000158691     
-0.000195313     -0.00012207     -0.000354004     -0.000292969     
-0.000146484     -0.000146484     -0.000268555     -0.000170898     
-0.000109863     3.66211e-05     -0.000109863     0     
0.000146484     0.00020752     0.000219727     0.000146484     
0.000219727     0.000292969     0.000219727     2.44141e-05     
0.000280762     0.000280762     0.000146484     -2.44141e-05     
1.2207e-05     0.000158691     -4.88281e-05     -0.00012207     
-8.54492e-05     -3.66211e-05     -0.00020752     -0.000146484     
-0.000195313     -0.000134277     -8.54492e-05     -0.000134277     
-6.10352e-05     0     -2.44141e-05     -2.44141e-05     
-2.44141e-05     0.000170898     9.76563e-05     2.44141e-05     
0.000280762     0.000256348     0.000170898     0.000256348     
0.000354004     0.000366211     0.000268555     0.00045166     
0.000476074     0.000463867     0.000427246     0.00045166     
0.000415039     0.000488281     0.000317383     0.00020752     
0.000341797     0.000268555     7.32422e-05     8.54492e-05     
0.00012207     0.000158691     9.76563e-05     7.32422e-05     
0.000231934     0.000158691     0.000231934     0.000231934     
0.000354004     0.000341797     0.000317383     0.000378418     
0.000427246     0.000524902     0.000366211     0.000476074     
0.000402832     0.000549316     0.000439453     0.000402832     
0.000561523     0.000500488     0.000415039     0.000415039     
0.000402832     0.000402832     0.00012207     0.000244141     
0.000268555     0.000170898     0.000170898     0.000134277     
2.44141e-05     0.000134277     6.10352e-05     -3.66211e-05     
0     0.000158691     4.88281e-05     6.10352e-05     
3.66211e-05     0.000219727     9.76563e-05     0.000170898     
0.000366211     0.000476074     0.000317383     0.000390625     
0.000476074     0.000537109     0.000390625     0.00032959     
0.000366211     0.000244141     9.76563e-05     -0.00012207     
-6.10352e-05     -0.000195313     -0.000231934     -0.000439453     
-0.000268555     -0.000158691     -0.000219727     -0.000109863     
-2.44141e-05     0.000109863     0.00020752     0.000366211     
0.000488281     0.000769043     0.000805664     0.000830078     
0.0010376     0.00111084     0.00100098     0.00113525     
0.0010498     0.00115967     0.00101318     0.000964355     
0.00098877     0.000842285     0.000744629     0.000695801     
0.000695801     0.000671387     0.000463867     0.000512695     
0.000378418     0.000427246     0.000280762     0.000219727     
0.000268555     0.000244141     0.000183105     0.000219727     
0.000170898     0.000183105     0.000170898     9.76563e-05     
0.00020752     0.000317383     0.000268555     0.000305176     
0.000366211     0.000366211     0.00032959     0.000134277     
0.000439453     0.000378418     0.000305176     0.00032959     
0.000317383     0.000415039     0.000256348     0.000317383     
0.000415039     0.000500488     0.000305176     0.000378418     
0.000500488     0.000488281     0.000354004     0.00045166     
0.000488281     0.000390625     0.00032959     0.000366211     
0.00045166     0.000463867     0.000427246     0.00032959     
0.000463867     0.000476074     0.000341797     0.000183105     
0.000378418     0.000402832     0.00012207     6.10352e-05     
0.000146484     0.000256348     6.10352e-05     2.44141e-05     
0.000195313     0.000280762     0.000183105     0.000280762     
0.000390625     0.000610352     0.000549316     0.000537109     
0.00065918     0.000744629     0.000610352     0.000671387     
0.000769043     0.00078125     0.000720215     0.000744629     
0.000793457     0.0010376     0.000952148     0.00119629     
0.00159912     0.00187988     0.00201416     0.00244141     
0.00275879     0.00332031     0.0036499     0.00402832     
0.00467529     0.00524902     0.0055542     0.0060791     
0.006604     0.00714111     0.00761719     0.00792236     
0.00849609     0.00891113     0.00916748     0.00955811     
0.00998535     0.0102905     0.0104126     0.0109009     
0.0112549     0.0114624     0.011853     0.0122314     
0.0125977     0.0129883     0.0133667     0.0136475     
0.0141479     0.0146118     0.0149048     0.0152466     
0.0156616     0.0160034     0.0161743     0.0165405     
0.0169434     0.0171997     0.0175171     0.0176758     
0.0180298     0.0181641     0.0184448     0.018811     
0.019043     0.0193604     0.0194458     0.0197632     
0.0199097     0.0203247     0.0204834     0.020752     
0.0211548     0.0213135     0.021582     0.0217529     
0.0220093     0.0223755     0.0225098     0.0228027     
0.0231812     0.0233521     0.0236572     0.0238037     
0.0241455     0.0244385     0.024585     0.0249634     
0.0251953     0.0255493     0.0257202     0.026062     
0.0262695     0.0265747     0.0266479     0.0269409     
0.0271729     0.0273804     0.0273438     0.0275635     
0.02771     0.0278687     0.0280029     0.0282104     
0.0284302     0.0286133     0.0287109     0.0289063     
0.0291992     0.0294067     0.0296509     0.0297119     
0.0299927     0.0303467     0.0303833     0.0304932     
0.0308472     0.0311523     0.0310791     0.0314209     
0.0316284     0.0318481     0.0319702     0.0321167     
0.0324829     0.0326294     0.0326904     0.0328003     
0.03302     0.0331543     0.0331543     0.0331909     
0.0333496     0.0335571     0.0333618     0.0334839     
0.0336548     0.0336548     0.0335327     0.0335327     
0.0335205     0.0336426     0.0335205     0.0334229     
0.0335938     0.033728     0.0336426     0.0338013     
0.0338623     0.0340088     0.0339722     0.0340454     
0.0341431     0.0342773     0.0342896     0.0342407     
0.0342896     0.034314     0.0342529     0.0342529     
0.034436     0.034375     0.0342651     0.034375     
0.0343262     0.0343628     0.0342896     0.034375     
0.0343872     0.0344727     0.0343506     0.0344116     
0.0345093     0.034436     0.034375     0.034314     
0.0344604     0.0344482     0.0342651     0.0341675     
0.0342529     0.0341675     0.034021     0.0339355     
0.0339844     0.0339722     0.0338013     0.0338013     
0.0337402     0.0337524     0.0335815     0.0335449     
0.0335815     0.0337524     0.0335205     0.0335083     
0.0335205     0.0335083     0.0332642     0.0333008     
0.0332764     0.0331299     0.0331177     0.0330566     
0.0329712     0.0329346     0.0328613     0.032666     
0.0329224     0.0328369     0.0328979     0.0328491     
0.0328979     0.0330078     0.0327881     0.0328369     
0.0328857     0.0329712     0.0326538     0.032666     
0.0326538     0.0324829     0.0323608     0.0321411     
0.032019     0.0319214     0.0317139     0.0315552     
0.0313599     0.0312866     0.0311035     0.0308838     
0.030896     0.0307007     0.0305176     0.0303955     
0.0302368     0.0301514     0.029895     0.0298706     
0.0297729     0.0297729     0.029541     0.0294556     
0.0293579     0.0293091     0.0290161     0.0289307     
0.0287964     0.0286621     0.0284302     0.0281738     
0.0280029     0.027771     0.0275269     0.0273438     
0.0272217     0.0270996     0.0268677     0.0266602     
0.0265625     0.026416     0.0261597     0.0260254     
0.0259888     0.0258423     0.0256714     0.0255371     
0.0253784     0.0254517     0.0251465     0.0251465     
0.0251953     0.0251099     0.0249756     0.0248047     
0.0247559     0.0246338     0.0243652     0.0242065     
0.0242676     0.0239624     0.0237427     0.0236328     
0.0234375     0.023291     0.0229736     0.022876     
0.0226807     0.0227539     0.0223633     0.0222778     
0.0220825     0.0221313     0.0218872     0.0217773     
0.021814     0.0217407     0.02146     0.0214722     
0.0213135     0.0212524     0.0210571     0.0209351     
0.0208618     0.0208862     0.0207397     0.02052     
0.0206421     0.0205322     0.0204224     0.0202393     
0.0202637     0.0201416     0.0199097     0.0197754     
0.0197144     0.0196289     0.0193115     0.0192139     
0.0192383     0.0190674     0.0190186     0.0188232     
0.0188599     0.0187866     0.0185425     0.0184814     
0.0184937     0.0184937     0.018396     0.0180298     
0.0181519     0.0180054     0.0178467     0.0177612     
0.017688     0.0176392     0.0173462     0.0173218     
0.0172852     0.0172241     0.0169189     0.01698     
0.0169922     0.0168457     0.0166382     0.0165283     
0.0164551     0.0164307     0.0161499     0.0160889     
0.0161621     0.0160767     0.0158203     0.0157715     
0.0157715     0.0156494     0.0156128     0.0154297     
0.015564     0.0154175     0.0153442     0.0153076     
0.01521     0.0151855     0.0150635     0.0151123     
0.0149414     0.0150635     0.0148438     0.0147827     
0.0148193     0.0146484     0.014502     0.0144165     
0.0144287     0.0144165     0.01427     0.0142212     
0.01427     0.0142578     0.0141479     0.0140869     
0.0141602     0.014209     0.0140381     0.0140015     
0.0139038     0.0139648     0.0136475     0.0136719     
0.0135132     0.0135498     0.0133911     0.0132935     
0.0132568     0.0131836     0.0130005     0.0130127     
0.0131958     0.0131714     0.0130737     0.0130371     
0.0131226     0.0131348     0.0130859     0.0130371     
0.0131348     0.0130981     0.0131226     0.0130249     
0.0130371     0.013147     0.0129883     0.0129028     
0.0130615     0.0130371     0.0127319     0.012793     
0.0127686     0.0126953     0.0124878     0.0124023     
0.0124268     0.0123413     0.0122192     0.0121948     
0.0121216     0.0121704     0.0121704     0.0120483     
0.0122314     0.0123901     0.0123291     0.0123901     
0.0124878     0.0126465     0.0125     0.0125732     
0.0125977     0.0126709     0.012439     0.0123535     
0.0123657     0.0122925     0.012146     0.0121216     
0.0121704     0.0122437     0.0121826     0.0121704     
0.0122559     0.0123047     0.0122803     0.0123413     
0.012439     0.0124512     0.0123657     0.0122314     
0.0123901     0.0122192     0.0121216     0.0121338     
0.0120117     0.0120483     0.0118652     0.0118042     
0.0118042     0.0118896     0.0116943     0.0118164     
0.0119507     0.0119995     0.0120972     0.0121826     
0.0123291     0.0125     0.012439     0.0124268     
0.0127197     0.0127319     0.0127075     0.0126709     
0.012793     0.0128662     0.0127319     0.0127441     
0.0128174     0.0127319     0.0127441     0.0127808     
0.0128296     0.0129639     0.0128906     0.0130005     
0.0130981     0.013147     0.0130859     0.0131714     
0.0132568     0.0133057     0.0131104     0.0131592     
0.0132568     0.0131958     0.0131592     0.0130249     
0.013147     0.0131226     0.0130737     0.0130859     
0.0132324     0.0134155     0.013269     0.0134277     
0.0135132     0.0136597     0.0134644     0.0136475     
0.0137085     0.013855     0.0137817     0.0137939     
0.0139282     0.0140137     0.0139038     0.0139648     
0.0141113     0.0141602     0.0140869     0.0140869     
0.0142212     0.0143066     0.0141602     0.01427     
0.0143799     0.0144165     0.0142456     0.0143311     
0.0143677     0.0144897     0.0143433     0.0143921     
0.0145752     0.0147095     0.0145752     0.0147339     
0.0147949     0.0148804     0.0148682     0.0148438     
0.0150269     0.0150513     0.0148682     0.0149048     
0.0149658     0.0148926     0.0148315     0.0147217     
0.0149658     0.0149048     0.0147949     0.0148804     
0.0148071     0.0148682     0.0146851     0.0147095     
0.0146606     0.0146118     0.0143555     0.0142578     
0.01427     0.0141846     0.0140259     0.0139771     
0.0140991     0.0140747     0.0138916     0.0139893     
0.0140503     0.0140747     0.0140137     0.0140747     
0.0141846     0.0142822     0.0141479     0.0141113     
0.0142822     0.0143677     0.0142456     0.0143311     
0.0143433     0.014502     0.0144653     0.014563     
0.0146484     0.0146729     0.0146362     0.0146484     
0.0147339     0.0148438     0.0148071     0.0147095     
0.0147461     0.0148926     0.0147705     0.014624     
0.0148071     0.0146729     0.014624     0.0146484     
0.0146606     0.0148071     0.0146362     0.0147095     
0.0148682     0.0149902     0.014917     0.0150757     
0.0151978     0.0152344     0.0152954     0.0152466     
0.015332     0.0154053     0.0151978     0.01521     
0.0151733     0.0151367     0.0149902     0.0146973     
0.014856     0.0146851     0.0145142     0.0144409     
0.0144897     0.014502     0.0143799     0.0143188     
0.0143188     0.0144165     0.0143433     0.0142944     
0.0142578     0.0142822     0.0140747     0.0140015     
0.0139771     0.013916     0.0137573     0.013623     
0.0135742     0.013562     0.0133789     0.0132202     
0.0132202     0.013269     0.013208     0.0129395     
0.0130859     0.0130005     0.012854     0.0128784     
0.0129761     0.0129639     0.0127563     0.0128418     
0.0128418     0.0129639     0.0128174     0.0127808     
0.0129761     0.0129395     0.0129395     0.0129395     
0.0128906     0.0130005     0.0128906     0.0128662     
0.0130249     0.0128906     0.0128052     0.0128174     
0.0128418     0.012793     0.0126465     0.012561     
0.0125244     0.0124756     0.0122681     0.0121094     
0.012085     0.012085     0.0118774     0.0116455     
0.0117188     0.0115967     0.0113525     0.0114136     
0.011377     0.011377     0.0111572     0.0110962     
0.0112061     0.0111816     0.011084     0.0109253     
0.0109375     0.0108887     0.0107544     0.0106323     
0.0106812     0.0106323     0.0104858     0.0104736     
0.0103882     0.0105225     0.0101929     0.0102783     
0.0102539     0.0103149     0.0102417     0.0101318     
0.0103271     0.0102173     0.010083     0.0101074     
0.0101563     0.010144     0.0101563     0.010144     
0.0100098     0.0101685     0.0100098     0.00994873     
0.0100342     0.00992432     0.00974121     0.009729     
0.00968018     0.00979004     0.00965576     0.00960693     
0.00963135     0.00965576     0.00961914     0.00970459     
0.00981445     0.00994873     0.0098999     0.00986328     
0.0100342     0.0100464     0.00996094     0.00994873     
0.00997314     0.00994873     0.00983887     0.00968018     
0.00983887     0.00963135     0.00936279     0.00931396     
0.00914307     0.00913086     0.00880127     0.00871582     
0.00866699     0.00870361     0.00852051     0.00848389     
0.00844727     0.00842285     0.00839844     0.00834961     
0.00849609     0.00849609     0.00831299     0.00830078     
0.00827637     0.00819092     0.00811768     0.00804443     
0.00784912     0.00787354     0.00777588     0.00762939     
0.00756836     0.00777588     0.00751953     0.00754395     
0.00756836     0.00765381     0.00755615     0.00749512     
0.00759277     0.00767822     0.00751953     0.00762939     
0.00770264     0.00778809     0.00765381     0.00762939     
0.00767822     0.00766602     0.00753174     0.00734863     
0.00748291     0.00732422     0.00722656     0.00701904     
0.00700684     0.00703125     0.00679932     0.00657959     
0.00657959     0.00657959     0.00637207     0.00635986     
0.00626221     0.00625     0.00611572     0.00600586     
0.00617676     0.00612793     0.00604248     0.00605469     
0.00600586     0.00612793     0.00604248     0.00592041     
0.00606689     0.00604248     0.00595703     0.00585938     
0.00585938     0.00585938     0.00561523     0.00563965     
0.00563965     0.00563965     0.00545654     0.00550537     
0.00551758     0.00557861     0.00545654     0.00545654     
0.00557861     0.00567627     0.0055542     0.00565186     
0.00577393     0.00579834     0.00581055     0.00587158     
0.00593262     0.00598145     0.00600586     0.00600586     
0.00622559     0.00611572     0.00593262     0.00601807     
0.00610352     0.00595703     0.005896     0.00585938     
0.00570068     0.00582275     0.00561523     0.00574951     
0.005896     0.0059082     0.00585938     0.00581055     
0.00584717     0.00599365     0.00574951     0.0057373     
0.00578613     0.00570068     0.00560303     0.00549316     
0.00551758     0.00550537     0.00528564     0.00529785     
0.00529785     0.00541992     0.00527344     0.00544434     
0.00545654     0.00559082     0.00556641     0.00562744     
0.00577393     0.00583496     0.00581055     0.00583496     
0.00585938     0.00587158     0.00571289     0.0057373     
0.00592041     0.00583496     0.00582275     0.00587158     
0.00598145     0.00593262     0.0059082     0.00582275     
0.00588379     0.00600586     0.00579834     0.00568848     
0.00570068     0.00592041     0.00559082     0.00571289     
0.00576172     0.00576172     0.00568848     0.00568848     
0.00577393     0.00578613     0.00565186     0.00570068     
0.00576172     0.00584717     0.00583496     0.00587158     
0.00593262     0.00618896     0.00604248     0.00617676     
0.00639648     0.00637207     0.00634766     0.00643311     
0.00646973     0.00670166     0.00643311     0.00648193     
0.00668945     0.00666504     0.00662842     0.006604     
0.00665283     0.00667725     0.00657959     0.00665283     
0.00672607     0.00664063     0.00657959     0.00649414     
0.00651855     0.00648193     0.00646973     0.00640869     
0.00657959     0.00655518     0.00661621     0.00662842     
0.00670166     0.00681152     0.00667725     0.00681152     
0.00687256     0.00701904     0.00688477     0.00690918     
0.00690918     0.00695801     0.00688477     0.0067749     
0.00672607     0.0067749     0.00667725     0.00657959     
0.00657959     0.0065918     0.00648193     0.00646973     
0.00654297     0.00666504     0.00653076     0.00662842     
0.00657959     0.0067627     0.00661621     0.00672607     
0.00678711     0.00681152     0.00673828     0.00681152     
0.00686035     0.00686035     0.00670166     0.00681152     
0.00686035     0.00684814     0.00682373     0.00670166     
0.00665283     0.00670166     0.00665283     0.00657959     
0.00670166     0.00678711     0.00665283     0.00664063     
0.00666504     0.00690918     0.0067749     0.00681152     
0.00698242     0.00703125     0.00692139     0.00700684     
0.00700684     0.00701904     0.00693359     0.00697021     
0.00701904     0.00704346     0.00692139     0.0069458     
0.00686035     0.00678711     0.00678711     0.00662842     
0.00673828     0.00670166     0.00656738     0.00662842     
0.00665283     0.00665283     0.0065918     0.00662842     
0.00671387     0.00671387     0.00668945     0.00666504     
0.0067627     0.00679932     0.00665283     0.0067749     
0.00687256     0.00672607     0.00668945     0.00670166     
0.00670166     0.00667725     0.00655518     0.00649414     
0.00654297     0.00653076     0.00643311     0.00633545     
0.00644531     0.00634766     0.00621338     0.00621338     
0.00631104     0.00621338     0.00615234     0.00616455     
0.00620117     0.00635986     0.00612793     0.00623779     
0.00631104     0.00633545     0.00629883     0.00640869     
0.00639648     0.00650635     0.00635986     0.00649414     
0.00661621     0.00656738     0.00651855     0.00646973     
0.00643311     0.00644531     0.00627441     0.00632324     
0.00626221     0.00627441     0.00610352     0.00614014     
0.00595703     0.00615234     0.00604248     0.00604248     
0.00617676     0.00623779     0.00611572     0.00617676     
0.00632324     0.00634766     0.00627441     0.00634766     
0.00635986     0.0064209     0.00629883     0.00632324     
0.00649414     0.00645752     0.00646973     0.00638428     
0.00655518     0.00666504     0.00651855     0.00653076     
0.00661621     0.00673828     0.00655518     0.00670166     
0.0067627     0.00673828     0.00675049     0.00667725     
0.00679932     0.00697021     0.00686035     0.00689697     
0.00704346     0.0071167     0.00704346     0.00698242     
0.00695801     0.00699463     0.00678711     0.00672607     
0.00662842     0.00651855     0.00626221     0.0060791     
0.00587158     0.00595703     0.00560303     0.00552979     
0.0055542     0.00545654     0.00523682     0.00524902     
0.00524902     0.00535889     0.00526123     0.00517578     
0.00526123     0.0052002     0.00516357     0.00512695     
0.00507813     0.00509033     0.00510254     0.00491943     
0.00499268     0.00490723     0.00479736     0.00483398     
0.00477295     0.00483398     0.00478516     0.00476074     
0.00482178     0.00493164     0.00493164     0.00490723     
0.00515137     0.00516357     0.00512695     0.0052002     
0.00522461     0.00532227     0.00511475     0.00511475     
0.00513916     0.00500488     0.00495605     0.00477295     
0.00476074     0.00471191     0.00450439     0.00444336     
0.0043335     0.00439453     0.00412598     0.00415039     
0.00419922     0.00422363     0.00411377     0.00419922     
0.00429688     0.00439453     0.00427246     0.00428467     
0.00438232     0.00438232     0.00428467     0.00430908     
0.00428467     0.0043457     0.00418701     0.00419922     
0.00440674     0.00432129     0.0043335     0.0043457     
0.00444336     0.00458984     0.00454102     0.00465088     
0.00477295     0.00480957     0.00466309     0.00484619     
0.00488281     0.00493164     0.00494385     0.00496826     
0.00511475     0.00511475     0.0050293     0.00510254     
0.00515137     0.00517578     0.00515137     0.00501709     
0.0052124     0.00518799     0.00512695     0.0050415     
0.00511475     0.00498047     0.00483398     0.00474854     
0.00463867     0.00456543     0.0043335     0.00430908     
0.00412598     0.00407715     0.00394287     0.00390625     
0.00379639     0.00378418     0.00369873     0.00360107     
0.00375977     0.00374756     0.0036499     0.0036499     
0.00385742     0.00378418     0.00380859     0.00360107     
0.00372314     0.00373535     0.00354004     0.00352783     
0.00349121     0.003479     0.00338135     0.00343018     
0.00336914     0.00355225     0.00332031     0.00335693     
0.00362549     0.00355225     0.00352783     0.00355225     
0.0036499     0.00384521     0.00369873     0.00362549     
0.00383301     0.00374756     0.00368652     0.00360107     
0.00356445     0.00354004     0.00343018     0.00328369     
0.00332031     0.0032959     0.00310059     0.00308838     
0.0029541     0.00302734     0.00283203     0.00280762     
0.0029541     0.00299072     0.00275879     0.00286865     
0.00290527     0.00290527     0.00275879     0.00280762     
0.00284424     0.00283203     0.00274658     0.00267334     
0.00275879     0.00266113     0.00263672     0.00253906     
0.00257568     0.00270996     0.00258789     0.00258789     
0.0026123     0.00273438     0.00250244     0.00252686     
0.00267334     0.00269775     0.00262451     0.0026123     
0.00255127     0.0026001     0.00252686     0.00253906     
0.00272217     0.0027832     0.00279541     0.00285645     
0.00299072     0.00317383     0.00317383     0.00327148     
0.00341797     0.00343018     0.0034668     0.003479     
0.00349121     0.0034668     0.00334473     0.00327148     
0.00324707     0.00323486     0.00317383     0.00311279     
0.00303955     0.003125     0.00291748     0.00299072     
0.00313721     0.003125     0.00310059     0.00306396     
0.00307617     0.00308838     0.00299072     0.00299072     
0.00310059     0.00300293     0.00302734     0.00296631     
0.00305176     0.00308838     0.00300293     0.00311279     
0.00317383     0.0032959     0.00297852     0.00299072     
0.00306396     0.00307617     0.0029541     0.00294189     
0.00296631     0.00310059     0.0029541     0.00303955     
0.00319824     0.00313721     0.00313721     0.00313721     
0.00330811     0.00332031     0.00319824     0.00318604     
0.00311279     0.00325928     0.00305176     0.00292969     
0.00291748     0.00292969     0.00281982     0.00273438     
0.00270996     0.00272217     0.00257568     0.00258789     
0.00272217     0.00267334     0.00275879     0.00274658     
0.00291748     0.00296631     0.00290527     0.00281982     
0.00305176     0.00301514     0.00297852     0.00290527     
0.00288086     0.00300293     0.00279541     0.00284424     
0.0029541     0.00296631     0.00289307     0.00290527     
0.00291748     0.00311279     0.00310059     0.003125     
0.00333252     0.00343018     0.00330811     0.0032959     
0.00332031     0.00335693     0.00325928     0.00321045     
0.00334473     0.00334473     0.0032959     0.00330811     
0.00350342     0.00352783     0.00340576     0.00362549     
0.00368652     0.00372314     0.00374756     0.00380859     
0.00375977     0.00385742     0.00372314     0.00369873     
0.00374756     0.00375977     0.00368652     0.00368652     
0.00361328     0.00371094     0.00354004     0.00350342     
0.0036377     0.00352783     0.00355225     0.00343018     
0.00354004     0.00358887     0.00343018     0.00344238     
0.00357666     0.00367432     0.00366211     0.0036499     
0.00360107     0.00383301     0.00361328     0.00357666     
0.00373535     0.00360107     0.0036377     0.00361328     
0.00356445     0.00366211     0.003479     0.00352783     
0.00371094     0.00369873     0.00369873     0.00366211     
0.00361328     0.00380859     0.00371094     0.00362549     
0.00378418     0.00390625     0.00371094     0.00375977     
0.00378418     0.00386963     0.00366211     0.00369873     
0.00373535     0.00366211     0.00361328     0.00361328     
0.00357666     0.00362549     0.00355225     0.00345459     
0.00351563     0.00367432     0.00355225     0.00352783     
0.00367432     0.00360107     0.0036377     0.00357666     
0.0036377     0.00367432     0.0034668     0.00341797     
0.00336914     0.0034668     0.00311279     0.00306396     
0.00319824     0.00319824     0.00314941     0.00311279     
0.00317383     0.00334473     0.00319824     0.00332031     
0.00349121     0.00354004     0.00361328     0.00350342     
0.00361328     0.00367432     0.00352783     0.00350342     
0.00362549     0.00357666     0.00338135     0.00341797     
0.00328369     0.00328369     0.00314941     0.00311279     
0.00317383     0.00314941     0.00308838     0.00317383     
0.00316162     0.00325928     0.00327148     0.00325928     
0.00341797     0.00343018     0.00328369     0.00334473     
0.00338135     0.00334473     0.00324707     0.00313721     
0.00325928     0.00323486     0.00316162     0.00317383     
0.00322266     0.00333252     0.00325928     0.00332031     
0.00339355     0.00354004     0.00339355     0.00345459     
0.00362549     0.00366211     0.00356445     0.00355225     
0.00360107     0.00368652     0.00357666     0.00360107     
0.00361328     0.00357666     0.00356445     0.00355225     
0.00362549     0.00371094     0.00362549     0.0036499     
0.0036499     0.00372314     0.00362549     0.0036499     
0.00377197     0.00378418     0.00361328     0.0036499     
0.0036499     0.0036377     0.00352783     0.0034668     
0.00350342     0.00351563     0.00351563     0.00339355     
0.00333252     0.00341797     0.00327148     0.00319824     
0.00328369     0.00313721     0.00316162     0.00292969     
0.0029541     0.00305176     0.00279541     0.00283203     
0.0029541     0.00301514     0.00283203     0.00284424     
0.00281982     0.00294189     0.00283203     0.002771     
0.00283203     0.00284424     0.00272217     0.00273438     
0.00268555     0.0027832     0.00280762     0.00264893     
0.002771     0.00283203     0.00273438     0.00280762     
0.00280762     0.00289307     0.00269775     0.00268555     
0.00275879     0.00290527     0.00258789     0.00264893     
0.00256348     0.00264893     0.00253906     0.00253906     
0.00268555     0.00266113     0.00266113     0.00257568     
0.00264893     0.00272217     0.00256348     0.0026123     
0.00270996     0.00263672     0.00272217     0.00253906     
0.00264893     0.0026001     0.00256348     0.0024292     
0.00249023     0.00244141     0.00236816     0.00235596     
0.00222168     0.00235596     0.00209961     0.00214844     
0.00236816     0.00228271     0.00235596     0.00249023     
0.00245361     0.00264893     0.00262451     0.00266113     
0.0027832     0.00275879     0.00268555     0.00256348     
0.00251465     0.0024292     0.00222168     0.00203857     
0.00197754     0.00187988     0.00159912     0.00161133     
0.00155029     0.00155029     0.00133057     0.00137939     
0.00155029     0.00146484     0.00147705     0.0015625     
0.00157471     0.00169678     0.00159912     0.00159912     
0.00174561     0.00168457     0.00168457     0.00158691     
0.00168457     0.00162354     0.00159912     0.00145264     
0.00158691     0.00179443     0.00158691     0.00158691     
0.00166016     0.00174561     0.00157471     0.00166016     
0.00183105     0.00174561     0.00174561     0.00163574     
0.00183105     0.00185547     0.00174561     0.00178223     
0.0019165     0.00201416     0.00202637     0.0019043     
0.00205078     0.00209961     0.0019165     0.00198975     
0.00196533     0.00196533     0.0017334     0.00175781     
0.00172119     0.00170898     0.00151367     0.00157471     
0.00159912     0.00161133     0.00163574     0.00172119     
0.00167236     0.00180664     0.00177002     0.0017334     
0.00185547     0.00194092     0.00175781     0.00180664     
0.0019043     0.00189209     0.00186768     0.00175781     
0.00196533     0.00198975     0.00183105     0.00195313     
0.00187988     0.00187988     0.00167236     0.0017334     
0.00178223     0.00181885     0.00172119     0.00168457     
0.00180664     0.00184326     0.00179443     0.00183105     
0.00203857     0.00218506     0.00216064     0.00228271     
0.00245361     0.00244141     0.00241699     0.00247803     
0.0026123     0.00258789     0.00257568     0.00250244     
0.00252686     0.0026001     0.00234375     0.00231934     
0.00239258     0.00233154     0.00211182     0.00209961     
0.0020874     0.00209961     0.00200195     0.00197754     
0.00200195     0.00202637     0.00206299     0.00196533     
0.00200195     0.00205078     0.00197754     0.00175781     
0.00186768     0.00175781     0.00169678     0.0015625     
0.00147705     0.00164795     0.00148926     0.00141602     
0.00161133     0.00167236     0.00145264     0.00168457     
0.00164795     0.00183105     0.00180664     0.00175781     
0.00201416     0.00198975     0.00192871     0.00205078     
0.0020752     0.00212402     0.00217285     0.00209961     
0.00228271     0.00233154     0.00220947     0.00229492     
0.00244141     0.00250244     0.00240479     0.00244141     
0.00256348     0.00266113     0.00241699     0.00251465     
0.00253906     0.00253906     0.00241699     0.00244141     
0.00255127     0.00250244     0.00238037     0.00235596     
0.00239258     0.00246582     0.00233154     0.00230713     
0.00247803     0.00252686     0.0026001     0.00252686     
0.00268555     0.00281982     0.00280762     0.00296631     
0.003125     0.00310059     0.00296631     0.00301514     
0.00301514     0.00313721     0.00292969     0.00285645     
0.00300293     0.00296631     0.00284424     0.00286865     
0.00291748     0.00297852     0.00285645     0.00286865     
0.00300293     0.00294189     0.00279541     0.00283203     
0.00283203     0.0027832     0.00262451     0.0024292     
0.00245361     0.00244141     0.0020874     0.00206299     
0.00197754     0.00205078     0.00179443     0.00185547     
0.00194092     0.00206299     0.00197754     0.00214844     
0.00220947     0.00230713     0.00231934     0.00238037     
0.00255127     0.0026123     0.00257568     0.00262451     
0.00269775     0.00269775     0.00255127     0.00258789     
0.00274658     0.0027832     0.00269775     0.00272217     
0.00273438     0.00284424     0.00264893     0.00280762     
0.00270996     0.0027832     0.00270996     0.00267334     
0.00269775     0.00270996     0.00247803     0.00251465     
0.00255127     0.00255127     0.00250244     0.00246582     
0.00250244     0.00255127     0.00239258     0.00245361     
0.00255127     0.00256348     0.00249023     0.00253906     
0.00250244     0.00266113     0.0024292     0.00255127     
0.00272217     0.00272217     0.00262451     0.00266113     
0.00267334     0.00273438     0.00255127     0.00258789     
0.00270996     0.00268555     0.00258789     0.00256348     
0.00258789     0.00253906     0.00245361     0.00241699     
0.00258789     0.00250244     0.00252686     0.0026123     
0.00250244     0.00252686     0.00246582     0.00257568     
0.00249023     0.00264893     0.00258789     0.00246582     
0.0026001     0.00258789     0.00253906     0.00246582     
0.00257568     0.00262451     0.00256348     0.00257568     
0.00273438     0.00279541     0.00283203     0.00280762     
0.00291748     0.00303955     0.00294189     0.00286865     
0.00283203     0.00294189     0.00274658     0.00264893     
0.00273438     0.00267334     0.00240479     0.00234375     
0.00220947     0.0022583     0.00200195     0.00185547     
0.00202637     0.00194092     0.00196533     0.00192871     
0.00198975     0.00217285     0.00213623     0.00211182     
0.00236816     0.00250244     0.00250244     0.00239258     
0.00251465     0.00268555     0.00252686     0.00238037     
0.00235596     0.00244141     0.00213623     0.00217285     
0.00201416     0.00206299     0.00198975     0.00187988     
0.00205078     0.00196533     0.00179443     0.00186768     
0.00195313     0.0020752     0.00189209     0.00167236     
0.00186768     0.00178223     0.00168457     0.00170898     
0.00158691     0.00162354     0.00145264     0.00147705     
0.00151367     0.00152588     0.00145264     0.00146484     
0.00145264     0.00152588     0.00147705     0.00147705     
0.00155029     0.00163574     0.00159912     0.00157471     
0.0015625     0.0015625     0.00145264     0.00147705     
0.00161133     0.00155029     0.00147705     0.00146484     
0.00145264     0.00142822     0.0012207     0.00129395     
0.00134277     0.00129395     0.00111084     0.00115967     
0.00112305     0.00118408     0.000976563     0.0010376     
0.00134277     0.00126953     0.00131836     0.00142822     
0.00148926     0.00163574     0.00163574     0.00172119     
0.00201416     0.00200195     0.00206299     0.00202637     
0.00206299     0.0020874     0.00183105     0.00181885     
0.00180664     0.00177002     0.00167236     0.00161133     
0.00157471     0.00168457     0.00146484     0.00153809     
0.00172119     0.00167236     0.00155029     0.00161133     
0.0017334     0.00177002     0.00162354     0.00172119     
0.00183105     0.00175781     0.00168457     0.00172119     
0.00178223     0.00177002     0.00185547     0.00169678     
0.00195313     0.00212402     0.00205078     0.00198975     
0.00209961     0.00212402     0.00196533     0.00192871     
0.00196533     0.00197754     0.00181885     0.00164795     
0.00168457     0.00168457     0.00155029     0.00155029     
0.00163574     0.00166016     0.00170898     0.00172119     
0.00196533     0.00197754     0.00192871     0.00195313     
0.00213623     0.00212402     0.00196533     0.00198975     
0.00196533     0.00206299     0.00178223     0.00177002     
0.00183105     0.00177002     0.00170898     0.00168457     
0.00170898     0.00179443     0.00168457     0.00166016     
0.00175781     0.00174561     0.00157471     0.00168457     
0.00161133     0.00158691     0.00157471     0.00136719     
0.00155029     0.00148926     0.00134277     0.0013916     
0.00137939     0.00146484     0.00131836     0.00130615     
0.00129395     0.00134277     0.00119629     0.00112305     
0.00117188     0.0010498     0.00098877     0.000927734     
0.000976563     0.000939941     0.000830078     0.00078125     
0.000976563     0.000854492     0.000842285     0.000805664     
0.000952148     0.000854492     0.00078125     0.000756836     
0.000671387     0.000842285     0.000622559     0.000695801     
0.000830078     0.000817871     0.000756836     0.000756836     
0.000891113     0.000976563     0.000866699     0.00101318     
0.00112305     0.0012085     0.0012207     0.0012207     
0.00133057     0.00153809     0.00141602     0.00147705     
0.00178223     0.00178223     0.00170898     0.00169678     
0.00181885     0.00196533     0.00178223     0.00167236     
0.00178223     0.00184326     0.00175781     0.00179443     
0.00166016     0.00169678     0.00168457     0.00164795     
0.00170898     0.00179443     0.00166016     0.0017334     
0.00174561     0.00185547     0.00181885     0.00174561     
0.00186768     0.0019165     0.00179443     0.00179443     
0.00169678     0.00174561     0.00157471     0.00144043     
0.00150146     0.00142822     0.00134277     0.00126953     
0.00125732     0.00146484     0.00140381     0.00146484     
0.0015625     0.00183105     0.00181885     0.00187988     
0.00195313     0.00216064     0.00209961     0.0020874     
0.00218506     0.00227051     0.00219727     0.00213623     
0.00219727     0.0020874     0.00201416     0.00211182     
0.00219727     0.00211182     0.00203857     0.00209961     
0.00201416     0.00211182     0.0019043     0.00183105     
0.00197754     0.00189209     0.00187988     0.00178223     
0.00170898     0.00179443     0.00167236     0.00159912     
0.00184326     0.00168457     0.00169678     0.00167236     
0.0017334     0.00186768     0.00163574     0.00159912     
0.00167236     0.00175781     0.00152588     0.00148926     
0.00137939     0.00148926     0.0012207     0.00114746     
0.00126953     0.00130615     0.00118408     0.00118408     
0.00129395     0.00145264     0.00135498     0.00130615     
0.00152588     0.00158691     0.00148926     0.0013916     
0.00141602     0.00142822     0.00134277     0.00119629     
0.00140381     0.00144043     0.00124512     0.0012085     
0.00130615     0.0013916     0.00124512     0.00135498     
0.00133057     0.00142822     0.00151367     0.00146484     
0.00161133     0.0017334     0.00164795     0.00178223     
0.0019043     0.00189209     0.0019043     0.00184326     
0.00189209     0.00185547     0.00175781     0.00177002     
0.00179443     0.00169678     0.00147705     0.00146484     
0.00130615     0.00141602     0.00112305     0.00108643     
0.00118408     0.00107422     0.00107422     0.00111084     
0.00102539     0.00114746     0.00114746     0.00109863     
0.00125732     0.00125732     0.00123291     0.00124512     
0.00125732     0.00128174     0.00119629     0.0010376     
0.0012207     0.00113525     0.000939941     0.000964355     
0.00098877     0.00098877     0.000878906     0.000878906     
0.000915527     0.00114746     0.000952148     0.00101318     
0.00117188     0.00128174     0.00125732     0.00129395     
0.00140381     0.00153809     0.00148926     0.00147705     
0.00162354     0.00167236     0.00161133     0.00153809     
0.00167236     0.00175781     0.00167236     0.00166016     
0.00158691     0.00166016     0.00152588     0.00150146     
0.00145264     0.00148926     0.00136719     0.00133057     
0.00135498     0.00128174     0.00126953     0.00128174     
0.00137939     0.00131836     0.0012207     0.00128174     
0.00129395     0.00130615     0.00125732     0.00118408     
0.00136719     0.00128174     0.00130615     0.00119629     
0.00133057     0.00137939     0.00131836     0.00119629     
0.00126953     0.00141602     0.00125732     0.00114746     
0.00117188     0.0012207     0.00107422     0.00100098     
0.00107422     0.0010498     0.000866699     0.00098877     
0.000976563     0.00102539     0.00102539     0.000915527     
0.00113525     0.00117188     0.00109863     0.00118408     
0.00111084     0.00114746     0.000952148     0.000915527     
0.00098877     0.00101318     0.00090332     0.000793457     
0.000793457     0.000891113     0.000878906     0.000891113     
0.00107422     0.00114746     0.0012085     0.00119629     
0.00126953     0.00153809     0.00142822     0.00147705     
0.00166016     0.00158691     0.00155029     0.00151367     
0.00169678     0.00153809     0.00146484     0.00148926     
0.00161133     0.00155029     0.00146484     0.00142822     
0.00131836     0.00145264     0.00135498     0.00133057     
0.00152588     0.00130615     0.00128174     0.00126953     
0.00126953     0.00124512     0.00101318     0.0010498     
0.00117188     0.00114746     0.00107422     0.00102539     
0.00108643     0.00130615     0.00113525     0.00124512     
0.00130615     0.00146484     0.00125732     0.00137939     
0.0013916     0.00137939     0.00113525     0.00115967     
0.00118408     0.00118408     0.000976563     0.000878906     
0.000878906     0.000927734     0.000891113     0.000842285     
0.00101318     0.00111084     0.00118408     0.00119629     
0.0013916     0.00144043     0.00155029     0.00145264     
0.00157471     0.00178223     0.00158691     0.00152588     
0.00150146     0.00158691     0.00124512     0.00123291     
0.00119629     0.00108643     0.00098877     0.000842285     
0.000793457     0.000756836     0.00057373     0.000683594     
0.000634766     0.000744629     0.000744629     0.000708008     
0.000830078     0.000976563     0.000952148     0.00109863     
0.0012085     0.00133057     0.00130615     0.00145264     
0.00148926     0.00169678     0.00157471     0.00177002     
0.00187988     0.00196533     0.00196533     0.00197754     
0.00195313     0.00196533     0.00187988     0.00178223     
0.0019165     0.00186768     0.00170898     0.00164795     
0.00164795     0.00155029     0.00155029     0.00134277     
0.00151367     0.00146484     0.0013916     0.00133057     
0.00131836     0.00130615     0.00131836     0.00136719     
0.00140381     0.0015625     0.00141602     0.00142822     
0.00158691     0.00144043     0.00137939     0.00128174     
0.00137939     0.00137939     0.00128174     0.0012207     
0.00133057     0.00135498     0.00123291     0.0012207     
0.00133057     0.00140381     0.00130615     0.00130615     
0.00123291     0.00133057     0.0012207     0.00124512     
0.00133057     0.00133057     0.00125732     0.00126953     
0.00131836     0.00129395     0.00131836     0.00126953     
0.00137939     0.00148926     0.00145264     0.00144043     
0.00152588     0.00146484     0.00137939     0.00125732     
0.00140381     0.00134277     0.00123291     0.00114746     
0.00112305     0.00111084     0.00100098     0.000976563     
0.00112305     0.0012207     0.00107422     0.00117188     
0.00126953     0.00134277     0.00135498     0.00130615     
0.00157471     0.00167236     0.00150146     0.00164795     
0.00158691     0.00163574     0.0015625     0.00141602     
0.00151367     0.00141602     0.00125732     0.0012207     
0.00117188     0.00112305     0.000927734     0.00090332     
0.000891113     0.000915527     0.000695801     0.000720215     
0.000622559     0.000695801     0.000598145     0.000561523     
0.000683594     0.000683594     0.000634766     0.000744629     
0.000720215     0.000817871     0.000720215     0.000708008     
0.00078125     0.000793457     0.000769043     0.000622559     
0.00078125     0.000695801     0.000500488     0.000537109     
0.000671387     0.000671387     0.000598145     0.000817871     
0.000830078     0.0010498     0.00107422     0.00124512     
0.00144043     0.00142822     0.00153809     0.00159912     
0.00161133     0.00175781     0.0015625     0.00155029     
0.0017334     0.00163574     0.00150146     0.00146484     
0.00155029     0.00163574     0.00145264     0.00140381     
0.00148926     0.00150146     0.00125732     0.00129395     
0.00130615     0.00124512     0.000939941     0.00090332     
0.000927734     0.000793457     0.000585938     0.000634766     
0.000585938     0.000610352     0.000537109     0.000476074     
0.00065918     0.000732422     0.000622559     0.000524902     
0.000634766     0.000598145     0.000463867     0.000305176     
0.000341797     0.000378418     6.10352e-05     0     
-3.66211e-05     6.10352e-05     -0.000158691     -0.000134277     
-7.32422e-05     -2.44141e-05     -0.000109863     -2.44141e-05     
0.000109863     0.000231934     0.000170898     0.000280762     
0.000610352     0.000817871     0.000854492     0.000939941     
0.0012207     0.0013916     0.00136719     0.00140381     
0.00146484     0.00152588     0.00135498     0.00136719     
0.00123291     0.00126953     0.00101318     0.000927734     
0.00100098     0.000830078     0.000769043     0.000732422     
0.000756836     0.00078125     0.000720215     0.000720215     
0.00090332     0.000952148     0.000915527     0.00102539     
0.00106201     0.00119629     0.00119629     0.0012085     
0.00157471     0.00159912     0.00161133     0.0017334     
0.00175781     0.00189209     0.00175781     0.00181885     
0.00186768     0.00194092     0.00167236     0.00167236     
0.00174561     0.00166016     0.00150146     0.00141602     
0.00148926     0.00148926     0.00128174     0.00131836     
0.00134277     0.00124512     0.00113525     0.00114746     
0.00128174     0.00130615     0.00126953     0.00111084     
0.00113525     0.00118408     0.000976563     0.00102539     
0.00102539     0.00098877     0.000842285     0.000842285     
0.000842285     0.000927734     0.000732422     0.000830078     
0.00101318     0.00107422     0.000976563     0.00106201     
0.00113525     0.0012085     0.0012207     0.0012085     
0.00144043     0.00147705     0.00140381     0.00142822     
0.00155029     0.00162354     0.00151367     0.00140381     
0.00153809     0.00159912     0.00137939     0.00142822     
0.00135498     0.00141602     0.00126953     0.00124512     
0.00134277     0.00130615     0.00117188     0.0012207     
0.00112305     0.00119629     0.00114746     0.00101318     
0.00108643     0.00109863     0.000976563     0.000964355     
0.00098877     0.00107422     0.00098877     0.0010498     
0.00107422     0.00125732     0.00107422     0.00115967     
0.00113525     0.00130615     0.00119629     0.0012207     
0.00131836     0.00135498     0.0013916     0.00128174     
0.00133057     0.00145264     0.00125732     0.0012085     
0.00144043     0.00131836     0.00126953     0.00113525     
0.00119629     0.00106201     0.00090332     0.000927734     
0.000854492     0.000805664     0.000610352     0.000561523     
0.000402832     0.000561523     0.000354004     0.000292969     
0.000488281     0.000354004     0.000256348     0.000317383     
0.00032959     0.000390625     0.000354004     0.000415039     
0.000524902     0.000512695     0.000537109     0.000476074     
0.000390625     0.00057373     0.00045166     0.000354004     
0.000427246     0.000427246     0.000292969     0.000341797     
0.000366211     0.000378418     0.00032959     0.000402832     
0.000585938     0.000732422     0.000695801     0.000842285     
0.000939941     0.00119629     0.00115967     0.00118408     
0.00140381     0.00147705     0.00150146     0.00151367     
0.00168457     0.00169678     0.00163574     0.00150146     
0.00158691     0.00166016     0.00148926     0.00144043     
0.00148926     0.00159912     0.00130615     0.00146484     
0.00146484     0.00137939     0.00134277     0.00134277     
0.00141602     0.00141602     0.00118408     0.00115967     
0.00124512     0.00115967     0.0010376     0.00090332     
0.00098877     0.000939941     0.000769043     0.000769043     
0.000842285     0.000805664     0.000695801     0.000817871     
0.000830078     0.000891113     0.000720215     0.000756836     
0.000805664     0.000805664     0.000744629     0.000744629     
0.000634766     0.000769043     0.000720215     0.000708008     
0.000842285     0.000891113     0.000842285     0.000830078     
0.000964355     0.000976563     0.0010498     0.000964355     
0.00113525     0.00107422     0.000976563     0.00107422     
0.00100098     0.00109863     0.00101318     0.00107422     
0.00102539     0.00115967     0.00098877     0.0010498     
0.0010498     0.000952148     0.00090332     0.000866699     
0.000793457     0.000732422     0.000561523     0.000488281     
0.000524902     0.00045166     0.000341797     0.000256348     
0.000378418     0.000378418     0.000317383     0.000280762     
0.000366211     0.00045166     0.000244141     0.000219727     
0.000402832     0.000427246     0.000317383     0.000244141     
0.000439453     0.000500488     0.000427246     0.000390625     
0.000549316     0.000585938     0.000537109     0.000427246     
0.000524902     0.00057373     0.000366211     0.000244141     
0.000280762     0.000219727     0.00012207     -1.2207e-05     
-0.000109863     -1.2207e-05     -0.000158691     -0.000317383     
-0.000183105     -0.00020752     -0.000366211     -0.000195313     
-0.000231934     -2.44141e-05     3.66211e-05     1.2207e-05     
0.000256348     0.000402832     0.000488281     0.000695801     
0.000842285     0.000952148     0.0010376     0.00108643     
0.00136719     0.00134277     0.00129395     0.00137939     
0.00129395     0.00131836     0.00114746     0.00117188     
0.00114746     0.00108643     0.000915527     0.000976563     
0.000976563     0.00098877     0.000842285     0.000817871     
0.000878906     0.00090332     0.000756836     0.000708008     
0.000744629     0.000671387     0.00057373     0.000427246     
0.000524902     0.000390625     0.000354004     0.000195313     
0.000341797     0.000366211     0.000195313     0.000268555     
0.000427246     0.00032959     0.000366211     0.000476074     
0.000512695     0.00065918     0.000610352     0.00065918     
0.000891113     0.00098877     0.000915527     0.00109863     
0.00108643     0.00114746     0.00108643     0.00115967     
0.00126953     0.00113525     0.00118408     0.00118408     
0.00114746     0.00119629     0.00106201     0.00098877     
0.00108643     0.0012207     0.00100098     0.00108643     
0.00106201     0.00109863     0.000927734     0.000830078     
0.00114746     0.00107422     0.000976563     0.00102539     
0.00111084     0.00117188     0.00114746     0.00112305     
0.00130615     0.00141602     0.0013916     0.00146484     
0.00145264     0.00163574     0.00153809     0.0015625     
0.00168457     0.00172119     0.0015625     0.00157471     
0.00152588     0.00150146     0.0012207     0.00125732     
0.0012085     0.00123291     0.00100098     0.000952148     
0.000964355     0.00098877     0.000805664     0.000830078     
0.000866699     0.000927734     0.00078125     0.000671387     
0.000720215     0.000695801     0.000512695     0.000512695     
0.000512695     0.000512695     0.000378418     0.000390625     
0.000317383     0.000537109     0.000390625     0.000439453     
0.000549316     0.000646973     0.000622559     0.000671387     
0.000695801     0.000878906     0.000769043     0.000817871     
0.000952148     0.000976563     0.000805664     0.000793457     
0.000817871     0.000744629     0.000634766     0.000512695     
0.000683594     0.000537109     0.000427246     0.000488281     
0.000439453     0.000439453     0.00032959     0.000317383     
0.000280762     0.000390625     0.000256348     0.000256348     
0.000378418     0.000366211     0.000280762     0.000366211     
0.000524902     0.000549316     0.00045166     0.00057373     
0.000683594     0.000732422     0.000756836     0.00078125     
0.000878906     0.0010376     0.00100098     0.00101318     
0.00108643     0.00128174     0.0010376     0.00119629     
0.00126953     0.00126953     0.00107422     0.0010498     
0.0010376     0.000952148     0.000756836     0.000695801     
0.000744629     0.00065918     0.000549316     0.000476074     
0.000585938     0.000585938     0.000549316     0.000500488     
0.000805664     0.000769043     0.000793457     0.000842285     
0.000817871     0.00101318     0.0010376     0.000891113     
0.000976563     0.00109863     0.000976563     0.00101318     
0.000915527     0.0010498     0.00100098     0.000866699     
0.0010498     0.0010498     0.000878906     0.000915527     
0.000927734     0.00101318     0.00098877     0.000793457     
0.00098877     0.00098877     0.000915527     0.00090332     
0.000866699     0.00090332     0.000830078     0.000817871     
0.000891113     0.000915527     0.00078125     0.000805664     
0.00078125     0.000793457     0.000732422     0.000671387     
0.000683594     0.000769043     0.000610352     0.000634766     
0.00065918     0.00078125     0.000622559     0.000634766     
0.000842285     0.000756836     0.000744629     0.000744629     
0.000817871     0.000891113     0.000842285     0.000891113     
0.00098877     0.00109863     0.00107422     0.00109863     
0.0010498     0.00123291     0.00107422     0.000939941     
0.00111084     0.00107422     0.00101318     0.000952148     
0.000891113     0.000952148     0.000756836     0.000744629     
0.000939941     0.00078125     0.000793457     0.000744629     
0.000646973     0.000793457     0.000524902     0.000500488     
0.000537109     0.000488281     0.000427246     0.000427246     
0.000476074     0.000537109     0.000500488     0.00045166     
0.000671387     0.000744629     0.000646973     0.000634766     
0.000671387     0.000732422     0.000708008     0.000524902     
0.000561523     0.000634766     0.000463867     0.000317383     
0.000390625     0.000378418     0.000341797     0.000354004     
0.000463867     0.000585938     0.000463867     0.000537109     
0.000646973     0.000842285     0.000720215     0.000805664     
0.000817871     0.000842285     0.000830078     0.000744629     
0.000756836     0.000842285     0.000793457     0.000842285     
0.000842285     0.000878906     0.000939941     0.000805664     
0.000939941     0.00100098     0.000927734     0.00106201     
0.00108643     0.00118408     0.000964355     0.00106201     
0.00102539     0.00117188     0.000964355     0.000927734     
0.00102539     0.00101318     0.000878906     0.000817871     
0.000708008     0.000769043     0.000598145     0.000622559     
0.000720215     0.000561523     0.000476074     0.000500488     
0.000476074     0.000427246     0.000463867     0.000341797     
0.000512695     0.000390625     0.000341797     0.000366211     
0.000280762     0.000390625     0.000244141     0.000280762     
0.000280762     0.000402832     0.000280762     0.000219727     
0.000390625     0.000439453     0.000341797     0.000366211     
0.000354004     0.000427246     0.000256348     0.000158691     
0.00020752     0.000170898     -4.88281e-05     -8.54492e-05     
-3.66211e-05     -1.2207e-05     -0.000146484     -6.10352e-05     
-6.10352e-05     1.2207e-05     2.44141e-05     0.00020752     
0.000280762     0.00045166     0.000463867     0.000549316     
0.000622559     0.000769043     0.00065918     0.000695801     
0.000708008     0.000695801     0.000610352     0.00045166     
0.000476074     0.00045166     0.000256348     9.76563e-05     
0.000231934     0.000158691     -3.66211e-05     -6.10352e-05     
-2.44141e-05     2.44141e-05     -0.000146484     -0.000170898     
3.66211e-05     0.000158691     8.54492e-05     0.000256348     
0.000305176     0.000415039     0.000390625     0.000366211     
0.000610352     0.000622559     0.000427246     0.000354004     
0.000354004     0.000256348     6.10352e-05     -9.76563e-05     
-2.44141e-05     -6.10352e-05     -0.000219727     -0.00020752     
-0.000256348     -0.000109863     -0.000219727     -0.000109863     
0     0.000158691     0.000183105     0.000195313     
0.000354004     0.000512695     0.000415039     0.00045166     
0.00065918     0.000744629     0.000671387     0.000634766     
0.000805664     0.000866699     0.000720215     0.00065918     
0.000817871     0.000878906     0.00090332     0.00078125     
0.000915527     0.000915527     0.000952148     0.000964355     
0.0010376     0.00101318     0.0010376     0.00107422     
0.00101318     0.00114746     0.000964355     0.0010498     
0.00115967     0.0010376     0.00109863     0.00100098     
0.0010376     0.00112305     0.000842285     0.000769043     
0.000878906     0.00065918     0.00065918     0.000549316     
0.00045166     0.000390625     0.000305176     0.00020752     
0.000256348     0.000231934     0.000195313     9.76563e-05     
0.000195313     0.000256348     0.00012207     0.000280762     
0.000390625     0.000476074     0.000378418     0.000378418     
0.000463867     0.000415039     0.000268555     0.000256348     
0.000378418     0.000402832     0.000244141     0.000219727     
0.000268555     0.000268555     0.000170898     0.000158691     
0.000219727     0.000231934     0.000134277     0.000244141     
0.000268555     0.000292969     0.000158691     0.000292969     
0.000305176     0.00032959     0.000354004     0.000256348     
0.00032959     0.000341797     0.000158691     0.000219727     
0.000268555     0.000244141     0.000366211     0.00020752     
0.000280762     0.000354004     0.000305176     0.000305176     
0.000439453     0.000427246     0.000341797     0.000500488     
0.000378418     0.00045166     0.00020752     0.000244141     
0.000231934     0.00020752     8.54492e-05     1.2207e-05     
0.000146484     0.000244141     0.000183105     0.000109863     
0.000476074     0.000476074     0.000402832     0.000488281     
0.000646973     0.000683594     0.000671387     0.000537109     
0.000854492     0.000817871     0.000708008     0.000842285     
0.000915527     0.000927734     0.000805664     0.000817871     
0.000891113     0.00100098     0.000732422     0.00065918     
0.000756836     0.000732422     0.000561523     0.000512695     
0.000537109     0.000488281     0.000280762     0.000280762     
0.000280762     0.000219727     0.000109863     4.88281e-05     
0.000158691     0.000170898     0.000158691     0.000195313     
0.000244141     0.000476074     0.000305176     0.000439453     
0.000610352     0.000671387     0.000720215     0.000683594     
0.000842285     0.000866699     0.000708008     0.000769043     
0.000817871     0.000744629     0.000720215     0.00065918     
0.000683594     0.000732422     0.000695801     0.000671387     
0.000842285     0.000891113     0.000964355     0.000964355     
0.00098877     0.00117188     0.00112305     0.00098877     
0.00109863     0.00117188     0.00118408     0.00114746     
0.00112305     0.00115967     0.00117188     0.00115967     
0.00130615     0.00123291     0.00113525     0.00131836     
0.00119629     0.00128174     0.00124512     0.0010376     
0.00108643     0.00109863     0.000878906     0.000744629     
0.000866699     0.000866699     0.000598145     0.000671387     
0.000708008     0.000793457     0.000634766     0.000598145     
0.000634766     0.000744629     0.000634766     0.000549316     
0.000683594     0.000756836     0.000585938     0.000549316     
0.00057373     0.000634766     0.000488281     0.000549316     
0.000537109     0.000537109     0.000488281     0.00032959     
0.000512695     0.000646973     0.00045166     0.000622559     
0.000708008     0.000769043     0.000708008     0.000866699     
0.000866699     0.00111084     0.000854492     0.000878906     
0.00109863     0.000976563     0.000817871     0.000866699     
0.00090332     0.000805664     0.000634766     0.000671387     
0.00078125     0.000634766     0.00057373     0.000634766     
0.000622559     0.000769043     0.000634766     0.000585938     
0.000805664     0.000891113     0.000683594     0.000805664     
0.000769043     0.000891113     0.000830078     0.000769043     
0.000866699     0.00098877     0.000817871     0.000756836     
0.000830078     0.000866699     0.000646973     0.000683594     
0.000732422     0.000683594     0.000598145     0.00057373     
0.000561523     0.000598145     0.000646973     0.000537109     
0.000695801     0.000817871     0.000708008     0.000695801     
0.00065918     0.000854492     0.00057373     0.000585938     
0.000524902     0.000549316     0.000561523     0.000476074     
0.00057373     0.000634766     0.000476074     0.00057373     
0.000683594     0.000744629     0.000708008     0.000634766     
0.000756836     0.000842285     0.000671387     0.000720215     
0.000842285     0.000756836     0.000646973     0.000634766     
0.000708008     0.000683594     0.000390625     0.000390625     
0.000476074     0.000488281     0.000366211     0.000378418     
0.000280762     0.000317383     0.000158691     0.000183105     
0.000378418     0.000256348     0.000170898     0.000146484     
0.000195313     0.00020752     0.00020752     0.000134277     
0.000280762     0.000244141     0.000244141     0.000317383     
0.00032959     0.000463867     0.000341797     0.000366211     
0.000415039     0.000524902     0.000463867     0.000402832     
0.000549316     0.000524902     0.00045166     0.000463867     
0.000646973     0.000671387     0.000561523     0.000500488     
0.000646973     0.000646973     0.000622559     0.000549316     
0.000708008     0.000793457     0.000708008     0.000744629     
0.000720215     0.000939941     0.000793457     0.000878906     
0.000952148     0.00098877     0.000878906     0.000939941     
0.000939941     0.0010498     0.000830078     0.000878906     
0.00100098     0.000964355     0.000842285     0.00078125     
0.000830078     0.000830078     0.000598145     0.000512695     
0.000646973     0.000500488     0.00057373     0.000524902     
0.00057373     0.000744629     0.000646973     0.000720215     
0.000842285     0.00106201     0.000952148     0.000964355     
0.00100098     0.00108643     0.000976563     0.000854492     
0.000939941     0.000952148     0.00078125     0.000756836     
0.000732422     0.000695801     0.000610352     0.000549316     
0.000622559     0.000598145     0.000402832     0.000439453     
0.000402832     0.000427246     0.000256348     0.00020752     
0.000317383     0.000354004     0.000170898     0.00020752     
0.000244141     0.00032959     0.000158691     0.000256348     
0.000354004     0.000476074     0.000463867     0.000463867     
0.000622559     0.000622559     0.00057373     0.000622559     
0.000720215     0.000695801     0.000683594     0.000622559     
0.000671387     0.000537109     0.00045166     0.000524902     
0.000488281     0.000476074     0.000354004     0.000439453     
0.000463867     0.000524902     0.000341797     0.000415039     
0.000537109     0.000634766     0.000512695     0.000549316     
0.00065918     0.000732422     0.000732422     0.000817871     
0.000854492     0.000878906     0.000878906     0.000805664     
0.000793457     0.000976563     0.000830078     0.000720215     
0.00078125     0.000830078     0.000646973     0.000683594     
0.00078125     0.000891113     0.000732422     0.000842285     
0.00098877     0.00108643     0.000915527     0.0010376     
0.000939941     0.000939941     0.000878906     0.000769043     
0.000805664     0.000769043     0.000598145     0.000427246     
0.000549316     0.000366211     0.000402832     0.000268555     
0.000341797     0.000463867     0.000366211     0.000415039     
0.00045166     0.000622559     0.000488281     0.000561523     
0.000634766     0.000708008     0.000646973     0.00057373     
0.000634766     0.000708008     0.000549316     0.000537109     
0.000646973     0.000769043     0.000646973     0.000646973     
0.000708008     0.000830078     0.00065918     0.000646973     
0.000720215     0.000708008     0.00057373     0.000524902     
0.000341797     0.000476074     0.000183105     0.000244141     
0.000305176     0.000305176     0.000219727     0.000231934     
0.000256348     0.000354004     0.000256348     0.000280762     
0.000427246     0.000500488     0.000366211     0.000219727     
0.000366211     0.000354004     0.000305176     0.000219727     
0.000427246     0.000305176     0.000292969     0.000354004     
0.000390625     0.000500488     0.000390625     0.000524902     
0.000549316     0.000732422     0.000646973     0.000708008     
0.000830078     0.000878906     0.000866699     0.000854492     
0.000891113     0.000964355     0.000878906     0.000878906     
0.000878906     0.000805664     0.000720215     0.000671387     
0.000622559     0.000585938     0.00045166     0.000390625     
0.00032959     0.00045166     0.00020752     0.000244141     
0.00032959     0.000366211     0.000195313     0.000354004     
0.000427246     0.000366211     0.000170898     0.000219727     
0.00032959     0.00032959     0.000292969     0.000231934     
0.000170898     0.000305176     0.000231934     0.000305176     
0.000500488     0.000598145     0.000671387     0.000695801     
0.000793457     0.00101318     0.000939941     0.000830078     
0.0010498     0.00107422     0.000854492     0.000805664     
0.00078125     0.000756836     0.000488281     0.000341797     
0.000427246     0.000341797     0.000170898     0.000195313     
0.00020752     0.000305176     0.000305176     0.000244141     
0.000512695     0.000500488     0.000512695     0.000549316     
0.000549316     0.000622559     0.000476074     0.000610352     
0.000646973     0.000744629     0.000671387     0.000720215     
0.000854492     0.00090332     0.000915527     0.00102539     
0.00112305     0.0012207     0.00115967     0.00115967     
0.00115967     0.0012207     0.00107422     0.00100098     
0.00107422     0.00100098     0.000805664     0.000720215     
0.000866699     0.000793457     0.000646973     0.000671387     
0.000769043     0.000732422     0.000708008     0.000720215     
0.000756836     0.000915527     0.000695801     0.000854492     
0.000915527     0.000842285     0.000854492     0.000866699     
0.000854492     0.000915527     0.000793457     0.000769043     
0.000878906     0.000927734     0.000793457     0.000830078     
0.000915527     0.00101318     0.000854492     0.000878906     
0.00106201     0.00101318     0.000830078     0.000915527     
0.000769043     0.000891113     0.000732422     0.000732422     
0.000671387     0.000756836     0.000549316     0.000488281     
0.000415039     0.000500488     0.000268555     8.54492e-05     
0.000231934     0.000146484     3.66211e-05     -0.000134277     
-1.2207e-05     -8.54492e-05     -6.10352e-05     -6.10352e-05     
8.54492e-05     0.000268555     0.000231934     0.000378418     
0.000488281     0.000646973     0.00065918     0.000891113     
0.000964355     0.00107422     0.00109863     0.00101318     
0.00112305     0.00113525     0.000952148     0.000939941     
0.0010376     0.0010376     0.00098877     0.000866699     
0.0010498     0.0010376     0.000878906     0.000952148     
0.00102539     0.00102539     0.000952148     0.000891113     
0.000915527     0.00100098     0.000842285     0.000817871     
0.000878906     0.000842285     0.000830078     0.000793457     
0.000805664     0.000830078     0.000708008     0.000830078     
0.000830078     0.00078125     0.00078125     0.000708008     
0.000671387     0.000610352     0.000646973     0.000390625     
0.000463867     0.000512695     0.000402832     0.00032959     
0.000292969     0.000280762     0.000109863     0.00012207     
0.000134277     0.000231934     0.000109863     0.00012207     
0.00020752     0.000183105     0.000280762     0.000268555     
0.00032959     0.000476074     0.000390625     0.000378418     
0.000500488     0.000537109     0.000524902     0.000439453     
0.000537109     0.000598145     0.000476074     0.00045166     
0.000512695     0.000537109     0.00045166     0.000488281     
0.00057373     0.00057373     0.000598145     0.000537109     
0.000561523     0.000634766     0.000561523     0.000622559     
0.000756836     0.000744629     0.000683594     0.00065918     
0.000708008     0.000756836     0.000585938     0.00045166     
0.000549316     0.000427246     0.000292969     6.10352e-05     
6.10352e-05     9.76563e-05     -0.000170898     -0.000195313     
-9.76563e-05     -0.000109863     -0.000366211     -0.000256348     
-0.000317383     -0.000219727     -0.00032959     -0.000402832     
-0.000268555     -0.000195313     -0.000268555     -0.000170898     
-6.10352e-05     -2.44141e-05     1.2207e-05     1.2207e-05     
0.000317383     0.000292969     0.000292969     0.000402832     
0.000488281     0.000390625     0.00032959     0.000402832     
0.00032959     0.000390625     0.00020752     0.000244141     
0.00020752     0.000195313     0.000170898     0.000109863     
0.000231934     0.00020752     9.76563e-05     0.000146484     
0.00020752     0.00020752     4.88281e-05     1.2207e-05     
0.000219727     0.000219727     0.000158691     0.000146484     
0.000256348     0.000231934     0.00012207     0.000183105     
0.00032959     0.000280762     0.000195313     0.000280762     
0.000183105     0.000341797     6.10352e-05     2.44141e-05     
0.000183105     0.000170898     0.000146484     8.54492e-05     
0.000134277     0.000219727     0.000158691     0.000170898     
0.000317383     0.000366211     0.000390625     0.000354004     
0.000524902     0.000549316     0.000561523     0.000463867     
0.000512695     0.000598145     0.00045166     0.000402832     
0.000354004     0.000305176     0.00020752     0.000183105     
0.000195313     0.000256348     6.10352e-05     0.00012207     
0.000134277     0.000317383     0.000219727     0.000170898     
0.000305176     0.000463867     0.000390625     0.000354004     
0.000488281     0.000512695     0.000463867     0.000268555     
0.000415039     0.00045166     0.000231934     0.000146484     
0.000195313     0.000134277     -3.66211e-05     -6.10352e-05     
-0.000134277     -0.000183105     -0.000219727     -0.000366211     
-0.00032959     -0.000305176     -0.000390625     -0.000280762     
-0.00020752     -8.54492e-05     -4.88281e-05     -8.54492e-05     
0.000109863     0.000195313     0.00020752     0.000158691     
0.000256348     0.000317383     0.00012207     0.000134277     
4.88281e-05     0.000109863     -0.000134277     0     
-3.66211e-05     0     4.88281e-05     2.44141e-05     
2.44141e-05     9.76563e-05     0     6.10352e-05     
0.00012207     0.00012207     9.76563e-05     -7.32422e-05     
0     7.32422e-05     -8.54492e-05     -0.00020752     
1.2207e-05     -6.10352e-05     -9.76563e-05     1.2207e-05     
6.10352e-05     0.000195313     0.000219727     0.000341797     
0.000402832     0.000683594     0.000537109     0.000488281     
0.000610352     0.000537109     0.000439453     0.000390625     
0.000390625     0.000378418     0.000109863     9.76563e-05     
0.000170898     3.66211e-05     -4.88281e-05     -0.00020752     
-4.88281e-05     0     0     3.66211e-05     
0     9.76563e-05     6.10352e-05     0.00012207     
0.00020752     0.000256348     0.000219727     0.000219727     
0.00032959     0.000378418     0.000256348     0.000280762     
0.000439453     0.000402832     0.00032959     0.00020752     
0.000231934     0.000317383     0.000158691     1.2207e-05     
0.000231934     0.000158691     0.000134277     0.000134277     
0.000219727     0.000317383     0.000231934     0.00020752     
0.000280762     0.000378418     0.00012207     0.000292969     
0.000158691     0.000219727     0.00012207     1.2207e-05     
0.000244141     0.000134277     9.76563e-05     0.00012207     
0.000109863     0.00012207     0.000109863     1.2207e-05     
7.32422e-05     4.88281e-05     -9.76563e-05     -0.000195313     
-0.000268555     -0.000219727     -0.00045166     -0.000500488     
-0.000488281     -0.000476074     -0.00065918     -0.000585938     
-0.000561523     -0.000488281     -0.000463867     -0.000378418     
-0.000158691     0     6.10352e-05     0.000195313     
0.000341797     0.000500488     0.000427246     0.000488281     

