Source : transient; Time : Wed Jun 14 07:35:53 2017
B0 = 3644.000000 Gauss, mw = 9.686282 GHz
 NDI-T2 sa261 20/2 42/25 523nm/1mJ
1 5000 -1.001e-06 8.997e-06 0 0
s                        V                                                 
-0.0013916     -0.00134277     -0.00131836     -0.00130615     
-0.00113525     -0.00118408     -0.0012207     -0.00126953     
-0.00115967     -0.00114746     -0.00128174     -0.00128174     
-0.0013916     -0.00148926     -0.00166016     -0.00164795     
-0.00157471     -0.00174561     -0.00184326     -0.00192871     
-0.00195313     -0.00197754     -0.00212402     -0.00219727     
-0.00195313     -0.00194092     -0.00202637     -0.00187988     
-0.00181885     -0.00158691     -0.00161133     -0.00152588     
-0.00131836     -0.00112305     -0.00119629     -0.00131836     
-0.00130615     -0.00117188     -0.00142822     -0.00146484     
-0.00142822     -0.00131836     -0.00150146     -0.00158691     
-0.00147705     -0.00140381     -0.00150146     -0.0013916     
-0.00126953     -0.00119629     -0.00128174     -0.00134277     
-0.00126953     -0.00141602     -0.00137939     -0.00152588     
-0.00141602     -0.00150146     -0.00170898     -0.00170898     
-0.00170898     -0.00158691     -0.00175781     -0.00164795     
-0.0015625     -0.0013916     -0.0013916     -0.00141602     
-0.00130615     -0.00119629     -0.00129395     -0.0012207     
-0.00114746     -0.00112305     -0.00117188     -0.00126953     
-0.00108643     -0.0012207     -0.00126953     -0.00125732     
-0.00128174     -0.00129395     -0.00148926     -0.00137939     
-0.00142822     -0.00145264     -0.00158691     -0.00147705     
-0.00145264     -0.00128174     -0.00137939     -0.00133057     
-0.00118408     -0.00115967     -0.00111084     -0.0010376     
-0.000964355     -0.000854492     -0.000891113     -0.000927734     
-0.000854492     -0.000976563     -0.000976563     -0.00106201     
-0.000842285     -0.000915527     -0.000976563     -0.000976563     
-0.000927734     -0.000817871     -0.000939941     -0.000769043     
-0.000793457     -0.000683594     -0.000939941     -0.000878906     
-0.000891113     -0.000964355     -0.00113525     -0.00111084     
-0.00118408     -0.0010376     -0.00123291     -0.0013916     
-0.00128174     -0.00130615     -0.0013916     -0.00136719     
-0.00128174     -0.00115967     -0.00130615     -0.00119629     
-0.00119629     -0.00112305     -0.00114746     -0.00114746     
-0.00100098     -0.00090332     -0.0012207     -0.00119629     
-0.00115967     -0.00117188     -0.00140381     -0.00147705     
-0.00134277     -0.00131836     -0.00155029     -0.00163574     
-0.00147705     -0.00146484     -0.00153809     -0.0015625     
-0.00141602     -0.00145264     -0.00144043     -0.00142822     
-0.00133057     -0.00124512     -0.00142822     -0.00140381     
-0.00131836     -0.00124512     -0.00147705     -0.00146484     
-0.00136719     -0.00134277     -0.00134277     -0.00148926     
-0.00140381     -0.00126953     -0.00146484     -0.00147705     
-0.0013916     -0.00141602     -0.00151367     -0.00158691     
-0.00147705     -0.00137939     -0.00146484     -0.00134277     
-0.00128174     -0.0012207     -0.00126953     -0.0010498     
-0.000939941     -0.000830078     -0.000952148     -0.000756836     
-0.000830078     -0.000817871     -0.000744629     -0.000732422     
-0.000769043     -0.000695801     -0.000805664     -0.000769043     
-0.000720215     -0.000646973     -0.00078125     -0.000622559     
-0.00045166     -0.000463867     -0.000549316     -0.000537109     
-0.000390625     -0.000549316     -0.00065918     -0.000585938     
-0.000561523     -0.000549316     -0.000683594     -0.000610352     
-0.000683594     -0.000585938     -0.000610352     -0.000549316     
-0.000463867     -0.000415039     -0.000500488     -0.000512695     
-0.000512695     -0.000463867     -0.000610352     -0.000732422     
-0.00057373     -0.000561523     -0.000866699     -0.000842285     
-0.000830078     -0.00078125     -0.000854492     -0.000878906     
-0.000744629     -0.000634766     -0.000842285     -0.000891113     
-0.00078125     -0.000842285     -0.00109863     -0.0010376     
-0.00106201     -0.0010498     -0.0012085     -0.00129395     
-0.00119629     -0.0012085     -0.00126953     -0.00136719     
-0.0012207     -0.00107422     -0.00115967     -0.0010498     
-0.000939941     -0.000915527     -0.000732422     -0.000878906     
-0.000744629     -0.000671387     -0.000805664     -0.00078125     
-0.000793457     -0.000732422     -0.000915527     -0.00090332     
-0.000842285     -0.000927734     -0.00108643     -0.00123291     
-0.00114746     -0.00112305     -0.00134277     -0.0012085     
-0.00108643     -0.00114746     -0.0012085     -0.00109863     
-0.00107422     -0.00101318     -0.00100098     -0.000878906     
-0.000842285     -0.00078125     -0.000939941     -0.000939941     
-0.000866699     -0.000952148     -0.00100098     -0.00108643     
-0.00119629     -0.00112305     -0.00129395     -0.00136719     
-0.00136719     -0.00135498     -0.00136719     -0.00144043     
-0.00134277     -0.00126953     -0.00133057     -0.00135498     
-0.00124512     -0.00118408     -0.00118408     -0.00131836     
-0.00112305     -0.0012085     -0.00130615     -0.00133057     
-0.00131836     -0.00131836     -0.00128174     -0.00126953     
-0.00112305     -0.00101318     -0.00111084     -0.00098877     
-0.000878906     -0.000915527     -0.000830078     -0.000878906     
-0.000842285     -0.000793457     -0.000976563     -0.00108643     
-0.00107422     -0.00109863     -0.0012207     -0.00131836     
-0.0012085     -0.0012085     -0.00145264     -0.00145264     
-0.00145264     -0.00135498     -0.00146484     -0.00142822     
-0.00128174     -0.00119629     -0.00136719     -0.00130615     
-0.00128174     -0.00113525     -0.00128174     -0.00126953     
-0.0012085     -0.00109863     -0.0012085     -0.00124512     
-0.0012085     -0.00118408     -0.00124512     -0.00140381     
-0.00128174     -0.00117188     -0.0013916     -0.00152588     
-0.00151367     -0.00145264     -0.00157471     -0.00158691     
-0.00163574     -0.00155029     -0.00172119     -0.0017334     
-0.0017334     -0.00164795     -0.00164795     -0.00167236     
-0.00159912     -0.00151367     -0.00159912     -0.00151367     
-0.00148926     -0.00136719     -0.00141602     -0.00145264     
-0.00126953     -0.0012085     -0.00134277     -0.00126953     
-0.00114746     -0.00117188     -0.00124512     -0.00119629     
-0.00107422     -0.00106201     -0.00115967     -0.00113525     
-0.00111084     -0.00102539     -0.0012085     -0.00117188     
-0.00101318     -0.0010376     -0.00115967     -0.00119629     
-0.00113525     -0.00107422     -0.00115967     -0.00119629     
-0.00107422     -0.00115967     -0.0012085     -0.00119629     
-0.00109863     -0.0012207     -0.00124512     -0.00129395     
-0.00129395     -0.00117188     -0.00150146     -0.00142822     
-0.00135498     -0.00133057     -0.00137939     -0.00144043     
-0.00129395     -0.00134277     -0.00142822     -0.00148926     
-0.0015625     -0.00150146     -0.00170898     -0.00175781     
-0.00161133     -0.00163574     -0.00175781     -0.00166016     
-0.00167236     -0.00162354     -0.00153809     -0.00162354     
-0.00147705     -0.00126953     -0.00140381     -0.00137939     
-0.00130615     -0.00129395     -0.0013916     -0.00124512     
-0.00112305     -0.00101318     -0.00117188     -0.00111084     
-0.00102539     -0.000964355     -0.00107422     -0.00119629     
-0.00113525     -0.00118408     -0.0013916     -0.00152588     
-0.00153809     -0.00166016     -0.00167236     -0.0019043     
-0.00169678     -0.00158691     -0.00179443     -0.00162354     
-0.00157471     -0.00144043     -0.00142822     -0.0012085     
-0.00111084     -0.000830078     -0.000939941     -0.000793457     
-0.000610352     -0.000646973     -0.000744629     -0.000585938     
-0.00057373     -0.00057373     -0.000744629     -0.00078125     
-0.000878906     -0.000927734     -0.0010376     -0.00111084     
-0.00118408     -0.00119629     -0.00142822     -0.00141602     
-0.00153809     -0.00158691     -0.00162354     -0.0017334     
-0.0017334     -0.00163574     -0.00180664     -0.00174561     
-0.00174561     -0.00180664     -0.00180664     -0.00174561     
-0.00163574     -0.00152588     -0.00164795     -0.00150146     
-0.00135498     -0.00144043     -0.00137939     -0.00145264     
-0.00123291     -0.0012207     -0.0012085     -0.00114746     
-0.00107422     -0.000952148     -0.00117188     -0.0010376     
-0.000891113     -0.000842285     -0.00107422     -0.00107422     
-0.000964355     -0.00100098     -0.00115967     -0.00106201     
-0.00100098     -0.0010498     -0.00114746     -0.00119629     
-0.00100098     -0.00100098     -0.00111084     -0.00114746     
-0.00101318     -0.0010498     -0.00115967     -0.00125732     
-0.00113525     -0.00112305     -0.00142822     -0.00146484     
-0.00133057     -0.0012085     -0.00150146     -0.00145264     
-0.0013916     -0.00131836     -0.00135498     -0.00141602     
-0.00124512     -0.0010498     -0.00118408     -0.00113525     
-0.0010498     -0.000939941     -0.00109863     -0.00113525     
-0.000939941     -0.00090332     -0.000842285     -0.000976563     
-0.000769043     -0.000561523     -0.000537109     -0.000268555     
3.66211e-05     0.000366211     0.00045166     0.00090332     
0.00131836     0.00167236     0.00206299     0.00239258     
0.00296631     0.00349121     0.00361328     0.00407715     
0.00465088     0.00498047     0.00540771     0.00574951     
0.00622559     0.00657959     0.00682373     0.00722656     
0.00754395     0.00782471     0.00806885     0.00847168     
0.00877686     0.00904541     0.00927734     0.00968018     
0.0100342     0.0103394     0.0107178     0.0110107     
0.0114502     0.0117798     0.0120117     0.0123657     
0.0127075     0.0129395     0.0131714     0.013501     
0.0138672     0.0142212     0.0144531     0.0146484     
0.0151367     0.0153442     0.015686     0.0161011     
0.0164307     0.0168823     0.01698     0.0172729     
0.0175171     0.0179199     0.0180542     0.0182739     
0.0186157     0.0188232     0.0189941     0.0191284     
0.0193481     0.0197144     0.019873     0.0201172     
0.0204956     0.0207153     0.0208862     0.0211426     
0.0215454     0.0217285     0.021936     0.0223022     
0.0225952     0.0229126     0.0230103     0.0233032     
0.0235962     0.023877     0.0238647     0.0241211     
0.0243164     0.0244751     0.0245239     0.0246094     
0.0248169     0.0249268     0.0251465     0.0253296     
0.025708     0.0259277     0.0260254     0.0262451     
0.0266602     0.0267822     0.0270874     0.0271606     
0.0274414     0.0277588     0.027771     0.0279053     
0.028064     0.0281616     0.0281982     0.028418     
0.0285034     0.0286255     0.0286621     0.0287842     
0.0289307     0.0290649     0.0291138     0.0292603     
0.029541     0.0296631     0.0297607     0.0298462     
0.0300659     0.0301636     0.0301392     0.0303345     
0.030542     0.0305908     0.0305176     0.0305664     
0.030603     0.0307129     0.0305664     0.0306641     
0.0307129     0.0308594     0.030603     0.0307373     
0.0308105     0.0307739     0.0306641     0.0307129     
0.0307617     0.0308472     0.0308228     0.0307861     
0.0308594     0.0308105     0.0308594     0.030896     
0.0311157     0.0310913     0.0309814     0.0311401     
0.0311523     0.0311768     0.0310425     0.0311401     
0.0312012     0.0313354     0.0311279     0.0311401     
0.0312134     0.0311768     0.0310913     0.0311401     
0.0312622     0.0313232     0.0311768     0.0310547     
0.0311646     0.0310669     0.0309814     0.030957     
0.0309692     0.0310547     0.0308472     0.0308472     
0.0308716     0.0308594     0.0308228     0.0307373     
0.030835     0.0310059     0.0307739     0.0307251     
0.0306885     0.0306885     0.0305176     0.030481     
0.0304688     0.0303955     0.0301636     0.0300659     
0.0299927     0.0298706     0.0298096     0.0296509     
0.0297974     0.0296631     0.0295776     0.0294312     
0.0294434     0.0293579     0.0291992     0.029248     
0.0292114     0.0292358     0.0290527     0.0290527     
0.0289917     0.0288818     0.0288208     0.0286377     
0.0284912     0.0284912     0.0282104     0.0281128     
0.0279297     0.0276733     0.0275024     0.0273315     
0.0272583     0.0270996     0.0268066     0.0266479     
0.0265503     0.0263428     0.026123     0.0260498     
0.0259766     0.0258789     0.0255737     0.0256226     
0.0255737     0.025415     0.0251953     0.0251343     
0.0251221     0.0250122     0.0248413     0.0246094     
0.0245239     0.0243408     0.0241943     0.0240356     
0.0240601     0.0239746     0.0237671     0.0235962     
0.0236084     0.0234863     0.0234009     0.0232056     
0.02323     0.0232666     0.0230225     0.0229858     
0.0228271     0.0228638     0.0226685     0.0225952     
0.0226318     0.0225952     0.0223389     0.0223022     
0.0221313     0.0221191     0.0219116     0.0216919     
0.0217041     0.0215332     0.0211914     0.0210693     
0.020874     0.0206909     0.0204834     0.0202881     
0.0201782     0.0202026     0.0198975     0.019812     
0.0196777     0.0197266     0.0195679     0.0196289     
0.0196167     0.0197021     0.0194336     0.0193848     
0.0193726     0.0192139     0.0190063     0.0188232     
0.0187134     0.0187134     0.0184937     0.0182495     
0.0181274     0.0179199     0.0177612     0.0175049     
0.0175537     0.0174438     0.0171387     0.0171387     
0.017041     0.0169922     0.0168091     0.0168091     
0.0169067     0.0169067     0.0168335     0.0166748     
0.0167847     0.016748     0.016626     0.0165894     
0.0166626     0.0165039     0.0163818     0.0161621     
0.0161255     0.0159302     0.015686     0.0155884     
0.0155396     0.0153809     0.0150391     0.0150024     
0.014917     0.0147339     0.0144775     0.014502     
0.0144409     0.0144531     0.0141479     0.0140747     
0.0140381     0.0139771     0.0138062     0.0137695     
0.0138184     0.0138184     0.0135864     0.0134888     
0.0134766     0.0132813     0.0132568     0.0130859     
0.0130981     0.0129761     0.0126953     0.0126953     
0.0125732     0.0125488     0.0123535     0.0123779     
0.0123169     0.0124756     0.0122192     0.0122437     
0.0122925     0.0122803     0.0122681     0.0122314     
0.0122925     0.0125     0.0123413     0.0123169     
0.0125     0.0125122     0.0124634     0.012439     
0.0124756     0.0125732     0.0123413     0.0121826     
0.0120972     0.0120483     0.0117554     0.0115845     
0.0114258     0.0113525     0.0110107     0.0109375     
0.0107788     0.0106323     0.0105103     0.0103516     
0.0105591     0.0105835     0.0104614     0.0104614     
0.0105835     0.0106079     0.0106323     0.0106079     
0.010791     0.0108643     0.0108154     0.0107544     
0.0109131     0.0109375     0.010791     0.0108032     
0.0108398     0.0109375     0.0106934     0.0107666     
0.0107544     0.0106934     0.0105713     0.0105835     
0.0106567     0.0106323     0.010437     0.0104736     
0.0105591     0.010437     0.0104614     0.0103638     
0.010437     0.0105103     0.0102905     0.0103149     
0.0103271     0.0102661     0.0101929     0.0101196     
0.0101563     0.0101929     0.00996094     0.00991211     
0.0100098     0.0100464     0.00993652     0.00997314     
0.0100342     0.0101318     0.0100586     0.010083     
0.0100586     0.010022     0.0100708     0.00997314     
0.0100464     0.0100464     0.00992432     0.00980225     
0.0098877     0.00975342     0.009729     0.00974121     
0.0097168     0.00986328     0.00955811     0.00970459     
0.00968018     0.009729     0.009729     0.00981445     
0.0098999     0.0100708     0.0100952     0.0101929     
0.0103638     0.010437     0.0103638     0.0104248     
0.0106201     0.0106689     0.0104858     0.0103882     
0.0105347     0.0105347     0.0104004     0.0104126     
0.010437     0.0104492     0.0102783     0.0103516     
0.0104492     0.0105347     0.0104248     0.0105591     
0.0106323     0.0107544     0.0105957     0.0106445     
0.0107788     0.0107788     0.0106567     0.0106567     
0.0108398     0.0108887     0.01073     0.0106934     
0.0108887     0.0109131     0.0109741     0.0109863     
0.0111938     0.0114868     0.0113892     0.0115234     
0.0116333     0.011792     0.011731     0.0118164     
0.0118896     0.0119995     0.0118896     0.0119385     
0.0119507     0.0120239     0.0120117     0.0121094     
0.0121826     0.0121826     0.012146     0.0121704     
0.0121948     0.0121948     0.012085     0.0121338     
0.0121704     0.0122192     0.0120239     0.0120728     
0.0121582     0.0121094     0.0120728     0.0121338     
0.0122681     0.012439     0.0122437     0.0124023     
0.0125122     0.0124146     0.0125122     0.0125244     
0.0126221     0.0126831     0.0125122     0.0125488     
0.0125732     0.0124146     0.0123657     0.0122437     
0.0124146     0.0123291     0.012146     0.0120361     
0.0119873     0.0120117     0.011853     0.011792     
0.0119751     0.0120117     0.0118164     0.0119141     
0.0120361     0.0119995     0.0119995     0.0119751     
0.0120728     0.0121826     0.0120361     0.0119629     
0.0120483     0.0119629     0.0118896     0.0118408     
0.0119019     0.0119629     0.011853     0.0116821     
0.0118164     0.0118042     0.0118896     0.0118408     
0.0119141     0.0120605     0.0119141     0.0119629     
0.0119507     0.0119629     0.0120239     0.0119629     
0.012085     0.0121216     0.0120972     0.0119751     
0.0120361     0.0121948     0.0121704     0.0121094     
0.0122192     0.0121704     0.0121338     0.0121094     
0.0121704     0.0121338     0.012085     0.012146     
0.0121216     0.0122437     0.0120483     0.0121582     
0.0121582     0.0121338     0.0121704     0.0120972     
0.0122192     0.0122192     0.0119385     0.0120361     
0.0120972     0.0120483     0.0120117     0.0119751     
0.0120361     0.0121094     0.0118896     0.0119019     
0.0120239     0.0119873     0.0118896     0.0118408     
0.0117554     0.0118652     0.0117065     0.0115356     
0.0114624     0.011438     0.0112183     0.011145     
0.0111206     0.0110718     0.0109497     0.0109009     
0.0108765     0.010791     0.010791     0.01073     
0.0107422     0.0108643     0.01073     0.0106445     
0.0107788     0.0107178     0.0106323     0.0106445     
0.0108154     0.0109619     0.0105957     0.0107178     
0.0108643     0.0108154     0.0107178     0.0107788     
0.0108154     0.0107788     0.01073     0.0106445     
0.0106201     0.0107056     0.0105713     0.0105225     
0.0106689     0.0104492     0.0103271     0.0104004     
0.0104004     0.0103149     0.0101318     0.010083     
0.0100952     0.0100342     0.00983887     0.00968018     
0.00970459     0.00970459     0.00952148     0.00943604     
0.00950928     0.00950928     0.00925293     0.0092041     
0.00917969     0.00921631     0.0090332     0.00895996     
0.00904541     0.00909424     0.00893555     0.00883789     
0.00882568     0.00876465     0.00863037     0.00848389     
0.00863037     0.00855713     0.00839844     0.00837402     
0.00823975     0.00825195     0.00808105     0.00814209     
0.00817871     0.00825195     0.00809326     0.00812988     
0.00825195     0.00823975     0.00820313     0.00823975     
0.00830078     0.00841064     0.00831299     0.00828857     
0.00830078     0.00842285     0.00834961     0.0083252     
0.00844727     0.00847168     0.00823975     0.00826416     
0.00819092     0.00812988     0.00799561     0.0079834     
0.00787354     0.00791016     0.00750732     0.00766602     
0.00765381     0.00760498     0.00751953     0.00748291     
0.00750732     0.00751953     0.00740967     0.00737305     
0.00755615     0.00732422     0.0072998     0.00714111     
0.00731201     0.00723877     0.00697021     0.00687256     
0.00679932     0.00687256     0.00657959     0.00654297     
0.00657959     0.00656738     0.00639648     0.00632324     
0.00627441     0.00623779     0.00618896     0.00609131     
0.00617676     0.00627441     0.00599365     0.00596924     
0.00599365     0.00592041     0.00582275     0.00584717     
0.00577393     0.00588379     0.00576172     0.00576172     
0.0057373     0.00599365     0.0059082     0.005896     
0.00595703     0.00616455     0.00601807     0.00603027     
0.00610352     0.00616455     0.00604248     0.00598145     
0.00606689     0.00609131     0.00587158     0.00581055     
0.00583496     0.00574951     0.00562744     0.00548096     
0.00566406     0.00551758     0.00531006     0.00515137     
0.00512695     0.0050415     0.00480957     0.00473633     
0.00457764     0.00456543     0.00426025     0.00424805     
0.00419922     0.00410156     0.00401611     0.00393066     
0.0041626     0.00413818     0.00400391     0.00412598     
0.0041626     0.00419922     0.00412598     0.00405273     
0.00418701     0.00424805     0.00400391     0.00394287     
0.00394287     0.00390625     0.00371094     0.00372314     
0.00378418     0.00380859     0.00354004     0.00368652     
0.00356445     0.00366211     0.00361328     0.00368652     
0.00366211     0.00374756     0.0036499     0.00366211     
0.00367432     0.00362549     0.00357666     0.00354004     
0.00358887     0.00357666     0.003479     0.00343018     
0.00361328     0.00345459     0.00336914     0.00338135     
0.00354004     0.00355225     0.0034668     0.00349121     
0.00349121     0.00357666     0.00345459     0.00372314     
0.0038208     0.00394287     0.00391846     0.00391846     
0.00405273     0.00423584     0.00405273     0.00401611     
0.00421143     0.00415039     0.00396729     0.00394287     
0.00401611     0.00389404     0.00379639     0.00373535     
0.0038208     0.00393066     0.00375977     0.00378418     
0.00390625     0.00401611     0.00396729     0.00404053     
0.0041748     0.0043457     0.00427246     0.00428467     
0.00435791     0.00429688     0.00424805     0.0041626     
0.00421143     0.0041748     0.00404053     0.00394287     
0.00395508     0.00383301     0.0038208     0.00377197     
0.00378418     0.0038208     0.00362549     0.00361328     
0.00361328     0.00378418     0.00361328     0.0036499     
0.00384521     0.00394287     0.00385742     0.00386963     
0.00402832     0.00408936     0.00393066     0.00410156     
0.00411377     0.00413818     0.00406494     0.00411377     
0.00413818     0.00418701     0.00401611     0.00405273     
0.00419922     0.0041748     0.00404053     0.00418701     
0.00428467     0.00440674     0.00426025     0.00435791     
0.00458984     0.0046875     0.00458984     0.00463867     
0.00469971     0.00476074     0.00476074     0.00479736     
0.00478516     0.00483398     0.00471191     0.00456543     
0.00467529     0.00460205     0.00458984     0.00454102     
0.00462646     0.00467529     0.00462646     0.00471191     
0.00473633     0.0048584     0.00479736     0.0048584     
0.00498047     0.00518799     0.00500488     0.0050293     
0.00510254     0.00512695     0.00509033     0.00506592     
0.00507813     0.00506592     0.00484619     0.0048584     
0.00478516     0.00474854     0.00460205     0.00458984     
0.00458984     0.00465088     0.00445557     0.00449219     
0.00447998     0.00458984     0.00452881     0.00466309     
0.00474854     0.00490723     0.00487061     0.00490723     
0.0050415     0.00506592     0.00496826     0.0050415     
0.00512695     0.00507813     0.00496826     0.00494385     
0.00498047     0.00496826     0.00495605     0.00490723     
0.00510254     0.00511475     0.0050415     0.00499268     
0.00505371     0.00507813     0.00499268     0.00506592     
0.0050415     0.00512695     0.00490723     0.00490723     
0.00493164     0.00484619     0.0048584     0.0048584     
0.00495605     0.00505371     0.00484619     0.00489502     
0.00491943     0.0046875     0.00476074     0.00467529     
0.00476074     0.00476074     0.00461426     0.00460205     
0.00455322     0.00452881     0.00445557     0.00449219     
0.00455322     0.00455322     0.00441895     0.00447998     
0.00447998     0.00454102     0.00447998     0.00455322     
0.00469971     0.00461426     0.00454102     0.00452881     
0.00452881     0.00452881     0.00449219     0.00440674     
0.00447998     0.00456543     0.0043335     0.00423584     
0.0043457     0.00421143     0.00410156     0.00411377     
0.00421143     0.00421143     0.00400391     0.00404053     
0.0041748     0.00421143     0.00396729     0.00421143     
0.00424805     0.00428467     0.00426025     0.00444336     
0.00441895     0.00465088     0.00456543     0.00457764     
0.00478516     0.00483398     0.00474854     0.00467529     
0.00471191     0.00467529     0.00449219     0.00445557     
0.00447998     0.00447998     0.00422363     0.00419922     
0.00407715     0.00426025     0.00411377     0.00413818     
0.0041748     0.00430908     0.00419922     0.0041626     
0.00427246     0.00428467     0.00427246     0.00426025     
0.0043335     0.00441895     0.00435791     0.00435791     
0.00447998     0.00449219     0.00454102     0.00444336     
0.00457764     0.00465088     0.00444336     0.00457764     
0.00452881     0.00444336     0.00428467     0.0043457     
0.00438232     0.00440674     0.00432129     0.00426025     
0.00445557     0.00439453     0.0043457     0.00443115     
0.00461426     0.00465088     0.00444336     0.00440674     
0.00443115     0.00438232     0.00424805     0.00423584     
0.0041626     0.00415039     0.00379639     0.00377197     
0.00361328     0.00358887     0.0032959     0.00328369     
0.0032959     0.00322266     0.00297852     0.00301514     
0.00294189     0.00292969     0.00286865     0.00285645     
0.00285645     0.00289307     0.00275879     0.00272217     
0.00280762     0.0027832     0.00288086     0.00268555     
0.00286865     0.00288086     0.0027832     0.00275879     
0.0027832     0.00279541     0.00272217     0.00273438     
0.00280762     0.00285645     0.00273438     0.00275879     
0.00291748     0.002771     0.00283203     0.00292969     
0.0029541     0.00305176     0.00288086     0.00286865     
0.00291748     0.00274658     0.00266113     0.00257568     
0.00247803     0.00239258     0.0020752     0.00198975     
0.00194092     0.00185547     0.00157471     0.00164795     
0.00168457     0.00181885     0.00166016     0.00181885     
0.0019043     0.0020874     0.00205078     0.0020752     
0.00234375     0.00245361     0.00233154     0.00228271     
0.00241699     0.0024292     0.00231934     0.00231934     
0.00245361     0.00244141     0.00238037     0.00230713     
0.00231934     0.00235596     0.00231934     0.00240479     
0.00236816     0.00249023     0.00234375     0.00234375     
0.00240479     0.00246582     0.00240479     0.0024292     
0.00262451     0.00267334     0.00249023     0.00256348     
0.00268555     0.00258789     0.00257568     0.00256348     
0.00251465     0.00257568     0.00238037     0.00233154     
0.00233154     0.00229492     0.00218506     0.00227051     
0.00219727     0.00220947     0.00201416     0.00205078     
0.00196533     0.0019043     0.00183105     0.00184326     
0.00179443     0.00184326     0.00169678     0.00162354     
0.00180664     0.00174561     0.00166016     0.00169678     
0.00184326     0.00178223     0.00168457     0.00152588     
0.00161133     0.00150146     0.00137939     0.00133057     
0.00130615     0.00134277     0.00111084     0.00114746     
0.00114746     0.00119629     0.00102539     0.00106201     
0.00123291     0.00129395     0.00114746     0.00112305     
0.00128174     0.00147705     0.00136719     0.00129395     
0.00151367     0.00151367     0.00148926     0.00142822     
0.00144043     0.00148926     0.0013916     0.0012207     
0.00115967     0.00124512     0.0010498     0.000854492     
0.00078125     0.000842285     0.000683594     0.000585938     
0.000683594     0.000805664     0.000549316     0.000585938     
0.000708008     0.000793457     0.000671387     0.000708008     
0.00090332     0.00101318     0.000964355     0.000939941     
0.00106201     0.00101318     0.0010376     0.000952148     
0.00112305     0.00107422     0.000891113     0.000976563     
0.000915527     0.00098877     0.000830078     0.000939941     
0.00107422     0.00114746     0.0010498     0.0010498     
0.00111084     0.00118408     0.00118408     0.00128174     
0.00140381     0.00140381     0.00144043     0.00147705     
0.00146484     0.00166016     0.00164795     0.00162354     
0.00167236     0.00172119     0.00164795     0.00161133     
0.00163574     0.00158691     0.00147705     0.00146484     
0.00136719     0.00151367     0.00135498     0.00133057     
0.00133057     0.00129395     0.00119629     0.0012207     
0.00124512     0.00131836     0.00108643     0.00102539     
0.000939941     0.000878906     0.000744629     0.000646973     
0.000732422     0.000720215     0.000585938     0.000610352     
0.00065918     0.000769043     0.000683594     0.00078125     
0.000952148     0.00114746     0.00090332     0.00100098     
0.00117188     0.00119629     0.00118408     0.00128174     
0.00129395     0.00145264     0.00130615     0.00124512     
0.00134277     0.00119629     0.00118408     0.00107422     
0.00109863     0.00107422     0.000866699     0.000695801     
0.000708008     0.000732422     0.00057373     0.000561523     
0.000634766     0.000744629     0.00057373     0.000634766     
0.00078125     0.000952148     0.000854492     0.000915527     
0.0010376     0.00114746     0.00113525     0.0012207     
0.00137939     0.00145264     0.00147705     0.00144043     
0.00153809     0.00163574     0.00159912     0.00152588     
0.00157471     0.00163574     0.00146484     0.00148926     
0.00155029     0.00158691     0.0013916     0.00134277     
0.00133057     0.00141602     0.00137939     0.00140381     
0.00151367     0.00159912     0.00145264     0.00150146     
0.0015625     0.00158691     0.00157471     0.00157471     
0.00172119     0.00187988     0.00180664     0.00180664     
0.00202637     0.00200195     0.00194092     0.00220947     
0.00227051     0.00231934     0.00219727     0.00227051     
0.0022583     0.00233154     0.00219727     0.00219727     
0.00235596     0.00229492     0.00209961     0.00222168     
0.00220947     0.00222168     0.00209961     0.00217285     
0.00213623     0.00211182     0.00214844     0.0020752     
0.0022583     0.00224609     0.00218506     0.00223389     
0.00236816     0.00255127     0.00239258     0.00235596     
0.00235596     0.00249023     0.00228271     0.00228271     
0.00238037     0.00231934     0.00219727     0.00216064     
0.00213623     0.00223389     0.00211182     0.00212402     
0.00234375     0.00249023     0.00236816     0.00240479     
0.00249023     0.00266113     0.00264893     0.00267334     
0.00290527     0.00303955     0.00290527     0.00300293     
0.00292969     0.00302734     0.00283203     0.002771     
0.00285645     0.00274658     0.00253906     0.00238037     
0.00235596     0.00233154     0.00213623     0.00203857     
0.0020752     0.00218506     0.00195313     0.00194092     
0.00206299     0.0019043     0.00196533     0.00184326     
0.00201416     0.00194092     0.0017334     0.00181885     
0.00166016     0.00174561     0.00155029     0.00152588     
0.00163574     0.00167236     0.00147705     0.00142822     
0.00155029     0.0015625     0.00146484     0.00168457     
0.00183105     0.00186768     0.00187988     0.00187988     
0.00197754     0.00205078     0.00181885     0.00183105     
0.0019043     0.00183105     0.00155029     0.00150146     
0.00145264     0.00136719     0.00123291     0.00115967     
0.00125732     0.00137939     0.00125732     0.00126953     
0.00136719     0.00147705     0.00147705     0.00152588     
0.00161133     0.00172119     0.00151367     0.00167236     
0.00166016     0.00157471     0.00161133     0.00148926     
0.00162354     0.00157471     0.00153809     0.00140381     
0.00150146     0.00159912     0.00145264     0.00152588     
0.00153809     0.00164795     0.00144043     0.00140381     
0.00152588     0.00146484     0.00133057     0.00130615     
0.00136719     0.00152588     0.00126953     0.00135498     
0.00147705     0.00142822     0.00148926     0.00158691     
0.00161133     0.00175781     0.00175781     0.00183105     
0.00187988     0.00201416     0.00202637     0.00202637     
0.00219727     0.00230713     0.0020752     0.00213623     
0.00205078     0.0020874     0.00192871     0.00183105     
0.00185547     0.00179443     0.0017334     0.00151367     
0.00142822     0.0013916     0.00130615     0.00125732     
0.00123291     0.00111084     0.00101318     0.000854492     
0.000915527     0.00078125     0.000524902     0.000585938     
0.000500488     0.000549316     0.000292969     0.00032959     
0.000354004     0.000415039     0.000305176     0.000280762     
0.000415039     0.00045166     0.000402832     0.000427246     
0.000463867     0.000512695     0.000610352     0.00057373     
0.000720215     0.000817871     0.000793457     0.000927734     
0.000976563     0.0010376     0.000976563     0.00106201     
0.00117188     0.00117188     0.000891113     0.000964355     
0.00090332     0.00090332     0.000683594     0.00078125     
0.000830078     0.000817871     0.000683594     0.000646973     
0.000732422     0.000708008     0.000598145     0.000549316     
0.000646973     0.000610352     0.000500488     0.00032959     
0.000439453     0.000317383     0.000183105     3.66211e-05     
7.32422e-05     8.54492e-05     -9.76563e-05     -0.000195313     
-0.000183105     -7.32422e-05     -0.000256348     -0.000268555     
-0.00012207     -3.66211e-05     -4.88281e-05     6.10352e-05     
3.66211e-05     0.000183105     0.000231934     0.000280762     
0.00032959     0.000427246     0.000231934     0.000195313     
0.00020752     0.000109863     -6.10352e-05     -9.76563e-05     
-0.00012207     -0.000109863     -0.000390625     -0.000390625     
-0.000317383     -0.000280762     -0.000512695     -0.000488281     
-0.00032959     -0.00020752     -0.000341797     -0.000268555     
-0.000219727     -0.000244141     -0.000256348     -0.000244141     
-9.76563e-05     -6.10352e-05     -0.000170898     -0.000158691     
-4.88281e-05     -8.54492e-05     -2.44141e-05     -6.10352e-05     
0.000134277     0.000280762     0.00012207     0.000280762     
0.000256348     0.000256348     0.000158691     0.00020752     
0.000292969     0.000231934     7.32422e-05     -2.44141e-05     
-1.2207e-05     0     -0.000158691     -0.000268555     
-0.00012207     -2.44141e-05     -0.000170898     -0.000195313     
-9.76563e-05     -0.000109863     -0.000280762     -0.000170898     
-0.000231934     -0.000231934     -0.000366211     -0.000439453     
-0.000427246     -0.000439453     -0.000463867     -0.00032959     
-0.000292969     -0.000219727     -0.000317383     -0.000183105     
-0.000134277     -0.000183105     -0.000146484     -0.000109863     
-1.2207e-05     6.10352e-05     -7.32422e-05     1.2207e-05     
0.000158691     7.32422e-05     0.00012207     0.000134277     
0.000317383     0.000366211     0.000146484     0.000195313     
0.000280762     0.00020752     -2.44141e-05     2.44141e-05     
3.66211e-05     0.000109863     -9.76563e-05     -0.000170898     
-4.88281e-05     -6.10352e-05     -9.76563e-05     -8.54492e-05     
6.10352e-05     0.000256348     0.000170898     0.000256348     
0.000463867     0.000463867     0.000476074     0.000549316     
0.000610352     0.000610352     0.000610352     0.000537109     
0.000512695     0.000585938     0.000427246     0.000354004     
0.000463867     0.000512695     0.000244141     0.000158691     
0.000109863     0.000183105     4.88281e-05     -2.44141e-05     
-9.76563e-05     1.2207e-05     -0.000134277     -0.00032959     
-0.000317383     -0.000292969     -0.000341797     -0.000500488     
-0.000439453     -0.000427246     -0.000488281     -0.000500488     
-0.000354004     -0.000268555     -0.000317383     -0.000231934     
-0.000109863     1.2207e-05     -0.000146484     7.32422e-05     
6.10352e-05     0.00020752     0.000146484     0.000219727     
0.000415039     0.000427246     0.000256348     0.000402832     
0.000439453     0.00032959     0.000366211     0.000317383     
0.000378418     0.000402832     0.000268555     0.000256348     
0.000244141     0.000292969     0.000183105     0.00020752     
0.000305176     0.000305176     1.2207e-05     0.000195313     
0.000109863     9.76563e-05     -3.66211e-05     -1.2207e-05     
0.000183105     7.32422e-05     0     8.54492e-05     
0.000195313     0.000219727     0.00020752     0.000292969     
0.000427246     0.000488281     0.000500488     0.000427246     
0.000585938     0.000610352     0.000622559     0.000646973     
0.00078125     0.000964355     0.000769043     0.000915527     
0.000927734     0.00106201     0.000976563     0.00100098     
0.00112305     0.00118408     0.00100098     0.00101318     
0.000939941     0.000976563     0.000878906     0.000817871     
0.000805664     0.000830078     0.000634766     0.000634766     
0.000646973     0.000695801     0.000549316     0.000378418     
0.000549316     0.000585938     0.000244141     0.000219727     
0.000195313     0.000183105     -1.2207e-05     -6.10352e-05     
1.2207e-05     0.000109863     -0.000109863     -4.88281e-05     
2.44141e-05     -2.44141e-05     -3.66211e-05     1.2207e-05     
0.00012207     0.000231934     0.000219727     0.000219727     
0.000305176     0.000219727     0.000244141     0.000231934     
0.000280762     0.000317383     0.00020752     0.000268555     
0.000158691     0.000183105     0.000219727     0.000146484     
0.00012207     0.000354004     0.000195313     0.000219727     
0.000305176     0.000341797     0.000280762     0.000402832     
0.00045166     0.000622559     0.000585938     0.000622559     
0.000646973     0.000744629     0.000646973     0.000708008     
0.000805664     0.000793457     0.000708008     0.00078125     
0.00078125     0.000769043     0.000598145     0.000744629     
0.000866699     0.000842285     0.000720215     0.000708008     
0.000744629     0.000744629     0.000561523     0.000610352     
0.000683594     0.000634766     0.000415039     0.000415039     
0.000415039     0.000305176     0.000195313     9.76563e-05     
0.000231934     0.000183105     6.10352e-05     7.32422e-05     
2.44141e-05     1.2207e-05     -1.2207e-05     6.10352e-05     
0.000109863     0.000268555     0.000219727     0.000244141     
0.00032959     0.000366211     0.00020752     0.000244141     
0.000317383     0.000427246     0.000219727     0.000146484     
0.000317383     0.000280762     0.000183105     9.76563e-05     
0.000195313     0.00032959     0.000146484     2.44141e-05     
3.66211e-05     8.54492e-05     -1.2207e-05     -0.000134277     
-1.2207e-05     2.44141e-05     -0.000256348     -0.000256348     
-0.00032959     -0.000268555     -0.000390625     -0.000476074     
-0.000231934     -0.000170898     -0.000219727     -0.000219727     
7.32422e-05     0.000183105     0.000244141     0.000244141     
0.000524902     0.000683594     0.000744629     0.000622559     
0.000805664     0.000891113     0.000756836     0.000769043     
0.000708008     0.000769043     0.000476074     0.000463867     
0.000292969     0.000244141     0.00012207     8.54492e-05     
0.000170898     0.000170898     -9.76563e-05     -2.44141e-05     
4.88281e-05     9.76563e-05     1.2207e-05     -3.66211e-05     
0.00012207     0.000158691     9.76563e-05     9.76563e-05     
2.44141e-05     -8.54492e-05     -0.000195313     -0.000231934     
-0.000366211     -0.000366211     -0.00057373     -0.000585938     
-0.000585938     -0.000646973     -0.000732422     -0.000646973     
-0.000634766     -0.000549316     -0.000598145     -0.000610352     
-0.000646973     -0.000476074     -0.000476074     -0.000488281     
-0.000305176     -0.000231934     -0.000341797     -0.00045166     
-0.00032959     -0.000341797     -0.000439453     -0.000341797     
-0.000256348     -0.000256348     -0.000439453     -0.000390625     
-0.000390625     -0.000378418     -0.000561523     -0.000549316     
-0.000378418     -0.000341797     -0.000488281     -0.000378418     
-0.000280762     -0.000158691     -0.000292969     -0.00020752     
2.44141e-05     3.66211e-05     -0.000134277     -0.000109863     
-0.000134277     -0.000109863     -0.00032959     -0.00032959     
-0.000354004     -0.000354004     -0.000512695     -0.000512695     
-0.000512695     -0.000415039     -0.000561523     -0.000598145     
-0.000317383     -0.000305176     -0.000427246     -0.000463867     
-0.000415039     -0.000354004     -0.000402832     -0.000354004     
-0.000158691     -0.000158691     -0.000268555     -0.000219727     
-9.76563e-05     -0.00012207     1.2207e-05     -0.00012207     
8.54492e-05     0.000195313     6.10352e-05     8.54492e-05     
0.000109863     9.76563e-05     -1.2207e-05     -0.000146484     
-8.54492e-05     -2.44141e-05     -0.000341797     -0.000439453     
-0.000292969     -0.000366211     -0.00045166     -0.000390625     
-0.000280762     -0.000256348     -0.000256348     -0.000134277     
4.88281e-05     4.88281e-05     2.44141e-05     1.2207e-05     
7.32422e-05     0.000146484     -8.54492e-05     -0.000109863     
-0.000195313     -0.000231934     -0.000537109     -0.000549316     
-0.000561523     -0.000598145     -0.000756836     -0.00065918     
-0.000634766     -0.000671387     -0.000622559     -0.00057373     
-0.000476074     -0.000366211     -0.000512695     -0.000402832     
-0.000427246     -0.000415039     -0.000402832     -0.000524902     
-0.00020752     -0.000280762     -0.000402832     -0.000390625     
-0.000366211     -0.000268555     -0.000463867     -0.000390625     
-0.00032959     -0.000366211     -0.000500488     -0.000561523     
-0.00057373     -0.00065918     -0.00078125     -0.000891113     
-0.000891113     -0.000720215     -0.000976563     -0.00107422     
-0.000915527     -0.00090332     -0.000878906     -0.000939941     
-0.00078125     -0.000805664     -0.000854492     -0.000842285     
-0.000866699     -0.000708008     -0.000830078     -0.000769043     
-0.000646973     -0.000585938     -0.000744629     -0.000720215     
-0.00078125     -0.000720215     -0.000805664     -0.000891113     
-0.000744629     -0.000708008     -0.000842285     -0.000927734     
-0.000805664     -0.000683594     -0.000793457     -0.000708008     
-0.000463867     -0.00045166     -0.000585938     -0.000512695     
-0.000378418     -0.000402832     -0.000463867     -0.000524902     
-0.000463867     -0.00032959     -0.000549316     -0.000488281     
-0.000524902     -0.000524902     -0.000622559     -0.000598145     
-0.000549316     -0.000512695     -0.000646973     -0.000585938     
-0.000537109     -0.000549316     -0.000537109     -0.000549316     
-0.000500488     -0.000378418     -0.000500488     -0.000439453     
-0.000500488     -0.000561523     -0.000598145     -0.000646973     
-0.000598145     -0.00065918     -0.000756836     -0.000769043     
-0.000769043     -0.000646973     -0.000720215     -0.000695801     
-0.000585938     -0.000463867     -0.000488281     -0.000402832     
-0.000292969     -0.000268555     -0.000158691     -0.000170898     
0     8.54492e-05     -1.2207e-05     1.2207e-05     
0.000170898     9.76563e-05     0.000170898     0.000244141     
0.000268555     0.000402832     0.000292969     0.000341797     
0.000354004     0.000354004     0.000170898     0.00012207     
0.000268555     0.000256348     0.000219727     0.000158691     
7.32422e-05     0.000183105     0.00020752     0.000109863     
0.000390625     0.000341797     0.000268555     0.000341797     
0.000415039     0.000488281     0.000292969     0.000256348     
0.000354004     0.000366211     0.000183105     6.10352e-05     
0     0     -0.000305176     -0.000305176     
-0.000305176     -0.000244141     -0.00045166     -0.000500488     
-0.000427246     -0.000366211     -0.000354004     -0.000537109     
-0.000244141     -4.88281e-05     -0.00012207     -0.000219727     
-0.000146484     -7.32422e-05     -0.000109863     -0.000231934     
-0.000158691     -6.10352e-05     -0.00032959     -0.000292969     
-0.000280762     -0.000256348     -0.000354004     -0.000280762     
-0.000280762     -0.000231934     -0.000256348     -0.000268555     
-0.000170898     -0.000158691     -0.000317383     -0.000292969     
-0.000280762     -0.000317383     -0.000402832     -0.000500488     
-0.000537109     -0.00057373     -0.000720215     -0.000695801     
-0.00057373     -0.000585938     -0.000769043     -0.000695801     
-0.000683594     -0.000585938     -0.000708008     -0.000537109     
-0.000427246     -0.000354004     -0.000427246     -0.000317383     
-0.000256348     -0.000244141     -0.000268555     -0.000231934     
-9.76563e-05     -0.000109863     -0.000195313     -0.000146484     
-0.000183105     -0.000268555     -0.000292969     -0.000427246     
-0.000244141     -0.000305176     -0.00045166     -0.000476074     
-0.000366211     -0.000341797     -0.000476074     -0.000463867     
-0.000390625     -0.000256348     -0.000476074     -0.000476074     
-0.00045166     -0.000427246     -0.000476074     -0.00057373     
-0.000549316     -0.000427246     -0.000695801     -0.000695801     
-0.000634766     -0.000646973     -0.000695801     -0.00057373     
-0.000390625     -0.000292969     -0.000317383     -0.000244141     
-0.00020752     -0.000134277     -0.000146484     -0.000146484     
-0.000183105     -9.76563e-05     -0.00032959     -0.000427246     
-0.000537109     -0.000561523     -0.00065918     -0.000769043     
-0.000708008     -0.000671387     -0.000842285     -0.000842285     
-0.000732422     -0.000720215     -0.000732422     -0.000891113     
-0.00057373     -0.000683594     -0.000695801     -0.000732422     
-0.000561523     -0.000500488     -0.000512695     -0.000549316     
-0.000500488     -0.000341797     -0.000427246     -0.00045166     
-0.00045166     -0.000488281     -0.000598145     -0.000720215     
-0.00065918     -0.000769043     -0.00106201     -0.00101318     
-0.00107422     -0.00106201     -0.00112305     -0.00126953     
-0.0010498     -0.000964355     -0.00106201     -0.00098877     
-0.000976563     -0.000952148     -0.00090332     -0.000939941     
-0.000769043     -0.000634766     -0.000695801     -0.000622559     
-0.000598145     -0.000415039     -0.000427246     -0.000354004     
-0.000158691     -9.76563e-05     -8.54492e-05     -3.66211e-05     
7.32422e-05     0.000109863     9.76563e-05     0.000195313     
0.000354004     0.000366211     0.000256348     0.000305176     
0.000537109     0.000280762     0.00032959     0.00032959     
0.000439453     0.000476074     0.000195313     0.00020752     
0.000170898     0.000109863     -4.88281e-05     -0.000134277     
0     -0.000158691     -0.000341797     -0.000341797     
-0.000378418     -0.000415039     -0.000622559     -0.000634766     
-0.000476074     -0.000439453     -0.00057373     -0.00065918     
-0.000561523     -0.000488281     -0.000537109     -0.000524902     
-0.000439453     -0.000268555     -0.000476074     -0.000524902     
-0.000439453     -0.000427246     -0.00065918     -0.000598145     
-0.000585938     -0.000549316     -0.000683594     -0.000817871     
-0.000732422     -0.000610352     -0.000756836     -0.00078125     
-0.000610352     -0.000439453     -0.000561523     -0.000646973     
-0.000439453     -0.000537109     -0.000366211     -0.000500488     
-0.000354004     -0.000134277     -0.000341797     -0.000280762     
-0.000268555     -0.00020752     -0.000341797     -0.000317383     
-0.000378418     -0.000317383     -0.000561523     -0.000671387     
-0.000720215     -0.000842285     -0.00106201     -0.00100098     
-0.00106201     -0.00109863     -0.00117188     -0.00119629     
-0.00107422     -0.00109863     -0.00107422     -0.000952148     
-0.000805664     -0.00065918     -0.000708008     -0.000500488     
-0.000402832     -0.000280762     -0.000195313     3.66211e-05     
0.000109863     0.000231934     0.000134277     0.000195313     
0.000292969     0.000231934     0.000134277     9.76563e-05     
0.000134277     4.88281e-05     -0.000158691     -0.000256348     
-0.000231934     -0.000341797     -0.000390625     -0.000610352     
-0.000341797     -0.000378418     -0.00057373     -0.000500488     
-0.000500488     -0.000488281     -0.000476074     -0.000427246     
-0.000292969     -0.000158691     -0.000317383     -0.000268555     
-0.00012207     -0.000183105     -0.000317383     -0.000402832     
-0.000354004     -0.000366211     -0.000598145     -0.000708008     
-0.000769043     -0.000854492     -0.00106201     -0.0010498     
-0.00102539     -0.00101318     -0.00125732     -0.00131836     
-0.00126953     -0.00126953     -0.00126953     -0.00133057     
-0.0012207     -0.000952148     -0.00111084     -0.00102539     
-0.000915527     -0.000842285     -0.000720215     -0.000671387     
-0.000488281     -0.000378418     -0.000476074     -0.000317383     
-0.000231934     -0.000292969     -0.000231934     -0.000402832     
-0.000317383     -0.000256348     -0.000402832     -0.000610352     
-0.000524902     -0.000610352     -0.000732422     -0.00065918     
-0.000732422     -0.00057373     -0.00065918     -0.000720215     
-0.000634766     -0.000561523     -0.000598145     -0.000598145     
-0.000256348     -0.000183105     -0.00032959     -0.00012207     
-0.000134277     -8.54492e-05     4.88281e-05     -1.2207e-05     
1.2207e-05     7.32422e-05     -0.000170898     -0.000183105     
-0.000244141     -0.000354004     -0.000524902     -0.000598145     
-0.000549316     -0.000610352     -0.000817871     -0.00078125     
-0.000830078     -0.000878906     -0.00101318     -0.000927734     
-0.000854492     -0.000878906     -0.000939941     -0.000805664     
-0.000842285     -0.00078125     -0.000732422     -0.000744629     
-0.000610352     -0.000549316     -0.000598145     -0.000646973     
-0.000537109     -0.000598145     -0.000769043     -0.000769043     
-0.000671387     -0.000598145     -0.00101318     -0.000964355     
-0.000952148     -0.000952148     -0.00112305     -0.00098877     
-0.000891113     -0.000915527     -0.000878906     -0.000842285     
-0.000817871     -0.000610352     -0.000817871     -0.000708008     
-0.000488281     -0.000402832     -0.000524902     -0.000488281     
-0.000354004     -0.000231934     -0.000305176     -0.000317383     
-0.000170898     -9.76563e-05     -0.00032959     -0.000341797     
-0.00032959     -0.000341797     -0.000585938     -0.000695801     
-0.000720215     -0.000695801     -0.000939941     -0.00114746     
-0.00115967     -0.00115967     -0.00129395     -0.00137939     
-0.00123291     -0.00112305     -0.0012207     -0.00118408     
-0.00102539     -0.00101318     -0.0010498     -0.00102539     
-0.000915527     -0.000878906     -0.0010376     -0.000976563     
-0.00106201     -0.00100098     -0.00102539     -0.00098877     
-0.000976563     -0.000830078     -0.000891113     -0.000854492     
-0.000683594     -0.000695801     -0.000744629     -0.000646973     
-0.000463867     -0.000500488     -0.00057373     -0.000585938     
-0.00045166     -0.000463867     -0.000561523     -0.000622559     
-0.000610352     -0.00045166     -0.000720215     -0.000683594     
-0.000720215     -0.000756836     -0.000939941     -0.000915527     
-0.000939941     -0.000976563     -0.00115967     -0.0012085     
-0.00108643     -0.0012207     -0.0012207     -0.00128174     
-0.00115967     -0.00112305     -0.00125732     -0.00119629     
-0.00115967     -0.0012085     -0.0012085     -0.00129395     
-0.00102539     -0.00102539     -0.00111084     -0.00108643     
-0.000952148     -0.000854492     -0.000964355     -0.000854492     
-0.000708008     -0.000610352     -0.000756836     -0.00065918     
-0.000549316     -0.000683594     -0.000720215     -0.000720215     
-0.000671387     -0.000537109     -0.000842285     -0.000866699     
-0.000805664     -0.000915527     -0.00100098     -0.000964355     
-0.000964355     -0.000866699     -0.00107422     -0.00114746     
-0.00107422     -0.000939941     -0.00107422     -0.000952148     
-0.000769043     -0.000634766     -0.00078125     -0.000683594     
-0.000561523     -0.000598145     -0.000671387     -0.000598145     
-0.000488281     -0.00057373     -0.000708008     -0.000891113     
-0.000891113     -0.00102539     -0.00111084     -0.00134277     
-0.0012085     -0.00113525     -0.00141602     -0.00148926     
-0.00140381     -0.00133057     -0.00144043     -0.0013916     
-0.00130615     -0.00113525     -0.00126953     -0.00108643     
-0.00107422     -0.00106201     -0.000976563     -0.00098877     
-0.000878906     -0.00078125     -0.000866699     -0.000756836     
-0.000756836     -0.000756836     -0.000708008     -0.000708008     
-0.00057373     -0.000537109     -0.000585938     -0.00057373     
-0.000463867     -0.000415039     -0.000476074     -0.00032959     
-0.000244141     -0.000109863     -0.000268555     -6.10352e-05     
-7.32422e-05     0.00012207     2.44141e-05     0.00012207     
0.000268555     0.000280762     0.000268555     0.000231934     
0.000244141     0.000244141     0.000134277     2.44141e-05     
9.76563e-05     -4.88281e-05     -0.000268555     -0.000427246     
-0.000463867     -0.000732422     -0.000866699     -0.000976563     
-0.00106201     -0.00111084     -0.00133057     -0.00134277     
-0.00142822     -0.00133057     -0.00151367     -0.00145264     
-0.00115967     -0.00123291     -0.00129395     -0.00126953     
-0.00111084     -0.00106201     -0.00108643     -0.0010498     
-0.00100098     -0.000939941     -0.00107422     -0.00108643     
-0.00115967     -0.00111084     -0.0012207     -0.00141602     
-0.00133057     -0.00126953     -0.00145264     -0.00151367     
-0.00142822     -0.00135498     -0.00142822     -0.00133057     
-0.00114746     -0.000952148     -0.00100098     -0.000830078     
-0.000634766     -0.000378418     -0.000378418     -0.000317383     
-0.00012207     -3.66211e-05     -0.000158691     -0.000231934     
-0.00012207     -0.000231934     -0.000244141     -0.000524902     
-0.000402832     -0.000354004     -0.000634766     -0.000561523     
-0.000512695     -0.000512695     -0.000695801     -0.000512695     
-0.00057373     -0.000512695     -0.000622559     -0.00057373     
-0.000537109     -0.000610352     -0.000695801     -0.000634766     
-0.000598145     -0.000561523     -0.000695801     -0.000708008     
-0.00065918     -0.000683594     -0.000708008     -0.000744629     
-0.000720215     -0.000732422     -0.000952148     -0.00100098     
-0.000939941     -0.00118408     -0.00133057     -0.00137939     
-0.00135498     -0.00128174     -0.0015625     -0.00153809     
-0.00148926     -0.00145264     -0.00140381     -0.00125732     
-0.0012085     -0.00109863     -0.00115967     -0.00107422     
-0.000952148     -0.00100098     -0.000866699     -0.000927734     
-0.000756836     -0.000891113     -0.000891113     -0.000866699     
-0.000952148     -0.000915527     -0.00109863     -0.0010498     
-0.00098877     -0.000939941     -0.00109863     -0.00114746     
-0.00111084     -0.00112305     -0.00118408     -0.00126953     
-0.00119629     -0.00111084     -0.00130615     -0.00133057     
-0.00118408     -0.00115967     -0.0012085     -0.00112305     
-0.00106201     -0.0010498     -0.00107422     -0.0010376     
-0.000952148     -0.000952148     -0.000939941     -0.00101318     
-0.000915527     -0.000854492     -0.000939941     -0.000952148     
-0.000878906     -0.000817871     -0.000866699     -0.000939941     
-0.000830078     -0.000732422     -0.000830078     -0.000976563     
-0.000805664     -0.000769043     -0.000842285     -0.00100098     
-0.000915527     -0.000830078     -0.00098877     -0.00107422     
-0.00102539     -0.0010376     -0.00114746     -0.00124512     
-0.00118408     -0.00115967     -0.0013916     -0.00140381     
-0.00141602     -0.00141602     -0.00145264     -0.00152588     
-0.00145264     -0.00126953     -0.00150146     -0.00130615     
-0.00111084     -0.00118408     -0.00111084     -0.0010376     
-0.000891113     -0.000817871     -0.000854492     -0.000817871     
-0.00078125     -0.000866699     -0.000939941     -0.000854492     
-0.000878906     -0.000939941     -0.00109863     -0.0010498     
-0.00102539     -0.000976563     -0.00108643     -0.00109863     
-0.000952148     -0.000866699     -0.0010498     -0.000976563     
-0.000964355     -0.000915527     -0.00106201     -0.00112305     
-0.00098877     -0.00109863     -0.0012207     -0.00133057     
-0.0012207     -0.00130615     -0.00136719     -0.00140381     
-0.00129395     -0.00126953     -0.00142822     -0.00124512     
-0.00125732     -0.00101318     -0.00107422     -0.000964355     
-0.000756836     -0.000622559     -0.00065918     -0.000500488     
-0.000500488     -0.000354004     -0.000427246     -0.000427246     
-0.000354004     -0.00032959     -0.000439453     -0.000463867     
-0.000500488     -0.000549316     -0.00065918     -0.000708008     
-0.000683594     -0.000561523     -0.00078125     -0.000744629     
-0.000744629     -0.00065918     -0.000830078     -0.000817871     
-0.000671387     -0.000610352     -0.000646973     -0.000695801     
-0.000622559     -0.000598145     -0.000695801     -0.000695801     
-0.000549316     -0.000512695     -0.000634766     -0.000610352     
-0.000634766     -0.000671387     -0.000683594     -0.00078125     
-0.000671387     -0.000695801     -0.00100098     -0.000976563     
-0.00106201     -0.00108643     -0.00115967     -0.00109863     
-0.000976563     -0.000952148     -0.0010376     -0.00101318     
-0.000830078     -0.000744629     -0.000976563     -0.00078125     
-0.000769043     -0.000585938     -0.000671387     -0.00078125     
-0.000634766     -0.00065918     -0.000805664     -0.000769043     
-0.000756836     -0.000634766     -0.000805664     -0.000830078     
-0.000830078     -0.000683594     -0.00065918     -0.000549316     
-0.000439453     -0.000280762     -0.00032959     -0.000292969     
-0.000183105     -0.000183105     -0.000170898     -4.88281e-05     
-8.54492e-05     -0.00012207     -0.000231934     -0.000317383     
-0.000341797     -0.000610352     -0.000695801     -0.000830078     
-0.000720215     -0.00090332     -0.00102539     -0.00111084     
-0.00117188     -0.00108643     -0.00123291     -0.00124512     
-0.00117188     -0.00106201     -0.0012085     -0.00118408     
-0.00107422     -0.00112305     -0.00111084     -0.00112305     
-0.00106201     -0.000952148     -0.00113525     -0.0010498     
-0.000915527     -0.000915527     -0.00090332     -0.000793457     
-0.000598145     -0.000500488     -0.000512695     -0.000524902     
-0.000402832     -0.000305176     -0.00032959     -0.00032959     
-0.000158691     -9.76563e-05     -0.00032959     -0.00032959     
-0.000244141     -0.000280762     -0.000439453     -0.000488281     
-0.000366211     -0.000415039     -0.000488281     -0.000598145     
-0.000524902     -0.000598145     -0.00065918     -0.000744629     
-0.000622559     -0.000598145     -0.00065918     -0.000732422     
-0.000720215     -0.000708008     -0.00078125     -0.000793457     
-0.000817871     -0.000695801     -0.00090332     -0.000866699     
-0.000915527     -0.000927734     -0.0010376     -0.00102539     
-0.00098877     -0.000952148     -0.00113525     -0.00109863     
-0.0010376     -0.00114746     -0.00108643     -0.00125732     
-0.00112305     -0.0010498     -0.0012207     -0.00124512     
-0.00117188     -0.00118408     -0.00133057     -0.00128174     
-0.00114746     -0.00108643     -0.0012207     -0.00114746     
-0.00113525     -0.00113525     -0.0012085     -0.0010376     
-0.00101318     -0.000915527     -0.00100098     -0.00090332     
-0.000866699     -0.000842285     -0.000817871     -0.000891113     
-0.000671387     -0.000756836     -0.000756836     -0.000744629     
-0.000708008     -0.000769043     -0.000805664     -0.000891113     
-0.00090332     -0.000732422     -0.000952148     -0.00101318     
-0.00114746     -0.00115967     -0.00137939     -0.00142822     
-0.00145264     -0.00146484     -0.00163574     -0.00169678     
-0.00177002     -0.00158691     -0.00168457     -0.00163574     
-0.00135498     -0.00134277     -0.00136719     -0.00123291     
-0.00123291     -0.00114746     -0.00133057     -0.00119629     
-0.00126953     -0.00125732     -0.00131836     -0.00145264     
-0.00137939     -0.00134277     -0.00146484     -0.00144043     
-0.00134277     -0.00124512     -0.00133057     -0.00141602     
-0.00130615     -0.00131836     -0.00136719     -0.00148926     
-0.00131836     -0.00123291     -0.00146484     -0.00151367     
-0.00137939     -0.00147705     -0.00141602     -0.0013916     
-0.0012085     -0.00112305     -0.00115967     -0.000964355     
-0.000866699     -0.000683594     -0.000732422     -0.000561523     
-0.000378418     -0.000341797     -0.000415039     -0.000439453     
-0.00032959     -0.000305176     -0.000500488     -0.000463867     
-0.000427246     -0.000549316     -0.000671387     -0.000732422     
-0.000817871     -0.000817871     -0.000939941     -0.00100098     
-0.00102539     -0.000952148     -0.00125732     -0.00113525     
-0.00108643     -0.00102539     -0.00108643     -0.0010498     
-0.00100098     -0.000854492     -0.00098877     -0.000927734     
-0.000878906     -0.000842285     -0.000891113     -0.000830078     
-0.000830078     -0.000939941     -0.00109863     -0.00108643     
-0.00114746     -0.00129395     -0.00128174     -0.00147705     
-0.00136719     -0.00141602     -0.00166016     -0.00170898     
-0.0017334     -0.00181885     -0.00195313     -0.0019165     
-0.00186768     -0.00183105     -0.00205078     -0.00198975     
-0.00174561     -0.00177002     -0.00172119     -0.00161133     
-0.00155029     -0.00124512     -0.00133057     -0.00123291     
-0.0010376     -0.00109863     -0.00112305     -0.00113525     
-0.00102539     -0.000891113     -0.00117188     -0.00117188     
-0.00114746     -0.00117188     -0.0012207     -0.00124512     
-0.00119629     -0.00108643     -0.00128174     -0.00125732     
-0.00123291     -0.00119629     -0.00126953     -0.00131836     
-0.00126953     -0.00119629     -0.00133057     -0.00151367     
-0.00141602     -0.00141602     -0.00151367     -0.00152588     
-0.00142822     -0.00142822     -0.00147705     -0.00142822     
-0.00136719     -0.00133057     -0.00131836     -0.00130615     
-0.00118408     -0.0010498     -0.00117188     -0.00107422     
-0.000964355     -0.000915527     -0.000939941     -0.00100098     
-0.000842285     -0.000744629     -0.00102539     -0.000952148     
-0.000927734     -0.00101318     -0.000927734     -0.00101318     
-0.000842285     -0.000732422     -0.000830078     -0.000744629     
-0.00065918     -0.000683594     -0.000671387     -0.000646973     
-0.000585938     -0.000646973     -0.000805664     -0.000842285     
-0.000927734     -0.00098877     -0.00117188     -0.00125732     
-0.00125732     -0.00126953     -0.00133057     -0.00141602     
-0.00129395     -0.00131836     -0.00135498     -0.00136719     
-0.00115967     -0.0010376     -0.00108643     -0.00117188     
-0.00098877     -0.000964355     -0.000891113     -0.00090332     
-0.000793457     -0.00065918     -0.000793457     -0.000683594     
-0.000610352     -0.00065918     -0.00065918     -0.000561523     
-0.000402832     -0.000476074     -0.000439453     -0.000476074     
-0.000512695     -0.000463867     -0.000756836     -0.000854492     
-0.000769043     -0.000878906     -0.00106201     -0.00123291     
-0.0012207     -0.0013916     -0.00141602     -0.00146484     
-0.00142822     -0.00135498     -0.00145264     -0.00147705     
-0.00141602     -0.00137939     -0.00152588     -0.00135498     
-0.00135498     -0.00117188     -0.0013916     -0.00155029     
-0.00128174     -0.00135498     -0.00144043     -0.00147705     
-0.00134277     -0.00129395     -0.00134277     -0.00148926     
-0.00137939     -0.00130615     -0.00125732     -0.00129395     
-0.00114746     -0.00098877     -0.00117188     -0.00101318     
-0.00100098     -0.00100098     -0.00108643     -0.00114746     
-0.00118408     -0.00114746     -0.0013916     -0.00150146     
-0.00158691     -0.00170898     -0.00194092     -0.00189209     
-0.00192871     -0.00200195     -0.00196533     -0.00205078     
-0.00195313     -0.0019043     -0.00187988     -0.00178223     
-0.00159912     -0.00147705     -0.00150146     -0.00128174     
-0.00118408     -0.00118408     -0.00114746     -0.0010376     
-0.00101318     -0.000927734     -0.00108643     -0.00107422     
-0.000939941     -0.000964355     -0.00100098     -0.0010376     
-0.00078125     -0.000952148     -0.00100098     -0.000964355     
-0.000854492     -0.0010498     -0.0010498     -0.00112305     
-0.00101318     -0.00107422     -0.00124512     -0.0012085     
-0.00118408     -0.00113525     -0.00128174     -0.00131836     
-0.00115967     -0.00107422     -0.00137939     -0.0013916     
-0.00124512     -0.00129395     -0.00140381     -0.00142822     
-0.00145264     -0.00137939     -0.00161133     -0.00166016     
-0.00164795     -0.00164795     -0.00175781     -0.00181885     
-0.00164795     -0.00158691     -0.00163574     -0.00147705     
-0.00134277     -0.0012207     -0.00123291     -0.00114746     
-0.00101318     -0.000891113     -0.0010376     -0.000939941     
-0.000939941     -0.000952148     -0.00106201     -0.00115967     
-0.00114746     -0.00113525     -0.00135498     -0.00137939     
-0.00137939     -0.00147705     -0.00153809     -0.00159912     
-0.00140381     -0.00137939     -0.00146484     -0.00144043     
-0.0013916     -0.00133057     -0.00137939     -0.00142822     
-0.00141602     -0.00133057     -0.00146484     -0.00153809     
-0.00145264     -0.0013916     -0.00147705     -0.00142822     
-0.00124512     -0.00128174     -0.00146484     -0.00119629     
-0.00114746     -0.00115967     -0.00106201     -0.0010376     
-0.0010376     -0.000952148     -0.00111084     -0.00118408     
-0.00098877     -0.00098877     -0.00112305     -0.0010498     
-0.00100098     -0.00090332     -0.00108643     -0.00118408     
-0.00107422     -0.00112305     -0.0012085     -0.00118408     
-0.00114746     -0.0010376     -0.0012085     -0.00125732     
-0.00125732     -0.00124512     -0.00126953     -0.00128174     
-0.00136719     -0.00131836     -0.00141602     -0.00163574     
-0.00147705     -0.00146484     -0.00159912     -0.0015625     
-0.00141602     -0.00128174     -0.00140381     -0.0012207     
-0.00109863     -0.000952148     -0.000964355     -0.000939941     
-0.000720215     -0.000732422     -0.000915527     -0.000927734     
-0.000878906     -0.00102539     -0.00114746     -0.00119629     
-0.00112305     -0.0012207     -0.00133057     -0.00128174     
-0.00128174     -0.00115967     -0.00131836     -0.0012085     
-0.000964355     -0.000878906     -0.00101318     -0.000891113     
-0.000830078     -0.000744629     -0.000793457     -0.000708008     
-0.000646973     -0.000500488     -0.000610352     -0.00065918     
-0.000585938     -0.00057373     -0.000708008     -0.000744629     
-0.000720215     -0.000646973     -0.000878906     -0.00090332     
-0.00090332     -0.00100098     -0.000976563     -0.00115967     
-0.00107422     -0.000915527     -0.00113525     -0.00112305     
-0.0012207     -0.0012085     -0.00135498     -0.0013916     
-0.00153809     -0.00147705     -0.00163574     -0.00170898     
-0.00167236     -0.00167236     -0.00183105     -0.00183105     
-0.00168457     -0.00172119     -0.00177002     -0.0017334     
-0.00167236     -0.00163574     -0.00170898     -0.00159912     
-0.00151367     -0.00142822     -0.00157471     -0.00146484     
-0.00135498     -0.00135498     -0.00147705     -0.00146484     
-0.0013916     -0.00126953     -0.00150146     -0.00137939     
-0.00135498     -0.00145264     -0.00150146     -0.00141602     
-0.00133057     -0.00135498     -0.00140381     -0.00134277     
-0.0012085     -0.00123291     -0.00119629     -0.00114746     
-0.00090332     -0.000878906     -0.000915527     -0.00078125     
-0.000708008     -0.000622559     -0.000842285     -0.000756836     
-0.000695801     -0.00057373     -0.000866699     -0.000976563     
-0.000842285     -0.000878906     -0.00098877     -0.000976563     
-0.000891113     -0.000744629     -0.000927734     -0.000939941     
-0.000756836     -0.000793457     -0.000805664     -0.000866699     
-0.000695801     -0.000634766     -0.000854492     -0.000854492     
-0.000842285     -0.000854492     -0.000952148     -0.000976563     
-0.000939941     -0.000952148     -0.00109863     -0.00109863     
-0.00106201     -0.000976563     -0.00108643     -0.0010498     
-0.000891113     -0.000842285     -0.000915527     -0.00102539     
-0.000878906     -0.000793457     -0.000939941     -0.00101318     
-0.000805664     -0.000915527     -0.000866699     -0.00098877     
-0.000915527     -0.000891113     -0.000952148     -0.000915527     
-0.000915527     -0.000878906     -0.00111084     -0.00115967     
-0.00117188     -0.00129395     -0.00141602     -0.00157471     
-0.00153809     -0.00144043     -0.00184326     -0.00169678     
-0.00169678     -0.00172119     -0.00167236     -0.00172119     
-0.00153809     -0.00137939     -0.00150146     -0.00135498     
-0.00134277     -0.00131836     -0.00140381     -0.00145264     
-0.00134277     -0.00124512     -0.00148926     -0.0013916     
-0.00141602     -0.00130615     -0.00144043     -0.0013916     
-0.00123291     -0.00113525     -0.00114746     -0.00106201     
-0.00098877     -0.00101318     -0.000939941     -0.000878906     
-0.000769043     -0.000842285     -0.000878906     -0.000915527     
-0.000769043     -0.000964355     -0.00108643     -0.00113525     
-0.00117188     -0.00115967     -0.00147705     -0.00137939     
-0.00137939     -0.00140381     -0.00148926     -0.00150146     
-0.00137939     -0.0012207     -0.00133057     -0.00129395     
-0.0012207     -0.00118408     -0.00114746     -0.00118408     
-0.00108643     -0.00100098     -0.00113525     -0.00113525     
-0.0010376     -0.00098877     -0.00107422     -0.00106201     
-0.000976563     -0.000756836     -0.000891113     -0.000830078     
-0.000805664     -0.000683594     -0.000817871     -0.000622559     
-0.000634766     -0.000500488     -0.000695801     -0.000744629     
-0.000830078     -0.000854492     -0.000939941     -0.0010498     
-0.00101318     -0.00098877     -0.00118408     -0.00125732     
-0.00123291     -0.00130615     -0.00112305     -0.00130615     
-0.00118408     -0.00102539     -0.00113525     -0.00109863     
-0.00114746     -0.00108643     -0.00112305     -0.00108643     
-0.0010376     -0.000976563     -0.00106201     -0.00113525     
-0.00106201     -0.00113525     -0.00123291     -0.00115967     
-0.00108643     -0.00107422     -0.00114746     -0.00124512     
-0.00115967     -0.00111084     -0.00125732     -0.00126953     
-0.00114746     -0.0012207     -0.0013916     -0.00131836     
-0.00141602     -0.00141602     -0.00158691     -0.00157471     
-0.00148926     -0.00145264     -0.00157471     -0.00153809     
-0.00158691     -0.00151367     -0.00151367     -0.00151367     
-0.00141602     -0.00124512     -0.00137939     -0.00141602     
-0.00123291     -0.00128174     -0.00129395     -0.00124512     
-0.00106201     -0.00101318     -0.00106201     -0.00107422     
-0.00102539     -0.000817871     -0.00102539     -0.000891113     
-0.000842285     -0.000708008     -0.000878906     -0.000769043     
-0.000634766     -0.000683594     -0.000683594     -0.000756836     
-0.000695801     -0.000561523     -0.000756836     -0.00078125     
-0.000830078     -0.000964355     -0.00114746     -0.00129395     
-0.00135498     -0.00142822     -0.00167236     -0.0017334     
-0.00179443     -0.00179443     -0.00185547     -0.00189209     
-0.00180664     -0.00168457     -0.00178223     -0.00153809     
-0.00151367     -0.00150146     -0.00153809     -0.00146484     
-0.00129395     -0.00125732     -0.00134277     -0.00141602     
-0.00137939     -0.00137939     -0.00147705     -0.00155029     
-0.00136719     -0.00133057     -0.00142822     -0.00147705     
-0.00137939     -0.0013916     -0.00142822     -0.00151367     
-0.00147705     -0.00137939     -0.00151367     -0.0015625     
-0.00158691     -0.00158691     -0.0017334     -0.00177002     
-0.00167236     -0.00169678     -0.0019043     -0.00170898     
-0.00177002     -0.00178223     -0.00172119     -0.00172119     
-0.00159912     -0.00148926     -0.00153809     -0.00153809     
-0.00147705     -0.00136719     -0.00135498     -0.00126953     
-0.00117188     -0.000964355     -0.00101318     -0.000842285     
-0.000744629     -0.00057373     -0.00065918     -0.000439453     
-0.00032959     -0.000305176     -0.000390625     -0.000415039     
-0.000390625     -0.000585938     -0.000695801     -0.000793457     
-0.000878906     -0.000964355     -0.00115967     -0.00126953     
-0.0012207     -0.00145264     -0.00152588     -0.00148926     
-0.00150146     -0.00146484     -0.00161133     -0.00153809     
-0.00147705     -0.00142822     -0.00147705     -0.00133057     
-0.00119629     -0.0012085     -0.0012085     -0.00108643     
-0.000976563     -0.000854492     -0.000927734     -0.000952148     
-0.000756836     -0.000646973     -0.000817871     -0.000744629     
-0.000720215     -0.000732422     -0.000793457     -0.000793457     
-0.000732422     -0.000622559     -0.000830078     -0.000744629     
-0.000708008     -0.000646973     -0.000817871     -0.000683594     
-0.000744629     -0.000610352     -0.000842285     -0.00090332     
-0.000891113     -0.000842285     -0.0010498     -0.0012085     
-0.00106201     -0.00119629     -0.00136719     -0.00137939     
-0.00134277     -0.00146484     -0.00136719     -0.00146484     
-0.00126953     -0.00114746     -0.00123291     -0.000976563     
-0.000964355     -0.000842285     -0.000793457     -0.000683594     
-0.000488281     -0.000415039     -0.000439453     -0.000524902     
-0.000354004     -0.000341797     -0.000549316     -0.000427246     
-0.000354004     -0.00032959     -0.000402832     -0.000402832     
-0.000292969     -0.000256348     -0.000402832     -0.000280762     
-0.000256348     -0.000256348     -0.000390625     -0.000415039     
-0.000366211     -0.000500488     -0.000598145     -0.000671387     
-0.000610352     -0.000646973     -0.000915527     -0.000842285     
-0.000866699     -0.000952148     -0.00102539     -0.000964355     
-0.000939941     -0.0010376     -0.00106201     -0.00107422     
-0.00112305     -0.0012085     -0.00115967     -0.00141602     
-0.00125732     -0.00117188     -0.00140381     -0.00142822     
-0.00144043     -0.00135498     -0.00148926     -0.00152588     
-0.00142822     -0.00131836     -0.00145264     -0.00135498     
-0.00129395     -0.00128174     -0.00125732     -0.0012207     
-0.00113525     -0.00101318     -0.00106201     -0.00107422     
-0.000842285     -0.000842285     -0.000830078     -0.00078125     
-0.000671387     -0.000610352     -0.000695801     -0.000634766     
-0.000646973     -0.000769043     -0.000720215     -0.00078125     
-0.000744629     -0.000732422     -0.00090332     -0.00090332     
-0.000915527     -0.00090332     -0.000939941     -0.000952148     
-0.000769043     -0.000769043     -0.000842285     -0.000830078     
-0.000756836     -0.000756836     -0.00078125     -0.000952148     
-0.000805664     -0.000891113     -0.00101318     -0.00113525     
-0.00111084     -0.00106201     -0.00130615     -0.00125732     
-0.00119629     -0.00117188     -0.00141602     -0.0013916     
-0.00137939     -0.00137939     -0.00146484     -0.00161133     
-0.00151367     -0.00146484     -0.0015625     -0.00152588     
-0.00150146     -0.00150146     -0.00147705     -0.00147705     
-0.00126953     -0.00124512     -0.00125732     -0.00126953     
-0.00114746     -0.00125732     -0.00126953     -0.0012085     
-0.00119629     -0.00117188     -0.0013916     -0.00131836     
-0.00130615     -0.00136719     -0.00142822     -0.00141602     
-0.0013916     -0.00148926     -0.00159912     -0.00163574     
-0.00164795     -0.00180664     -0.00192871     -0.00197754     
-0.00185547     -0.00179443     -0.00192871     -0.00194092     
-0.00174561     -0.00178223     -0.00169678     -0.00161133     
-0.00142822     -0.00131836     -0.00145264     -0.00130615     
-0.00124512     -0.00123291     -0.00137939     -0.00142822     
-0.00136719     -0.0013916     -0.0015625     -0.00159912     
-0.00167236     -0.00167236     -0.00178223     -0.00180664     
-0.00162354     -0.00152588     -0.0015625     -0.00159912     
-0.00147705     -0.00136719     -0.00136719     -0.00136719     
-0.0012207     -0.00113525     -0.0012207     -0.00123291     
-0.00115967     -0.0012207     -0.0012085     -0.00125732     
-0.00124512     -0.00108643     -0.00130615     -0.00129395     
-0.00128174     -0.00118408     -0.00126953     -0.00126953     
-0.00113525     -0.000976563     -0.00108643     -0.00109863     
-0.00090332     -0.00098877     -0.00100098     -0.00112305     
-0.00108643     -0.00100098     -0.00118408     -0.0012085     
-0.00134277     -0.0013916     -0.00157471     -0.00159912     
-0.00161133     -0.00168457     -0.00184326     -0.00194092     
-0.00195313     -0.00200195     -0.00216064     -0.00205078     
-0.00200195     -0.00196533     -0.00212402     -0.0020752     
-0.00196533     -0.00198975     -0.00201416     -0.00194092     
-0.00192871     -0.00177002     -0.0019165     -0.00179443     
-0.00161133     -0.00150146     -0.00155029     -0.00131836     
-0.00123291     -0.0010376     -0.00108643     -0.00111084     
-0.00102539     -0.00100098     -0.00113525     -0.00115967     
-0.00115967     -0.00115967     -0.0012207     -0.00141602     
-0.00144043     -0.00136719     -0.00150146     -0.00159912     
-0.00134277     -0.00130615     -0.00133057     -0.00133057     
-0.00123291     -0.0010376     -0.00109863     -0.000976563     
-0.000744629     -0.000585938     -0.000744629     -0.000646973     
-0.000598145     -0.00057373     -0.000671387     -0.000622559     
-0.000549316     -0.000463867     -0.000646973     -0.000683594     
-0.000585938     -0.000695801     -0.000720215     -0.000805664     
-0.000732422     -0.000683594     -0.000830078     -0.000817871     
-0.000830078     -0.000817871     -0.000927734     -0.000927734     
-0.000854492     -0.000842285     -0.0010376     -0.00100098     
-0.00098877     -0.000927734     -0.00106201     -0.00114746     
-0.000927734     -0.000952148     -0.00113525     -0.00125732     
-0.00115967     -0.00119629     -0.00134277     -0.00142822     
-0.00134277     -0.00135498     -0.00146484     -0.00157471     
-0.00141602     -0.00148926     -0.0015625     -0.00142822     
-0.00142822     -0.00128174     -0.00152588     -0.00145264     
-0.00150146     -0.00147705     -0.00146484     -0.00151367     
-0.00134277     -0.00126953     -0.00140381     -0.00134277     
-0.00123291     -0.00114746     -0.00119629     -0.00115967     
-0.00117188     -0.00113525     -0.00130615     -0.00128174     
-0.00133057     -0.00134277     -0.00155029     -0.00150146     
-0.00144043     -0.00147705     -0.00157471     -0.00152588     
-0.00146484     -0.00144043     -0.00150146     -0.00136719     
-0.00119629     -0.00111084     -0.00101318     -0.000939941     
-0.00078125     -0.000708008     -0.000720215     -0.000646973     

