Source : transient; Time : Wed Jun 14 05:18:52 2017
B0 = 3120.000000 Gauss, mw = 9.686280 GHz
 NDI-T2 sa261 20/2 42/25 523nm/1mJ
1 5000 -1.001e-06 8.997e-06 0 0
s                        V                                                 
-0.000695801     -0.000634766     -0.000634766     -0.000854492     
-0.000854492     -0.000756836     -0.000708008     -0.000537109     
-0.000720215     -0.000622559     -0.000402832     -0.000463867     
-0.000402832     -0.000158691     -0.000134277     0     
-0.00012207     -1.2207e-05     -3.66211e-05     4.88281e-05     
-0.000170898     -0.000195313     -7.32422e-05     -8.54492e-05     
-0.000280762     -0.000268555     -0.000219727     -0.000292969     
-0.000317383     -0.000256348     -0.000244141     -0.000317383     
-0.000317383     -0.000317383     -0.000183105     -0.000292969     
-0.000402832     -0.000280762     -0.000317383     -0.00020752     
-0.000378418     -0.000244141     -0.000183105     -0.000231934     
-0.000195313     -0.000109863     0     -3.66211e-05     
-9.76563e-05     -4.88281e-05     4.88281e-05     -9.76563e-05     
-0.000195313     -0.000134277     0     -8.54492e-05     
-0.000280762     -3.66211e-05     -2.44141e-05     2.44141e-05     
7.32422e-05     0.000170898     0.000292969     0.000366211     
0.000280762     0.000402832     0.000512695     0.000512695     
0.000354004     0.000402832     0.000500488     0.000378418     
0.000219727     0.000292969     0.000134277     -2.44141e-05     
-0.00012207     -0.00012207     -0.000134277     -9.76563e-05     
-0.000158691     -0.000183105     8.54492e-05     -4.88281e-05     
1.2207e-05     0.000134277     0.000244141     0.00032959     
0.000256348     0.000366211     0.000341797     0.00045166     
0.000390625     0.000390625     0.000402832     0.00045166     
0.000354004     0.00032959     0.000415039     0.000378418     
0.000341797     0.000366211     0.000378418     0.000463867     
0.000292969     0.000463867     0.000366211     0.000500488     
0.000317383     0.000390625     0.000427246     0.000305176     
0.000305176     0.000256348     0.000317383     0.000305176     
0.000146484     0.000134277     0.000219727     0.000195313     
8.54492e-05     9.76563e-05     0.000158691     9.76563e-05     
1.2207e-05     0.000134277     0.000183105     0.000195313     
8.54492e-05     0.000268555     0.000354004     0.000256348     
0.000256348     0.00032959     0.000500488     0.000390625     
0.000378418     0.000354004     0.000476074     0.000695801     
0.000439453     0.000585938     0.00057373     0.000695801     
0.000622559     0.000622559     0.000695801     0.000683594     
0.000561523     0.000585938     0.000537109     0.000598145     
0.000378418     0.000341797     0.000415039     0.00032959     
0.000305176     0.000366211     0.00032959     0.000317383     
0.000317383     0.000280762     0.000390625     0.000415039     
0.000390625     0.000488281     0.00057373     0.000610352     
0.000549316     0.00057373     0.000793457     0.000646973     
0.000634766     0.000756836     0.000634766     0.000561523     
0.00057373     0.000512695     0.000524902     0.000354004     
0.000256348     0.00020752     0.000292969     0.00012207     
-1.2207e-05     2.44141e-05     2.44141e-05     -0.000134277     
-0.000292969     -0.00012207     -0.000183105     -0.000231934     
-0.000366211     -0.000317383     -0.000195313     -0.000402832     
-0.000305176     -0.000109863     -7.32422e-05     -9.76563e-05     
1.2207e-05     4.88281e-05     0.000158691     0.000134277     
0.000134277     0.000183105     0.000146484     0.000219727     
-8.54492e-05     8.54492e-05     8.54492e-05     -0.000158691     
-0.000109863     -6.10352e-05     -0.00012207     -0.00012207     
-0.000244141     -0.000195313     -0.000109863     -0.000170898     
-0.000244141     -0.000183105     -2.44141e-05     -2.44141e-05     
-0.000183105     -2.44141e-05     2.44141e-05     -1.2207e-05     
-4.88281e-05     -7.32422e-05     -6.10352e-05     -7.32422e-05     
-0.00012207     -0.000170898     -0.000109863     -0.000244141     
-0.000268555     -0.000317383     -0.00032959     -0.000219727     
-0.000476074     -0.00032959     -0.000292969     -0.000415039     
-0.000549316     -0.000402832     -0.00012207     -0.000170898     
-0.000195313     -9.76563e-05     3.66211e-05     -1.2207e-05     
1.2207e-05     0.000268555     0.000244141     0.00032959     
0.000158691     0.00045166     0.000305176     0.000305176     
0.000219727     0.000134277     0.000183105     0.000280762     
8.54492e-05     9.76563e-05     0.000109863     7.32422e-05     
-4.88281e-05     0     -6.10352e-05     4.88281e-05     
-7.32422e-05     1.2207e-05     -2.44141e-05     -2.44141e-05     
-2.44141e-05     1.2207e-05     9.76563e-05     0.000183105     
0.000158691     0.000280762     0.000500488     0.000378418     
0.000390625     0.000524902     0.000488281     0.000537109     
0.000415039     0.000537109     0.000500488     0.000402832     
0.000378418     0.000427246     0.000439453     0.000317383     
0.00012207     0.000158691     7.32422e-05     0     
-0.000256348     -0.000280762     -0.000341797     -0.000427246     
-0.000488281     -0.000537109     -0.000598145     -0.00057373     
-0.000598145     -0.000476074     -0.000390625     -0.00045166     
-0.00045166     -0.000219727     -0.000183105     -0.000146484     
-0.000268555     -0.000219727     -6.10352e-05     -8.54492e-05     
-0.000158691     -0.000134277     -6.10352e-05     -2.44141e-05     
-9.76563e-05     1.2207e-05     0.000158691     0.000158691     
0.000146484     0.00020752     0.000390625     0.00032959     
0.000354004     0.000305176     0.000268555     0.000292969     
0.000219727     0.000170898     0.000195313     0.000256348     
-3.66211e-05     0.00012207     0.000170898     0.000170898     
8.54492e-05     0.000219727     0.000305176     0.000341797     
0.000354004     0.000415039     0.000524902     0.000537109     
0.000439453     0.000463867     0.000524902     0.000378418     
0.000195313     0.000317383     0.000231934     0.000268555     
0.000134277     0.000109863     0.000195313     0.00020752     
0.000146484     0.000256348     0.000366211     0.00032959     
0.000268555     0.000390625     0.000415039     0.00032959     
0.000256348     0.000317383     0.000183105     0.000292969     
7.32422e-05     1.2207e-05     9.76563e-05     0     
-0.000109863     -7.32422e-05     9.76563e-05     6.10352e-05     
-1.2207e-05     8.54492e-05     0.000134277     0.000134277     
7.32422e-05     0.000219727     0.000158691     0.000268555     
0.00012207     0.00012207     0.00012207     0.000219727     
0.00012207     0.000244141     0.000305176     0.000317383     
0.000195313     0.000390625     0.000463867     0.000524902     
0.000488281     0.00065918     0.000585938     0.000683594     
0.000415039     0.000512695     0.00065918     0.000378418     
0.000354004     0.000354004     0.000366211     0.000305176     
0.000158691     0.000183105     0.000317383     0.000305176     
0.00020752     0.000292969     0.000292969     0.000439453     
0.000292969     0.000378418     0.000463867     0.000476074     
0.000366211     0.000488281     0.000427246     0.000402832     
0.000292969     0.000402832     0.000463867     0.000354004     
0.000390625     0.000378418     0.000463867     0.000500488     
0.000341797     0.000427246     0.000439453     0.000378418     
0.000390625     0.000366211     0.000488281     0.00045166     
0.000341797     0.000378418     0.000488281     0.00032959     
0.000244141     0.000366211     0.000402832     0.000341797     
0.000146484     0.000292969     0.000244141     0.000256348     
0.000305176     0.000146484     0.000268555     0.000317383     
0.000158691     0.000231934     0.000268555     0.000146484     
-2.44141e-05     -0.000146484     -0.00012207     -0.000146484     
-0.000402832     -0.000427246     -0.000305176     -0.000439453     
-0.000524902     -0.000427246     -0.000317383     -0.000158691     
-0.000305176     -0.00012207     -2.44141e-05     -1.2207e-05     
0.000109863     0.00012207     0.00020752     0.000305176     
0.000170898     0.000317383     0.000231934     0.000231934     
0.000158691     0.000292969     0.000378418     0.000244141     
0.000256348     0.000292969     0.000378418     0.000305176     
0.000280762     0.000317383     0.000415039     0.000305176     
0.000195313     0.000231934     4.88281e-05     9.76563e-05     
-8.54492e-05     -4.88281e-05     -8.54492e-05     -0.000170898     
-0.000390625     -0.000195313     -0.000244141     -0.000292969     
-0.000427246     -0.000378418     -0.000256348     -0.000158691     
-0.00032959     -0.000109863     -6.10352e-05     -9.76563e-05     
-9.76563e-05     7.32422e-05     0.000109863     0.000134277     
-8.54492e-05     -2.44141e-05     6.10352e-05     2.44141e-05     
-9.76563e-05     1.2207e-05     0.00012207     0.000170898     
0.000109863     0.000305176     0.000488281     0.000598145     
0.000512695     0.000769043     0.000891113     0.00098877     
0.000878906     0.000866699     0.0010376     0.000927734     
0.000695801     0.000695801     0.000720215     0.000561523     
0.000366211     0.000256348     0.000195313     -4.88281e-05     
-0.000390625     -0.000390625     -0.000708008     -0.000964355     
-0.00130615     -0.00164795     -0.00181885     -0.00219727     
-0.00270996     -0.00294189     -0.00334473     -0.00372314     
-0.00429688     -0.00477295     -0.00518799     -0.00571289     
-0.00632324     -0.00671387     -0.00716553     -0.0076416     
-0.00817871     -0.00869141     -0.00905762     -0.00957031     
-0.0101074     -0.0104858     -0.0108521     -0.0113037     
-0.0117676     -0.0121216     -0.0124756     -0.0129639     
-0.0134399     -0.0136841     -0.014209     -0.0145386     
-0.0149902     -0.0152344     -0.0156128     -0.0160889     
-0.0163086     -0.016748     -0.01698     -0.0174438     
-0.0178955     -0.0182373     -0.0185791     -0.0190063     
-0.0195801     -0.0199341     -0.0203491     -0.0207153     
-0.0213257     -0.0217407     -0.0220459     -0.0225952     
-0.0230591     -0.0234131     -0.0237305     -0.0240234     
-0.0244873     -0.0247192     -0.025     -0.0252441     
-0.0256592     -0.0258545     -0.0260864     -0.0263184     
-0.0266724     -0.0268188     -0.0270508     -0.0273438     
-0.0276978     -0.0278687     -0.0280884     -0.0284302     
-0.0287842     -0.0290649     -0.029187     -0.0294678     
-0.0298462     -0.0300171     -0.0302368     -0.0302979     
-0.0307495     -0.0307129     -0.0309448     -0.0311401     
-0.0314697     -0.0316284     -0.0319092     -0.0322021     
-0.0325928     -0.0328369     -0.0330322     -0.0334229     
-0.033667     -0.0339478     -0.0341553     -0.0343506     
-0.034729     -0.0348511     -0.0350708     -0.0352539     
-0.035498     -0.0356201     -0.0356567     -0.0358276     
-0.0360474     -0.0360474     -0.0360962     -0.0362671     
-0.0364136     -0.0363647     -0.0364258     -0.0365356     
-0.0366943     -0.0366577     -0.0367065     -0.0368164     
-0.0370117     -0.0369385     -0.0370239     -0.037146     
-0.037207     -0.0373413     -0.0373291     -0.0374634     
-0.0376709     -0.0377441     -0.0378174     -0.0378906     
-0.0381714     -0.0382935     -0.0385132     -0.0385254     
-0.0387451     -0.0388184     -0.0388672     -0.0390259     
-0.0391357     -0.0390991     -0.0390991     -0.0391724     
-0.03927     -0.0391602     -0.0390747     -0.039209     
-0.0393433     -0.0393677     -0.0394287     -0.0394531     
-0.0396362     -0.0395874     -0.0396851     -0.0398438     
-0.039978     -0.0398682     -0.0400146     -0.0400269     
-0.0401123     -0.0400635     -0.0400757     -0.0400146     
-0.0401001     -0.0400269     -0.039917     -0.0399414     
-0.0400146     -0.0399536     -0.0398071     -0.0397095     
-0.0397461     -0.0397217     -0.0396851     -0.0395874     
-0.0395752     -0.0395264     -0.0394165     -0.0392944     
-0.0393311     -0.0391968     -0.0391479     -0.0390259     
-0.0390991     -0.0388306     -0.0386597     -0.038623     
-0.0386963     -0.0386108     -0.0384155     -0.038501     
-0.0384888     -0.0384888     -0.038562     -0.0384888     
-0.0386841     -0.0387207     -0.0387085     -0.0388184     
-0.0389526     -0.0387695     -0.0388672     -0.0387329     
-0.0389526     -0.0387817     -0.0386475     -0.0385742     
-0.0386353     -0.0383789     -0.0382202     -0.0381592     
-0.0380737     -0.0379395     -0.0376709     -0.0376099     
-0.0374634     -0.0373413     -0.0370605     -0.0369995     
-0.0369263     -0.0367432     -0.0366577     -0.0365479     
-0.0364014     -0.0363037     -0.036145     -0.0359985     
-0.0359131     -0.0358398     -0.0355591     -0.0354004     
-0.035376     -0.0352661     -0.0350952     -0.0348389     
-0.0348999     -0.0347412     -0.0345459     -0.0345947     
-0.0345581     -0.0345215     -0.0344116     -0.034375     
-0.0343628     -0.0342773     -0.0341309     -0.0341797     
-0.0341919     -0.0340088     -0.0339844     -0.0338013     
-0.0338867     -0.0336304     -0.0334839     -0.0333008     
-0.0331787     -0.0329956     -0.0327881     -0.0324951     
-0.0324463     -0.0320679     -0.0317871     -0.0316406     
-0.0314453     -0.0312134     -0.0309692     -0.0307739     
-0.0308228     -0.0306274     -0.0303833     -0.0304077     
-0.0303467     -0.0301758     -0.0300293     -0.0299927     
-0.0300415     -0.0298462     -0.0297485     -0.0296265     
-0.0296143     -0.0293701     -0.0292358     -0.0289917     
-0.0289917     -0.0288696     -0.0286255     -0.0284424     
-0.0283447     -0.0282837     -0.0279907     -0.0277466     
-0.0276978     -0.0273804     -0.0271851     -0.0270142     
-0.0269531     -0.0266724     -0.0265015     -0.0262695     
-0.0264038     -0.0262329     -0.0261475     -0.0260254     
-0.0261719     -0.0260254     -0.0259888     -0.0259033     
-0.0259888     -0.0258667     -0.0256958     -0.0255493     
-0.0255493     -0.0253296     -0.0251099     -0.024939     
-0.0248535     -0.0245728     -0.0243164     -0.0241699     
-0.0240479     -0.0238159     -0.0236572     -0.0234009     
-0.0234253     -0.0232056     -0.0230713     -0.0231079     
-0.0230591     -0.0228638     -0.0228027     -0.0227173     
-0.0228027     -0.0225342     -0.0225342     -0.0224976     
-0.0224731     -0.0223633     -0.022168     -0.022168     
-0.022168     -0.0221069     -0.0218872     -0.0218384     
-0.0219482     -0.0217651     -0.0216553     -0.0216675     
-0.0216553     -0.021582     -0.0215332     -0.0213745     
-0.0215454     -0.0213135     -0.0212158     -0.0212891     
-0.0212402     -0.0211304     -0.0210693     -0.0209839     
-0.0210815     -0.0210327     -0.0209106     -0.0209473     
-0.0209717     -0.0209473     -0.0209106     -0.0208618     
-0.0210205     -0.0209595     -0.0208618     -0.020813     
-0.0209106     -0.0207642     -0.020752     -0.0206665     
-0.0206909     -0.0206543     -0.020459     -0.0204346     
-0.0204102     -0.0202271     -0.020166     -0.0199829     
-0.0201172     -0.0198853     -0.0198242     -0.0197632     
-0.0196899     -0.0196655     -0.0195801     -0.0196899     
-0.0196411     -0.0196167     -0.0194946     -0.0194824     
-0.0195801     -0.019458     -0.0192383     -0.0192261     
-0.0192139     -0.0189209     -0.0189453     -0.0187256     
-0.0186279     -0.0186157     -0.0185669     -0.0185181     
-0.0185791     -0.0184448     -0.0185425     -0.0185303     
-0.0186035     -0.0185913     -0.0186279     -0.0186035     
-0.0186035     -0.0185547     -0.0185425     -0.0184326     
-0.0184448     -0.0183716     -0.0182739     -0.0182983     
-0.0182373     -0.018103     -0.0181396     -0.018103     
-0.0181763     -0.0181152     -0.018103     -0.0179932     
-0.0181396     -0.017981     -0.0180054     -0.0179321     
-0.0179932     -0.0178833     -0.0178101     -0.0179321     
-0.0179077     -0.0180054     -0.0178589     -0.0178711     
-0.0179688     -0.0178833     -0.0179077     -0.0179321     
-0.0179321     -0.0178101     -0.0178467     -0.0177368     
-0.0178711     -0.0177734     -0.0176636     -0.0178345     
-0.0178223     -0.017749     -0.0177246     -0.0177856     
-0.0178223     -0.0177979     -0.0177979     -0.0178833     
-0.0180176     -0.0180542     -0.0180176     -0.0181274     
-0.0183716     -0.0183594     -0.0183594     -0.0185181     
-0.0187378     -0.0187256     -0.0186401     -0.01875     
-0.0187988     -0.01875     -0.0186768     -0.0186646     
-0.0186768     -0.0185059     -0.0184204     -0.0183472     
-0.0184937     -0.0182495     -0.0180298     -0.0181641     
-0.0181274     -0.0180786     -0.0179077     -0.0179077     
-0.017981     -0.0178955     -0.0179199     -0.0180054     
-0.0180664     -0.0181274     -0.0180664     -0.0180542     
-0.018335     -0.0182007     -0.0181763     -0.0182129     
-0.0182861     -0.0182251     -0.018042     -0.0180176     
-0.0181885     -0.0179932     -0.0179688     -0.0179443     
-0.0180298     -0.0178467     -0.0179688     -0.0180054     
-0.0182129     -0.0182495     -0.0182983     -0.0185669     
-0.0186401     -0.0185547     -0.0186401     -0.0186768     
-0.0188477     -0.0187988     -0.0187134     -0.018811     
-0.0188599     -0.0187012     -0.0186035     -0.0186279     
-0.0187378     -0.0185181     -0.0185913     -0.0186279     
-0.0186523     -0.0186279     -0.0186646     -0.01875     
-0.0187378     -0.0188354     -0.0188232     -0.0188477     
-0.0189819     -0.0189331     -0.0189697     -0.0189697     
-0.0189575     -0.0189941     -0.0189453     -0.0188354     
-0.0190063     -0.0188843     -0.0187744     -0.0187988     
-0.0189697     -0.0188843     -0.0189087     -0.0190063     
-0.0191528     -0.0190674     -0.0190674     -0.0190674     
-0.019104     -0.0191772     -0.0191162     -0.0190674     
-0.0191895     -0.0190796     -0.0189941     -0.0189087     
-0.0189575     -0.0189209     -0.0189453     -0.0189331     
-0.0188965     -0.0189575     -0.0189331     -0.0188843     
-0.0190063     -0.0188721     -0.0189331     -0.0189941     
-0.0190796     -0.0189087     -0.0188843     -0.0188599     
-0.0188477     -0.01875     -0.0185791     -0.0185425     
-0.0185181     -0.018396     -0.018335     -0.0183472     
-0.0183838     -0.0184204     -0.0182983     -0.0183838     
-0.0185547     -0.0185303     -0.0186401     -0.0188354     
-0.0188721     -0.0190063     -0.0188965     -0.0189575     
-0.0190063     -0.0189697     -0.018811     -0.01875     
-0.0187866     -0.0186279     -0.0184692     -0.0184448     
-0.0184204     -0.0182739     -0.0182617     -0.0181641     
-0.0182861     -0.0182739     -0.0181885     -0.0182251     
-0.0183716     -0.0183838     -0.0184326     -0.0183594     
-0.0185425     -0.0185425     -0.0185425     -0.0185669     
-0.0185791     -0.018396     -0.0184937     -0.0182739     
-0.0182983     -0.0181641     -0.0180542     -0.0180176     
-0.0178955     -0.0177979     -0.0177002     -0.0175903     
-0.0175659     -0.0175293     -0.0174072     -0.0174561     
-0.0174805     -0.0173218     -0.0174194     -0.0174683     
-0.0177246     -0.0176636     -0.0177124     -0.0178955     
-0.0180908     -0.0179688     -0.0180298     -0.0180664     
-0.0182129     -0.018103     -0.0179321     -0.0180176     
-0.0179932     -0.0177124     -0.0176025     -0.0175171     
-0.0175293     -0.0173828     -0.0171875     -0.0171631     
-0.0172119     -0.0170898     -0.0170288     -0.0171265     
-0.0171753     -0.0172485     -0.0172119     -0.0172729     
-0.0173462     -0.0172729     -0.0173218     -0.0173096     
-0.0175171     -0.0173096     -0.0172485     -0.0172852     
-0.0172729     -0.0172607     -0.0170898     -0.0169922     
-0.0168945     -0.0167969     -0.016626     -0.0165283     
-0.016394     -0.0162964     -0.0160645     -0.0158813     
-0.015918     -0.0157715     -0.015686     -0.0155762     
-0.015564     -0.0154053     -0.015332     -0.0152954     
-0.0154053     -0.0152344     -0.0151123     -0.0151001     
-0.0151123     -0.0149902     -0.0148804     -0.0148315     
-0.0147705     -0.0146484     -0.0145386     -0.0144531     
-0.0144043     -0.0142578     -0.0141968     -0.0140747     
-0.0140991     -0.0140747     -0.013916     -0.0139526     
-0.0139526     -0.0138428     -0.0137695     -0.0137207     
-0.0137451     -0.0136108     -0.0135132     -0.0134399     
-0.0135498     -0.013501     -0.0133179     -0.0134521     
-0.0135864     -0.0134888     -0.013501     -0.0135742     
-0.0137939     -0.0137451     -0.0136963     -0.0137695     
-0.0138794     -0.0137939     -0.0137085     -0.0135986     
-0.0138184     -0.013562     -0.0134521     -0.0134155     
-0.0132935     -0.0131714     -0.0130371     -0.0128784     
-0.0129761     -0.0127808     -0.0126099     -0.0125854     
-0.0125366     -0.012561     -0.0123657     -0.0124146     
-0.0124512     -0.0123901     -0.0123901     -0.0123535     
-0.0124878     -0.0124146     -0.0122437     -0.0123535     
-0.0123779     -0.0122437     -0.0121338     -0.0121338     
-0.0120972     -0.0119507     -0.0119263     -0.0117554     
-0.0119141     -0.0117676     -0.0116577     -0.0115845     
-0.0117188     -0.0116333     -0.0114136     -0.0115112     
-0.0115479     -0.011377     -0.0113525     -0.0113525     
-0.0112915     -0.0113403     -0.0111572     -0.0112549     
-0.0113037     -0.0111328     -0.0111328     -0.0110962     
-0.0110596     -0.0110229     -0.0109497     -0.0109375     
-0.0109375     -0.0108032     -0.0107422     -0.0107056     
-0.0106445     -0.0106201     -0.0105591     -0.0105957     
-0.0105591     -0.0104614     -0.0104248     -0.0103271     
-0.0104736     -0.0103882     -0.0103394     -0.0103271     
-0.0103638     -0.0101807     -0.0102295     -0.0102539     
-0.0101807     -0.0102173     -0.0100708     -0.010022     
-0.0101685     -0.0100098     -0.0100708     -0.00998535     
-0.0100708     -0.010144     -0.0100098     -0.0101074     
-0.0101318     -0.00999756     -0.00994873     -0.0098877     
-0.00992432     -0.00975342     -0.00955811     -0.00960693     
-0.00953369     -0.00930176     -0.00941162     -0.00926514     
-0.00932617     -0.00921631     -0.00913086     -0.00931396     
-0.00935059     -0.00922852     -0.0092041     -0.0092041     
-0.00935059     -0.00930176     -0.00916748     -0.00914307     
-0.00916748     -0.00908203     -0.00897217     -0.00883789     
-0.00894775     -0.0088623     -0.00869141     -0.00877686     
-0.00883789     -0.00882568     -0.00888672     -0.00891113     
-0.00894775     -0.0090332     -0.00894775     -0.00897217     
-0.00904541     -0.00904541     -0.00894775     -0.00892334     
-0.00911865     -0.00900879     -0.00900879     -0.00892334     
-0.00905762     -0.00909424     -0.0090332     -0.00900879     
-0.0090332     -0.00908203     -0.009021     -0.00895996     
-0.00909424     -0.00898438     -0.00891113     -0.0088501     
-0.00898438     -0.00891113     -0.00894775     -0.00893555     
-0.00909424     -0.00898438     -0.00904541     -0.00906982     
-0.00915527     -0.00911865     -0.00908203     -0.00914307     
-0.00921631     -0.00915527     -0.00906982     -0.00911865     
-0.0092041     -0.00917969     -0.00904541     -0.00914307     
-0.00921631     -0.00915527     -0.00915527     -0.00911865     
-0.00924072     -0.00916748     -0.00905762     -0.00921631     
-0.00919189     -0.00906982     -0.00908203     -0.00899658     
-0.00917969     -0.0090332     -0.00919189     -0.00909424     
-0.00922852     -0.00919189     -0.00916748     -0.00919189     
-0.00930176     -0.00933838     -0.00931396     -0.00932617     
-0.00948486     -0.00948486     -0.0095459     -0.00948486     
-0.00963135     -0.00950928     -0.00952148     -0.00949707     
-0.00968018     -0.00948486     -0.00939941     -0.00947266     
-0.00947266     -0.00944824     -0.00942383     -0.00936279     
-0.00947266     -0.00935059     -0.00931396     -0.00925293     
-0.00944824     -0.00927734     -0.00921631     -0.00919189     
-0.00933838     -0.00925293     -0.00906982     -0.00921631     
-0.00928955     -0.00915527     -0.00925293     -0.00939941     
-0.00955811     -0.00947266     -0.00942383     -0.00958252     
-0.0095459     -0.0095459     -0.00957031     -0.00955811     
-0.00965576     -0.00949707     -0.00952148     -0.00944824     
-0.00941162     -0.00938721     -0.0092041     -0.00924072     
-0.00921631     -0.00911865     -0.009021     -0.00893555     
-0.00904541     -0.009021     -0.00883789     -0.00894775     
-0.00897217     -0.0088501     -0.009021     -0.00895996     
-0.00897217     -0.00899658     -0.00900879     -0.00892334     
-0.00910645     -0.00898438     -0.00887451     -0.0088623     
-0.00891113     -0.00887451     -0.00881348     -0.00891113     
-0.00898438     -0.00895996     -0.00905762     -0.00915527     
-0.00924072     -0.00941162     -0.00958252     -0.00968018     
-0.00981445     -0.00987549     -0.0100098     -0.0100952     
-0.0102051     -0.0101929     -0.010144     -0.0101563     
-0.010144     -0.00998535     -0.0100098     -0.00980225     
-0.00991211     -0.00975342     -0.00963135     -0.00969238     
-0.00968018     -0.00955811     -0.00948486     -0.00938721     
-0.00938721     -0.00936279     -0.00919189     -0.0092041     
-0.00917969     -0.00908203     -0.0090332     -0.00888672     
-0.00900879     -0.00882568     -0.00863037     -0.00860596     
-0.00864258     -0.00849609     -0.00827637     -0.00817871     
-0.00825195     -0.00820313     -0.00810547     -0.00805664     
-0.00819092     -0.00812988     -0.00808105     -0.00810547     
-0.00837402     -0.00841064     -0.00838623     -0.0085083     
-0.00869141     -0.00876465     -0.00880127     -0.00887451     
-0.00910645     -0.00914307     -0.00904541     -0.00915527     
-0.00927734     -0.00917969     -0.00924072     -0.00921631     
-0.00927734     -0.00926514     -0.00924072     -0.00919189     
-0.00936279     -0.00928955     -0.00925293     -0.00916748     
-0.00916748     -0.0090332     -0.0090332     -0.00898438     
-0.00887451     -0.00870361     -0.00863037     -0.00848389     
-0.00874023     -0.00845947     -0.00843506     -0.00841064     
-0.00852051     -0.00856934     -0.00854492     -0.00853271     
-0.00883789     -0.00880127     -0.00878906     -0.00897217     
-0.00909424     -0.00909424     -0.00906982     -0.00914307     
-0.00922852     -0.00904541     -0.009021     -0.00897217     
-0.00908203     -0.00906982     -0.00889893     -0.00887451     
-0.00889893     -0.00891113     -0.00872803     -0.0088501     
-0.00883789     -0.00878906     -0.00887451     -0.00871582     
-0.00897217     -0.00889893     -0.0088501     -0.00875244     
-0.00883789     -0.00878906     -0.00870361     -0.00864258     
-0.00866699     -0.00860596     -0.00842285     -0.00849609     
-0.00847168     -0.00838623     -0.00841064     -0.00820313     
-0.00825195     -0.00834961     -0.00830078     -0.0081543     
-0.0083374     -0.00825195     -0.00826416     -0.00841064     
-0.00844727     -0.00843506     -0.00849609     -0.00861816     
-0.0086792     -0.00865479     -0.00866699     -0.0086792     
-0.0086792     -0.00860596     -0.00841064     -0.00836182     
-0.00836182     -0.00819092     -0.00795898     -0.00780029     
-0.00787354     -0.00771484     -0.00758057     -0.00761719     
-0.00758057     -0.00762939     -0.00759277     -0.00762939     
-0.00770264     -0.00770264     -0.00771484     -0.0076416     
-0.00775146     -0.0076416     -0.00753174     -0.00750732     
-0.00758057     -0.00755615     -0.00743408     -0.00742188     
-0.00751953     -0.00756836     -0.00748291     -0.00748291     
-0.00776367     -0.00772705     -0.00761719     -0.00773926     
-0.00784912     -0.00773926     -0.00776367     -0.00759277     
-0.00766602     -0.00765381     -0.00740967     -0.00743408     
-0.0074585     -0.00727539     -0.00717773     -0.00705566     
-0.00716553     -0.00704346     -0.00690918     -0.00701904     
-0.00714111     -0.00704346     -0.00708008     -0.00718994     
-0.00726318     -0.00722656     -0.00727539     -0.00732422     
-0.00736084     -0.00725098     -0.00715332     -0.00712891     
-0.00718994     -0.00705566     -0.0069458     -0.00681152     
-0.00689697     -0.00668945     -0.00656738     -0.00643311     
-0.00648193     -0.00640869     -0.00620117     -0.00628662     
-0.00629883     -0.00628662     -0.00627441     -0.00638428     
-0.00648193     -0.00650635     -0.00654297     -0.00667725     
-0.00675049     -0.00667725     -0.00672607     -0.00664063     
-0.00673828     -0.00672607     -0.00662842     -0.00675049     
-0.00682373     -0.00675049     -0.00665283     -0.00671387     
-0.00687256     -0.00682373     -0.0067627     -0.00679932     
-0.00687256     -0.0067627     -0.00653076     -0.00648193     
-0.00655518     -0.0064209     -0.00629883     -0.00627441     
-0.00631104     -0.00616455     -0.00605469     -0.00615234     
-0.00611572     -0.0060791     -0.00588379     -0.00592041     
-0.00592041     -0.00578613     -0.00578613     -0.00565186     
-0.00581055     -0.00566406     -0.00568848     -0.00578613     
-0.00584717     -0.00588379     -0.00585938     -0.0059082     
-0.00593262     -0.00583496     -0.00587158     -0.0057373     
-0.00574951     -0.00565186     -0.00543213     -0.00550537     
-0.00549316     -0.00529785     -0.00533447     -0.00527344     
-0.00531006     -0.00531006     -0.00533447     -0.00527344     
-0.00552979     -0.0055542     -0.00560303     -0.00576172     
-0.00595703     -0.00606689     -0.00612793     -0.00612793     
-0.00635986     -0.00620117     -0.00627441     -0.00629883     
-0.00635986     -0.00621338     -0.00604248     -0.00585938     
-0.0059082     -0.00562744     -0.00552979     -0.00541992     
-0.00523682     -0.00515137     -0.0050293     -0.00496826     
-0.00501709     -0.00488281     -0.00498047     -0.0048584     
-0.00496826     -0.0050293     -0.00501709     -0.00494385     
-0.00509033     -0.0050415     -0.00506592     -0.00505371     
-0.00516357     -0.00507813     -0.00499268     -0.0050415     
-0.00512695     -0.00500488     -0.00513916     -0.00507813     
-0.00516357     -0.00510254     -0.00495605     -0.00506592     
-0.00513916     -0.00495605     -0.00490723     -0.00495605     
-0.00495605     -0.00493164     -0.00483398     -0.00488281     
-0.00509033     -0.00517578     -0.00518799     -0.00533447     
-0.00551758     -0.00549316     -0.00566406     -0.00566406     
-0.00577393     -0.00567627     -0.00566406     -0.00550537     
-0.00549316     -0.00544434     -0.0053833     -0.00518799     
-0.00528564     -0.0052002     -0.00509033     -0.00507813     
-0.00518799     -0.00515137     -0.00512695     -0.00510254     
-0.00528564     -0.00543213     -0.00531006     -0.00550537     
-0.00570068     -0.00554199     -0.00562744     -0.00567627     
-0.00581055     -0.00576172     -0.00561523     -0.00574951     
-0.00582275     -0.0055542     -0.00559082     -0.00546875     
-0.00546875     -0.00549316     -0.00532227     -0.00534668     
-0.00545654     -0.00533447     -0.00539551     -0.00541992     
-0.00550537     -0.00546875     -0.00546875     -0.00562744     
-0.00562744     -0.00557861     -0.00557861     -0.00560303     
-0.00561523     -0.00546875     -0.00543213     -0.00533447     
-0.0053833     -0.00529785     -0.00509033     -0.00515137     
-0.00526123     -0.00523682     -0.00515137     -0.00523682     
-0.00545654     -0.00537109     -0.00546875     -0.0055542     
-0.0057251     -0.00578613     -0.0057251     -0.00583496     
-0.00583496     -0.00581055     -0.0057373     -0.00561523     
-0.00557861     -0.00548096     -0.0052124     -0.00518799     
-0.00515137     -0.00498047     -0.00500488     -0.00489502     
-0.00506592     -0.00512695     -0.00511475     -0.00523682     
-0.0053833     -0.00545654     -0.00546875     -0.00552979     
-0.0057251     -0.00582275     -0.005896     -0.00594482     
-0.00606689     -0.0060791     -0.0060791     -0.00605469     
-0.00610352     -0.00605469     -0.00600586     -0.0060791     
-0.00601807     -0.00600586     -0.005896     -0.00594482     
-0.00610352     -0.00609131     -0.00603027     -0.00622559     
-0.00633545     -0.00623779     -0.00628662     -0.00622559     
-0.00644531     -0.00623779     -0.00611572     -0.00620117     
-0.00622559     -0.00625     -0.00610352     -0.00603027     
-0.00610352     -0.00598145     -0.00594482     -0.00600586     
-0.00598145     -0.00587158     -0.00584717     -0.00571289     
-0.00593262     -0.00571289     -0.00566406     -0.0057373     
-0.00565186     -0.00566406     -0.0057251     -0.00566406     
-0.00583496     -0.00583496     -0.00582275     -0.00585938     
-0.00600586     -0.00598145     -0.00595703     -0.00600586     
-0.00615234     -0.00612793     -0.00606689     -0.00610352     
-0.0060791     -0.00612793     -0.00604248     -0.00592041     
-0.00600586     -0.00603027     -0.005896     -0.00581055     
-0.00596924     -0.00583496     -0.00584717     -0.00581055     
-0.00583496     -0.00577393     -0.00570068     -0.00565186     
-0.00571289     -0.00565186     -0.00548096     -0.00545654     
-0.00550537     -0.00543213     -0.00527344     -0.00539551     
-0.00541992     -0.0052002     -0.00528564     -0.0052002     
-0.00526123     -0.0052002     -0.0052124     -0.00516357     
-0.00534668     -0.00518799     -0.00523682     -0.00526123     
-0.00539551     -0.00540771     -0.00537109     -0.00539551     
-0.00544434     -0.00548096     -0.00540771     -0.00537109     
-0.00551758     -0.00550537     -0.0053833     -0.00534668     
-0.0055542     -0.00546875     -0.00539551     -0.00557861     
-0.00561523     -0.00565186     -0.00561523     -0.00568848     
-0.00578613     -0.00579834     -0.00576172     -0.00578613     
-0.0059082     -0.00581055     -0.00574951     -0.00568848     
-0.00585938     -0.00570068     -0.00562744     -0.00557861     
-0.00565186     -0.00561523     -0.00550537     -0.00559082     
-0.00567627     -0.00545654     -0.00548096     -0.00537109     
-0.00535889     -0.00534668     -0.00518799     -0.00515137     
-0.00517578     -0.00512695     -0.00513916     -0.00499268     
-0.0052124     -0.00526123     -0.00509033     -0.0052124     
-0.00532227     -0.0052124     -0.00517578     -0.00515137     
-0.00518799     -0.00499268     -0.00491943     -0.0050293     
-0.00496826     -0.00480957     -0.00478516     -0.00471191     
-0.00480957     -0.00490723     -0.00480957     -0.00476074     
-0.00489502     -0.00487061     -0.00477295     -0.00478516     
-0.00488281     -0.00496826     -0.00487061     -0.00491943     
-0.00512695     -0.00505371     -0.00511475     -0.0050415     
-0.00522461     -0.00517578     -0.00506592     -0.00513916     
-0.00509033     -0.00496826     -0.00483398     -0.00473633     
-0.00479736     -0.00472412     -0.00456543     -0.00455322     
-0.00460205     -0.00449219     -0.00450439     -0.00437012     
-0.00457764     -0.00446777     -0.00441895     -0.00457764     
-0.00450439     -0.00452881     -0.00447998     -0.00447998     
-0.00455322     -0.00452881     -0.00450439     -0.00456543     
-0.00457764     -0.00456543     -0.00461426     -0.00471191     
-0.00487061     -0.00479736     -0.00479736     -0.00494385     
-0.00510254     -0.00509033     -0.0050293     -0.00506592     
-0.00516357     -0.0052124     -0.00500488     -0.0050415     
-0.00505371     -0.00490723     -0.00474854     -0.00455322     
-0.00461426     -0.00444336     -0.00426025     -0.00421143     
-0.00418701     -0.0041626     -0.00404053     -0.00400391     
-0.00413818     -0.00400391     -0.00406494     -0.00410156     
-0.0041748     -0.0041626     -0.0041626     -0.00422363     
-0.00437012     -0.00424805     -0.00422363     -0.00421143     
-0.00421143     -0.00421143     -0.00415039     -0.00395508     
-0.00405273     -0.00405273     -0.00390625     -0.00388184     
-0.00394287     -0.00396729     -0.00394287     -0.00394287     
-0.00411377     -0.00404053     -0.00411377     -0.00412598     
-0.00418701     -0.00411377     -0.00413818     -0.00408936     
-0.00408936     -0.00402832     -0.00391846     -0.00394287     
-0.00391846     -0.00386963     -0.00386963     -0.00386963     
-0.00395508     -0.00388184     -0.0039917     -0.00400391     
-0.00405273     -0.00404053     -0.0039917     -0.00408936     
-0.0041748     -0.00413818     -0.00410156     -0.0041626     
-0.00435791     -0.0041626     -0.0041748     -0.00421143     
-0.00421143     -0.00411377     -0.00412598     -0.00402832     
-0.00419922     -0.00401611     -0.00390625     -0.00393066     
-0.00396729     -0.0038208     -0.00369873     -0.00386963     
-0.00384521     -0.00372314     -0.00372314     -0.00366211     
-0.00368652     -0.0036377     -0.00356445     -0.00349121     
-0.00360107     -0.00351563     -0.00354004     -0.00344238     
-0.00356445     -0.00352783     -0.00344238     -0.00354004     
-0.00355225     -0.00349121     -0.00338135     -0.0034668     
-0.00345459     -0.0034668     -0.00351563     -0.00352783     
-0.00375977     -0.00372314     -0.00379639     -0.00385742     
-0.00407715     -0.00415039     -0.00426025     -0.00435791     
-0.00445557     -0.00443115     -0.00440674     -0.00450439     
-0.0045166     -0.00435791     -0.00424805     -0.00423584     
-0.00426025     -0.00400391     -0.00388184     -0.00375977     
-0.00369873     -0.00361328     -0.00345459     -0.00349121     
-0.00350342     -0.00340576     -0.00334473     -0.00330811     
-0.00336914     -0.00339355     -0.00339355     -0.00344238     
-0.00345459     -0.00340576     -0.0034668     -0.0034668     
-0.00349121     -0.00355225     -0.00339355     -0.00341797     
-0.00360107     -0.00357666     -0.00350342     -0.00343018     
-0.00351563     -0.00362549     -0.00344238     -0.00361328     
-0.00375977     -0.00357666     -0.00374756     -0.00369873     
-0.00378418     -0.00371094     -0.0036377     -0.00368652     
-0.00372314     -0.00367432     -0.00360107     -0.003479     
-0.0036499     -0.00356445     -0.00352783     -0.00356445     
-0.00357666     -0.0036377     -0.0036499     -0.00357666     
-0.00369873     -0.0036377     -0.00351563     -0.00350342     
-0.003479     -0.00338135     -0.0032959     -0.00314941     
-0.00327148     -0.00308838     -0.00308838     -0.00308838     
-0.00317383     -0.003125     -0.003125     -0.00327148     
-0.00351563     -0.0034668     -0.00351563     -0.00379639     
-0.00391846     -0.00390625     -0.00394287     -0.00405273     
-0.00421143     -0.00426025     -0.00407715     -0.00415039     
-0.00423584     -0.00418701     -0.00405273     -0.00395508     
-0.00412598     -0.00384521     -0.00384521     -0.00384521     
-0.00385742     -0.0038208     -0.00372314     -0.00374756     
-0.00380859     -0.00367432     -0.00373535     -0.00383301     
-0.00380859     -0.00374756     -0.00361328     -0.00362549     
-0.00384521     -0.00366211     -0.00358887     -0.00352783     
-0.00358887     -0.00352783     -0.00340576     -0.00340576     
-0.00349121     -0.00350342     -0.00350342     -0.00354004     
-0.00366211     -0.00366211     -0.00367432     -0.00379639     
-0.00389404     -0.00395508     -0.00411377     -0.00410156     
-0.0041626     -0.00407715     -0.00415039     -0.00404053     
-0.00405273     -0.00401611     -0.00393066     -0.00383301     
-0.00379639     -0.0036499     -0.00369873     -0.00355225     
-0.00362549     -0.00356445     -0.00362549     -0.00356445     
-0.00366211     -0.00357666     -0.00362549     -0.00358887     
-0.00377197     -0.00378418     -0.00373535     -0.0038208     
-0.00395508     -0.00404053     -0.00401611     -0.00408936     
-0.0041748     -0.00430908     -0.00438232     -0.00426025     
-0.00456543     -0.00439453     -0.00430908     -0.00440674     
-0.00437012     -0.00430908     -0.00427246     -0.00419922     
-0.00424805     -0.00426025     -0.00419922     -0.00418701     
-0.00428467     -0.00418701     -0.00406494     -0.00400391     
-0.00412598     -0.00397949     -0.00384521     -0.00374756     
-0.00388184     -0.00372314     -0.00350342     -0.00354004     
-0.00360107     -0.00343018     -0.00339355     -0.00327148     
-0.00332031     -0.00313721     -0.00311279     -0.00303955     
-0.00310059     -0.00291748     -0.00288086     -0.00291748     
-0.00297852     -0.00300293     -0.00299072     -0.00318604     
-0.00330811     -0.00336914     -0.00345459     -0.00352783     
-0.00375977     -0.00377197     -0.00377197     -0.00384521     
-0.00413818     -0.00393066     -0.00395508     -0.00397949     
-0.00410156     -0.00410156     -0.00404053     -0.00415039     
-0.00424805     -0.0041626     -0.00424805     -0.00427246     
-0.00438232     -0.00439453     -0.00438232     -0.00435791     
-0.00444336     -0.00441895     -0.00449219     -0.00446777     
-0.00454102     -0.00456543     -0.00455322     -0.00456543     
-0.00467529     -0.00473633     -0.0046875     -0.00460205     
-0.00473633     -0.00458984     -0.00456543     -0.00458984     
-0.0045166     -0.00445557     -0.00441895     -0.00432129     
-0.00438232     -0.00435791     -0.00424805     -0.00437012     
-0.00423584     -0.00426025     -0.00418701     -0.00419922     
-0.00423584     -0.00426025     -0.00422363     -0.00432129     
-0.00439453     -0.00454102     -0.00450439     -0.00446777     
-0.00473633     -0.0046875     -0.00462646     -0.00477295     
-0.00469971     -0.00457764     -0.00457764     -0.00449219     
-0.00458984     -0.00449219     -0.0043335     -0.00432129     
-0.00438232     -0.00437012     -0.00424805     -0.00428467     
-0.00438232     -0.00424805     -0.00411377     -0.00421143     
-0.00429688     -0.00408936     -0.0039917     -0.00393066     
-0.00395508     -0.00388184     -0.00379639     -0.00374756     
-0.00380859     -0.00367432     -0.00367432     -0.00367432     
-0.0038208     -0.00378418     -0.00372314     -0.00378418     
-0.00383301     -0.00388184     -0.00384521     -0.0038208     
-0.00390625     -0.00393066     -0.00378418     -0.00379639     
-0.00388184     -0.00386963     -0.00368652     -0.0036377     
-0.00372314     -0.00360107     -0.00361328     -0.00351563     
-0.00356445     -0.00354004     -0.00340576     -0.00343018     
-0.00344238     -0.00336914     -0.00332031     -0.00323486     
-0.00330811     -0.00339355     -0.00324707     -0.00324707     
-0.00340576     -0.00339355     -0.00336914     -0.00338135     
-0.00350342     -0.00343018     -0.0034668     -0.00340576     
-0.00355225     -0.00349121     -0.00343018     -0.003479     
-0.00351563     -0.00341797     -0.00341797     -0.00335693     
-0.003479     -0.00334473     -0.00333252     -0.00333252     
-0.003479     -0.00349121     -0.00332031     -0.00344238     
-0.00349121     -0.00343018     -0.00334473     -0.00338135     
-0.003479     -0.00338135     -0.00334473     -0.00339355     
-0.00345459     -0.00339355     -0.00335693     -0.00332031     
-0.00354004     -0.0032959     -0.0032959     -0.00334473     
-0.00338135     -0.00341797     -0.00336914     -0.00327148     
-0.00336914     -0.00343018     -0.00327148     -0.00325928     
-0.00344238     -0.00333252     -0.00314941     -0.00322266     
-0.00321045     -0.00318604     -0.00303955     -0.00288086     
-0.00306396     -0.00296631     -0.00288086     -0.00291748     
-0.00294189     -0.0029541     -0.00303955     -0.0029541     
-0.00308838     -0.00305176     -0.00300293     -0.00299072     
-0.003125     -0.0029541     -0.00291748     -0.00288086     
-0.00296631     -0.00299072     -0.00273438     -0.0027832     
-0.002771     -0.00262451     -0.0026123     -0.00263672     
-0.00268555     -0.00256348     -0.00257568     -0.00255127     
-0.00280762     -0.0026001     -0.00270996     -0.00269775     
-0.00281982     -0.00285645     -0.00279541     -0.00288086     
-0.00297852     -0.00289307     -0.00294189     -0.00285645     
-0.00292969     -0.00296631     -0.00280762     -0.00284424     
-0.00296631     -0.00290527     -0.00283203     -0.00281982     
-0.00285645     -0.00284424     -0.002771     -0.00280762     
-0.002771     -0.00268555     -0.00266113     -0.00245361     
-0.00258789     -0.00247803     -0.00236816     -0.00236816     
-0.00241699     -0.00227051     -0.00241699     -0.00228271     
-0.00241699     -0.00236816     -0.00235596     -0.00251465     
-0.00246582     -0.0024292     -0.00245361     -0.00245361     
-0.00251465     -0.00253906     -0.00234375     -0.00262451     
-0.00267334     -0.0026001     -0.00267334     -0.00263672     
-0.00290527     -0.00290527     -0.00281982     -0.00301514     
-0.00322266     -0.00314941     -0.00313721     -0.00307617     
-0.00319824     -0.00311279     -0.00301514     -0.00291748     
-0.00291748     -0.0027832     -0.0026123     -0.00255127     
-0.00269775     -0.00255127     -0.00245361     -0.00234375     
-0.00252686     -0.00238037     -0.00231934     -0.00245361     
-0.00253906     -0.00251465     -0.00235596     -0.00256348     
-0.00262451     -0.00245361     -0.00252686     -0.00247803     
-0.00273438     -0.0026001     -0.00268555     -0.00269775     
-0.00283203     -0.00285645     -0.00269775     -0.002771     
-0.00291748     -0.002771     -0.002771     -0.0027832     
-0.00291748     -0.00294189     -0.00294189     -0.00290527     
-0.00317383     -0.00297852     -0.003125     -0.00321045     
-0.00324707     -0.0032959     -0.00324707     -0.00325928     
-0.00343018     -0.00340576     -0.00325928     -0.00332031     
-0.00335693     -0.00322266     -0.00318604     -0.00311279     
-0.00316162     -0.00301514     -0.00286865     -0.00280762     
-0.00285645     -0.00273438     -0.0026001     -0.00251465     
-0.0026123     -0.00252686     -0.00249023     -0.00257568     
-0.0026001     -0.00255127     -0.00251465     -0.00252686     
-0.0026123     -0.00253906     -0.00246582     -0.00234375     
-0.00255127     -0.0024292     -0.00236816     -0.00235596     
-0.00244141     -0.00235596     -0.00231934     -0.00236816     
-0.00246582     -0.00251465     -0.00250244     -0.0026001     
-0.0027832     -0.00279541     -0.00288086     -0.00290527     
-0.00316162     -0.00313721     -0.00310059     -0.00318604     
-0.00318604     -0.00327148     -0.00317383     -0.00317383     
-0.00323486     -0.00317383     -0.00302734     -0.00294189     
-0.00310059     -0.00307617     -0.0029541     -0.00291748     
-0.00311279     -0.00303955     -0.00302734     -0.00294189     
-0.00307617     -0.00303955     -0.0029541     -0.00317383     
-0.00306396     -0.003125     -0.00297852     -0.00292969     
-0.00307617     -0.00288086     -0.00290527     -0.00292969     
-0.00301514     -0.00288086     -0.00286865     -0.00289307     
-0.00305176     -0.00299072     -0.00289307     -0.00297852     
-0.00311279     -0.00300293     -0.00291748     -0.00300293     
-0.00308838     -0.00301514     -0.00292969     -0.00294189     
-0.00310059     -0.0029541     -0.00301514     -0.00289307     
-0.00290527     -0.0029541     -0.0027832     -0.00274658     
-0.00288086     -0.00269775     -0.00253906     -0.00247803     
-0.00244141     -0.00245361     -0.00228271     -0.0022583     
-0.00235596     -0.00229492     -0.00228271     -0.00227051     
-0.00235596     -0.00236816     -0.00240479     -0.00240479     
-0.00252686     -0.00252686     -0.00244141     -0.00249023     
-0.00266113     -0.00258789     -0.00255127     -0.00266113     
-0.00280762     -0.00269775     -0.00275879     -0.00283203     
-0.00290527     -0.00294189     -0.00288086     -0.00300293     
-0.00313721     -0.00322266     -0.00302734     -0.00305176     
-0.00319824     -0.00316162     -0.00299072     -0.00299072     
-0.00296631     -0.00281982     -0.00269775     -0.00252686     
-0.00270996     -0.00246582     -0.00236816     -0.00245361     
-0.00246582     -0.00239258     -0.00239258     -0.00239258     
-0.00255127     -0.00252686     -0.0026123     -0.00268555     
-0.00280762     -0.00281982     -0.0027832     -0.00274658     
-0.00296631     -0.0029541     -0.00274658     -0.00274658     
-0.00289307     -0.00275879     -0.00262451     -0.00270996     
-0.00275879     -0.00273438     -0.00269775     -0.002771     
-0.00289307     -0.00283203     -0.00289307     -0.00280762     
-0.00321045     -0.00302734     -0.00306396     -0.00318604     
-0.00319824     -0.00316162     -0.00308838     -0.00308838     
-0.00308838     -0.00303955     -0.00288086     -0.00289307     
-0.00302734     -0.00297852     -0.00283203     -0.00290527     
-0.00313721     -0.00302734     -0.00310059     -0.0032959     
-0.0032959     -0.00333252     -0.00338135     -0.00330811     
-0.0034668     -0.00330811     -0.00316162     -0.00311279     
-0.00317383     -0.00296631     -0.00285645     -0.00275879     
-0.00283203     -0.0027832     -0.00266113     -0.00272217     
-0.00284424     -0.0027832     -0.002771     -0.00269775     
-0.0027832     -0.00283203     -0.00270996     -0.0027832     
-0.00269775     -0.00269775     -0.00251465     -0.00244141     
-0.00258789     -0.00235596     -0.00230713     -0.00223389     
-0.00239258     -0.00224609     -0.00209961     -0.00223389     
-0.00233154     -0.00229492     -0.00234375     -0.00235596     
-0.00255127     -0.00256348     -0.00251465     -0.00269775     
-0.00281982     -0.00281982     -0.00290527     -0.00291748     
-0.00307617     -0.00306396     -0.00305176     -0.00317383     
-0.00338135     -0.00334473     -0.00330811     -0.00335693     
-0.00350342     -0.00333252     -0.00341797     -0.00340576     
-0.00352783     -0.00341797     -0.00339355     -0.00341797     
-0.003479     -0.00336914     -0.00325928     -0.00327148     
-0.0034668     -0.00328369     -0.00313721     -0.00322266     
-0.00314941     -0.00301514     -0.002771     -0.00263672     
-0.002771     -0.00250244     -0.00230713     -0.00227051     
-0.00230713     -0.00213623     -0.00212402     -0.00200195     
-0.0020752     -0.00211182     -0.0020752     -0.00219727     
-0.00228271     -0.00239258     -0.00241699     -0.00240479     
-0.00263672     -0.0026001     -0.0026123     -0.00266113     
-0.002771     -0.0026001     -0.00268555     -0.00251465     
-0.0026123     -0.00263672     -0.00255127     -0.00251465     
-0.00255127     -0.00252686     -0.00249023     -0.00240479     
-0.00251465     -0.00231934     -0.00223389     -0.0022583     
-0.00222168     -0.00213623     -0.00212402     -0.00201416     
-0.00205078     -0.00203857     -0.00196533     -0.00194092     
-0.0020874     -0.00198975     -0.00195313     -0.00194092     
-0.00205078     -0.00196533     -0.00192871     -0.00196533     
-0.00206299     -0.00178223     -0.00186768     -0.00168457     
-0.00186768     -0.00172119     -0.00158691     -0.00169678     
-0.00164795     -0.00162354     -0.00157471     -0.00153809     
-0.00158691     -0.0015625     -0.00146484     -0.00150146     
-0.00147705     -0.00136719     -0.00135498     -0.00126953     
-0.00146484     -0.00141602     -0.00130615     -0.00150146     
-0.00155029     -0.0015625     -0.00174561     -0.00161133     
-0.00177002     -0.00186768     -0.00181885     -0.00195313     
-0.00202637     -0.00198975     -0.00197754     -0.00196533     
-0.00216064     -0.00214844     -0.00209961     -0.00206299     
-0.00222168     -0.00217285     -0.00213623     -0.00213623     
-0.00214844     -0.0022583     -0.00211182     -0.00216064     
-0.00224609     -0.00223389     -0.00214844     -0.00212402     
-0.00235596     -0.00229492     -0.00222168     -0.00228271     
-0.00233154     -0.00229492     -0.00223389     -0.00233154     
-0.00239258     -0.00227051     -0.00223389     -0.00224609     
-0.00229492     -0.00223389     -0.00228271     -0.00218506     
-0.00244141     -0.00227051     -0.00231934     -0.00224609     
-0.00238037     -0.00233154     -0.00218506     -0.00211182     
-0.00228271     -0.00213623     -0.00194092     -0.00200195     
-0.00203857     -0.00186768     -0.00175781     -0.00179443     
-0.00184326     -0.00157471     -0.00155029     -0.00148926     
-0.00158691     -0.00148926     -0.00140381     -0.00141602     
-0.00152588     -0.00158691     -0.00147705     -0.00157471     
-0.00180664     -0.0019165     -0.00192871     -0.00205078     
-0.00234375     -0.00222168     -0.00234375     -0.00245361     
-0.00258789     -0.00253906     -0.00251465     -0.0026123     
-0.00262451     -0.00258789     -0.00251465     -0.00255127     
-0.00253906     -0.00258789     -0.00244141     -0.00246582     
-0.00258789     -0.00251465     -0.00247803     -0.0024292     
-0.0026123     -0.00239258     -0.00234375     -0.00241699     
-0.00245361     -0.00231934     -0.00224609     -0.00222168     
-0.00220947     -0.00217285     -0.00209961     -0.0020874     
-0.00219727     -0.00214844     -0.00205078     -0.00209961     
-0.0022583     -0.00224609     -0.00217285     -0.00217285     
-0.00233154     -0.00229492     -0.00227051     -0.00247803     
-0.00251465     -0.00263672     -0.00257568     -0.00258789     
-0.00267334     -0.00270996     -0.00262451     -0.0026001     
-0.00285645     -0.00258789     -0.00250244     -0.00239258     
-0.00235596     -0.00222168     -0.00201416     -0.00206299     
-0.00196533     -0.00187988     -0.00179443     -0.00175781     
-0.00184326     -0.00179443     -0.00174561     -0.00187988     
-0.00196533     -0.00187988     -0.00206299     -0.00201416     
-0.00203857     -0.00219727     -0.00216064     -0.00214844     
-0.00222168     -0.00222168     -0.00216064     -0.00214844     
-0.0022583     -0.00219727     -0.00223389     -0.00235596     
-0.0024292     -0.00235596     -0.00252686     -0.00252686     
-0.00258789     -0.00270996     -0.00268555     -0.00274658     
-0.00289307     -0.00289307     -0.00280762     -0.00283203     
-0.00296631     -0.00281982     -0.002771     -0.0027832     
-0.0027832     -0.00258789     -0.00255127     -0.00241699     
-0.00251465     -0.00231934     -0.00222168     -0.00227051     
-0.00224609     -0.00218506     -0.00220947     -0.00222168     
-0.00241699     -0.00230713     -0.00223389     -0.00234375     
-0.0024292     -0.00239258     -0.00255127     -0.00241699     
-0.00272217     -0.0026123     -0.0024292     -0.00252686     
-0.00255127     -0.0024292     -0.00235596     -0.00236816     
-0.00249023     -0.00229492     -0.00212402     -0.00222168     
-0.00223389     -0.00216064     -0.0020874     -0.00211182     
-0.00229492     -0.00227051     -0.00219727     -0.00227051     
-0.00235596     -0.00230713     -0.00229492     -0.00230713     
-0.00238037     -0.00236816     -0.00222168     -0.00230713     
-0.00234375     -0.00218506     -0.00217285     -0.00201416     
-0.00224609     -0.00213623     -0.00205078     -0.00216064     
-0.00223389     -0.00223389     -0.00217285     -0.00227051     
-0.00249023     -0.0024292     -0.00250244     -0.00246582     
-0.00256348     -0.00247803     -0.00231934     -0.00235596     
-0.00256348     -0.00228271     -0.00236816     -0.00233154     
-0.00240479     -0.00245361     -0.0024292     -0.00240479     
-0.00264893     -0.0026001     -0.00250244     -0.00256348     
-0.00262451     -0.00268555     -0.00258789     -0.00246582     
-0.00256348     -0.00249023     -0.00235596     -0.00236816     
-0.00238037     -0.00229492     -0.00217285     -0.00229492     
-0.00235596     -0.00235596     -0.00229492     -0.00240479     
-0.00245361     -0.00247803     -0.00249023     -0.00250244     
-0.00267334     -0.00251465     -0.00256348     -0.00245361     
-0.0026001     -0.00244141     -0.00230713     -0.00236816     
-0.00229492     -0.0022583     -0.00220947     -0.00219727     
-0.00233154     -0.00219727     -0.00216064     -0.00228271     
-0.00235596     -0.00236816     -0.00246582     -0.00246582     
-0.00262451     -0.00252686     -0.00258789     -0.00262451     
-0.00270996     -0.00266113     -0.00258789     -0.00263672     
-0.00262451     -0.00246582     -0.00235596     -0.00227051     
-0.00234375     -0.00219727     -0.00202637     -0.0019165     
-0.00195313     -0.00184326     -0.00174561     -0.0015625     
-0.00168457     -0.00155029     -0.00151367     -0.00155029     
-0.00152588     -0.00162354     -0.00168457     -0.00158691     
-0.00172119     -0.00170898     -0.00168457     -0.00170898     
-0.00183105     -0.00170898     -0.00163574     -0.00161133     
-0.00168457     -0.00163574     -0.00153809     -0.00150146     
-0.00163574     -0.00164795     -0.00162354     -0.00158691     
-0.00180664     -0.00179443     -0.00175781     -0.00179443     
-0.00195313     -0.0019165     -0.00186768     -0.00179443     
-0.00183105     -0.00189209     -0.00181885     -0.00180664     
-0.00200195     -0.00195313     -0.00196533     -0.00201416     
-0.00222168     -0.00223389     -0.00218506     -0.00229492     
-0.0024292     -0.00235596     -0.00229492     -0.00233154     
-0.00240479     -0.00234375     -0.00219727     -0.00229492     
-0.0022583     -0.00218506     -0.0020874     -0.00212402     
-0.00223389     -0.00217285     -0.00203857     -0.00220947     
-0.00233154     -0.00222168     -0.00218506     -0.00212402     
-0.00220947     -0.0022583     -0.00216064     -0.00212402     
-0.00218506     -0.00218506     -0.00206299     -0.00203857     
-0.00214844     -0.00216064     -0.00202637     -0.00211182     
-0.00216064     -0.00212402     -0.00227051     -0.00212402     
-0.00239258     -0.00236816     -0.00224609     -0.00241699     
-0.00247803     -0.00251465     -0.00251465     -0.00240479     
-0.0026001     -0.00249023     -0.00244141     -0.00245361     
-0.0024292     -0.00234375     -0.00230713     -0.00216064     
-0.00219727     -0.00209961     -0.0019043     -0.00189209     
-0.0019165     -0.00172119     -0.00169678     -0.0017334     
-0.00169678     -0.0017334     -0.00175781     -0.00179443     
-0.00195313     -0.0019165     -0.00195313     -0.00195313     
-0.00218506     -0.00198975     -0.00189209     -0.00189209     
-0.0019165     -0.00180664     -0.00166016     -0.00163574     
-0.00157471     -0.00145264     -0.00142822     -0.00144043     
-0.00150146     -0.00150146     -0.00140381     -0.00137939     
-0.00155029     -0.00150146     -0.00158691     -0.00155029     
-0.00164795     -0.00174561     -0.00180664     -0.00174561     
-0.0019043     -0.00197754     -0.00183105     -0.00192871     
-0.00203857     -0.0019165     -0.00186768     -0.0019165     
-0.00203857     -0.00192871     -0.00186768     -0.00181885     
-0.00197754     -0.00186768     -0.00181885     -0.00180664     
-0.00192871     -0.00183105     -0.00175781     -0.00174561     
-0.00181885     -0.00180664     -0.0017334     -0.00162354     
-0.00180664     -0.00178223     -0.0017334     -0.00175781     
-0.00186768     -0.00177002     -0.00178223     -0.00187988     
-0.00189209     -0.00181885     -0.00168457     -0.00179443     
-0.00180664     -0.00170898     -0.00158691     -0.00157471     
-0.00158691     -0.00151367     -0.0013916     -0.00134277     
-0.00148926     -0.0013916     -0.00135498     -0.00142822     
-0.00161133     -0.00164795     -0.00162354     -0.00168457     
-0.00196533     -0.00196533     -0.00197754     -0.00212402     
-0.00229492     -0.00228271     -0.00218506     -0.00220947     
-0.00236816     -0.00222168     -0.00220947     -0.0020752     
-0.0020752     -0.00202637     -0.00186768     -0.00175781     
-0.0017334     -0.00172119     -0.00151367     -0.00153809     
-0.00162354     -0.00153809     -0.00148926     -0.00157471     
-0.00167236     -0.0015625     -0.00148926     -0.00148926     
-0.00164795     -0.00168457     -0.00158691     -0.00167236     
-0.00178223     -0.00172119     -0.0017334     -0.00186768     
-0.00187988     -0.00187988     -0.00186768     -0.00196533     
-0.00211182     -0.00195313     -0.00196533     -0.0019165     
-0.00197754     -0.00200195     -0.00185547     -0.00183105     
-0.00178223     -0.00174561     -0.00163574     -0.00159912     
-0.0017334     -0.00167236     -0.0015625     -0.00161133     
-0.00166016     -0.0015625     -0.00148926     -0.00155029     
-0.00163574     -0.00146484     -0.00141602     -0.00146484     
-0.00162354     -0.00152588     -0.0013916     -0.00146484     
-0.00151367     -0.00144043     -0.00150146     -0.00152588     
-0.00163574     -0.00159912     -0.00169678     -0.00167236     
-0.00181885     -0.00179443     -0.00174561     -0.00178223     
-0.0019165     -0.0019043     -0.00178223     -0.00175781     
-0.00183105     -0.00183105     -0.00167236     -0.00163574     
-0.00166016     -0.00161133     -0.00157471     -0.00146484     
-0.00158691     -0.00148926     -0.00146484     -0.00158691     
-0.00174561     -0.00174561     -0.00175781     -0.00184326     
-0.00202637     -0.0020874     -0.00203857     -0.00213623     
-0.00236816     -0.00227051     -0.00240479     -0.00230713     
-0.00227051     -0.00228271     -0.00216064     -0.00217285     
-0.0022583     -0.0020874     -0.00206299     -0.0020874     
-0.0020752     -0.0020752     -0.00195313     -0.00194092     
-0.0020874     -0.00189209     -0.00181885     -0.00180664     
-0.00186768     -0.00181885     -0.00163574     -0.00167236     
-0.00168457     -0.00161133     -0.00145264     -0.00146484     
-0.00150146     -0.00148926     -0.00134277     -0.00134277     
-0.00144043     -0.00134277     -0.00126953     -0.00112305     
-0.0013916     -0.00123291     -0.00125732     -0.00123291     
-0.00142822     -0.00133057     -0.00136719     -0.0013916     
-0.00158691     -0.0015625     -0.00152588     -0.00158691     
-0.00177002     -0.00163574     -0.00166016     -0.00175781     
-0.00185547     -0.00185547     -0.00175781     -0.00186768     
-0.00196533     -0.00195313     -0.00186768     -0.00186768     
-0.00200195     -0.00196533     -0.0019165     -0.00201416     
-0.00198975     -0.00192871     -0.00195313     -0.0019043     
-0.00205078     -0.00187988     -0.00195313     -0.00200195     
-0.00200195     -0.00194092     -0.00178223     -0.00177002     
-0.00181885     -0.00168457     -0.00153809     -0.00161133     
-0.00164795     -0.00148926     -0.00136719     -0.0013916     
-0.00141602     -0.00119629     -0.0012207     -0.0010498     
-0.00115967     -0.00107422     -0.00106201     -0.00109863     
-0.00115967     -0.00117188     -0.00123291     -0.00131836     
-0.00137939     -0.00147705     -0.00147705     -0.00141602     
-0.00167236     -0.00163574     -0.00167236     -0.00162354     
-0.00178223     -0.00174561     -0.00159912     -0.00167236     
-0.00179443     -0.00162354     -0.00155029     -0.00157471     
-0.00155029     -0.00151367     -0.00134277     -0.00130615     
-0.00152588     -0.00145264     -0.00144043     -0.00151367     
-0.00175781     -0.00166016     -0.00177002     -0.00186768     
-0.0019043     -0.00196533     -0.00195313     -0.00201416     
-0.00211182     -0.00202637     -0.00201416     -0.00194092     
-0.00201416     -0.00198975     -0.00178223     -0.00196533     
-0.00217285     -0.0019043     -0.00195313     -0.00195313     
-0.00203857     -0.00198975     -0.00185547     -0.00187988     
-0.00202637     -0.00177002     -0.00169678     -0.00162354     
-0.00169678     -0.00163574     -0.00151367     -0.00158691     
-0.00158691     -0.00150146     -0.00150146     -0.00153809     
-0.0015625     -0.00151367     -0.00146484     -0.00145264     
-0.00164795     -0.00157471     -0.00145264     -0.00150146     
-0.00166016     -0.00169678     -0.00174561     -0.00186768     
-0.00205078     -0.00196533     -0.0020874     -0.0020874     
-0.00234375     -0.00224609     -0.00213623     -0.00224609     
-0.00230713     -0.00224609     -0.00209961     -0.00216064     
-0.00209961     -0.00202637     -0.00186768     -0.00186768     
-0.00185547     -0.00184326     -0.00172119     -0.0015625     
-0.00174561     -0.00166016     -0.00145264     -0.00159912     
-0.00172119     -0.00168457     -0.00155029     -0.00153809     
-0.0017334     -0.00163574     -0.00164795     -0.00172119     
-0.00181885     -0.00170898     -0.00178223     -0.00174561     
-0.0019165     -0.00187988     -0.00175781     -0.00192871     
-0.00200195     -0.00186768     -0.00192871     -0.0019043     
-0.00203857     -0.00195313     -0.0019165     -0.00192871     
-0.00197754     -0.00181885     -0.00178223     -0.00164795     
-0.00177002     -0.00155029     -0.00157471     -0.00147705     
-0.00145264     -0.00157471     -0.00134277     -0.00131836     
-0.00144043     -0.00140381     -0.0013916     -0.00140381     
-0.00142822     -0.0015625     -0.00150146     -0.00140381     
-0.00177002     -0.00161133     -0.0017334     -0.00177002     
-0.00175781     -0.00183105     -0.00180664     -0.00174561     
-0.00187988     -0.00172119     -0.00166016     -0.00159912     
-0.00168457     -0.00170898     -0.00161133     -0.00169678     
-0.00183105     -0.00185547     -0.00178223     -0.00195313     
-0.0020874     -0.0020752     -0.0020874     -0.00216064     
-0.00222168     -0.00223389     -0.00212402     -0.00218506     
-0.00214844     -0.00212402     -0.00200195     -0.00194092     
-0.00205078     -0.00177002     -0.00183105     -0.00183105     
-0.00197754     -0.00187988     -0.00185547     -0.00189209     
-0.0020874     -0.00201416     -0.00195313     -0.00203857     
-0.00217285     -0.00217285     -0.00200195     -0.00203857     
-0.00218506     -0.00200195     -0.00206299     -0.00200195     
-0.0020752     -0.00194092     -0.00185547     -0.00192871     
-0.00205078     -0.0019043     -0.00184326     -0.00177002     
-0.0019043     -0.00174561     -0.00168457     -0.00159912     
-0.00158691     -0.00152588     -0.00147705     -0.00136719     
-0.00147705     -0.00135498     -0.00123291     -0.00128174     
-0.00152588     -0.00142822     -0.00148926     -0.00159912     
-0.00169678     -0.00175781     -0.00174561     -0.00187988     
-0.0020752     -0.0020752     -0.00222168     -0.00224609     
-0.00239258     -0.00231934     -0.00236816     -0.00231934     
-0.00241699     -0.00246582     -0.00228271     -0.00241699     
-0.00241699     -0.00230713     -0.00217285     -0.00229492     
-0.00231934     -0.00219727     -0.00203857     -0.0020874     
-0.00224609     -0.00196533     -0.00197754     -0.00185547     
-0.00186768     -0.00181885     -0.00172119     -0.00158691     
-0.00159912     -0.00151367     -0.00141602     -0.00130615     
-0.00140381     -0.0013916     -0.00133057     -0.00142822     
-0.00137939     -0.00134277     -0.00140381     -0.00141602     
-0.00140381     -0.00144043     -0.00144043     -0.00131836     
-0.00134277     -0.00129395     -0.00113525     -0.00117188     
-0.00114746     -0.000964355     -0.00090332     -0.000878906     
-0.000927734     -0.000817871     -0.000769043     -0.000732422     
-0.000976563     -0.000793457     -0.000756836     -0.000939941     
-0.0010376     -0.00101318     -0.00111084     -0.0012085     
-0.00137939     -0.00146484     -0.00153809     -0.00164795     
-0.00174561     -0.00174561     -0.0019043     -0.00170898     
-0.00187988     -0.00177002     -0.00157471     -0.00169678     
-0.00172119     -0.00145264     -0.00147705     -0.00133057     
-0.00151367     -0.00134277     -0.00134277     -0.00142822     
-0.00151367     -0.00150146     -0.00147705     -0.00158691     
-0.00168457     -0.00169678     -0.00152588     -0.00155029     
-0.00172119     -0.00155029     -0.00146484     -0.00148926     
-0.00151367     -0.00141602     -0.00130615     -0.00133057     
-0.00136719     -0.00125732     -0.00126953     -0.00112305     
-0.00135498     -0.00131836     -0.00128174     -0.0013916     
-0.0015625     -0.00159912     -0.00168457     -0.00172119     
-0.00185547     -0.00179443     -0.00183105     -0.00179443     
-0.00187988     -0.00178223     -0.00169678     -0.00159912     
-0.00166016     -0.00150146     -0.00161133     -0.00155029     
-0.00163574     -0.0015625     -0.00155029     -0.0015625     
-0.00175781     -0.00158691     -0.0017334     -0.00169678     
-0.00179443     -0.00169678     -0.00169678     -0.00155029     
-0.00167236     -0.00162354     -0.00148926     -0.00147705     
-0.00162354     -0.0013916     -0.00134277     -0.00126953     
-0.00134277     -0.00126953     -0.00115967     -0.00123291     
-0.0012085     -0.00125732     -0.00119629     -0.00125732     
-0.00142822     -0.00136719     -0.00133057     -0.0013916     
-0.00147705     -0.00144043     -0.00142822     -0.0015625     
-0.00153809     -0.00153809     -0.00146484     -0.00145264     
-0.0015625     -0.00164795     -0.00153809     -0.00152588     
-0.00170898     -0.00157471     -0.00162354     -0.00157471     
-0.00178223     -0.00168457     -0.00155029     -0.00167236     
-0.00169678     -0.00159912     -0.00164795     -0.00163574     
-0.0017334     -0.00177002     -0.00172119     -0.00174561     
-0.00189209     -0.00194092     -0.00184326     -0.00187988     
-0.00201416     -0.00187988     -0.00181885     -0.00169678     
-0.00169678     -0.00148926     -0.00130615     -0.00123291     
-0.00123291     -0.00114746     -0.00106201     -0.00106201     
-0.00124512     -0.0012085     -0.00128174     -0.00146484     
-0.00166016     -0.00146484     -0.00150146     -0.00153809     
-0.00162354     -0.00153809     -0.00135498     -0.00137939     
-0.00140381     -0.00123291     -0.00123291     -0.00118408     
-0.00131836     -0.00118408     -0.00112305     -0.00123291     
-0.00133057     -0.00130615     -0.00128174     -0.00125732     
-0.0013916     -0.00146484     -0.00136719     -0.00145264     
-0.00159912     -0.0015625     -0.00162354     -0.00159912     
-0.00178223     -0.00179443     -0.00172119     -0.00183105     
-0.00183105     -0.00168457     -0.00162354     -0.0015625     
-0.00163574     -0.00159912     -0.00151367     -0.00161133     
-0.00161133     -0.00168457     -0.00163574     -0.00166016     
-0.00172119     -0.00174561     -0.00172119     -0.00174561     
-0.00172119     -0.0015625     -0.00158691     -0.00147705     
-0.00150146     -0.00144043     -0.00137939     -0.0013916     
-0.00147705     -0.00144043     -0.00148926     -0.00147705     
-0.00164795     -0.00159912     -0.00153809     -0.00166016     
-0.00163574     -0.00157471     -0.00157471     -0.0013916     
-0.00157471     -0.00130615     -0.0012207     -0.00134277     
-0.00135498     -0.00130615     -0.00123291     -0.00119629     
-0.00135498     -0.00128174     -0.00124512     -0.0012207     
-0.0012085     -0.00126953     -0.00117188     -0.00107422     
-0.00119629     -0.00107422     -0.00100098     -0.0010498     
-0.00111084     -0.00101318     -0.000976563     -0.000964355     
-0.00098877     -0.000927734     -0.000952148     -0.000939941     
-0.000952148     -0.000878906     -0.000793457     -0.000695801     
-0.000854492     -0.000695801     -0.00065918     -0.00065918     
-0.000695801     -0.000732422     -0.00065918     -0.000805664     
-0.000976563     -0.00090332     -0.000891113     -0.0010376     
-0.00119629     -0.00119629     -0.00119629     -0.00114746     
-0.00133057     -0.00128174     -0.00141602     -0.00140381     
-0.00147705     -0.00151367     -0.00144043     -0.00144043     
-0.00158691     -0.00144043     -0.00134277     -0.00152588     
-0.00155029     -0.0013916     -0.0013916     -0.0013916     
-0.00145264     -0.00141602     -0.00140381     -0.00142822     
-0.00150146     -0.00137939     -0.00144043     -0.00147705     
-0.00161133     -0.00152588     -0.00157471     -0.00162354     
-0.00166016     -0.00166016     -0.00166016     -0.00153809     
-0.00178223     -0.00169678     -0.00167236     -0.00167236     
-0.00183105     -0.00174561     -0.00166016     -0.00181885     
-0.00181885     -0.00179443     -0.00172119     -0.00178223     
-0.00189209     -0.00178223     -0.00180664     -0.0019165     
-0.00195313     -0.00186768     -0.00184326     -0.00178223     
-0.00198975     -0.00184326     -0.00177002     -0.00179443     
-0.00189209     -0.00180664     -0.00177002     -0.00184326     
-0.0019043     -0.00183105     -0.0019043     -0.00194092     
-0.00206299     -0.0020874     -0.00206299     -0.00203857     
-0.00217285     -0.00202637     -0.00200195     -0.00184326     
-0.0019165     -0.0017334     -0.00157471     -0.00157471     
-0.00157471     -0.00145264     -0.00134277     -0.00135498     
-0.00141602     -0.00131836     -0.00118408     -0.00126953     
-0.00141602     -0.0012085     -0.00118408     -0.00118408     
-0.00126953     -0.00126953     -0.00113525     -0.00123291     
-0.00125732     -0.00125732     -0.00117188     -0.00117188     
-0.00123291     -0.00111084     -0.00100098     -0.000976563     
-0.00117188     -0.000964355     -0.00100098     -0.0010498     
-0.00112305     -0.0012207     -0.00114746     -0.00111084     
-0.00130615     -0.00133057     -0.00137939     -0.00145264     
-0.00153809     -0.0015625     -0.00153809     -0.00148926     
-0.00159912     -0.00164795     -0.00161133     -0.00163574     
-0.00167236     -0.0017334     -0.00175781     -0.00177002     
-0.00180664     -0.00183105     -0.00185547     -0.00172119     
-0.00183105     -0.00172119     -0.00158691     -0.00159912     
-0.00162354     -0.00144043     -0.00144043     -0.00125732     
-0.00123291     -0.0012085     -0.00101318     -0.00108643     
-0.00112305     -0.00114746     -0.00112305     -0.00124512     
-0.00137939     -0.00136719     -0.00134277     -0.00144043     
-0.00157471     -0.00148926     -0.00155029     -0.00148926     
-0.0017334     -0.00161133     -0.00151367     -0.00168457     
-0.00185547     -0.00167236     -0.00172119     -0.00166016     
-0.00185547     -0.00180664     -0.00172119     -0.00178223     
-0.00185547     -0.00180664     -0.00166016     -0.00159912     
-0.00169678     -0.00168457     -0.00145264     -0.00147705     
-0.00158691     -0.00150146     -0.00147705     -0.00137939     
-0.00147705     -0.00158691     -0.00150146     -0.00152588     
-0.00164795     -0.00153809     -0.00159912     -0.00145264     
-0.00169678     -0.00163574     -0.00159912     -0.00164795     
-0.00158691     -0.00159912     -0.00145264     -0.00133057     
-0.00137939     -0.00123291     -0.00115967     -0.00112305     
-0.00113525     -0.00098877     -0.000976563     -0.000927734     
-0.00102539     -0.000793457     -0.00090332     -0.000915527     
-0.000854492     -0.000842285     -0.000793457     -0.000817871     
-0.000878906     -0.000927734     -0.000793457     -0.000854492     
-0.00100098     -0.00090332     -0.000964355     -0.00109863     
-0.00123291     -0.00113525     -0.00113525     -0.00124512     
-0.00133057     -0.00129395     -0.00129395     -0.00135498     
-0.00141602     -0.00136719     -0.00130615     -0.00140381     
-0.00136719     -0.00129395     -0.00130615     -0.00118408     
-0.00131836     -0.0012085     -0.00117188     -0.00114746     
-0.0012207     -0.00118408     -0.0010376     -0.00106201     
-0.00107422     -0.0010498     -0.000817871     -0.000817871     
-0.00090332     -0.000915527     -0.00078125     -0.000842285     
-0.000817871     -0.000891113     -0.000842285     -0.00090332     
-0.00106201     -0.00098877     -0.000939941     -0.000976563     
-0.00118408     -0.00109863     -0.0010376     -0.00101318     
-0.00119629     -0.0012207     -0.00112305     -0.00113525     
-0.00128174     -0.00123291     -0.00113525     -0.00119629     
-0.00126953     -0.00119629     -0.00101318     -0.00102539     
-0.00119629     -0.00114746     -0.00112305     -0.0012085     
-0.00123291     -0.0012207     -0.00123291     -0.0012207     
-0.00128174     -0.00123291     -0.00118408     -0.00125732     
-0.00137939     -0.00118408     -0.00117188     -0.00125732     
-0.00135498     -0.00135498     -0.00134277     -0.0013916     
-0.00159912     -0.00148926     -0.00164795     -0.00166016     
-0.00181885     -0.00183105     -0.00172119     -0.0017334     
-0.00196533     -0.00166016     -0.00174561     -0.00170898     
-0.00177002     -0.00179443     -0.00167236     -0.00168457     
-0.00172119     -0.00159912     -0.00157471     -0.00147705     
-0.00150146     -0.00141602     -0.00125732     -0.00133057     
-0.0012085     -0.00117188     -0.00114746     -0.00102539     
-0.00117188     -0.00112305     -0.00107422     -0.00106201     
-0.00115967     -0.00111084     -0.00112305     -0.00108643     
-0.00117188     -0.00112305     -0.00109863     -0.00112305     
-0.00124512     -0.00113525     -0.00125732     -0.00125732     
-0.00134277     -0.00129395     -0.00128174     -0.00146484     
-0.00151367     -0.00155029     -0.00158691     -0.00163574     
-0.00175781     -0.00175781     -0.00168457     -0.00178223     
-0.00183105     -0.00159912     -0.00168457     -0.00158691     
-0.00159912     -0.00145264     -0.00124512     -0.00130615     
-0.00131836     -0.00113525     -0.00101318     -0.00101318     
-0.00108643     -0.000976563     -0.000891113     -0.000854492     
-0.00100098     -0.000952148     -0.000878906     -0.000805664     
-0.00101318     -0.000939941     -0.000830078     -0.000915527     
-0.00098877     -0.000878906     -0.00090332     -0.00090332     
-0.000817871     -0.00101318     -0.000842285     -0.000878906     
-0.000952148     -0.000720215     -0.000793457     -0.000695801     
-0.000817871     -0.000695801     -0.000634766     -0.000598145     
-0.00065918     -0.000512695     -0.00045166     -0.000341797     
-0.000354004     -0.000305176     -0.000219727     -0.000378418     
-0.000354004     -0.000390625     -0.000402832     -0.000476074     
-0.000817871     -0.000793457     -0.000793457     -0.000976563     
-0.00107422     -0.00114746     -0.00108643     -0.00107422     
-0.00126953     -0.00108643     -0.00100098     -0.00114746     
-0.0012207     -0.00106201     -0.000952148     -0.00107422     
-0.00101318     -0.00100098     -0.0010376     -0.0010376     
-0.0010376     -0.000964355     -0.0010376     -0.000939941     
-0.0010376     -0.00098877     -0.000854492     -0.000939941     
-0.000976563     -0.00090332     -0.000964355     -0.000878906     
-0.00106201     -0.00098877     -0.000952148     -0.000915527     
-0.0010498     -0.00109863     -0.00107422     -0.00114746     
-0.00119629     -0.0012085     -0.00119629     -0.00125732     
-0.0013916     -0.00137939     -0.00140381     -0.00150146     
-0.00158691     -0.00161133     -0.00166016     -0.00162354     
-0.00175781     -0.00162354     -0.00161133     -0.00161133     
-0.00157471     -0.00150146     -0.0013916     -0.00126953     
-0.00128174     -0.00109863     -0.00101318     -0.000927734     
-0.00102539     -0.00090332     -0.000708008     -0.000805664     
-0.000817871     -0.000683594     -0.000683594     -0.000634766     
-0.000769043     -0.000683594     -0.000683594     -0.00078125     
-0.00090332     -0.000915527     -0.000927734     -0.00098877     
-0.00118408     -0.00111084     -0.00108643     -0.00114746     
-0.00124512     -0.0012085     -0.00115967     -0.00111084     
-0.00119629     -0.00124512     -0.00100098     -0.00118408     
-0.00125732     -0.0012207     -0.00109863     -0.00111084     
-0.0012085     -0.00128174     -0.00113525     -0.00112305     
-0.00133057     -0.00119629     -0.0012207     -0.00114746     
-0.0012207     -0.00118408     -0.00098877     -0.00106201     
-0.00107422     -0.000915527     -0.000939941     -0.000915527     
-0.000854492     -0.000793457     -0.000744629     -0.000695801     
-0.000720215     -0.000634766     -0.000610352     -0.000512695     
-0.000622559     -0.000524902     -0.000463867     -0.000488281     
-0.000524902     -0.000488281     -0.000390625     -0.000524902     
-0.00065918     -0.000646973     -0.000732422     -0.000842285     
-0.00108643     -0.00113525     -0.00129395     -0.00144043     
-0.00159912     -0.00163574     -0.00162354     -0.00181885     
-0.00179443     -0.0017334     -0.00178223     -0.00168457     

