Source : transient; Time : Wed Jun 14 09:06:12 2017
B0 = 3556.000000 Gauss, mw = 9.686281 GHz
 NDI-T2 sa261 20/2 42/25 523nm/1mJ
1 5000 -1.001e-06 8.997e-06 0 0
s                        V                                                 
-0.000427246     -0.000402832     -0.000512695     -0.000585938     
-0.000720215     -0.000622559     -0.000634766     -0.000964355     
-0.000939941     -0.000878906     -0.000976563     -0.00113525     
-0.00106201     -0.00109863     -0.00126953     -0.00137939     
-0.00133057     -0.0012207     -0.00114746     -0.00134277     
-0.00124512     -0.0012207     -0.00117188     -0.00119629     
-0.00119629     -0.00109863     -0.000976563     -0.00098877     
-0.000927734     -0.000878906     -0.000830078     -0.000805664     
-0.000805664     -0.000720215     -0.000585938     -0.000646973     
-0.000561523     -0.000402832     -0.000402832     -0.000231934     
-0.000134277     1.2207e-05     8.54492e-05     0.000219727     
0.000305176     0.000402832     0.000561523     0.000585938     
0.00057373     0.000732422     0.000720215     0.000671387     
0.000634766     0.00078125     0.000671387     0.000488281     
0.000561523     0.000549316     0.000476074     0.000427246     
0.00045166     0.000415039     0.000524902     0.000341797     
0.00032959     0.000476074     0.000439453     0.000292969     
0.000366211     0.000402832     0.00032959     0.000268555     
0.000158691     0.00020752     3.66211e-05     -6.10352e-05     
0     -0.000109863     -0.000146484     -0.000256348     
-0.000292969     -0.000268555     -0.00020752     -0.000341797     
-0.000268555     -0.000292969     -0.000292969     -0.000317383     
-0.000537109     -0.00020752     -0.000292969     -0.000341797     
-0.000378418     -0.00032959     -0.000256348     -0.000256348     
-0.000378418     -0.000158691     -0.000183105     -0.000158691     
-0.000146484     -6.10352e-05     -9.76563e-05     0     
-8.54492e-05     0     6.10352e-05     1.2207e-05     
4.88281e-05     2.44141e-05     -3.66211e-05     -4.88281e-05     
-8.54492e-05     -9.76563e-05     -0.00020752     -0.000317383     
-0.000280762     -0.000292969     -0.000427246     -0.000585938     
-0.000598145     -0.000598145     -0.000585938     -0.000598145     
-0.000634766     -0.000549316     -0.000512695     -0.000524902     
-0.000561523     -0.000378418     -0.000439453     -0.000415039     
-0.000415039     -0.000354004     -0.000390625     -0.000549316     
-0.000354004     -0.000341797     -0.000427246     -0.000317383     
-0.000390625     -0.000305176     -0.000366211     -0.000463867     
-0.000390625     -0.000366211     -0.000378418     -0.000244141     
-0.000378418     -0.000305176     -0.000268555     -0.000280762     
-0.000305176     -0.00012207     -0.00020752     -0.00020752     
-0.000305176     -0.000280762     -0.000268555     -0.000366211     
-0.000439453     -0.000378418     -0.000476074     -0.00057373     
-0.000598145     -0.000610352     -0.000634766     -0.000866699     
-0.000854492     -0.000842285     -0.000866699     -0.000891113     
-0.00090332     -0.000769043     -0.000817871     -0.000817871     
-0.000695801     -0.000524902     -0.000488281     -0.000415039     
-0.000354004     -0.000268555     -0.000170898     -0.00020752     
-0.00012207     -6.10352e-05     6.10352e-05     1.2207e-05     
1.2207e-05     0.000170898     -2.44141e-05     -4.88281e-05     
-2.44141e-05     2.44141e-05     -2.44141e-05     -2.44141e-05     
-7.32422e-05     0     -0.000158691     -0.000256348     
-0.00020752     -0.000292969     -0.000280762     -0.000317383     
-0.000500488     -0.000390625     -0.000585938     -0.000622559     
-0.000671387     -0.00065918     -0.000598145     -0.000671387     
-0.000585938     -0.000524902     -0.00045166     -0.000524902     
-0.000390625     -0.000366211     -0.000195313     -0.000195313     
-0.000183105     -4.88281e-05     -8.54492e-05     -0.000134277     
-0.000134277     -7.32422e-05     -3.66211e-05     -7.32422e-05     
-0.000280762     -0.000146484     -0.000244141     -0.000415039     
-0.000256348     -0.000439453     -0.000402832     -0.000537109     
-0.000537109     -0.000476074     -0.00065918     -0.000610352     
-0.000695801     -0.000512695     -0.000500488     -0.000561523     
-0.000439453     -0.000305176     -0.000305176     -0.00020752     
-0.000170898     -9.76563e-05     -4.88281e-05     -8.54492e-05     
-3.66211e-05     7.32422e-05     -0.000109863     -8.54492e-05     
-0.000109863     -0.000158691     -7.32422e-05     -0.000219727     
-0.000256348     -0.000256348     -0.000305176     -0.000463867     
-0.000561523     -0.000390625     -0.000378418     -0.000524902     
-0.000537109     -0.000512695     -0.00045166     -0.00057373     
-0.000366211     -0.000366211     -0.000305176     -0.000415039     
-0.000280762     -0.00020752     -0.000305176     -0.000341797     
-0.000378418     -0.000415039     -0.000427246     -0.000634766     
-0.000708008     -0.000732422     -0.000756836     -0.000854492     
-0.00098877     -0.000683594     -0.000744629     -0.000683594     
-0.000488281     -0.000415039     -0.000292969     -0.000219727     
-7.32422e-05     0.000158691     0.000219727     0.00020752     
0.000280762     0.000305176     0.00012207     0.00020752     
9.76563e-05     0.000195313     0.000183105     8.54492e-05     
-4.88281e-05     -2.44141e-05     -4.88281e-05     -0.00020752     
-9.76563e-05     4.88281e-05     1.2207e-05     -1.2207e-05     
-2.44141e-05     -0.000109863     -4.88281e-05     -0.000146484     
-8.54492e-05     -7.32422e-05     -0.000170898     -0.000317383     
-0.000231934     -0.000268555     -0.000366211     -0.000537109     
-0.000427246     -0.000488281     -0.000415039     -0.000463867     
-0.000354004     -0.000366211     -0.000317383     -0.000427246     
-0.000427246     -0.000256348     -0.000354004     -0.000292969     
-0.000390625     -0.000292969     -0.000463867     -0.00057373     
-0.000488281     -0.000561523     -0.000622559     -0.00057373     
-0.000744629     -0.000683594     -0.000646973     -0.000878906     
-0.000830078     -0.000610352     -0.000671387     -0.000683594     
-0.00065918     -0.000524902     -0.000512695     -0.000634766     
-0.000524902     -0.000378418     -0.000305176     -0.000317383     
-0.000292969     -0.000219727     -0.00020752     -0.000146484     
-0.00012207     -4.88281e-05     -7.32422e-05     -4.88281e-05     
-8.54492e-05     -6.10352e-05     -2.44141e-05     -0.000268555     
-0.000219727     -0.000195313     -0.000195313     -0.00032959     
-0.000244141     -0.000268555     -0.000280762     -0.000439453     
-0.000366211     -0.000354004     -0.000305176     -0.000378418     
-0.000500488     -0.000341797     -0.000537109     -0.000561523     
-0.000610352     -0.000634766     -0.000634766     -0.00078125     
-0.000939941     -0.000878906     -0.000964355     -0.00111084     
-0.00115967     -0.00111084     -0.00115967     -0.00114746     
-0.00133057     -0.00107422     -0.0010498     -0.00111084     
-0.0010376     -0.000939941     -0.00078125     -0.000805664     
-0.000793457     -0.000769043     -0.000671387     -0.000671387     
-0.000598145     -0.000500488     -0.000378418     -0.00045166     
-0.000366211     -0.000341797     -0.000268555     -0.000341797     
-0.000280762     -0.000244141     -0.000268555     -0.000231934     
-0.000305176     -0.000366211     -0.000415039     -0.000402832     
-0.000390625     -0.000476074     -0.000390625     -0.000402832     
-0.000305176     -0.000256348     -0.000378418     -0.000195313     
-0.000219727     -0.000158691     -0.00012207     -0.00020752     
-0.000134277     -7.32422e-05     -0.000158691     -0.000219727     
-0.00032959     -0.000280762     -0.000292969     -0.000476074     
-0.000488281     -0.000476074     -0.000646973     -0.000769043     
-0.000720215     -0.000671387     -0.000598145     -0.000769043     
-0.000646973     -0.000610352     -0.000549316     -0.000646973     
-0.000598145     -0.000439453     -0.000317383     -0.000476074     
-0.000390625     -0.000280762     -0.000244141     -0.000415039     
-0.000231934     -0.000158691     -0.000256348     -0.000292969     
-0.000231934     -0.000354004     -0.000341797     -0.000378418     
-0.000439453     -0.000378418     -0.000476074     -0.000500488     
-0.000366211     -0.000476074     -0.000415039     -0.000390625     
-0.000476074     -0.000268555     -0.000317383     -0.000402832     
-0.000280762     -0.000292969     -0.000354004     -0.000476074     
-0.000549316     -0.000439453     -0.000610352     -0.000683594     
-0.000744629     -0.000720215     -0.000793457     -0.000744629     
-0.000878906     -0.000720215     -0.000708008     -0.000695801     
-0.000610352     -0.000488281     -0.000500488     -0.000524902     
-0.000463867     -0.00020752     -0.000183105     -0.000317383     
-0.000158691     -0.00012207     -0.000183105     -0.00032959     
-0.000195313     -0.000170898     -0.000195313     -0.00032959     
-0.000341797     -0.000354004     -0.000292969     -0.000500488     
-0.000585938     -0.000378418     -0.000500488     -0.000683594     
-0.000537109     -0.000488281     -0.00045166     -0.000634766     
-0.000500488     -0.00045166     -0.000500488     -0.000463867     
-0.000695801     -0.000610352     -0.000634766     -0.000720215     
-0.00078125     -0.000842285     -0.000915527     -0.000854492     
-0.00098877     -0.000842285     -0.000817871     -0.000769043     
-0.000756836     -0.000378418     -0.000305176     -0.000134277     
7.32422e-05     0.000415039     0.000488281     0.00057373     
0.000817871     0.00111084     0.0012085     0.00131836     
0.00145264     0.00169678     0.00184326     0.00185547     
0.00201416     0.00224609     0.00249023     0.00252686     
0.00268555     0.00286865     0.00291748     0.0029541     
0.00318604     0.00343018     0.0034668     0.00358887     
0.00372314     0.00390625     0.00407715     0.00410156     
0.00441895     0.00465088     0.00482178     0.00506592     
0.00524902     0.00550537     0.00570068     0.00593262     
0.0060791     0.00638428     0.00653076     0.00657959     
0.00667725     0.00704346     0.00708008     0.0072998     
0.00737305     0.00772705     0.00778809     0.00808105     
0.00812988     0.00841064     0.00866699     0.00876465     
0.00900879     0.00922852     0.00944824     0.00946045     
0.00957031     0.00968018     0.00976563     0.00975342     
0.00987549     0.00997314     0.0102173     0.0100708     
0.0101685     0.0102295     0.0103516     0.0103638     
0.0104492     0.0106201     0.010791     0.0107788     
0.0109375     0.011084     0.0111572     0.0111572     
0.0114136     0.0115967     0.0117188     0.0116943     
0.0119019     0.0121582     0.0121094     0.012439     
0.0125366     0.0127075     0.0129395     0.0129517     
0.0130493     0.0131836     0.0131714     0.0132446     
0.0132568     0.0134277     0.0133911     0.0133057     
0.0132446     0.0134644     0.0134033     0.0133057     
0.0133789     0.0134888     0.0135742     0.0135986     
0.0136353     0.0137695     0.0139404     0.013916     
0.0140625     0.0141479     0.0143066     0.0143433     
0.0143799     0.0142944     0.0143433     0.0142456     
0.0142822     0.0143799     0.0141846     0.0140991     
0.0141357     0.0140991     0.0140259     0.0140991     
0.0141357     0.0142944     0.0144409     0.0144775     
0.0147827     0.0147827     0.0148926     0.0150269     
0.0150146     0.01521     0.0151978     0.0153198     
0.015332     0.0152588     0.015332     0.0152466     
0.0152832     0.0153687     0.0152344     0.0151855     
0.0151733     0.0151733     0.014978     0.0151001     
0.0149414     0.0150391     0.0150024     0.0149414     
0.0150146     0.0150757     0.0150391     0.014856     
0.0150024     0.0150879     0.0151367     0.0150635     
0.0151489     0.0151245     0.0151733     0.0150879     
0.0151855     0.0151611     0.0152222     0.0151855     
0.0151245     0.0151367     0.01521     0.0150635     
0.0150146     0.0151245     0.0150391     0.0150391     
0.0150269     0.0149048     0.0149658     0.0148926     
0.014978     0.0150513     0.0149658     0.0151123     
0.0150879     0.0152344     0.0152222     0.0152222     
0.0152344     0.0153809     0.0153931     0.0153198     
0.0151489     0.0151611     0.0150269     0.0148193     
0.0146973     0.0147339     0.0144775     0.0143311     
0.0142212     0.0141968     0.0139893     0.0138916     
0.0138794     0.0139282     0.0138916     0.0137695     
0.0138184     0.0137695     0.0137451     0.0137085     
0.0137085     0.0136963     0.0137085     0.0135376     
0.0135254     0.013623     0.0134399     0.0133301     
0.0134521     0.0134155     0.0133301     0.0133057     
0.013269     0.013208     0.0131592     0.012915     
0.0128906     0.012854     0.0128296     0.0127319     
0.0125366     0.0126221     0.0124756     0.0123169     
0.012207     0.0122925     0.0121704     0.012146     
0.0118774     0.0118408     0.0117554     0.0116455     
0.0114624     0.0115234     0.0114014     0.011377     
0.0111328     0.0111084     0.0109985     0.0109741     
0.0109497     0.0109619     0.0109253     0.0109131     
0.0109131     0.0109131     0.0109863     0.0109375     
0.0109375     0.0110107     0.0110474     0.0109009     
0.0109985     0.0108398     0.0109375     0.0107422     
0.0105103     0.0104858     0.0104248     0.0101929     
0.00997314     0.00982666     0.00969238     0.0095459     
0.00932617     0.00927734     0.0092041     0.00898438     
0.00893555     0.00893555     0.0088623     0.00883789     
0.0088501     0.00887451     0.00887451     0.00878906     
0.0086792     0.00869141     0.00849609     0.00838623     
0.00821533     0.00836182     0.00819092     0.00805664     
0.00795898     0.00802002     0.00792236     0.00782471     
0.00788574     0.00792236     0.00786133     0.00780029     
0.0078125     0.00773926     0.00772705     0.00769043     
0.00772705     0.00766602     0.00767822     0.00751953     
0.00756836     0.00748291     0.00750732     0.0072998     
0.00726318     0.00732422     0.00715332     0.00710449     
0.00698242     0.00699463     0.00686035     0.00678711     
0.00667725     0.00665283     0.00655518     0.00637207     
0.00634766     0.00615234     0.00601807     0.00583496     
0.00563965     0.00568848     0.00563965     0.00549316     
0.00545654     0.00549316     0.00545654     0.00539551     
0.00537109     0.00561523     0.00550537     0.00551758     
0.0055542     0.00548096     0.00541992     0.0053833     
0.00516357     0.00529785     0.0052124     0.00495605     
0.00493164     0.00484619     0.00483398     0.00463867     
0.00460205     0.00469971     0.00469971     0.00460205     
0.00463867     0.00476074     0.00484619     0.00467529     
0.00476074     0.00490723     0.00482178     0.00487061     
0.00488281     0.00487061     0.00483398     0.00471191     
0.00455322     0.00456543     0.00440674     0.00440674     
0.00429688     0.00415039     0.0041748     0.00407715     
0.00406494     0.0041626     0.00415039     0.00423584     
0.00422363     0.00430908     0.00432129     0.00432129     
0.00432129     0.00447998     0.00437012     0.00444336     
0.00419922     0.00424805     0.00405273     0.0039917     
0.00395508     0.00401611     0.00388184     0.00379639     
0.00394287     0.00394287     0.00386963     0.00390625     
0.00397949     0.00405273     0.00422363     0.0041626     
0.0041626     0.00418701     0.00415039     0.00407715     
0.00411377     0.00410156     0.00411377     0.00406494     
0.00400391     0.00402832     0.00391846     0.00372314     
0.00374756     0.00388184     0.00377197     0.00372314     
0.00372314     0.00373535     0.00375977     0.00367432     
0.00369873     0.00373535     0.00385742     0.00395508     
0.00372314     0.00389404     0.00390625     0.00383301     
0.00380859     0.00383301     0.00378418     0.00367432     
0.00368652     0.00378418     0.00360107     0.00355225     
0.0036377     0.00378418     0.00380859     0.00395508     
0.00384521     0.00410156     0.00423584     0.00412598     
0.0041748     0.00444336     0.00424805     0.00419922     
0.0041748     0.00404053     0.00402832     0.00377197     
0.00378418     0.00371094     0.00372314     0.00360107     
0.00362549     0.00355225     0.00361328     0.00362549     
0.00357666     0.0036377     0.00380859     0.0036499     
0.00361328     0.00367432     0.00371094     0.00360107     
0.00357666     0.00362549     0.00373535     0.00377197     
0.00384521     0.00396729     0.00401611     0.00415039     
0.00415039     0.00445557     0.00445557     0.00457764     
0.0046875     0.00474854     0.00471191     0.00460205     
0.00446777     0.00452881     0.0043457     0.00411377     
0.00390625     0.00391846     0.0036377     0.0034668     
0.00345459     0.0034668     0.00327148     0.00323486     
0.00339355     0.00340576     0.003479     0.00350342     
0.00352783     0.00375977     0.00385742     0.00384521     
0.00390625     0.00385742     0.00397949     0.00384521     
0.00394287     0.00397949     0.0038208     0.00380859     
0.00380859     0.00375977     0.0036499     0.0036499     
0.00361328     0.00369873     0.0036499     0.00356445     
0.00369873     0.00372314     0.00372314     0.0038208     
0.00377197     0.00400391     0.00386963     0.00401611     
0.00410156     0.00413818     0.0041748     0.00421143     
0.00423584     0.00441895     0.00444336     0.00445557     
0.00456543     0.00450439     0.00449219     0.00466309     
0.00449219     0.00467529     0.00478516     0.00474854     
0.0046875     0.0046875     0.00478516     0.00460205     
0.00465088     0.00465088     0.00452881     0.00441895     
0.00444336     0.00449219     0.0043335     0.00428467     
0.00432129     0.00428467     0.00428467     0.00430908     
0.00423584     0.00430908     0.0043457     0.00429688     
0.00423584     0.00441895     0.00441895     0.00445557     
0.00439453     0.00438232     0.00445557     0.00435791     
0.00443115     0.00465088     0.00449219     0.0045166     
0.00455322     0.00456543     0.00461426     0.00456543     
0.00457764     0.00462646     0.00456543     0.0045166     
0.00441895     0.00446777     0.0043457     0.00421143     
0.00418701     0.00430908     0.0041748     0.00413818     
0.0041748     0.00423584     0.00418701     0.00415039     
0.00424805     0.00445557     0.00440674     0.00445557     
0.00441895     0.00444336     0.00444336     0.00435791     
0.0043335     0.0043457     0.00429688     0.00413818     
0.00412598     0.00421143     0.00412598     0.00404053     
0.0039917     0.00418701     0.00412598     0.00410156     
0.00405273     0.00407715     0.00406494     0.00400391     
0.00396729     0.00393066     0.00390625     0.00380859     
0.00367432     0.00375977     0.00362549     0.00361328     
0.00358887     0.00368652     0.0038208     0.00378418     
0.00385742     0.00407715     0.00395508     0.00400391     
0.00411377     0.00413818     0.00419922     0.00428467     
0.00412598     0.00424805     0.00424805     0.00406494     
0.00397949     0.00411377     0.00404053     0.00391846     
0.0038208     0.00373535     0.0036377     0.00349121     
0.00338135     0.0034668     0.00330811     0.00311279     
0.00314941     0.00311279     0.00301514     0.00296631     
0.00289307     0.00296631     0.00286865     0.0027832     
0.0027832     0.00272217     0.00274658     0.00267334     
0.00264893     0.00263672     0.00273438     0.00270996     
0.00263672     0.0027832     0.00268555     0.00274658     
0.00268555     0.002771     0.00280762     0.002771     
0.00273438     0.00283203     0.00285645     0.00294189     
0.00283203     0.00289307     0.00292969     0.00292969     
0.00291748     0.00297852     0.00290527     0.00284424     
0.00283203     0.00288086     0.00289307     0.00272217     
0.00263672     0.00274658     0.00264893     0.00247803     
0.00246582     0.00249023     0.00234375     0.0022583     
0.00233154     0.00217285     0.00216064     0.00201416     
0.0020874     0.00213623     0.00198975     0.00200195     
0.00212402     0.00209961     0.00206299     0.00201416     
0.0020752     0.00216064     0.00224609     0.00220947     
0.00231934     0.00240479     0.00236816     0.00234375     
0.00231934     0.00250244     0.00241699     0.00239258     
0.00241699     0.00238037     0.00223389     0.00217285     
0.00198975     0.0020874     0.00192871     0.00185547     
0.00163574     0.00169678     0.00155029     0.00152588     
0.00135498     0.00135498     0.0013916     0.00117188     
0.00115967     0.00108643     0.0010498     0.00098877     
0.000915527     0.000927734     0.000964355     0.000915527     
0.00101318     0.00101318     0.000964355     0.000952148     
0.00101318     0.000964355     0.00108643     0.000952148     
0.000952148     0.00090332     0.000915527     0.000756836     
0.000549316     0.000671387     0.000439453     0.000366211     
0.000292969     0.000183105     8.54492e-05     -0.000109863     
-0.000195313     -0.000183105     -0.000292969     -0.000256348     
-0.000341797     -0.000292969     -0.000231934     -0.000305176     
-0.000109863     -2.44141e-05     -7.32422e-05     4.88281e-05     
6.10352e-05     9.76563e-05     3.66211e-05     -9.76563e-05     
0     3.66211e-05     -0.000146484     -8.54492e-05     
-0.00012207     -0.000109863     -0.000195313     -0.000146484     
-0.000134277     -0.000134277     -9.76563e-05     -0.000170898     
-0.000183105     -0.00020752     -0.000146484     -0.000390625     
-0.000280762     -0.000305176     -0.000317383     -0.000427246     
-0.000427246     -0.000439453     -0.000549316     -0.000537109     
-0.000549316     -0.00045166     -0.000512695     -0.000402832     
-0.000415039     -0.000488281     -0.000366211     -0.000476074     
-0.000427246     -0.000415039     -0.000402832     -0.000402832     
-0.000683594     -0.000500488     -0.00065918     -0.000732422     
-0.000805664     -0.000646973     -0.000732422     -0.000756836     
-0.000891113     -0.000793457     -0.000830078     -0.000891113     
-0.000891113     -0.000866699     -0.000805664     -0.000817871     
-0.000866699     -0.000769043     -0.000769043     -0.000769043     
-0.000720215     -0.000610352     -0.000500488     -0.000512695     
-0.000500488     -0.000439453     -0.000537109     -0.000585938     
-0.000598145     -0.000512695     -0.00057373     -0.000622559     
-0.000622559     -0.000634766     -0.000671387     -0.000732422     
-0.000854492     -0.000744629     -0.000744629     -0.000854492     
-0.000817871     -0.000793457     -0.000830078     -0.000952148     
-0.000952148     -0.000891113     -0.000866699     -0.000964355     
-0.00098877     -0.0010376     -0.00108643     -0.00101318     
-0.00106201     -0.000976563     -0.000939941     -0.000976563     
-0.000927734     -0.00078125     -0.000830078     -0.000671387     
-0.000720215     -0.000634766     -0.00057373     -0.000585938     
-0.000610352     -0.000427246     -0.000537109     -0.000610352     
-0.000598145     -0.000585938     -0.000549316     -0.000634766     
-0.000561523     -0.000537109     -0.000561523     -0.000610352     
-0.000549316     -0.000476074     -0.000463867     -0.000537109     
-0.000390625     -0.000402832     -0.000476074     -0.000537109     
-0.000439453     -0.000390625     -0.000439453     -0.000512695     
-0.000378418     -0.000317383     -0.000390625     -0.000390625     
-0.000354004     -0.00020752     -0.000183105     -0.000354004     
-0.00012207     -0.000231934     -4.88281e-05     -0.00012207     
-0.000195313     9.76563e-05     7.32422e-05     -1.2207e-05     
4.88281e-05     0.000170898     0.000146484     0     
3.66211e-05     0.000280762     4.88281e-05     6.10352e-05     
6.10352e-05     1.2207e-05     -9.76563e-05     -7.32422e-05     
-0.000244141     -0.00020752     -0.00020752     -0.000305176     
-0.00032959     -0.000366211     -0.000366211     -0.000476074     
-0.00045166     -0.000500488     -0.000512695     -0.000537109     
-0.00057373     -0.000598145     -0.000585938     -0.000744629     
-0.000610352     -0.000585938     -0.000512695     -0.000512695     
-0.000463867     -0.000317383     -0.000244141     -0.000378418     
-0.000280762     -9.76563e-05     -0.00012207     -0.000256348     
-0.000219727     -0.000170898     -0.000170898     -0.000317383     
-0.000183105     -4.88281e-05     -0.00020752     0     
-9.76563e-05     2.44141e-05     6.10352e-05     0     
0.00012207     0.00020752     0.000134277     0.000146484     
0.000256348     0.000366211     0.000317383     0.000134277     
0.000146484     0.000390625     0.00012207     0.000109863     
0.000134277     4.88281e-05     2.44141e-05     -6.10352e-05     
-0.000134277     -0.00012207     -7.32422e-05     -6.10352e-05     
-8.54492e-05     -7.32422e-05     4.88281e-05     3.66211e-05     
3.66211e-05     0.000158691     0.000219727     6.10352e-05     
0.000219727     0.000231934     0.000219727     4.88281e-05     
0.000195313     0.000134277     6.10352e-05     0.000109863     
0.000109863     6.10352e-05     1.2207e-05     -0.000170898     
-7.32422e-05     -9.76563e-05     -0.000158691     -3.66211e-05     
-0.000305176     -7.32422e-05     -6.10352e-05     -0.00020752     
-0.000109863     0     4.88281e-05     2.44141e-05     
1.2207e-05     0.00020752     0.000134277     0.000134277     
0.00020752     0.000292969     0.000219727     0.000256348     
0.000195313     0.000280762     0.000231934     3.66211e-05     
8.54492e-05     3.66211e-05     -1.2207e-05     -1.2207e-05     
-1.2207e-05     0     -4.88281e-05     -4.88281e-05     
3.66211e-05     0.00012207     0.000170898     0.000244141     
0.000268555     0.000195313     0.000292969     0.000244141     
3.66211e-05     3.66211e-05     7.32422e-05     2.44141e-05     
-0.000183105     -0.000170898     -0.000231934     -0.000341797     
-0.000402832     -0.000427246     -0.000415039     -0.000476074     
-0.000537109     -0.000476074     -0.000598145     -0.00057373     
-0.000500488     -0.000402832     -0.000366211     -0.000341797     
-0.00020752     -0.00012207     -0.000231934     -2.44141e-05     
-6.10352e-05     0.000146484     0.000183105     0.000146484     
0.000158691     0.000292969     0.000146484     0.00012207     
9.76563e-05     0.000183105     0.00012207     1.2207e-05     
0     0.000109863     2.44141e-05     -9.76563e-05     
-9.76563e-05     -0.00012207     -0.000134277     -0.000244141     
-0.000256348     -0.000268555     -0.000354004     -0.000488281     
-0.000524902     -0.000488281     -0.000561523     -0.00065918     
-0.000634766     -0.000646973     -0.000695801     -0.000671387     
-0.000756836     -0.000732422     -0.000561523     -0.000744629     
-0.000744629     -0.000622559     -0.000537109     -0.000585938     
-0.000622559     -0.000390625     -0.000268555     -0.000305176     
-0.000268555     -0.000183105     -0.000183105     -0.000280762     
-0.000341797     -0.000292969     -0.000427246     -0.000463867     
-0.000537109     -0.000646973     -0.000622559     -0.000622559     
-0.000854492     -0.00065918     -0.000671387     -0.000720215     
-0.000634766     -0.000646973     -0.000598145     -0.000610352     
-0.000585938     -0.000598145     -0.000549316     -0.000622559     
-0.000683594     -0.000708008     -0.000817871     -0.00090332     
-0.00101318     -0.00101318     -0.000964355     -0.00115967     
-0.00109863     -0.00106201     -0.00118408     -0.00112305     
-0.00112305     -0.000964355     -0.00100098     -0.000939941     
-0.000805664     -0.000720215     -0.000549316     -0.000708008     
-0.000561523     -0.000390625     -0.000524902     -0.000427246     
-0.000476074     -0.000476074     -0.000549316     -0.000732422     
-0.000646973     -0.000683594     -0.000854492     -0.000842285     
-0.000964355     -0.000793457     -0.000830078     -0.000976563     
-0.000939941     -0.00078125     -0.00090332     -0.000927734     
-0.000817871     -0.000854492     -0.000878906     -0.000964355     
-0.000976563     -0.0010498     -0.00107422     -0.00113525     
-0.00109863     -0.00111084     -0.00111084     -0.0012207     
-0.00113525     -0.00118408     -0.00111084     -0.00128174     
-0.00119629     -0.00111084     -0.00119629     -0.00119629     
-0.00123291     -0.00113525     -0.00124512     -0.0012085     
-0.00129395     -0.00125732     -0.00125732     -0.00144043     
-0.0013916     -0.00133057     -0.00133057     -0.0013916     
-0.00152588     -0.00140381     -0.00155029     -0.00161133     
-0.00168457     -0.00163574     -0.00166016     -0.00178223     
-0.00185547     -0.00174561     -0.00187988     -0.00189209     
-0.00200195     -0.00184326     -0.00185547     -0.00180664     
-0.0019043     -0.00181885     -0.00178223     -0.0019043     
-0.00180664     -0.00179443     -0.00177002     -0.00186768     
-0.00185547     -0.00189209     -0.0019165     -0.0020874     
-0.00218506     -0.00205078     -0.00197754     -0.00213623     
-0.00209961     -0.00202637     -0.00189209     -0.0019043     
-0.00186768     -0.00169678     -0.00163574     -0.00159912     
-0.0015625     -0.00133057     -0.00134277     -0.00137939     
-0.00133057     -0.00126953     -0.00117188     -0.00124512     
-0.0012207     -0.00118408     -0.00125732     -0.00118408     
-0.0012085     -0.00115967     -0.00117188     -0.00119629     
-0.00130615     -0.00123291     -0.0013916     -0.00153809     
-0.00163574     -0.00161133     -0.00175781     -0.00189209     
-0.0019043     -0.0019165     -0.00211182     -0.00211182     
-0.00217285     -0.00220947     -0.00223389     -0.00235596     
-0.00229492     -0.00222168     -0.00227051     -0.00241699     
-0.00241699     -0.00236816     -0.00224609     -0.00239258     
-0.00217285     -0.0022583     -0.00218506     -0.00222168     
-0.0020752     -0.00187988     -0.00186768     -0.00187988     
-0.00170898     -0.00178223     -0.00180664     -0.00179443     
-0.00181885     -0.00183105     -0.00178223     -0.00194092     
-0.00192871     -0.0020752     -0.00213623     -0.00209961     
-0.00240479     -0.00224609     -0.00235596     -0.00245361     
-0.0024292     -0.00235596     -0.00240479     -0.0024292     
-0.0024292     -0.00218506     -0.00216064     -0.00202637     
-0.00185547     -0.00178223     -0.00180664     -0.00169678     
-0.00168457     -0.00159912     -0.00163574     -0.00172119     
-0.00174561     -0.00175781     -0.00177002     -0.00184326     
-0.00189209     -0.00181885     -0.00180664     -0.00195313     
-0.00183105     -0.00172119     -0.00179443     -0.00175781     
-0.00169678     -0.00159912     -0.00146484     -0.0015625     
-0.00148926     -0.00140381     -0.00142822     -0.0015625     
-0.00158691     -0.00147705     -0.0015625     -0.00169678     
-0.00167236     -0.00185547     -0.00183105     -0.00205078     
-0.00209961     -0.00206299     -0.00214844     -0.00198975     
-0.00213623     -0.00200195     -0.00203857     -0.0020752     
-0.00203857     -0.0019043     -0.00189209     -0.00185547     
-0.00202637     -0.00177002     -0.0017334     -0.00179443     
-0.00179443     -0.00159912     -0.00168457     -0.00166016     
-0.00177002     -0.00177002     -0.00177002     -0.00184326     
-0.00187988     -0.00184326     -0.00183105     -0.00192871     
-0.00197754     -0.00198975     -0.00206299     -0.00220947     
-0.00219727     -0.0022583     -0.00234375     -0.00250244     
-0.0026123     -0.00258789     -0.00270996     -0.00284424     
-0.00280762     -0.00273438     -0.00283203     -0.00272217     
-0.00268555     -0.00257568     -0.00246582     -0.00250244     
-0.00234375     -0.0020874     -0.00200195     -0.00179443     
-0.00183105     -0.00148926     -0.00153809     -0.00157471     
-0.00130615     -0.00117188     -0.00126953     -0.00128174     
-0.00124512     -0.00112305     -0.00126953     -0.00144043     
-0.0013916     -0.00130615     -0.00146484     -0.00152588     
-0.00178223     -0.00161133     -0.00174561     -0.00186768     
-0.00192871     -0.00189209     -0.00189209     -0.00195313     
-0.00187988     -0.0019165     -0.00185547     -0.00186768     
-0.00185547     -0.00170898     -0.00153809     -0.00170898     
-0.00152588     -0.00148926     -0.00144043     -0.00145264     
-0.00147705     -0.00141602     -0.00136719     -0.00146484     
-0.00141602     -0.00142822     -0.00150146     -0.00151367     
-0.00158691     -0.0015625     -0.00166016     -0.0017334     
-0.00172119     -0.00164795     -0.00175781     -0.00169678     
-0.00174561     -0.00163574     -0.00164795     -0.00170898     
-0.00167236     -0.00168457     -0.00177002     -0.00175781     
-0.0017334     -0.00167236     -0.0017334     -0.00169678     
-0.00166016     -0.00153809     -0.00170898     -0.00163574     
-0.00163574     -0.00151367     -0.00155029     -0.00168457     
-0.00166016     -0.00161133     -0.00167236     -0.00181885     
-0.00184326     -0.0017334     -0.00185547     -0.00195313     
-0.00175781     -0.00183105     -0.00179443     -0.0019165     
-0.0017334     -0.00168457     -0.0017334     -0.00168457     
-0.00170898     -0.00169678     -0.00162354     -0.00175781     
-0.00181885     -0.00168457     -0.00175781     -0.00172119     
-0.00172119     -0.00175781     -0.00170898     -0.00178223     
-0.00183105     -0.00167236     -0.00178223     -0.00170898     
-0.00162354     -0.00159912     -0.00157471     -0.0015625     
-0.00162354     -0.00137939     -0.00150146     -0.00145264     
-0.00144043     -0.00133057     -0.00130615     -0.00134277     
-0.00137939     -0.00124512     -0.0012085     -0.00135498     
-0.00133057     -0.00134277     -0.00152588     -0.00163574     
-0.00161133     -0.00162354     -0.00167236     -0.00186768     
-0.00177002     -0.00183105     -0.00183105     -0.00195313     
-0.0019165     -0.00185547     -0.00185547     -0.00194092     
-0.00196533     -0.00192871     -0.00200195     -0.00205078     
-0.00206299     -0.00195313     -0.00192871     -0.00200195     
-0.00195313     -0.00194092     -0.00181885     -0.0019043     
-0.00189209     -0.00170898     -0.00166016     -0.00164795     
-0.00175781     -0.00159912     -0.0015625     -0.00169678     
-0.00181885     -0.00172119     -0.00181885     -0.00187988     
-0.0019165     -0.00196533     -0.00196533     -0.00206299     
-0.00202637     -0.00180664     -0.00198975     -0.00192871     
-0.00181885     -0.00184326     -0.00184326     -0.00192871     
-0.0019165     -0.00187988     -0.00184326     -0.00198975     
-0.00197754     -0.00192871     -0.00203857     -0.00214844     
-0.00214844     -0.00209961     -0.00211182     -0.00213623     
-0.00212402     -0.00214844     -0.00230713     -0.00231934     
-0.00231934     -0.00239258     -0.00239258     -0.00233154     
-0.00235596     -0.00235596     -0.00234375     -0.00251465     
-0.00236816     -0.00222168     -0.00222168     -0.00227051     
-0.00231934     -0.00205078     -0.00214844     -0.00223389     
-0.00217285     -0.00205078     -0.00214844     -0.00216064     
-0.0022583     -0.00217285     -0.00224609     -0.00230713     
-0.00231934     -0.00227051     -0.00240479     -0.00230713     
-0.00236816     -0.00233154     -0.00241699     -0.00241699     
-0.00246582     -0.00253906     -0.00253906     -0.00258789     
-0.00270996     -0.00268555     -0.00275879     -0.00280762     
-0.002771     -0.00272217     -0.00258789     -0.00255127     
-0.00257568     -0.00249023     -0.00235596     -0.00231934     
-0.00228271     -0.00216064     -0.00198975     -0.0020874     
-0.0020874     -0.00192871     -0.00209961     -0.00212402     
-0.00214844     -0.00216064     -0.00206299     -0.00212402     
-0.00214844     -0.0020752     -0.00212402     -0.00202637     
-0.00201416     -0.00185547     -0.00192871     -0.00196533     
-0.00189209     -0.00180664     -0.00178223     -0.00186768     
-0.0019165     -0.00181885     -0.00185547     -0.00187988     
-0.00187988     -0.00184326     -0.00202637     -0.00205078     
-0.00203857     -0.00206299     -0.00211182     -0.00213623     
-0.0020752     -0.0020752     -0.00197754     -0.0020874     
-0.0020874     -0.0019165     -0.00175781     -0.00181885     
-0.00184326     -0.00169678     -0.00168457     -0.00162354     
-0.00167236     -0.00153809     -0.00158691     -0.00159912     
-0.00163574     -0.00174561     -0.00174561     -0.0019165     
-0.00196533     -0.00197754     -0.0020752     -0.00227051     
-0.00223389     -0.00230713     -0.00246582     -0.00252686     
-0.00257568     -0.00238037     -0.00267334     -0.00266113     
-0.00258789     -0.00255127     -0.00263672     -0.00270996     
-0.00270996     -0.0026123     -0.00268555     -0.00279541     
-0.00269775     -0.00280762     -0.00290527     -0.00289307     
-0.00310059     -0.00284424     -0.00291748     -0.00302734     
-0.00301514     -0.00288086     -0.00284424     -0.00281982     
-0.00268555     -0.0026123     -0.00244141     -0.00244141     
-0.00230713     -0.00224609     -0.00224609     -0.00235596     
-0.00229492     -0.0022583     -0.00219727     -0.0022583     
-0.00227051     -0.00230713     -0.00224609     -0.00233154     
-0.00245361     -0.00241699     -0.00233154     -0.00240479     
-0.00240479     -0.0024292     -0.00246582     -0.00244141     
-0.00240479     -0.00233154     -0.00244141     -0.00224609     
-0.00228271     -0.00222168     -0.0020874     -0.00209961     
-0.00201416     -0.00197754     -0.00203857     -0.00197754     
-0.00196533     -0.00201416     -0.0020752     -0.00222168     
-0.00241699     -0.00224609     -0.00246582     -0.00249023     
-0.00258789     -0.0026123     -0.00269775     -0.00280762     
-0.0027832     -0.00270996     -0.00270996     -0.00286865     
-0.00279541     -0.00273438     -0.0027832     -0.00281982     
-0.00274658     -0.0026001     -0.00264893     -0.00285645     
-0.00263672     -0.00256348     -0.00269775     -0.0027832     
-0.00263672     -0.00264893     -0.00252686     -0.00253906     
-0.00246582     -0.00236816     -0.00230713     -0.00235596     
-0.00228271     -0.00216064     -0.00209961     -0.00209961     
-0.00222168     -0.00202637     -0.00206299     -0.0020874     
-0.00212402     -0.00209961     -0.00200195     -0.0020752     
-0.00222168     -0.0020874     -0.00212402     -0.00216064     
-0.00224609     -0.00220947     -0.00223389     -0.00216064     
-0.00222168     -0.00217285     -0.00219727     -0.00227051     
-0.00223389     -0.00230713     -0.00224609     -0.00223389     
-0.0022583     -0.00224609     -0.00223389     -0.00234375     
-0.00228271     -0.00219727     -0.00224609     -0.00229492     
-0.00227051     -0.00229492     -0.00231934     -0.00233154     
-0.00244141     -0.00238037     -0.00241699     -0.00252686     
-0.00247803     -0.00240479     -0.00246582     -0.00241699     
-0.00227051     -0.00227051     -0.00206299     -0.00205078     
-0.00196533     -0.00186768     -0.00187988     -0.00189209     
-0.00186768     -0.00175781     -0.00177002     -0.00186768     
-0.0019043     -0.00186768     -0.00202637     -0.00201416     
-0.00220947     -0.00203857     -0.00203857     -0.00216064     
-0.00213623     -0.00202637     -0.00206299     -0.00212402     
-0.0020874     -0.00197754     -0.00195313     -0.00195313     
-0.00200195     -0.0019043     -0.00179443     -0.0019165     
-0.00197754     -0.00181885     -0.00177002     -0.00186768     
-0.00186768     -0.00187988     -0.0019165     -0.00205078     
-0.00200195     -0.00211182     -0.00214844     -0.00223389     
-0.00218506     -0.00220947     -0.00231934     -0.00229492     
-0.00227051     -0.00218506     -0.00214844     -0.0022583     
-0.00200195     -0.0019165     -0.00184326     -0.0019043     
-0.00197754     -0.0017334     -0.00178223     -0.00181885     
-0.00174561     -0.00169678     -0.00159912     -0.00164795     
-0.00175781     -0.00153809     -0.00159912     -0.00170898     
-0.00155029     -0.00147705     -0.00155029     -0.00163574     
-0.00168457     -0.00158691     -0.00163574     -0.00174561     
-0.00184326     -0.0019165     -0.00205078     -0.00218506     
-0.00227051     -0.00222168     -0.00223389     -0.00228271     
-0.00227051     -0.00218506     -0.00217285     -0.00227051     
-0.00214844     -0.00209961     -0.00200195     -0.00216064     
-0.00213623     -0.00216064     -0.00219727     -0.0022583     
-0.00233154     -0.00229492     -0.00236816     -0.00233154     
-0.00240479     -0.00247803     -0.00239258     -0.00253906     
-0.00255127     -0.00246582     -0.00258789     -0.00253906     
-0.00268555     -0.00264893     -0.00268555     -0.00268555     
-0.00262451     -0.00238037     -0.00236816     -0.00227051     
-0.0022583     -0.00214844     -0.00206299     -0.00213623     
-0.0020752     -0.0019165     -0.0020874     -0.00205078     
-0.00214844     -0.00212402     -0.00223389     -0.00246582     
-0.00245361     -0.00251465     -0.00253906     -0.0026001     
-0.00264893     -0.00264893     -0.00268555     -0.00279541     
-0.00283203     -0.00268555     -0.0026123     -0.00264893     
-0.00264893     -0.00247803     -0.0024292     -0.00250244     
-0.00247803     -0.00220947     -0.00218506     -0.00217285     
-0.0020752     -0.00196533     -0.00196533     -0.00200195     
-0.0019043     -0.00183105     -0.00179443     -0.00195313     
-0.00205078     -0.00196533     -0.00216064     -0.00229492     
-0.00239258     -0.0024292     -0.00246582     -0.00255127     
-0.00268555     -0.00266113     -0.002771     -0.00285645     
-0.00280762     -0.00280762     -0.00283203     -0.00274658     
-0.00281982     -0.00263672     -0.00262451     -0.00258789     
-0.00245361     -0.00236816     -0.00234375     -0.00220947     
-0.00213623     -0.00202637     -0.0020752     -0.00216064     
-0.00211182     -0.00209961     -0.00217285     -0.00227051     
-0.00238037     -0.00253906     -0.0026001     -0.00267334     
-0.00288086     -0.00290527     -0.00288086     -0.00301514     
-0.00310059     -0.00299072     -0.003125     -0.00327148     
-0.00316162     -0.00310059     -0.00307617     -0.00314941     
-0.00303955     -0.00299072     -0.00310059     -0.00302734     
-0.00310059     -0.00296631     -0.00299072     -0.00306396     
-0.00305176     -0.00303955     -0.00314941     -0.00319824     
-0.00321045     -0.00313721     -0.00317383     -0.00319824     
-0.00313721     -0.00302734     -0.00311279     -0.00299072     
-0.00289307     -0.0027832     -0.002771     -0.00274658     
-0.00270996     -0.00270996     -0.00264893     -0.00270996     
-0.002771     -0.00262451     -0.00262451     -0.00267334     
-0.00266113     -0.0026001     -0.00253906     -0.00263672     
-0.00249023     -0.00228271     -0.00233154     -0.00238037     
-0.00228271     -0.00214844     -0.00218506     -0.00216064     
-0.00213623     -0.00209961     -0.0020874     -0.00213623     
-0.00197754     -0.00211182     -0.00211182     -0.0020874     
-0.00219727     -0.0019165     -0.00202637     -0.00213623     
-0.00209961     -0.00202637     -0.00205078     -0.00214844     
-0.00222168     -0.00212402     -0.00224609     -0.00231934     
-0.00230713     -0.00239258     -0.00244141     -0.00235596     
-0.00251465     -0.00240479     -0.00229492     -0.00230713     
-0.00231934     -0.00223389     -0.00213623     -0.00222168     
-0.00220947     -0.00201416     -0.00196533     -0.00212402     
-0.00209961     -0.00212402     -0.00211182     -0.00228271     
-0.00236816     -0.00229492     -0.0022583     -0.00238037     
-0.00235596     -0.00231934     -0.00223389     -0.00229492     
-0.00231934     -0.00216064     -0.0022583     -0.00238037     
-0.00235596     -0.00239258     -0.00238037     -0.00255127     
-0.00241699     -0.00227051     -0.00236816     -0.00228271     
-0.00230713     -0.00227051     -0.00218506     -0.00230713     
-0.00228271     -0.00227051     -0.00238037     -0.00236816     
-0.00250244     -0.00253906     -0.00264893     -0.00285645     
-0.00289307     -0.00275879     -0.003125     -0.00322266     
-0.00323486     -0.00322266     -0.00335693     -0.00344238     
-0.00336914     -0.00323486     -0.00319824     -0.00317383     
-0.00310059     -0.00291748     -0.00289307     -0.00297852     
-0.00292969     -0.00272217     -0.00264893     -0.002771     
-0.00273438     -0.00268555     -0.00283203     -0.00289307     
-0.00291748     -0.00286865     -0.00284424     -0.002771     
-0.00289307     -0.00286865     -0.00273438     -0.00283203     
-0.00280762     -0.00264893     -0.0026123     -0.00256348     
-0.00274658     -0.00263672     -0.00274658     -0.0027832     
-0.00284424     -0.002771     -0.00275879     -0.00280762     
-0.00294189     -0.00286865     -0.00296631     -0.00297852     
-0.0029541     -0.0029541     -0.00289307     -0.00285645     
-0.00291748     -0.00272217     -0.00267334     -0.00270996     
-0.00264893     -0.00263672     -0.00251465     -0.00253906     
-0.00250244     -0.00246582     -0.00236816     -0.00253906     
-0.00247803     -0.00236816     -0.00231934     -0.00238037     
-0.00229492     -0.00224609     -0.00224609     -0.00222168     
-0.00223389     -0.00209961     -0.00202637     -0.00211182     
-0.00205078     -0.00198975     -0.00194092     -0.00194092     
-0.00195313     -0.00185547     -0.00183105     -0.00186768     
-0.00185547     -0.00183105     -0.00183105     -0.00180664     
-0.00189209     -0.0019043     -0.00187988     -0.00203857     
-0.00198975     -0.00198975     -0.00219727     -0.00218506     
-0.00234375     -0.00229492     -0.00217285     -0.00227051     
-0.00233154     -0.00213623     -0.00223389     -0.00224609     
-0.00217285     -0.00211182     -0.00212402     -0.00214844     
-0.00216064     -0.00218506     -0.0022583     -0.00234375     
-0.00234375     -0.00246582     -0.00252686     -0.00258789     
-0.00267334     -0.00272217     -0.00284424     -0.00301514     
-0.00297852     -0.00297852     -0.00299072     -0.00316162     
-0.00305176     -0.00299072     -0.00297852     -0.00302734     
-0.00292969     -0.00274658     -0.00266113     -0.00285645     
-0.00263672     -0.00264893     -0.00266113     -0.00267334     
-0.00274658     -0.00267334     -0.00270996     -0.00279541     
-0.002771     -0.002771     -0.0027832     -0.00275879     
-0.00284424     -0.00270996     -0.00266113     -0.00268555     
-0.00268555     -0.00268555     -0.00267334     -0.00266113     
-0.00273438     -0.00263672     -0.00257568     -0.0026123     
-0.00252686     -0.00244141     -0.00256348     -0.0026001     
-0.00247803     -0.0024292     -0.00241699     -0.00246582     
-0.00235596     -0.00231934     -0.00233154     -0.00231934     
-0.00233154     -0.00228271     -0.00223389     -0.0022583     
-0.00233154     -0.00229492     -0.00238037     -0.00250244     
-0.00258789     -0.00250244     -0.00256348     -0.0026123     
-0.00264893     -0.00266113     -0.00247803     -0.00258789     
-0.00251465     -0.00241699     -0.00233154     -0.0022583     
-0.00228271     -0.00218506     -0.00220947     -0.00223389     
-0.00224609     -0.00213623     -0.00222168     -0.00223389     
-0.00240479     -0.00246582     -0.00250244     -0.00258789     
-0.00279541     -0.0026123     -0.00290527     -0.00285645     
-0.00299072     -0.00297852     -0.00311279     -0.003125     
-0.00314941     -0.00296631     -0.00303955     -0.00301514     
-0.00294189     -0.0029541     -0.00284424     -0.00285645     
-0.00280762     -0.00269775     -0.00263672     -0.00264893     
-0.00262451     -0.0026123     -0.00263672     -0.00258789     
-0.0026001     -0.00262451     -0.0026001     -0.00266113     
-0.00283203     -0.00283203     -0.002771     -0.00305176     
-0.00292969     -0.00288086     -0.00285645     -0.00292969     
-0.00300293     -0.00284424     -0.00302734     -0.00294189     
-0.00299072     -0.0029541     -0.00291748     -0.00291748     
-0.00299072     -0.00291748     -0.00294189     -0.00294189     
-0.00301514     -0.00296631     -0.00292969     -0.00290527     
-0.00299072     -0.00292969     -0.00305176     -0.00310059     
-0.00308838     -0.00297852     -0.00303955     -0.00300293     
-0.00297852     -0.00286865     -0.00292969     -0.00306396     
-0.00292969     -0.0029541     -0.002771     -0.00294189     
-0.00279541     -0.00280762     -0.00263672     -0.00269775     
-0.00274658     -0.0026123     -0.0026001     -0.00270996     
-0.00270996     -0.00267334     -0.002771     -0.00275879     
-0.00286865     -0.00290527     -0.00275879     -0.00289307     
-0.00294189     -0.00288086     -0.00305176     -0.00300293     
-0.00303955     -0.00297852     -0.00289307     -0.00307617     
-0.00305176     -0.00299072     -0.00303955     -0.00303955     
-0.00318604     -0.00305176     -0.00299072     -0.00311279     
-0.00299072     -0.00291748     -0.00307617     -0.00311279     
-0.00308838     -0.00300293     -0.00307617     -0.00310059     
-0.00318604     -0.00313721     -0.00310059     -0.00314941     
-0.00317383     -0.00306396     -0.00297852     -0.00301514     
-0.00291748     -0.00294189     -0.00289307     -0.00291748     
-0.00286865     -0.00274658     -0.00285645     -0.00292969     
-0.00283203     -0.00291748     -0.00296631     -0.0029541     
-0.00306396     -0.0029541     -0.00289307     -0.00311279     
-0.00300293     -0.00297852     -0.00288086     -0.00302734     
-0.00308838     -0.00275879     -0.00297852     -0.00294189     
-0.00289307     -0.00284424     -0.00290527     -0.00291748     
-0.00291748     -0.00288086     -0.00285645     -0.00283203     
-0.00284424     -0.00280762     -0.00285645     -0.002771     
-0.00291748     -0.0027832     -0.002771     -0.00273438     
-0.00279541     -0.00281982     -0.00281982     -0.00279541     
-0.00289307     -0.002771     -0.00268555     -0.0027832     
-0.00266113     -0.00263672     -0.00262451     -0.00256348     
-0.00252686     -0.00258789     -0.00250244     -0.00263672     
-0.00263672     -0.00262451     -0.00270996     -0.00281982     
-0.00290527     -0.00288086     -0.00288086     -0.00289307     
-0.00280762     -0.00284424     -0.00286865     -0.00296631     
-0.0029541     -0.00279541     -0.00301514     -0.00292969     
-0.00303955     -0.00288086     -0.00302734     -0.00317383     
-0.00317383     -0.00302734     -0.00316162     -0.00318604     
-0.00319824     -0.00303955     -0.00306396     -0.00308838     
-0.00308838     -0.0027832     -0.00291748     -0.00279541     
-0.00281982     -0.00274658     -0.00272217     -0.00281982     
-0.00280762     -0.00280762     -0.00274658     -0.00284424     
-0.00299072     -0.00302734     -0.00297852     -0.00314941     
-0.00311279     -0.00301514     -0.00299072     -0.00314941     
-0.00303955     -0.00294189     -0.00301514     -0.00303955     
-0.00302734     -0.00296631     -0.00302734     -0.00299072     
-0.00301514     -0.00303955     -0.00291748     -0.00310059     
-0.00308838     -0.00302734     -0.00302734     -0.00307617     
-0.00317383     -0.00296631     -0.00318604     -0.00316162     
-0.00318604     -0.00317383     -0.00319824     -0.00317383     
-0.00321045     -0.00310059     -0.00321045     -0.00316162     
-0.00310059     -0.00297852     -0.00302734     -0.00299072     
-0.00310059     -0.00299072     -0.00305176     -0.00319824     
-0.00322266     -0.00310059     -0.00318604     -0.00327148     
-0.00330811     -0.00339355     -0.00341797     -0.003479     
-0.00352783     -0.00351563     -0.00336914     -0.00349121     
-0.00336914     -0.00323486     -0.00319824     -0.00325928     
-0.00314941     -0.00290527     -0.00279541     -0.00279541     
-0.00263672     -0.00257568     -0.0026001     -0.00257568     
-0.00246582     -0.00245361     -0.00233154     -0.00238037     
-0.00249023     -0.00235596     -0.00244141     -0.00246582     
-0.00251465     -0.00250244     -0.00246582     -0.00247803     
-0.00247803     -0.00250244     -0.00249023     -0.00247803     
-0.00253906     -0.00234375     -0.00238037     -0.00249023     
-0.00247803     -0.00231934     -0.00251465     -0.00257568     
-0.00253906     -0.00257568     -0.00257568     -0.00264893     
-0.00272217     -0.00275879     -0.00279541     -0.00279541     
-0.0027832     -0.00267334     -0.00270996     -0.00268555     
-0.0026001     -0.0026001     -0.00257568     -0.00267334     
-0.00258789     -0.00247803     -0.00257568     -0.00264893     
-0.00263672     -0.00270996     -0.00286865     -0.00289307     
-0.00294189     -0.00290527     -0.00294189     -0.00313721     
-0.00313721     -0.00324707     -0.00327148     -0.0032959     
-0.00358887     -0.00334473     -0.00328369     -0.00338135     
-0.00343018     -0.00335693     -0.00338135     -0.00339355     
-0.00340576     -0.00322266     -0.00328369     -0.00318604     
-0.00319824     -0.00318604     -0.00314941     -0.00305176     
-0.00324707     -0.00310059     -0.0029541     -0.00310059     
-0.00314941     -0.00306396     -0.00308838     -0.003125     
-0.00316162     -0.00300293     -0.00300293     -0.00307617     
-0.00303955     -0.00288086     -0.0027832     -0.00297852     
-0.00286865     -0.00283203     -0.00274658     -0.00284424     
-0.0029541     -0.00280762     -0.00290527     -0.00290527     
-0.00301514     -0.00303955     -0.00300293     -0.00316162     
-0.00303955     -0.00306396     -0.00301514     -0.00313721     
-0.00308838     -0.00296631     -0.00294189     -0.00286865     
-0.00292969     -0.00283203     -0.00283203     -0.00289307     
-0.00288086     -0.00273438     -0.00269775     -0.00258789     
-0.00258789     -0.00253906     -0.00250244     -0.00249023     
-0.00246582     -0.0022583     -0.00234375     -0.00239258     
-0.00227051     -0.00218506     -0.00219727     -0.00223389     
-0.00224609     -0.00224609     -0.00228271     -0.00236816     
-0.00247803     -0.00255127     -0.00252686     -0.00273438     
-0.00273438     -0.00279541     -0.0027832     -0.00280762     
-0.00285645     -0.00290527     -0.00296631     -0.00303955     
-0.00310059     -0.00306396     -0.003125     -0.00316162     
-0.00319824     -0.00321045     -0.00317383     -0.00327148     
-0.00319824     -0.00319824     -0.00307617     -0.00296631     
-0.00299072     -0.00286865     -0.00281982     -0.00273438     
-0.00257568     -0.00257568     -0.00251465     -0.00247803     
-0.00249023     -0.00230713     -0.00233154     -0.00252686     
-0.00247803     -0.00239258     -0.00253906     -0.00246582     
-0.00269775     -0.00263672     -0.00272217     -0.00289307     
-0.00288086     -0.0027832     -0.0027832     -0.00289307     
-0.00274658     -0.00266113     -0.00264893     -0.00266113     
-0.00249023     -0.00236816     -0.0022583     -0.00227051     
-0.00214844     -0.00212402     -0.00200195     -0.00198975     
-0.00206299     -0.00197754     -0.00185547     -0.00195313     
-0.00198975     -0.0019165     -0.00202637     -0.00216064     
-0.00228271     -0.00236816     -0.00233154     -0.00250244     
-0.00262451     -0.00256348     -0.00280762     -0.002771     
-0.00291748     -0.0027832     -0.00281982     -0.00289307     
-0.00283203     -0.00281982     -0.00294189     -0.00285645     
-0.00290527     -0.00280762     -0.00290527     -0.00294189     
-0.00301514     -0.00289307     -0.00317383     -0.00314941     
-0.00314941     -0.00319824     -0.00325928     -0.00323486     
-0.0032959     -0.00328369     -0.00318604     -0.00323486     
-0.00321045     -0.00316162     -0.00317383     -0.00311279     
-0.00300293     -0.00303955     -0.00303955     -0.00308838     
-0.00296631     -0.00288086     -0.00300293     -0.00314941     
-0.00305176     -0.00301514     -0.00308838     -0.00324707     
-0.00332031     -0.00334473     -0.00317383     -0.00325928     
-0.00318604     -0.00316162     -0.00323486     -0.00322266     
-0.00323486     -0.00314941     -0.00319824     -0.00319824     
-0.003125     -0.003125     -0.00313721     -0.00318604     
-0.00316162     -0.00301514     -0.00307617     -0.00308838     
-0.00291748     -0.00294189     -0.0029541     -0.00288086     
-0.00296631     -0.00280762     -0.00288086     -0.00297852     
-0.00303955     -0.00310059     -0.00318604     -0.0032959     
-0.00332031     -0.00319824     -0.00327148     -0.00336914     
-0.00330811     -0.0032959     -0.00321045     -0.00321045     
-0.00314941     -0.00306396     -0.00297852     -0.00302734     
-0.00290527     -0.00285645     -0.0027832     -0.00280762     
-0.00273438     -0.00264893     -0.00257568     -0.00255127     
-0.00251465     -0.00246582     -0.00234375     -0.00249023     
-0.00241699     -0.00244141     -0.00245361     -0.00245361     
-0.0026001     -0.00255127     -0.00252686     -0.00272217     
-0.002771     -0.00279541     -0.00284424     -0.00279541     
-0.00299072     -0.00290527     -0.00288086     -0.00292969     
-0.00299072     -0.00289307     -0.00297852     -0.0029541     
-0.00290527     -0.00288086     -0.00286865     -0.00280762     
-0.00280762     -0.0027832     -0.00264893     -0.00275879     
-0.00266113     -0.00272217     -0.00270996     -0.00272217     
-0.002771     -0.00270996     -0.00274658     -0.00274658     
-0.00263672     -0.00269775     -0.00281982     -0.00285645     
-0.002771     -0.00269775     -0.00280762     -0.00284424     
-0.00291748     -0.00288086     -0.00297852     -0.00319824     
-0.00308838     -0.003125     -0.00317383     -0.00319824     
-0.00334473     -0.00307617     -0.00321045     -0.00325928     
-0.00318604     -0.00299072     -0.00306396     -0.00306396     
-0.00311279     -0.00297852     -0.00305176     -0.00302734     
-0.00310059     -0.00294189     -0.00290527     -0.00289307     
-0.0027832     -0.00268555     -0.0026123     -0.0026001     
-0.00255127     -0.00246582     -0.00241699     -0.00245361     
-0.00246582     -0.00245361     -0.00241699     -0.00257568     
-0.0026001     -0.00264893     -0.00262451     -0.00274658     
-0.00281982     -0.00289307     -0.00281982     -0.00302734     
-0.00311279     -0.00310059     -0.00308838     -0.00308838     
-0.00307617     -0.00305176     -0.003125     -0.00308838     
-0.00305176     -0.00300293     -0.00288086     -0.00296631     
-0.00289307     -0.00272217     -0.00284424     -0.00267334     
-0.00268555     -0.00263672     -0.00267334     -0.00258789     
-0.00267334     -0.00273438     -0.00286865     -0.00280762     
-0.00303955     -0.00285645     -0.00290527     -0.00307617     
-0.003125     -0.00294189     -0.00306396     -0.00323486     
-0.00321045     -0.00311279     -0.00319824     -0.00330811     
-0.00335693     -0.00327148     -0.00338135     -0.00344238     
-0.00352783     -0.00345459     -0.00344238     -0.00358887     
-0.00366211     -0.00368652     -0.0036499     -0.00377197     
-0.00380859     -0.00377197     -0.00373535     -0.00371094     
-0.00372314     -0.00358887     -0.00350342     -0.00340576     
-0.00341797     -0.00327148     -0.00297852     -0.00294189     
-0.00279541     -0.0027832     -0.00264893     -0.00263672     
-0.00258789     -0.0024292     -0.0024292     -0.00249023     
-0.00245361     -0.0024292     -0.00252686     -0.00256348     
-0.00266113     -0.00257568     -0.00258789     -0.00258789     
-0.00267334     -0.00257568     -0.00269775     -0.00264893     
-0.00283203     -0.00270996     -0.00266113     -0.00269775     
-0.00262451     -0.00257568     -0.0026123     -0.00255127     
-0.00249023     -0.00235596     -0.00235596     -0.00233154     
-0.00222168     -0.00218506     -0.0022583     -0.00236816     
-0.00239258     -0.00229492     -0.00238037     -0.00256348     
-0.0026123     -0.00266113     -0.002771     -0.00302734     
-0.00303955     -0.00296631     -0.00297852     -0.00300293     
-0.00296631     -0.00291748     -0.0027832     -0.00281982     
-0.00269775     -0.00246582     -0.00239258     -0.00233154     
-0.00228271     -0.00224609     -0.00216064     -0.00217285     
-0.00216064     -0.00214844     -0.00216064     -0.00219727     
-0.00223389     -0.00228271     -0.00239258     -0.00247803     
-0.00270996     -0.00257568     -0.00288086     -0.00291748     
-0.0029541     -0.00307617     -0.00316162     -0.00321045     
-0.00324707     -0.0032959     -0.00328369     -0.00334473     
-0.00335693     -0.00328369     -0.00333252     -0.00335693     
-0.00328369     -0.0032959     -0.00327148     -0.00332031     
-0.00318604     -0.00319824     -0.00318604     -0.00316162     
-0.00301514     -0.00283203     -0.00285645     -0.00266113     
-0.00255127     -0.00241699     -0.00236816     -0.00239258     
-0.00216064     -0.00214844     -0.00218506     -0.00213623     
-0.00230713     -0.00219727     -0.00244141     -0.00255127     
-0.00266113     -0.00263672     -0.00268555     -0.00279541     
-0.00291748     -0.00280762     -0.00279541     -0.00280762     
-0.00283203     -0.00270996     -0.0026123     -0.00253906     
-0.00270996     -0.00253906     -0.00257568     -0.00258789     
-0.00262451     -0.00263672     -0.00274658     -0.0027832     
-0.00286865     -0.00286865     -0.00292969     -0.00299072     
-0.00306396     -0.00311279     -0.00300293     -0.00305176     
-0.00292969     -0.00301514     -0.00290527     -0.00297852     
-0.00284424     -0.00273438     -0.00270996     -0.002771     
-0.00273438     -0.00272217     -0.00272217     -0.00274658     
-0.00280762     -0.00285645     -0.00275879     -0.00284424     
-0.00290527     -0.00284424     -0.00296631     -0.00303955     
-0.00316162     -0.00311279     -0.00324707     -0.00332031     
-0.00343018     -0.00345459     -0.00355225     -0.00373535     
-0.00375977     -0.00356445     -0.00366211     -0.00380859     
-0.00372314     -0.00354004     -0.00374756     -0.00366211     
-0.0036377     -0.00344238     -0.00340576     -0.0032959     
-0.00325928     -0.00311279     -0.00300293     -0.0029541     
-0.0029541     -0.0027832     -0.0027832     -0.00281982     
-0.00284424     -0.00288086     -0.00291748     -0.00302734     
-0.00308838     -0.00308838     -0.00318604     -0.00325928     
-0.00327148     -0.00334473     -0.00336914     -0.00334473     
-0.00345459     -0.00332031     -0.00332031     -0.00345459     
-0.00332031     -0.00335693     -0.00325928     -0.00323486     
-0.00332031     -0.00308838     -0.00314941     -0.00323486     
-0.00314941     -0.00311279     -0.00317383     -0.00324707     
-0.00338135     -0.00325928     -0.00328369     -0.0032959     
-0.00324707     -0.00314941     -0.00306396     -0.0029541     
-0.00303955     -0.00275879     -0.002771     -0.002771     
-0.00270996     -0.00268555     -0.00280762     -0.00286865     
-0.00285645     -0.00279541     -0.00288086     -0.00289307     
-0.00281982     -0.00280762     -0.00270996     -0.00268555     
-0.00252686     -0.00245361     -0.00238037     -0.00239258     
-0.00230713     -0.00236816     -0.00236816     -0.00246582     
-0.00258789     -0.00255127     -0.00258789     -0.002771     
-0.00269775     -0.00273438     -0.00274658     -0.00285645     
-0.00289307     -0.00268555     -0.002771     -0.002771     
-0.00274658     -0.00269775     -0.00275879     -0.00279541     
-0.00279541     -0.00279541     -0.0027832     -0.002771     
-0.00291748     -0.00273438     -0.00288086     -0.00297852     
-0.00289307     -0.00269775     -0.00284424     -0.00279541     
-0.00266113     -0.00267334     -0.00255127     -0.00256348     
-0.00249023     -0.00235596     -0.00234375     -0.00238037     
-0.00229492     -0.00234375     -0.00234375     -0.00250244     
-0.00252686     -0.00252686     -0.0026123     -0.00275879     
-0.002771     -0.00289307     -0.00300293     -0.00308838     
-0.00301514     -0.00313721     -0.00321045     -0.00325928     
-0.00327148     -0.00324707     -0.00327148     -0.00335693     
-0.00343018     -0.00339355     -0.00325928     -0.00344238     
-0.00336914     -0.00316162     -0.00325928     -0.00318604     
-0.00314941     -0.00297852     -0.00292969     -0.00292969     
-0.00281982     -0.00270996     -0.00270996     -0.00264893     
-0.00247803     -0.00252686     -0.00240479     -0.00231934     
-0.00245361     -0.00228271     -0.00228271     -0.00241699     
-0.00227051     -0.00229492     -0.00227051     -0.00238037     
-0.00239258     -0.00234375     -0.00241699     -0.00256348     
-0.00255127     -0.00251465     -0.00252686     -0.00269775     
-0.00272217     -0.00273438     -0.002771     -0.0029541     
-0.00297852     -0.00300293     -0.00305176     -0.00310059     
-0.00313721     -0.00314941     -0.00316162     -0.00332031     
-0.00316162     -0.00303955     -0.00303955     -0.00308838     
-0.00299072     -0.00284424     -0.0029541     -0.00290527     
-0.00288086     -0.00279541     -0.00279541     -0.00297852     
-0.0029541     -0.00291748     -0.00300293     -0.00300293     
-0.00314941     -0.00292969     -0.00292969     -0.00292969     
-0.00297852     -0.00272217     -0.00286865     -0.00283203     
-0.0027832     -0.00268555     -0.00266113     -0.00268555     
-0.00257568     -0.00250244     -0.00249023     -0.00249023     
-0.00245361     -0.00236816     -0.00227051     -0.00229492     
-0.00224609     -0.00222168     -0.00214844     -0.00227051     
-0.00219727     -0.00220947     -0.00220947     -0.00240479     
-0.00227051     -0.00233154     -0.00240479     -0.00236816     
-0.0024292     -0.00236816     -0.00231934     -0.00240479     
-0.00234375     -0.00231934     -0.00230713     -0.00233154     
-0.00245361     -0.00227051     -0.00234375     -0.00238037     
-0.0024292     -0.00249023     -0.00266113     -0.00275879     
-0.002771     -0.002771     -0.00290527     -0.00285645     
-0.00286865     -0.00286865     -0.00288086     -0.00284424     
-0.00296631     -0.00273438     -0.00268555     -0.0027832     
-0.00253906     -0.00239258     -0.00236816     -0.0024292     
-0.00228271     -0.00214844     -0.00202637     -0.00218506     
-0.00202637     -0.00209961     -0.00212402     -0.0022583     
-0.00228271     -0.00236816     -0.00235596     -0.00264893     
-0.00281982     -0.00296631     -0.0029541     -0.00322266     
-0.00334473     -0.00330811     -0.00335693     -0.00350342     
-0.00345459     -0.00343018     -0.00335693     -0.00332031     
-0.00334473     -0.003125     -0.00311279     -0.0029541     
-0.0029541     -0.00284424     -0.00280762     -0.0027832     
-0.002771     -0.0026001     -0.00269775     -0.00251465     
-0.00258789     -0.00250244     -0.00251465     -0.00253906     
-0.00251465     -0.00233154     -0.00229492     -0.00222168     
-0.00217285     -0.00209961     -0.00195313     -0.00198975     
-0.0019043     -0.00179443     -0.0017334     -0.00170898     
-0.00174561     -0.00179443     -0.00181885     -0.00200195     
-0.0020752     -0.00213623     -0.00217285     -0.00231934     
-0.00240479     -0.00235596     -0.00246582     -0.00266113     
-0.00258789     -0.00253906     -0.00258789     -0.00264893     
-0.00266113     -0.00257568     -0.0026001     -0.00269775     
-0.00255127     -0.00244141     -0.00245361     -0.00241699     
-0.00252686     -0.00241699     -0.0026123     -0.00273438     
-0.00280762     -0.00290527     -0.00297852     -0.00305176     
-0.00324707     -0.00318604     -0.0032959     -0.00328369     
-0.00330811     -0.00321045     -0.00301514     -0.00284424     
-0.00285645     -0.00255127     -0.00256348     -0.00247803     
-0.00244141     -0.00228271     -0.00230713     -0.00230713     
-0.00233154     -0.00227051     -0.00234375     -0.00250244     
-0.00244141     -0.00240479     -0.00240479     -0.00252686     
-0.00245361     -0.00247803     -0.00244141     -0.00256348     
-0.0026123     -0.00246582     -0.00249023     -0.00253906     
-0.00253906     -0.00238037     -0.00239258     -0.00253906     
-0.00250244     -0.00246582     -0.00223389     -0.00247803     
-0.00256348     -0.00247803     -0.00266113     -0.00272217     
-0.00289307     -0.00280762     -0.00307617     -0.00325928     
-0.00328369     -0.00338135     -0.003479     -0.0034668     
-0.00360107     -0.00351563     -0.00351563     -0.00349121     
-0.00349121     -0.00338135     -0.00351563     -0.00343018     
-0.00335693     -0.00330811     -0.00336914     -0.00333252     
-0.00323486     -0.00330811     -0.00336914     -0.00330811     
-0.00335693     -0.00332031     -0.00336914     -0.00339355     
-0.00340576     -0.00351563     -0.00350342     -0.00344238     
-0.0034668     -0.00336914     -0.00340576     -0.00338135     
-0.0032959     -0.00310059     -0.00300293     -0.0029541     
-0.00290527     -0.00273438     -0.0026001     -0.00266113     
-0.00250244     -0.00246582     -0.00240479     -0.00241699     
-0.00247803     -0.00229492     -0.00247803     -0.00255127     
-0.00252686     -0.00257568     -0.0026001     -0.00272217     
-0.002771     -0.00257568     -0.00263672     -0.00258789     
-0.00262451     -0.00256348     -0.00263672     -0.00249023     
-0.00257568     -0.00244141     -0.00234375     -0.00240479     
-0.00250244     -0.00245361     -0.00258789     -0.002771     
-0.00279541     -0.00280762     -0.00288086     -0.00299072     
-0.00300293     -0.00300293     -0.00301514     -0.00305176     
-0.00297852     -0.0029541     -0.0027832     -0.00273438     
-0.00280762     -0.00269775     -0.00255127     -0.00258789     
-0.00251465     -0.00247803     -0.00246582     -0.00244141     
-0.00241699     -0.00250244     -0.00240479     -0.00255127     
-0.00249023     -0.00247803     -0.00253906     -0.0024292     
-0.00246582     -0.00250244     -0.00245361     -0.00245361     
-0.0024292     -0.00244141     -0.0024292     -0.00241699     
-0.00256348     -0.00251465     -0.00255127     -0.00266113     
-0.00273438     -0.00266113     -0.00272217     -0.00280762     
-0.00270996     -0.00264893     -0.00285645     -0.00280762     
-0.00279541     -0.00269775     -0.00269775     -0.00274658     
-0.00267334     -0.00272217     -0.00268555     -0.00274658     
-0.00272217     -0.00275879     -0.0027832     -0.00275879     
-0.0027832     -0.00279541     -0.00286865     -0.00285645     
-0.00289307     -0.00281982     -0.0027832     -0.002771     
-0.00273438     -0.0027832     -0.00267334     -0.00274658     
-0.0026001     -0.0026001     -0.00255127     -0.00251465     
-0.00253906     -0.00230713     -0.00231934     -0.00234375     
-0.00222168     -0.00220947     -0.00213623     -0.00205078     
-0.00211182     -0.00202637     -0.00202637     -0.00198975     
-0.00202637     -0.00195313     -0.00202637     -0.00205078     
-0.00219727     -0.00212402     -0.00216064     -0.00230713     
-0.00234375     -0.0024292     -0.00244141     -0.00246582     
-0.00245361     -0.00247803     -0.0026123     -0.00263672     
-0.00264893     -0.0026123     -0.0026123     -0.002771     
-0.0026001     -0.00262451     -0.00267334     -0.00264893     
-0.00264893     -0.00256348     -0.00258789     -0.00267334     
-0.00255127     -0.00247803     -0.0026001     -0.00266113     
-0.00263672     -0.00263672     -0.00267334     -0.00264893     
-0.00257568     -0.00256348     -0.00270996     -0.00263672     
-0.00275879     -0.00258789     -0.00258789     -0.00266113     
-0.00269775     -0.00274658     -0.00274658     -0.00283203     
-0.00299072     -0.00291748     -0.00296631     -0.00307617     
-0.00318604     -0.00299072     -0.00310059     -0.00318604     
-0.00302734     -0.00303955     -0.00297852     -0.00296631     
-0.00292969     -0.00288086     -0.00289307     -0.00285645     
-0.00284424     -0.002771     -0.00273438     -0.0027832     
-0.00272217     -0.00279541     -0.00274658     -0.00285645     
-0.00275879     -0.00272217     -0.00274658     -0.00275879     
-0.00264893     -0.00256348     -0.00262451     -0.00249023     
-0.00246582     -0.00235596     -0.00234375     -0.00245361     
-0.00233154     -0.00229492     -0.00246582     -0.00247803     
-0.00262451     -0.00252686     -0.00256348     -0.00268555     
-0.00269775     -0.00269775     -0.00264893     -0.00275879     
-0.00285645     -0.00263672     -0.00274658     -0.00280762     
-0.00272217     -0.002771     -0.00285645     -0.002771     
-0.00288086     -0.00286865     -0.00272217     -0.00269775     
-0.00281982     -0.00273438     -0.00270996     -0.00272217     
-0.00270996     -0.00251465     -0.00250244     -0.0026123     
-0.00253906     -0.00241699     -0.00236816     -0.0024292     
-0.00229492     -0.00224609     -0.00216064     -0.00219727     
-0.00217285     -0.00212402     -0.00206299     -0.00206299     
-0.00212402     -0.00205078     -0.00203857     -0.00218506     
-0.00213623     -0.00224609     -0.00230713     -0.00247803     
-0.00244141     -0.00238037     -0.00255127     -0.0026123     
-0.00253906     -0.00236816     -0.0024292     -0.00238037     
-0.00222168     -0.00209961     -0.00214844     -0.00196533     
-0.00197754     -0.00179443     -0.0019165     -0.00196533     
-0.00203857     -0.00194092     -0.00220947     -0.00230713     
-0.00231934     -0.00245361     -0.00257568     -0.002771     
-0.00280762     -0.00284424     -0.00286865     -0.00303955     
-0.00306396     -0.00307617     -0.00302734     -0.00310059     
-0.00305176     -0.00301514     -0.00301514     -0.00301514     
-0.00288086     -0.00281982     -0.00280762     -0.0027832     
-0.00279541     -0.00264893     -0.00268555     -0.00263672     
-0.00256348     -0.0026123     -0.00269775     -0.00284424     
-0.002771     -0.002771     -0.0027832     -0.00291748     
-0.00301514     -0.00292969     -0.00313721     -0.00319824     
-0.00328369     -0.00321045     -0.00327148     -0.00318604     
-0.00325928     -0.003125     -0.00323486     -0.00321045     
-0.00316162     -0.00314941     -0.003125     -0.00316162     
-0.00316162     -0.003125     -0.00314941     -0.00314941     
-0.00310059     -0.00297852     -0.00306396     -0.00300293     
-0.00291748     -0.00294189     -0.00289307     -0.00303955     
-0.00283203     -0.00284424     -0.00285645     -0.00289307     
-0.00283203     -0.00281982     -0.002771     -0.00289307     
-0.00294189     -0.00283203     -0.002771     -0.00275879     
-0.00285645     -0.002771     -0.00274658     -0.00284424     
-0.002771     -0.00292969     -0.00281982     -0.0029541     
-0.00303955     -0.00302734     -0.00314941     -0.00313721     
-0.00325928     -0.00330811     -0.00332031     -0.00339355     
-0.00345459     -0.00336914     -0.0034668     -0.00345459     
-0.00360107     -0.00352783     -0.00341797     -0.00357666     
-0.00355225     -0.00344238     -0.0036377     -0.00356445     
-0.0036499     -0.0036377     -0.00366211     -0.00360107     
-0.00369873     -0.00368652     -0.00368652     -0.00378418     
-0.00371094     -0.00362549     -0.0036377     -0.00368652     
-0.00352783     -0.00344238     -0.00336914     -0.00338135     
-0.00328369     -0.00316162     -0.003125     -0.00306396     
-0.003125     -0.00301514     -0.00291748     -0.00305176     
-0.00302734     -0.00288086     -0.00289307     -0.0029541     
-0.00279541     -0.002771     -0.00264893     -0.00268555     
-0.00275879     -0.00252686     -0.00266113     -0.00275879     
-0.002771     -0.00274658     -0.00280762     -0.0029541     
-0.0029541     -0.00280762     -0.00288086     -0.0029541     
-0.00297852     -0.00290527     -0.00297852     -0.00292969     
-0.00302734     -0.00288086     -0.00296631     -0.00291748     
-0.00289307     -0.00283203     -0.00286865     -0.00292969     
-0.00279541     -0.00275879     -0.00262451     -0.00262451     
-0.00258789     -0.00253906     -0.0024292     -0.00247803     
-0.00236816     -0.00228271     -0.00228271     -0.00236816     
-0.00228271     -0.00231934     -0.00224609     -0.00228271     
-0.00228271     -0.00217285     -0.00229492     -0.00231934     
-0.00223389     -0.00227051     -0.00227051     -0.00238037     
-0.00235596     -0.00224609     -0.00240479     -0.00230713     
-0.00238037     -0.00230713     -0.00245361     -0.00247803     
-0.00239258     -0.00229492     -0.00241699     -0.00230713     
-0.00234375     -0.0022583     -0.00228271     -0.00241699     
-0.00238037     -0.00230713     -0.00252686     -0.00253906     
-0.00262451     -0.00279541     -0.00284424     -0.00301514     
-0.00317383     -0.00311279     -0.00307617     -0.00313721     
-0.00314941     -0.00310059     -0.00311279     -0.00307617     
-0.00297852     -0.00285645     -0.00280762     -0.00270996     
-0.00258789     -0.00249023     -0.00245361     -0.00239258     
-0.00234375     -0.00227051     -0.00220947     -0.00219727     
-0.0022583     -0.00224609     -0.00230713     -0.0024292     
-0.0024292     -0.00241699     -0.00255127     -0.00263672     
-0.00273438     -0.00263672     -0.00285645     -0.00303955     
-0.00307617     -0.00311279     -0.00314941     -0.003125     
-0.00316162     -0.00311279     -0.00311279     -0.00314941     
-0.00299072     -0.00292969     -0.00291748     -0.00285645     
-0.00289307     -0.002771     -0.00273438     -0.002771     
-0.00266113     -0.00251465     -0.00255127     -0.00255127     
-0.00252686     -0.00250244     -0.00251465     -0.00267334     
-0.0026001     -0.00263672     -0.00263672     -0.0027832     
-0.00284424     -0.00284424     -0.00285645     -0.00294189     
-0.00301514     -0.00299072     -0.00284424     -0.00305176     
-0.00300293     -0.00302734     -0.00306396     -0.003125     
-0.00308838     -0.00317383     -0.00310059     -0.00310059     
-0.00321045     -0.00318604     -0.00328369     -0.00332031     
-0.00351563     -0.00349121     -0.003479     -0.00361328     
-0.00356445     -0.00362549     -0.00368652     -0.00361328     
-0.0036499     -0.0036499     -0.00360107     -0.00357666     
-0.00352783     -0.00335693     -0.0034668     -0.00345459     
-0.00339355     -0.00339355     -0.00328369     -0.00336914     
-0.00341797     -0.00335693     -0.00335693     -0.00336914     
-0.00330811     -0.00328369     -0.00318604     -0.00325928     
-0.00318604     -0.00310059     -0.00310059     -0.00319824     
-0.00301514     -0.00294189     -0.00301514     -0.00305176     
-0.00296631     -0.00289307     -0.00301514     -0.00297852     
-0.00296631     -0.00284424     -0.00286865     -0.00294189     
-0.00280762     -0.00284424     -0.00283203     -0.002771     
-0.00289307     -0.00268555     -0.00274658     -0.00275879     
-0.00268555     -0.002771     -0.0027832     -0.00279541     
-0.00292969     -0.00268555     -0.00275879     -0.00274658     
-0.00272217     -0.00273438     -0.00263672     -0.00256348     
-0.00272217     -0.00252686     -0.00251465     -0.00252686     
-0.00255127     -0.00247803     -0.00247803     -0.00257568     
-0.0026123     -0.00245361     -0.00251465     -0.00257568     
-0.00253906     -0.0024292     -0.00246582     -0.00255127     
-0.0026001     -0.00253906     -0.00251465     -0.0026001     
-0.00273438     -0.00268555     -0.00273438     -0.00273438     
-0.002771     -0.00263672     -0.00270996     -0.00272217     
-0.00262451     -0.0026123     -0.00257568     -0.00274658     
-0.00272217     -0.00257568     -0.0027832     -0.00266113     
-0.00272217     -0.00258789     -0.00263672     -0.00264893     
-0.0026001     -0.00249023     -0.00252686     -0.00246582     
-0.0024292     -0.00230713     -0.00223389     -0.00239258     
-0.00230713     -0.00216064     -0.00223389     -0.00224609     
-0.00222168     -0.00228271     -0.00227051     -0.00235596     
-0.00229492     -0.00229492     -0.00216064     -0.00231934     
-0.00228271     -0.00227051     -0.00231934     -0.00230713     
-0.00239258     -0.00230713     -0.00227051     -0.00239258     
-0.00233154     -0.00247803     -0.00246582     -0.00239258     
-0.00236816     -0.00236816     -0.00240479     -0.00240479     
-0.00238037     -0.00234375     -0.00234375     -0.00240479     
-0.00230713     -0.00238037     -0.00233154     -0.00235596     
-0.00245361     -0.00238037     -0.00252686     -0.00251465     
-0.00262451     -0.00264893     -0.00273438     -0.00279541     
-0.00288086     -0.00273438     -0.00290527     -0.00285645     

