Source : transient; Time : Wed Jun 14 08:12:41 2017
B0 = 3608.000000 Gauss, mw = 9.686281 GHz
 NDI-T2 sa261 20/2 42/25 523nm/1mJ
1 5000 -1.001e-06 8.997e-06 0 0
s                        V                                                 
0.00012207     0.000195313     8.54492e-05     0.000170898     
3.66211e-05     6.10352e-05     9.76563e-05     8.54492e-05     
3.66211e-05     1.2207e-05     -4.88281e-05     -4.88281e-05     
-0.000158691     -0.000354004     -0.000341797     -0.000415039     
-0.000500488     -0.000732422     -0.00065918     -0.00078125     
-0.000793457     -0.000866699     -0.000830078     -0.000708008     
-0.000744629     -0.000708008     -0.000744629     -0.000610352     
-0.000561523     -0.000585938     -0.000415039     -0.000280762     
-0.000354004     -0.00032959     -0.000219727     -0.000109863     
-0.000134277     1.2207e-05     -7.32422e-05     -3.66211e-05     
1.2207e-05     -0.000109863     -0.00020752     -0.000109863     
-0.000268555     -0.000366211     -0.000402832     -0.000415039     
-0.000524902     -0.000439453     -0.000463867     -0.000366211     
-0.00045166     -0.000390625     -0.00032959     -0.000292969     
-0.000158691     -0.000219727     -0.000244141     -0.000146484     
-0.000195313     -0.000183105     -0.000134277     -7.32422e-05     
-9.76563e-05     -8.54492e-05     -0.000170898     0     
6.10352e-05     -0.000146484     9.76563e-05     0.000170898     
3.66211e-05     0.000109863     0.000134277     0.000219727     
0.000170898     0.000183105     8.54492e-05     0.00012207     
-1.2207e-05     -2.44141e-05     0     -3.66211e-05     
-9.76563e-05     -0.000146484     -0.000231934     -0.000134277     
-0.000317383     -0.000244141     -0.000354004     -0.000354004     
-0.000378418     -0.000219727     -0.000390625     -0.00032959     
-0.000341797     -0.000341797     -0.000256348     -0.000134277     
-0.00020752     -4.88281e-05     -0.000109863     0     
0     0     0     2.44141e-05     
-3.66211e-05     -4.88281e-05     -0.000195313     -3.66211e-05     
-0.00020752     -0.00020752     -0.000158691     -3.66211e-05     
-0.000158691     -0.000231934     0     3.66211e-05     
8.54492e-05     2.44141e-05     3.66211e-05     0.000256348     
9.76563e-05     0.000170898     0.000195313     0.000231934     
0.000183105     0.000158691     2.44141e-05     0.000231934     
0.000219727     1.2207e-05     0.000134277     0.000305176     
0.00020752     0.000134277     0.000134277     0.000305176     
0.000231934     0.000280762     0.00032959     0.000500488     
0.000415039     0.000378418     0.000366211     0.000463867     
0.000292969     0.000305176     0.000219727     0.000292969     
0.00012207     -3.66211e-05     -0.000219727     -0.000158691     
-0.000244141     -0.000341797     -0.00045166     -0.000244141     
-0.000439453     -0.000354004     -0.000415039     -0.00032959     
-0.000354004     -0.00045166     -0.000415039     -0.00032959     
-0.000280762     -0.000415039     -0.000366211     -0.00032959     
-0.00032959     -0.00032959     -0.000231934     -0.000146484     
-0.000231934     -9.76563e-05     0     4.88281e-05     
0     0.000134277     0.000231934     0.000256348     
0.000231934     0.000280762     0.000366211     0.000378418     
0.000292969     0.000402832     0.000439453     0.000415039     
0.000439453     0.000488281     0.000561523     0.000598145     
0.000622559     0.000610352     0.000549316     0.000634766     
0.000598145     0.00065918     0.00057373     0.00057373     
0.000524902     0.000537109     0.000549316     0.000585938     
0.00057373     0.000634766     0.000561523     0.000585938     
0.000549316     0.000537109     0.000671387     0.00078125     
0.000634766     0.000561523     0.000708008     0.000683594     
0.000561523     0.000561523     0.000622559     0.000720215     
0.00057373     0.000512695     0.000463867     0.000512695     
0.00045166     0.000415039     0.000415039     0.000378418     
0.000244141     0.000134277     8.54492e-05     9.76563e-05     
-9.76563e-05     -8.54492e-05     -0.000183105     -7.32422e-05     
-0.000195313     -0.000183105     -0.000183105     -9.76563e-05     
-0.000109863     -7.32422e-05     0     0.000170898     
2.44141e-05     8.54492e-05     0.000109863     0.00020752     
4.88281e-05     0.000134277     0.000183105     0.000256348     
0.00020752     0.000158691     0.00020752     0.000280762     
0.000219727     0.000183105     0.000170898     0.000219727     
0.000109863     0.000146484     0.000109863     0.000244141     
0.000183105     -2.44141e-05     9.76563e-05     6.10352e-05     
0     -3.66211e-05     -0.000183105     -7.32422e-05     
-0.00020752     -0.000378418     -0.000341797     -0.000292969     
-0.000402832     -0.000427246     -0.000378418     -0.000463867     
-0.000427246     -0.000402832     -0.000427246     -0.00032959     
-0.000402832     -0.000354004     -0.000341797     -0.000231934     
-0.000231934     -0.000146484     -0.000134277     -0.000134277     
-9.76563e-05     -0.000158691     -0.000195313     -0.00012207     
-0.000341797     -0.000280762     -0.00045166     -0.000366211     
-0.000585938     -0.000610352     -0.000622559     -0.000671387     
-0.000732422     -0.000732422     -0.000769043     -0.000549316     
-0.000610352     -0.00065918     -0.000549316     -0.000512695     
-0.000524902     -0.000415039     -0.00032959     -0.000402832     
-0.000268555     -0.00032959     -0.000292969     -0.000244141     
-0.000402832     -0.00032959     -0.00032959     -0.000317383     
-0.000366211     -0.000427246     -0.000476074     -0.000354004     
-0.000366211     -0.000427246     -0.000341797     -0.000268555     
-0.000268555     -0.000256348     -0.00020752     -1.2207e-05     
-0.000134277     -9.76563e-05     -3.66211e-05     1.2207e-05     
0.000109863     7.32422e-05     4.88281e-05     4.88281e-05     
1.2207e-05     -7.32422e-05     -4.88281e-05     -1.2207e-05     
-0.000146484     -4.88281e-05     -0.00012207     -6.10352e-05     
-8.54492e-05     -0.00012207     -7.32422e-05     1.2207e-05     
-7.32422e-05     -0.000134277     -7.32422e-05     -0.000170898     
-0.000195313     -0.000256348     -0.000268555     -0.000390625     
-0.000268555     -0.000476074     -0.000378418     -0.000402832     
-0.000366211     -0.000354004     -0.000390625     -0.000244141     
-0.000244141     -0.000183105     -0.000231934     -0.000183105     
-0.000146484     -0.000219727     -0.00020752     -0.000170898     
-0.000244141     -0.000292969     -0.000415039     -0.000305176     
-0.000463867     -0.000427246     -0.000427246     -0.000378418     
-0.000512695     -0.000390625     -0.00045166     -0.000341797     
-0.000256348     -0.000219727     -0.000183105     -4.88281e-05     
-7.32422e-05     0     0     9.76563e-05     
-7.32422e-05     0     3.66211e-05     1.2207e-05     
-0.000158691     -4.88281e-05     -4.88281e-05     -8.54492e-05     
-7.32422e-05     -3.66211e-05     -9.76563e-05     8.54492e-05     
6.10352e-05     3.66211e-05     0.000146484     -4.88281e-05     
-1.2207e-05     -0.000146484     -0.000158691     -0.00020752     
-0.000244141     -0.000427246     -0.00045166     -0.000390625     
-0.000524902     -0.00057373     -0.000500488     -0.000390625     
-0.000439453     -0.000512695     -0.00032959     -0.000231934     
-0.00032959     -0.000256348     -0.000219727     0     
0     -2.44141e-05     1.2207e-05     0.000109863     
0.000183105     7.32422e-05     0.000195313     0.00032959     
0.000170898     0.000183105     0.000280762     0.00032959     
8.54492e-05     0.000134277     7.32422e-05     0.000170898     
0.000109863     0     -0.000109863     -3.66211e-05     
-0.00020752     -0.000268555     -0.000292969     -0.000292969     
-0.000427246     -0.000488281     -0.000463867     -0.000549316     
-0.000488281     -0.000634766     -0.00045166     -0.000476074     
-0.000427246     -0.000317383     -0.000305176     -0.000244141     
-0.000280762     -0.000183105     -0.000158691     -2.44141e-05     
-9.76563e-05     -6.10352e-05     6.10352e-05     3.66211e-05     
8.54492e-05     1.2207e-05     2.44141e-05     0.000195313     
0.00012207     0.000231934     0.000170898     0.000183105     
7.32422e-05     0.000183105     0.000268555     0.000244141     
0.00020752     0.000292969     0.00020752     0.000354004     
0.000170898     0.000219727     0.000195313     0.000183105     
0.000109863     -2.44141e-05     -1.2207e-05     -3.66211e-05     
-9.76563e-05     -0.000109863     -0.000158691     -6.10352e-05     
-0.000170898     -0.000146484     -7.32422e-05     1.2207e-05     
-8.54492e-05     0     8.54492e-05     9.76563e-05     
0.000109863     8.54492e-05     6.10352e-05     0.000231934     
0.000231934     0.00020752     0.00032959     0.000439453     
0.000305176     0.000366211     0.000402832     0.000512695     
0.000402832     0.000366211     0.000476074     0.000500488     
0.000415039     0.000390625     0.000439453     0.000524902     
0.000476074     0.000390625     0.000488281     0.000610352     
0.000512695     0.000500488     0.000341797     0.000463867     
0.000378418     0.00032959     0.000256348     0.000402832     
0.000256348     0.00020752     0.000244141     0.000317383     
0.000439453     0.000463867     0.00065918     0.000976563     
0.00111084     0.00142822     0.00174561     0.00205078     
0.00239258     0.00283203     0.00308838     0.00341797     
0.00389404     0.00401611     0.00439453     0.00462646     
0.00498047     0.0052124     0.00548096     0.005896     
0.00612793     0.00634766     0.00671387     0.00710449     
0.00732422     0.00756836     0.00800781     0.00823975     
0.0085083     0.0088501     0.00905762     0.00944824     
0.00969238     0.00999756     0.0103638     0.0106445     
0.0109009     0.0113159     0.0116211     0.0120239     
0.0123413     0.0126953     0.0130249     0.0134033     
0.0135986     0.0140137     0.0141846     0.0145386     
0.0147339     0.0149658     0.0153076     0.0154663     
0.0155762     0.0158081     0.015979     0.0161743     
0.0162109     0.0163086     0.0166504     0.0168945     
0.0170044     0.0171509     0.0175171     0.0175659     
0.0178589     0.017981     0.0182861     0.018457     
0.0186523     0.0188599     0.0190674     0.019397     
0.019519     0.0197754     0.0199951     0.0203491     
0.0204224     0.0205811     0.020874     0.0211426     
0.0211914     0.0213745     0.0215942     0.0218994     
0.0218994     0.0219727     0.022168     0.0224121     
0.0224487     0.022583     0.0227661     0.0230591     
0.0230835     0.0232422     0.0233643     0.0237671     
0.0237915     0.023877     0.0240234     0.024292     
0.0244873     0.0245483     0.0246704     0.0248901     
0.0250122     0.0250977     0.0251465     0.0253174     
0.0254395     0.0255493     0.0256226     0.0257446     
0.0259766     0.0259277     0.0261963     0.0263184     
0.0263672     0.0265503     0.0265869     0.0266602     
0.026709     0.02677     0.0268433     0.0269043     
0.0268311     0.0269287     0.027002     0.0270752     
0.0270996     0.0273071     0.0273438     0.0275269     
0.0275391     0.0276733     0.0277466     0.0278809     
0.0277466     0.0278564     0.0279419     0.0279053     
0.0277832     0.0277466     0.0276733     0.0276611     
0.0275024     0.0275879     0.027478     0.0276489     
0.0275879     0.0275879     0.0276733     0.0278442     
0.0278442     0.0279541     0.0279785     0.0281128     
0.028125     0.0281128     0.0282227     0.0283203     
0.0281494     0.0280762     0.028186     0.0280518     
0.0279297     0.0277344     0.0276367     0.0276489     
0.0273926     0.0274292     0.0271851     0.0271729     
0.027124     0.027002     0.0270142     0.0270264     
0.027002     0.0269165     0.027002     0.0270386     
0.0269165     0.0269653     0.0267822     0.0269043     
0.0266479     0.0265259     0.0265747     0.0265625     
0.026416     0.0262817     0.0261841     0.0261475     
0.0259644     0.0258911     0.0258911     0.0259399     
0.025708     0.0256958     0.025647     0.025769     
0.0258057     0.025708     0.0258301     0.0259766     
0.0259888     0.0260376     0.026001     0.0260254     
0.0260376     0.0259277     0.0258667     0.0258911     
0.0258545     0.0255981     0.0255249     0.0254517     
0.0252808     0.0252319     0.0251465     0.0250977     
0.0248779     0.0248291     0.0247314     0.0246094     
0.0244995     0.0243652     0.0242676     0.0241577     
0.0240112     0.0238647     0.0237671     0.0236938     
0.0235474     0.0234375     0.02323     0.0232422     
0.0230957     0.022998     0.0229492     0.0228638     
0.0228027     0.0227173     0.0226074     0.0227173     
0.0225342     0.0226074     0.0224731     0.022522     
0.0224365     0.0222534     0.0223511     0.0222412     
0.0221313     0.0220947     0.0218628     0.0218994     
0.0217529     0.0215698     0.0215088     0.0215088     
0.0212646     0.0210571     0.0210449     0.020813     
0.0206665     0.0203613     0.0201294     0.0200317     
0.0196533     0.0194824     0.0191895     0.0190186     
0.0187378     0.0186279     0.0184326     0.0182373     
0.0180054     0.0178223     0.0177734     0.0177246     
0.0174927     0.0174438     0.0174194     0.0174561     
0.0172852     0.0172974     0.0172729     0.0172852     
0.0171875     0.0170532     0.0169922     0.0168091     
0.016748     0.0165527     0.0163086     0.0163208     
0.0158813     0.0157837     0.0156738     0.0155151     
0.0155762     0.0153442     0.0152954     0.0154053     
0.0153076     0.0153442     0.0152344     0.0152832     
0.0153076     0.0152222     0.0152832     0.0151855     
0.0151733     0.0150391     0.0150269     0.0148804     
0.0147583     0.0147095     0.0144531     0.0144043     
0.0142578     0.0140869     0.0139404     0.0138062     
0.0137085     0.0135132     0.0134277     0.0133301     
0.013269     0.0131592     0.0130249     0.0130127     
0.0129272     0.012793     0.0126343     0.0125366     
0.0123901     0.0122803     0.0121338     0.0120483     
0.0117798     0.0117432     0.0116211     0.0115845     
0.011499     0.0115967     0.0115356     0.0115723     
0.0114868     0.0115234     0.0115356     0.0115234     
0.0113647     0.0113647     0.0112793     0.0113647     
0.0110962     0.0110229     0.0109497     0.0109253     
0.0108765     0.0107422     0.0108154     0.01073     
0.0106689     0.0105835     0.0106201     0.0106567     
0.0105347     0.0105957     0.0105591     0.0106445     
0.0105591     0.0106079     0.0106201     0.0105713     
0.0105225     0.010376     0.010437     0.0103516     
0.0101196     0.0101074     0.0098999     0.00994873     
0.009729     0.00958252     0.00950928     0.0095459     
0.00943604     0.00930176     0.00926514     0.00931396     
0.0092041     0.00910645     0.00915527     0.00931396     
0.00910645     0.00905762     0.00904541     0.00906982     
0.00900879     0.00900879     0.00889893     0.00908203     
0.00894775     0.00876465     0.00877686     0.0088623     
0.00869141     0.00869141     0.00869141     0.00866699     
0.00875244     0.00864258     0.00871582     0.00883789     
0.00870361     0.00880127     0.00882568     0.00895996     
0.00889893     0.00894775     0.00898438     0.009021     
0.00895996     0.00895996     0.00892334     0.00893555     
0.00888672     0.00893555     0.00882568     0.00893555     
0.00883789     0.00887451     0.0088623     0.00894775     
0.00899658     0.009021     0.0090332     0.00910645     
0.00895996     0.00908203     0.009021     0.00906982     
0.00909424     0.00911865     0.00899658     0.00904541     
0.00900879     0.00898438     0.00913086     0.00913086     
0.00911865     0.00917969     0.00916748     0.00925293     
0.00924072     0.00913086     0.00928955     0.00925293     
0.00909424     0.00900879     0.00914307     0.00895996     
0.00899658     0.00882568     0.00888672     0.00891113     
0.0088501     0.0088501     0.0088501     0.00892334     
0.00891113     0.00897217     0.009021     0.0092041     
0.00916748     0.00921631     0.00942383     0.00946045     
0.00933838     0.00953369     0.00947266     0.00970459     
0.00970459     0.00974121     0.00985107     0.0100342     
0.00998535     0.010144     0.0102051     0.0103516     
0.0102661     0.010376     0.0102783     0.010498     
0.0103394     0.0102905     0.010376     0.0104248     
0.0103271     0.0102417     0.0102173     0.0101929     
0.010083     0.010022     0.00992432     0.00993652     
0.00993652     0.00985107     0.00987549     0.00982666     
0.00999756     0.00981445     0.00997314     0.00997314     
0.00983887     0.0100342     0.00993652     0.0100342     
0.00997314     0.00993652     0.00987549     0.00998535     
0.010022     0.0100586     0.0100586     0.0100464     
0.0101074     0.0101807     0.0101563     0.0103516     
0.0103027     0.0104004     0.010437     0.0105347     
0.010498     0.0105225     0.0106689     0.0107056     
0.01073     0.0106689     0.0106567     0.0107422     
0.0105835     0.0106445     0.0105103     0.0105469     
0.0104248     0.0103882     0.0103638     0.0103882     
0.0102783     0.0103149     0.0102783     0.0103882     
0.0103638     0.0104248     0.0105347     0.0106567     
0.0106812     0.0106567     0.0109131     0.0109131     
0.0109741     0.0109253     0.011084     0.0111084     
0.0110718     0.0110962     0.0111816     0.0111938     
0.0111328     0.0110229     0.0110107     0.0109497     
0.0107666     0.0106201     0.0106689     0.0106323     
0.0104858     0.0104492     0.0104248     0.0104858     
0.0103516     0.0104004     0.0105103     0.0105713     
0.010498     0.0104492     0.0105957     0.0106812     
0.0106079     0.0106812     0.0106323     0.010791     
0.0105835     0.0106934     0.0106445     0.0107178     
0.01073     0.0106567     0.0107544     0.0108643     
0.01073     0.010791     0.0108032     0.0107788     
0.0107666     0.010791     0.01073     0.0106812     
0.0106812     0.0104492     0.0105469     0.0103394     
0.0102173     0.0102051     0.0101685     0.0102173     
0.0100098     0.0100342     0.010022     0.00997314     
0.00996094     0.00996094     0.00996094     0.0100098     
0.010083     0.010022     0.00998535     0.010083     
0.0100952     0.0100586     0.0101685     0.0101196     
0.0101685     0.0101196     0.0101318     0.0101929     
0.0101929     0.0101929     0.010144     0.010144     
0.00997314     0.0100342     0.00987549     0.010022     
0.00992432     0.0098877     0.00983887     0.00992432     
0.0098877     0.00996094     0.00993652     0.0100708     
0.00999756     0.0100952     0.0101074     0.0102051     
0.010083     0.00996094     0.00997314     0.00991211     
0.00983887     0.00963135     0.00957031     0.00964355     
0.00942383     0.00926514     0.00916748     0.00910645     
0.00899658     0.00900879     0.00887451     0.0088623     
0.00872803     0.00856934     0.00855713     0.00856934     
0.00838623     0.00836182     0.00812988     0.00819092     
0.00812988     0.0079834     0.00787354     0.00795898     
0.00789795     0.00787354     0.00783691     0.00788574     
0.00775146     0.00769043     0.00762939     0.00775146     
0.00759277     0.0074585     0.00749512     0.00751953     
0.00737305     0.00726318     0.00732422     0.00736084     
0.00721436     0.00726318     0.00725098     0.00726318     
0.00720215     0.0072876     0.00722656     0.0072998     
0.0072998     0.00726318     0.00733643     0.00739746     
0.00722656     0.00725098     0.00722656     0.00723877     
0.00717773     0.00714111     0.00709229     0.00720215     
0.00706787     0.00700684     0.00710449     0.00698242     
0.00681152     0.00684814     0.00681152     0.00671387     
0.006604     0.00648193     0.00637207     0.00639648     
0.00622559     0.00612793     0.00609131     0.00615234     
0.00600586     0.00587158     0.00584717     0.00583496     
0.00563965     0.00571289     0.00560303     0.00570068     
0.00554199     0.00551758     0.00552979     0.00546875     
0.00535889     0.00534668     0.00528564     0.00534668     
0.00517578     0.0050415     0.0050415     0.0050293     
0.00495605     0.00476074     0.00484619     0.00480957     
0.0048584     0.00478516     0.00480957     0.00489502     
0.00487061     0.00489502     0.00494385     0.00501709     
0.0050293     0.00496826     0.00493164     0.00501709     
0.00482178     0.00471191     0.00463867     0.00465088     
0.00449219     0.00441895     0.0043457     0.00430908     
0.00412598     0.00411377     0.00423584     0.00426025     
0.00426025     0.00424805     0.00432129     0.00452881     
0.00447998     0.00447998     0.00450439     0.00469971     
0.00461426     0.00454102     0.00445557     0.00454102     
0.00447998     0.00438232     0.00429688     0.00437012     
0.00428467     0.00413818     0.00412598     0.00408936     
0.00395508     0.00394287     0.00386963     0.0038208     
0.00379639     0.0036377     0.00358887     0.00354004     
0.00354004     0.00351563     0.0034668     0.00354004     
0.00351563     0.00351563     0.00357666     0.00360107     
0.00358887     0.00357666     0.00355225     0.00356445     
0.00349121     0.00351563     0.0034668     0.0034668     
0.00345459     0.00341797     0.00341797     0.00349121     
0.00339355     0.00343018     0.00349121     0.00349121     
0.0034668     0.00356445     0.00362549     0.00379639     
0.00369873     0.00374756     0.00378418     0.00383301     
0.00374756     0.00383301     0.00390625     0.00388184     
0.0038208     0.00386963     0.00372314     0.00377197     
0.0036499     0.00354004     0.00350342     0.00344238     
0.00328369     0.003125     0.00317383     0.00302734     
0.00301514     0.00291748     0.00299072     0.00306396     
0.00291748     0.00296631     0.00305176     0.00313721     
0.00311279     0.00330811     0.00335693     0.00335693     
0.00334473     0.00332031     0.0032959     0.00334473     
0.00327148     0.00332031     0.00327148     0.00324707     
0.00316162     0.00308838     0.00302734     0.00303955     
0.00300293     0.00290527     0.00297852     0.00313721     
0.00300293     0.00307617     0.00317383     0.00330811     
0.0032959     0.00340576     0.00343018     0.00354004     
0.00355225     0.00344238     0.00349121     0.00354004     
0.00340576     0.00335693     0.00328369     0.00334473     
0.00323486     0.00318604     0.00317383     0.00301514     
0.00302734     0.00289307     0.00291748     0.00289307     
0.00279541     0.002771     0.00270996     0.00270996     
0.00266113     0.0027832     0.00280762     0.00289307     
0.00288086     0.00300293     0.00306396     0.00314941     
0.00324707     0.00328369     0.00330811     0.00350342     
0.0034668     0.00351563     0.00343018     0.00357666     
0.0034668     0.00345459     0.003479     0.00356445     
0.0034668     0.00350342     0.00350342     0.0034668     
0.00350342     0.00361328     0.00351563     0.00362549     
0.00357666     0.00351563     0.00360107     0.00361328     
0.00349121     0.00357666     0.0036499     0.00384521     
0.00367432     0.00372314     0.00396729     0.00401611     
0.0039917     0.00407715     0.00423584     0.00423584     
0.00427246     0.00423584     0.00424805     0.00432129     
0.00418701     0.00408936     0.00418701     0.00415039     
0.00410156     0.00404053     0.0039917     0.00410156     
0.00406494     0.00396729     0.00412598     0.00423584     
0.00424805     0.00423584     0.00423584     0.00447998     
0.00444336     0.00450439     0.00457764     0.00473633     
0.00471191     0.00462646     0.00474854     0.0048584     
0.00477295     0.00477295     0.00473633     0.00494385     
0.00479736     0.00480957     0.00465088     0.00473633     
0.00469971     0.00463867     0.00456543     0.00465088     
0.00455322     0.00438232     0.00432129     0.00446777     
0.00435791     0.00424805     0.00426025     0.00422363     
0.00418701     0.0039917     0.00418701     0.0041748     
0.00413818     0.0041748     0.00424805     0.0043457     
0.00435791     0.00449219     0.00454102     0.00454102     
0.00462646     0.00476074     0.00477295     0.00474854     
0.00478516     0.00482178     0.0046875     0.00463867     
0.00457764     0.0045166     0.00441895     0.00446777     
0.00432129     0.00435791     0.00430908     0.00429688     
0.00427246     0.00428467     0.00438232     0.00437012     
0.00427246     0.00450439     0.00443115     0.00444336     
0.00444336     0.00444336     0.00452881     0.00446777     
0.00441895     0.00430908     0.0041748     0.00418701     
0.00412598     0.00393066     0.00396729     0.00397949     
0.00388184     0.00375977     0.00396729     0.00394287     
0.00394287     0.00389404     0.00402832     0.00413818     
0.00404053     0.00412598     0.0041748     0.00415039     
0.00405273     0.0039917     0.00410156     0.00405273     
0.00406494     0.00390625     0.00402832     0.00406494     
0.00394287     0.00405273     0.00406494     0.00413818     
0.00406494     0.00405273     0.00404053     0.00411377     
0.00401611     0.00395508     0.00396729     0.00397949     
0.00367432     0.00372314     0.0036499     0.00355225     
0.00338135     0.00328369     0.00324707     0.00332031     
0.00328369     0.00314941     0.00319824     0.0032959     
0.00325928     0.00323486     0.00335693     0.00345459     
0.0034668     0.00355225     0.00360107     0.00356445     
0.00366211     0.00343018     0.00350342     0.00345459     
0.00338135     0.00322266     0.00308838     0.00303955     
0.00290527     0.0027832     0.00272217     0.00267334     
0.00263672     0.00264893     0.00258789     0.00257568     
0.0026123     0.00269775     0.00269775     0.00275879     
0.00274658     0.00285645     0.00270996     0.00280762     
0.00270996     0.00263672     0.00264893     0.00270996     
0.00262451     0.00256348     0.00250244     0.00246582     
0.00240479     0.0024292     0.0024292     0.00247803     
0.00245361     0.00244141     0.00250244     0.00246582     
0.00245361     0.00253906     0.00247803     0.00258789     
0.00256348     0.00255127     0.00258789     0.0026001     
0.00255127     0.00250244     0.00262451     0.00246582     
0.00257568     0.00253906     0.00240479     0.00249023     
0.00241699     0.00231934     0.00238037     0.00244141     
0.00236816     0.00229492     0.00238037     0.00235596     
0.00222168     0.00211182     0.00216064     0.00224609     
0.00196533     0.00192871     0.00180664     0.00181885     
0.00158691     0.00147705     0.00148926     0.00150146     
0.00135498     0.00131836     0.00128174     0.00130615     
0.00129395     0.00130615     0.00131836     0.00155029     
0.00140381     0.00150146     0.00146484     0.00163574     
0.0017334     0.00169678     0.00167236     0.00189209     
0.00185547     0.00186768     0.00186768     0.00194092     
0.00201416     0.00201416     0.00211182     0.00214844     
0.00238037     0.00228271     0.00238037     0.00245361     
0.00246582     0.00256348     0.00258789     0.00257568     
0.00241699     0.00240479     0.00230713     0.00227051     
0.00203857     0.00197754     0.00196533     0.00180664     
0.0017334     0.00172119     0.00155029     0.00157471     
0.00137939     0.00136719     0.00134277     0.00134277     
0.00130615     0.00109863     0.00112305     0.00111084     
0.00090332     0.000891113     0.000866699     0.000878906     
0.000793457     0.000817871     0.000744629     0.000915527     
0.000793457     0.000817871     0.00100098     0.00098877     
0.000927734     0.00106201     0.00109863     0.0012085     
0.00113525     0.00112305     0.00130615     0.00129395     
0.00125732     0.00133057     0.00131836     0.0012085     
0.00129395     0.00115967     0.00108643     0.00112305     
0.000927734     0.000854492     0.000878906     0.000878906     
0.000805664     0.000622559     0.000634766     0.000756836     
0.000744629     0.000634766     0.000708008     0.000891113     
0.000732422     0.000854492     0.000817871     0.000952148     
0.000964355     0.00098877     0.00098877     0.00108643     
0.00109863     0.0010376     0.0010376     0.00111084     
0.00108643     0.0012085     0.00111084     0.0012085     
0.00109863     0.00117188     0.00118408     0.0012207     
0.0012207     0.00115967     0.00111084     0.00117188     
0.0010498     0.00098877     0.00100098     0.0010498     
0.0010376     0.000927734     0.000952148     0.000927734     
0.00098877     0.000854492     0.0010376     0.000976563     
0.000964355     0.000952148     0.000842285     0.000952148     
0.000891113     0.000817871     0.000915527     0.000964355     
0.000915527     0.000964355     0.000976563     0.00100098     
0.0010376     0.00106201     0.0010498     0.00109863     
0.000952148     0.000927734     0.000878906     0.000878906     
0.000756836     0.000744629     0.000695801     0.000817871     
0.000769043     0.00078125     0.000756836     0.000854492     
0.000854492     0.00100098     0.000952148     0.0010376     
0.00109863     0.0010498     0.00114746     0.00117188     
0.00111084     0.00115967     0.00107422     0.00117188     
0.00123291     0.00109863     0.00108643     0.00111084     
0.0010498     0.0010376     0.00118408     0.00119629     
0.00119629     0.00108643     0.00113525     0.00125732     
0.00115967     0.00123291     0.0010498     0.0012085     
0.00106201     0.0010498     0.0010498     0.00102539     
0.000915527     0.000720215     0.000756836     0.000732422     
0.000646973     0.000671387     0.000622559     0.000708008     
0.000598145     0.000610352     0.000598145     0.000854492     
0.000695801     0.000671387     0.000793457     0.000842285     
0.00065918     0.000683594     0.000756836     0.000878906     
0.000744629     0.000744629     0.000610352     0.000793457     
0.000744629     0.000610352     0.000744629     0.00090332     
0.00078125     0.000720215     0.00090332     0.000891113     
0.00090332     0.000952148     0.000952148     0.00117188     
0.00124512     0.00118408     0.00140381     0.00150146     
0.00150146     0.00161133     0.00174561     0.00180664     
0.00184326     0.00187988     0.00180664     0.0019165     
0.00194092     0.00186768     0.00174561     0.00172119     
0.00169678     0.00158691     0.00140381     0.00145264     
0.00133057     0.00124512     0.00123291     0.0012207     
0.00107422     0.00114746     0.00109863     0.00112305     
0.0010498     0.00112305     0.00113525     0.00123291     
0.0010498     0.00129395     0.00123291     0.00130615     
0.0012085     0.00133057     0.00153809     0.00157471     
0.00161133     0.00155029     0.00157471     0.00164795     
0.0015625     0.00164795     0.00164795     0.00177002     
0.00164795     0.00162354     0.00175781     0.00175781     
0.00180664     0.00177002     0.00183105     0.00192871     
0.0019043     0.00174561     0.00178223     0.00180664     
0.00168457     0.00157471     0.00157471     0.00157471     
0.00147705     0.00141602     0.00142822     0.00155029     
0.00142822     0.00144043     0.00157471     0.00161133     
0.00157471     0.0015625     0.0015625     0.00159912     
0.00148926     0.00144043     0.0013916     0.00151367     
0.00134277     0.00140381     0.00131836     0.00136719     
0.00124512     0.00130615     0.00129395     0.00142822     
0.00150146     0.00150146     0.00152588     0.00175781     
0.00180664     0.0017334     0.0019043     0.00201416     
0.00206299     0.0020874     0.00209961     0.00213623     
0.00219727     0.00211182     0.0020752     0.00212402     
0.00198975     0.00200195     0.00197754     0.00186768     
0.00184326     0.00167236     0.0015625     0.00158691     
0.00142822     0.00128174     0.00135498     0.00129395     
0.00124512     0.00125732     0.00123291     0.00133057     
0.00123291     0.00135498     0.00131836     0.00140381     
0.00136719     0.00145264     0.00147705     0.00151367     
0.00152588     0.00150146     0.00142822     0.00157471     
0.00140381     0.00150146     0.00141602     0.00145264     
0.00129395     0.0012207     0.00128174     0.00123291     
0.00113525     0.0012085     0.00113525     0.00129395     
0.00124512     0.00124512     0.00130615     0.00133057     
0.00133057     0.00133057     0.00150146     0.00146484     
0.00148926     0.00142822     0.00147705     0.00159912     
0.00137939     0.00150146     0.00145264     0.0015625     
0.00142822     0.00145264     0.00131836     0.00130615     
0.00113525     0.00090332     0.000830078     0.000854492     
0.000622559     0.000561523     0.000390625     0.000305176     
8.54492e-05     3.66211e-05     2.44141e-05     4.88281e-05     
-8.54492e-05     0     7.32422e-05     0.000183105     
0.000158691     0.000183105     0.000305176     0.000488281     
0.000415039     0.000549316     0.000561523     0.000756836     
0.000805664     0.000817871     0.000866699     0.000964355     
0.000915527     0.000842285     0.000830078     0.000793457     
0.000646973     0.00057373     0.000585938     0.000463867     
0.000463867     0.000292969     0.000366211     0.000268555     
0.000305176     0.00032959     0.000366211     0.00057373     
0.000500488     0.000585938     0.000695801     0.000793457     
0.000732422     0.000756836     0.000817871     0.000683594     
0.000671387     0.000598145     0.000427246     0.000500488     
0.000280762     0.000292969     0.00020752     0.000134277     
3.66211e-05     8.54492e-05     4.88281e-05     6.10352e-05     
-4.88281e-05     2.44141e-05     -4.88281e-05     -6.10352e-05     
-0.00012207     -6.10352e-05     -0.000158691     -8.54492e-05     
-0.000158691     -0.000183105     -1.2207e-05     -0.000158691     
-0.000170898     -1.2207e-05     -3.66211e-05     7.32422e-05     
3.66211e-05     -2.44141e-05     7.32422e-05     0.000256348     
0.000183105     8.54492e-05     0.000146484     0.000170898     
0.000183105     0.00012207     6.10352e-05     0.00012207     
-0.00012207     -0.00012207     -0.000170898     -0.000195313     
-0.000256348     -0.000366211     -0.000317383     -0.000231934     
-0.000219727     -0.000256348     -0.000158691     -3.66211e-05     
-7.32422e-05     2.44141e-05     2.44141e-05     0.000134277     
4.88281e-05     4.88281e-05     0     4.88281e-05     
-0.00012207     -0.000195313     -0.000219727     -0.000305176     
-0.00045166     -0.000488281     -0.000585938     -0.000549316     
-0.00065918     -0.000671387     -0.000524902     -0.000402832     
-0.000366211     -0.00032959     -0.000183105     1.2207e-05     
0     6.10352e-05     0.000109863     0.00032959     
0.000354004     0.000219727     0.000244141     0.000256348     
0.000341797     0.000231934     0.000341797     0.000305176     
0.000268555     0.000292969     0.000292969     0.000268555     
0.000280762     0.000219727     0.000256348     0.00032959     
0.000244141     0.000195313     0.000280762     0.000244141     
0.000354004     0.000402832     0.00032959     0.000427246     
0.000366211     0.000415039     0.000439453     0.000390625     
0.000231934     0.000244141     0.000134277     0.00012207     
1.2207e-05     -1.2207e-05     -0.00012207     -0.000109863     
-0.000146484     -0.000134277     -0.000146484     7.32422e-05     
0     2.44141e-05     0.000134277     0.000146484     
2.44141e-05     9.76563e-05     2.44141e-05     0.000109863     
-7.32422e-05     -0.000170898     -0.000109863     -2.44141e-05     
-0.000219727     -0.000280762     -7.32422e-05     -0.000146484     
-7.32422e-05     1.2207e-05     2.44141e-05     0.000109863     
9.76563e-05     0.000183105     0.00020752     0.000244141     
0.000231934     0.00012207     2.44141e-05     0.000158691     
0     -0.000170898     -0.00012207     -0.000109863     
-0.000280762     -0.000378418     -0.000476074     -0.000439453     
-0.000512695     -0.000524902     -0.000561523     -0.000439453     
-0.000427246     -0.00045166     -0.000537109     -0.00032959     
-0.000292969     -0.000341797     -0.000292969     -8.54492e-05     
-0.000195313     -0.000134277     -0.000170898     -0.000109863     
-0.00012207     -0.00020752     -0.000183105     -0.000109863     
-0.000170898     -0.00020752     -0.000244141     -0.000183105     
-0.000219727     -0.000219727     -0.000158691     -0.000158691     
2.44141e-05     -3.66211e-05     0.00012207     0.000134277     
0.000195313     0.00032959     0.000292969     0.000390625     
0.000402832     0.000427246     0.000439453     0.000537109     
0.000463867     0.000378418     0.000378418     0.000292969     
0.000402832     0.000341797     0.000219727     0.000256348     
0.000195313     0.000158691     8.54492e-05     0.000134277     
7.32422e-05     -2.44141e-05     -2.44141e-05     -2.44141e-05     
-9.76563e-05     -4.88281e-05     -1.2207e-05     -1.2207e-05     
-0.000146484     -0.000158691     -0.000280762     -0.000292969     
-0.000402832     -0.00045166     -0.000366211     -0.000378418     
-0.000561523     -0.000524902     -0.000402832     -0.000292969     
-0.000292969     -0.000231934     -0.000134277     4.88281e-05     
3.66211e-05     9.76563e-05     0.000292969     0.000292969     
0.000280762     0.000256348     0.000341797     0.00045166     
0.000378418     0.000183105     0.000195313     0.000317383     
0.000158691     7.32422e-05     0.000146484     0.000183105     
0.000219727     0.000134277     0.000183105     0.000354004     
0.000280762     0.000366211     0.000292969     0.000549316     
0.000415039     0.000439453     0.000415039     0.00065918     
0.000524902     0.000402832     0.000402832     0.000671387     
0.000500488     0.000488281     0.00045166     0.000634766     
0.000598145     0.000585938     0.000646973     0.000732422     
0.000805664     0.00065918     0.00065918     0.000854492     
0.000756836     0.000634766     0.000585938     0.00065918     
0.000524902     0.000439453     0.000341797     0.000280762     
0.000378418     0.00020752     0.000366211     0.00032959     
0.000354004     0.00045166     0.000463867     0.000585938     
0.000622559     0.00065918     0.000646973     0.000793457     
0.000683594     0.000683594     0.000671387     0.000537109     
0.000415039     0.000427246     0.000170898     0.000378418     
0.000268555     0.000195313     0.000183105     0.000183105     
0.000195313     0.000305176     0.000268555     0.000378418     
0.000366211     0.000378418     0.000390625     0.00045166     
0.000280762     0.000378418     0.000341797     0.000402832     
0.000305176     0.000280762     0.000439453     0.000427246     
0.000512695     0.000524902     0.000598145     0.000708008     
0.000610352     0.000695801     0.000634766     0.000634766     
0.00057373     0.000439453     0.000476074     0.000256348     
0.000292969     8.54492e-05     -6.10352e-05     -1.2207e-05     
-0.000268555     -0.000256348     -0.000244141     -0.000292969     
-0.00045166     -0.000378418     -0.000415039     -0.000378418     
-0.000341797     -0.000366211     -0.000268555     -0.000134277     
-0.000231934     -4.88281e-05     -0.000170898     7.32422e-05     
8.54492e-05     2.44141e-05     9.76563e-05     0.000402832     
0.000268555     0.00020752     0.000219727     0.000341797     
0.000183105     0.000158691     3.66211e-05     0.000354004     
0.000134277     9.76563e-05     1.2207e-05     0.00012207     
0.000195313     1.2207e-05     -1.2207e-05     0.000195313     
6.10352e-05     9.76563e-05     9.76563e-05     0.000219727     
6.10352e-05     8.54492e-05     0.00012207     0.000256348     
0.000256348     9.76563e-05     0.000292969     0.000231934     
0.00020752     0.000219727     0.00020752     0.000219727     
0.000231934     0.000219727     0.000158691     7.32422e-05     
7.32422e-05     6.10352e-05     -2.44141e-05     -9.76563e-05     
0     -1.2207e-05     -0.000134277     -2.44141e-05     
-0.000109863     -0.000146484     -0.000219727     -0.000134277     
-0.00020752     -0.000305176     -0.000244141     -0.000292969     
-0.000305176     -0.000341797     -0.000317383     -0.000268555     
-0.000366211     -0.000170898     -0.000183105     -0.00012207     
-6.10352e-05     4.88281e-05     0.000170898     0.000231934     
0.000292969     0.000439453     0.00057373     0.000500488     
0.000524902     0.000598145     0.000598145     0.000549316     
0.000402832     0.000244141     0.00032959     0.000158691     
0.000134277     -6.10352e-05     -4.88281e-05     -1.2207e-05     
-0.00020752     -0.000268555     -0.000195313     -0.000134277     
-0.00020752     -0.00012207     -9.76563e-05     -2.44141e-05     
-2.44141e-05     -6.10352e-05     6.10352e-05     7.32422e-05     
8.54492e-05     8.54492e-05     6.10352e-05     8.54492e-05     
4.88281e-05     -0.000146484     -0.000109863     -6.10352e-05     
-0.000280762     -0.000415039     -0.000402832     -0.000366211     
-0.000537109     -0.000439453     -0.000537109     -0.000439453     
-0.000537109     -0.000549316     -0.000500488     -0.000439453     
-0.000463867     -0.000415039     -0.000524902     -0.000402832     
-0.000415039     -0.000366211     -0.000378418     -0.000305176     
-0.000305176     -0.000231934     -0.000183105     -0.000170898     
-9.76563e-05     -0.000134277     0.000158691     0.000134277     
0.000109863     0.000109863     6.10352e-05     0.000134277     
-4.88281e-05     -9.76563e-05     -8.54492e-05     -0.00012207     
-0.00020752     -0.000268555     -0.000231934     -0.000317383     
-0.000317383     -0.000219727     -0.000256348     -0.000109863     
-0.000183105     -0.000195313     -9.76563e-05     -0.000219727     
-0.000244141     -0.000195313     -0.00020752     -0.000231934     
-0.000317383     -0.000305176     -0.00032959     -0.000292969     
-0.000402832     -0.000231934     -0.000378418     -0.000219727     
-0.00020752     -0.000244141     -9.76563e-05     -7.32422e-05     
-1.2207e-05     1.2207e-05     0     0.000134277     
7.32422e-05     2.44141e-05     0.00012207     0.000146484     
9.76563e-05     4.88281e-05     0.000158691     3.66211e-05     
0.000158691     4.88281e-05     1.2207e-05     0.000158691     
0     3.66211e-05     1.2207e-05     0.000109863     
3.66211e-05     -4.88281e-05     1.2207e-05     9.76563e-05     
3.66211e-05     7.32422e-05     4.88281e-05     0.000219727     
4.88281e-05     6.10352e-05     -1.2207e-05     9.76563e-05     
-6.10352e-05     -0.000109863     -0.000244141     -0.000183105     
-0.000256348     -0.000439453     -0.00057373     -0.000537109     
-0.000683594     -0.000732422     -0.000866699     -0.000695801     
-0.000793457     -0.000744629     -0.000805664     -0.000598145     
-0.000500488     -0.000500488     -0.000463867     -0.000280762     
-0.000292969     -0.000366211     -0.000390625     -0.00032959     
-0.000378418     -0.000427246     -0.000476074     -0.000488281     
-0.000500488     -0.000708008     -0.000524902     -0.000610352     
-0.000671387     -0.000561523     -0.00057373     -0.00045166     
-0.000512695     -0.000402832     -0.000341797     -0.00032959     
-0.000195313     -0.00020752     -7.32422e-05     -1.2207e-05     
-7.32422e-05     0     -7.32422e-05     0     
-0.00012207     -0.00012207     -7.32422e-05     -0.000146484     
-0.000268555     -0.000219727     -0.000366211     -0.000378418     
-0.000427246     -0.000292969     -0.000463867     -0.000476074     
-0.000549316     -0.000390625     -0.000622559     -0.000512695     
-0.000561523     -0.000585938     -0.000488281     -0.000537109     
-0.000598145     -0.000500488     -0.00057373     -0.000463867     
-0.000524902     -0.000476074     -0.00045166     -0.000317383     
-0.000390625     -0.000402832     -0.000170898     -0.000231934     
-0.000109863     -3.66211e-05     0.000134277     0.000268555     
0.000280762     0.000415039     0.00045166     0.000476074     
0.000415039     0.000354004     0.000292969     0.000354004     
0.00012207     -7.32422e-05     -1.2207e-05     -7.32422e-05     
-0.000195313     -0.000146484     -0.000256348     -0.000109863     
-0.000183105     -0.000219727     -0.000146484     -0.00012207     
-0.000231934     -0.000244141     -0.000341797     -0.00032959     
-0.000292969     -0.000439453     -0.000537109     -0.000390625     
-0.000549316     -0.000427246     -0.000390625     -0.000305176     
-0.000268555     -0.00020752     -0.000109863     9.76563e-05     
0.000109863     0.00012207     0.000183105     0.000256348     
0.000341797     0.000146484     0.000268555     0.000183105     
0.00020752     9.76563e-05     6.10352e-05     1.2207e-05     
-2.44141e-05     -3.66211e-05     -0.000146484     -0.00012207     
-0.000146484     -0.000219727     -0.000244141     -9.76563e-05     
-0.000134277     -0.000183105     -0.000146484     -0.000109863     
-9.76563e-05     -3.66211e-05     -4.88281e-05     9.76563e-05     
8.54492e-05     0.000219727     0.000146484     0.000244141     
0.000256348     0.00032959     0.000305176     0.000292969     
0.000305176     0.000427246     0.000231934     0.000378418     
0.000280762     0.000378418     0.00032959     0.000354004     
0.000317383     0.000341797     0.000390625     0.000280762     
0.000280762     0.000317383     0.000219727     0.000219727     
4.88281e-05     -9.76563e-05     -6.10352e-05     -0.000183105     
-0.000268555     -0.000292969     -0.000231934     -0.000317383     
-0.000158691     -0.000280762     -0.000170898     9.76563e-05     
-4.88281e-05     0.00012207     0.00012207     0.000231934     
0.000109863     7.32422e-05     2.44141e-05     3.66211e-05     
-9.76563e-05     -0.000183105     -0.00012207     -0.000134277     
-0.000292969     -0.000195313     -0.000244141     -0.000146484     
-0.000231934     -0.000231934     -0.000170898     -2.44141e-05     
-8.54492e-05     -0.000170898     -1.2207e-05     2.44141e-05     
2.44141e-05     1.2207e-05     -3.66211e-05     0.00012207     
-2.44141e-05     -3.66211e-05     0     -4.88281e-05     
-6.10352e-05     -9.76563e-05     -0.000244141     -9.76563e-05     
-0.000292969     -0.000354004     -0.000341797     -0.00032959     
-0.00032959     -0.000427246     -0.000463867     -0.000341797     
-0.000244141     -0.000402832     -0.000280762     -0.00020752     
-0.00020752     -0.000109863     -0.000146484     -4.88281e-05     
-8.54492e-05     -9.76563e-05     -0.000146484     -4.88281e-05     
-0.00020752     -0.000292969     -0.000268555     -0.000268555     
-0.000256348     -0.000366211     -0.000500488     -0.000378418     
-0.000524902     -0.000378418     -0.000476074     -0.000476074     
-0.000537109     -0.000537109     -0.000537109     -0.000610352     
-0.000598145     -0.000488281     -0.000585938     -0.000427246     
-0.000488281     -0.000402832     -0.000390625     -0.000366211     
-0.000415039     -0.000415039     -0.000366211     -0.000378418     
-0.000549316     -0.000537109     -0.000610352     -0.000634766     
-0.000732422     -0.000683594     -0.00065918     -0.000598145     
-0.000610352     -0.000646973     -0.000463867     -0.000463867     
-0.000280762     -0.000231934     -0.000231934     4.88281e-05     
-2.44141e-05     1.2207e-05     8.54492e-05     0.000195313     
7.32422e-05     3.66211e-05     7.32422e-05     0.000134277     
7.32422e-05     -3.66211e-05     0.000109863     3.66211e-05     
-0.000195313     -9.76563e-05     -0.000170898     -0.000158691     
-0.00032959     -0.000390625     -0.000427246     -0.000378418     
-0.000500488     -0.000561523     -0.000488281     -0.000341797     
-0.000500488     -0.000476074     -0.00045166     -0.000305176     
-0.000341797     -0.000280762     -0.000341797     -0.00020752     
-0.000305176     -0.000415039     -0.000415039     -0.000476074     
-0.000585938     -0.000744629     -0.000756836     -0.00065918     
-0.000756836     -0.000805664     -0.000769043     -0.000695801     
-0.000695801     -0.000708008     -0.00045166     -0.000366211     
-0.000317383     -0.000268555     -0.000158691     -3.66211e-05     
-4.88281e-05     -6.10352e-05     -9.76563e-05     -8.54492e-05     
-0.00020752     -0.000292969     -0.000390625     -0.000537109     
-0.000488281     -0.000549316     -0.000598145     -0.000476074     
-0.000585938     -0.000354004     -0.00045166     -0.000244141     
-0.000146484     -6.10352e-05     -4.88281e-05     0.000134277     
0.00012207     0.000134277     0.000146484     8.54492e-05     
0     -2.44141e-05     -0.000183105     -8.54492e-05     
-0.00032959     -0.000427246     -0.000463867     -0.000561523     
-0.000708008     -0.000695801     -0.000671387     -0.000671387     
-0.000646973     -0.000585938     -0.000512695     -0.000292969     
-0.000402832     -0.000415039     -0.000219727     -0.000280762     
-0.000183105     -0.000256348     -7.32422e-05     -0.000146484     
-0.00032959     -0.000195313     -0.000219727     -0.00020752     
-0.00032959     -0.00032959     -0.000402832     -0.000476074     
-0.000463867     -0.000500488     -0.000500488     -0.000476074     
-0.000585938     -0.000598145     -0.000695801     -0.000537109     
-0.000561523     -0.000610352     -0.000549316     -0.000488281     
-0.000549316     -0.000549316     -0.000561523     -0.000598145     
-0.000646973     -0.000744629     -0.000732422     -0.00065918     
-0.000927734     -0.000891113     -0.00098877     -0.000964355     
-0.000927734     -0.000866699     -0.000842285     -0.000695801     
-0.000585938     -0.000512695     -0.00045166     -0.000244141     
-0.000195313     -0.00012207     -4.88281e-05     8.54492e-05     
0.000146484     6.10352e-05     0.000244141     0.000183105     
7.32422e-05     1.2207e-05     -7.32422e-05     -7.32422e-05     
-0.000109863     -0.000231934     -0.000378418     -0.000390625     
-0.000427246     -0.000476074     -0.000476074     -0.000488281     
-0.000463867     -0.000463867     -0.000463867     -0.000280762     
-0.000427246     -0.000256348     -0.000158691     0     
-0.000109863     -8.54492e-05     1.2207e-05     6.10352e-05     
1.2207e-05     -3.66211e-05     1.2207e-05     1.2207e-05     
-0.000170898     3.66211e-05     -2.44141e-05     2.44141e-05     
-6.10352e-05     7.32422e-05     0.00012207     0.000256348     
0.000231934     0.000256348     0.000244141     0.000378418     
0.000354004     0.000305176     0.000219727     0.000219727     
0.000109863     -7.32422e-05     1.2207e-05     -0.000146484     
-0.00012207     -0.00032959     -0.000170898     -0.000146484     
-0.000134277     -9.76563e-05     -7.32422e-05     4.88281e-05     
3.66211e-05     7.32422e-05     0.000158691     0.000244141     
0.000170898     0.000146484     0.00020752     0.000244141     
0.000109863     9.76563e-05     0.000109863     0.000183105     
1.2207e-05     3.66211e-05     1.2207e-05     7.32422e-05     
4.88281e-05     -3.66211e-05     1.2207e-05     9.76563e-05     
-7.32422e-05     2.44141e-05     -0.000146484     0     
-0.000219727     -0.000219727     -0.000292969     -0.000292969     
-0.000341797     -0.000476074     -0.000476074     -0.000512695     
-0.000622559     -0.000610352     -0.00065918     -0.000537109     
-0.000585938     -0.000598145     -0.000744629     -0.000769043     
-0.000671387     -0.000915527     -0.00078125     -0.000830078     
-0.000891113     -0.000891113     -0.000927734     -0.000842285     
-0.000891113     -0.000842285     -0.000793457     -0.00065918     
-0.000756836     -0.000646973     -0.00065918     -0.000671387     
-0.00065918     -0.000585938     -0.000610352     -0.000524902     
-0.000646973     -0.000610352     -0.000610352     -0.000622559     
-0.000708008     -0.000683594     -0.00065918     -0.000646973     
-0.000744629     -0.000732422     -0.000671387     -0.00065918     
-0.000793457     -0.000720215     -0.00078125     -0.000805664     
-0.000878906     -0.000939941     -0.000952148     -0.00107422     
-0.00115967     -0.00117188     -0.00118408     -0.00119629     
-0.00137939     -0.00131836     -0.00133057     -0.00129395     
-0.00123291     -0.00129395     -0.00112305     -0.00108643     
-0.000964355     -0.00102539     -0.00100098     -0.00090332     
-0.000964355     -0.00101318     -0.000952148     -0.000927734     
-0.00115967     -0.00124512     -0.00123291     -0.00114746     
-0.00129395     -0.00134277     -0.00123291     -0.0012207     
-0.0012085     -0.00115967     -0.00107422     -0.000830078     
-0.000891113     -0.000915527     -0.000756836     -0.000524902     
-0.000500488     -0.000537109     -0.000524902     -0.000537109     
-0.000585938     -0.000524902     -0.000598145     -0.000439453     
-0.000610352     -0.000585938     -0.00057373     -0.000463867     
-0.00045166     -0.000488281     -0.000402832     -0.000317383     
-0.000341797     -0.000378418     -0.000354004     -0.000219727     
-0.000109863     -0.000195313     -9.76563e-05     -0.00012207     
-7.32422e-05     -0.000146484     -7.32422e-05     -3.66211e-05     
-0.000256348     -0.00032959     -0.000354004     -0.00032959     
-0.000488281     -0.000610352     -0.000671387     -0.000695801     
-0.000805664     -0.000805664     -0.000805664     -0.000878906     
-0.000805664     -0.000708008     -0.00078125     -0.000769043     
-0.000756836     -0.000744629     -0.000732422     -0.000695801     
-0.000744629     -0.000695801     -0.000805664     -0.000805664     
-0.000756836     -0.000744629     -0.000610352     -0.000500488     
-0.000561523     -0.000500488     -0.000427246     -0.000219727     
-0.000280762     -9.76563e-05     -7.32422e-05     -6.10352e-05     
-2.44141e-05     0     -8.54492e-05     -1.2207e-05     
-8.54492e-05     -0.000256348     -0.000231934     -0.000170898     
-0.000317383     -0.000378418     -0.000341797     -0.000512695     
-0.000524902     -0.000561523     -0.000585938     -0.000524902     
-0.000598145     -0.000646973     -0.000622559     -0.000610352     
-0.00065918     -0.00065918     -0.00057373     -0.000598145     
-0.00057373     -0.000610352     -0.000463867     -0.000378418     
-0.000463867     -0.000366211     -0.000402832     -0.000427246     
-0.000427246     -0.000476074     -0.000695801     -0.000622559     
-0.00078125     -0.000952148     -0.0010498     -0.000927734     
-0.00101318     -0.00117188     -0.00114746     -0.00090332     
-0.00101318     -0.000939941     -0.000805664     -0.000732422     
-0.000708008     -0.000671387     -0.00065918     -0.000622559     
-0.000720215     -0.000671387     -0.000793457     -0.000793457     
-0.000769043     -0.000854492     -0.000854492     -0.00090332     
-0.000817871     -0.000939941     -0.000817871     -0.000683594     
-0.000622559     -0.000488281     -0.000415039     -0.000231934     
-0.000219727     -0.000109863     -0.00012207     0.000134277     
0     -1.2207e-05     -1.2207e-05     -0.000146484     
-0.000183105     -0.000280762     -0.000390625     -0.000402832     
-0.000622559     -0.000610352     -0.000695801     -0.000720215     
-0.000817871     -0.000805664     -0.000769043     -0.000744629     
-0.000720215     -0.000708008     -0.000695801     -0.000598145     
-0.000708008     -0.00065918     -0.000634766     -0.000598145     
-0.000683594     -0.000671387     -0.000610352     -0.000683594     
-0.000622559     -0.000695801     -0.000744629     -0.00065918     
-0.000708008     -0.000744629     -0.000769043     -0.000610352     
-0.000708008     -0.000708008     -0.000634766     -0.000732422     
-0.000695801     -0.000878906     -0.000939941     -0.000915527     
-0.00112305     -0.00119629     -0.00134277     -0.00134277     
-0.00142822     -0.00146484     -0.0015625     -0.00153809     
-0.00161133     -0.00162354     -0.00157471     -0.00148926     
-0.00155029     -0.00144043     -0.00146484     -0.00142822     
-0.00145264     -0.00135498     -0.00135498     -0.00117188     
-0.00123291     -0.00115967     -0.0012085     -0.00101318     
-0.00111084     -0.00101318     -0.00101318     -0.000854492     
-0.000976563     -0.00090332     -0.000866699     -0.000805664     
-0.000793457     -0.000805664     -0.00065918     -0.000549316     
-0.000634766     -0.00057373     -0.000512695     -0.00045166     
-0.000427246     -0.000549316     -0.000488281     -0.000537109     
-0.000439453     -0.000524902     -0.000402832     -0.00045166     
-0.000598145     -0.000512695     -0.000524902     -0.000512695     
-0.000708008     -0.000646973     -0.000744629     -0.000598145     
-0.000732422     -0.000769043     -0.000671387     -0.000610352     
-0.000634766     -0.000598145     -0.000646973     -0.000488281     
-0.000561523     -0.000524902     -0.000524902     -0.000402832     
-0.000585938     -0.000524902     -0.00045166     -0.000512695     
-0.000512695     -0.000561523     -0.000549316     -0.00045166     
-0.000512695     -0.000439453     -0.000549316     -0.000415039     
-0.000488281     -0.000402832     -0.000366211     -0.00032959     
-0.000476074     -0.000366211     -0.000463867     -0.00045166     
-0.000488281     -0.000549316     -0.000549316     -0.000439453     
-0.00057373     -0.000671387     -0.000476074     -0.000537109     
-0.000500488     -0.000439453     -0.000378418     -0.000146484     
-0.000195313     -0.000183105     -0.000109863     4.88281e-05     
4.88281e-05     3.66211e-05     0     0.00012207     
0     -0.000170898     -0.000109863     -0.000219727     
-0.000366211     -0.000561523     -0.00057373     -0.000537109     
-0.000756836     -0.000964355     -0.000964355     -0.000952148     
-0.00113525     -0.00126953     -0.00131836     -0.00129395     
-0.00140381     -0.00151367     -0.00151367     -0.00133057     
-0.00150146     -0.00147705     -0.00141602     -0.00124512     
-0.00114746     -0.00119629     -0.00115967     -0.000976563     
-0.00106201     -0.00101318     -0.0010498     -0.0010376     
-0.00106201     -0.00117188     -0.00117188     -0.0012207     
-0.00112305     -0.0012085     -0.00114746     -0.0010376     
-0.00101318     -0.000939941     -0.000964355     -0.000793457     
-0.000732422     -0.000708008     -0.000634766     -0.000500488     
-0.000598145     -0.000488281     -0.000524902     -0.000561523     
-0.000561523     -0.000537109     -0.000622559     -0.000512695     
-0.000646973     -0.000622559     -0.000585938     -0.00065918     
-0.000646973     -0.000610352     -0.000537109     -0.000415039     
-0.000512695     -0.000415039     -0.000341797     -0.000354004     
-0.000390625     -0.000317383     -0.000378418     -0.000256348     
-0.000427246     -0.000476074     -0.000488281     -0.000439453     
-0.00065918     -0.000561523     -0.00065918     -0.000744629     
-0.000817871     -0.000915527     -0.000854492     -0.000866699     
-0.00101318     -0.00106201     -0.000915527     -0.00106201     
-0.00100098     -0.00100098     -0.000891113     -0.000830078     
-0.000842285     -0.000708008     -0.000732422     -0.000561523     
-0.000537109     -0.000585938     -0.000561523     -0.000463867     
-0.000585938     -0.000817871     -0.000732422     -0.000683594     
-0.000976563     -0.00090332     -0.00100098     -0.000915527     
-0.000976563     -0.00098877     -0.000915527     -0.000866699     
-0.000842285     -0.000927734     -0.000939941     -0.000683594     
-0.000793457     -0.000878906     -0.000842285     -0.000708008     
-0.000769043     -0.000805664     -0.000805664     -0.00078125     
-0.000683594     -0.000708008     -0.000671387     -0.000610352     
-0.000622559     -0.00065918     -0.000622559     -0.000598145     
-0.000634766     -0.000524902     -0.00057373     -0.000549316     
-0.000427246     -0.000561523     -0.000378418     -0.000415039     
-0.000439453     -0.000378418     -0.000524902     -0.00045166     
-0.000561523     -0.000634766     -0.000708008     -0.000720215     
-0.00078125     -0.000866699     -0.000854492     -0.000842285     
-0.000708008     -0.000805664     -0.000891113     -0.000732422     
-0.000756836     -0.000683594     -0.000537109     -0.000476074     
-0.000537109     -0.000488281     -0.000366211     -0.000439453     
-0.000439453     -0.000427246     -0.000366211     -0.000549316     
-0.000537109     -0.000561523     -0.000842285     -0.000817871     
-0.000976563     -0.0010376     -0.0012085     -0.00135498     
-0.00140381     -0.00140381     -0.00146484     -0.00142822     
-0.00142822     -0.00148926     -0.0013916     -0.00128174     
-0.00133057     -0.00130615     -0.00111084     -0.00118408     
-0.00112305     -0.0012207     -0.00109863     -0.000964355     
-0.00107422     -0.00102539     -0.0010376     -0.000976563     
-0.00098877     -0.000964355     -0.000854492     -0.000769043     
-0.000744629     -0.000732422     -0.000720215     -0.000561523     
-0.000585938     -0.00057373     -0.000585938     -0.00032959     
-0.000366211     -0.000488281     -0.00045166     -0.000305176     
-0.000354004     -0.000390625     -0.000378418     -0.000231934     
-0.000354004     -0.000378418     -0.000476074     -0.000268555     
-0.000598145     -0.000646973     -0.000720215     -0.000671387     
-0.000720215     -0.00090332     -0.000915527     -0.000756836     
-0.000854492     -0.000878906     -0.00078125     -0.000756836     
-0.00057373     -0.000524902     -0.000537109     -0.000524902     
-0.00045166     -0.000512695     -0.000500488     -0.000476074     
-0.000561523     -0.000695801     -0.000793457     -0.000805664     
-0.00090332     -0.00106201     -0.00115967     -0.00113525     
-0.00123291     -0.00126953     -0.00136719     -0.00140381     
-0.00131836     -0.0013916     -0.00140381     -0.00123291     
-0.00126953     -0.00123291     -0.00126953     -0.00114746     
-0.00111084     -0.00102539     -0.000976563     -0.000878906     
-0.000842285     -0.00078125     -0.00065918     -0.000537109     
-0.000695801     -0.000439453     -0.000561523     -0.000488281     
-0.000524902     -0.000561523     -0.00045166     -0.000500488     
-0.000683594     -0.000671387     -0.000683594     -0.000695801     
-0.000817871     -0.000842285     -0.000793457     -0.000769043     
-0.000915527     -0.00101318     -0.000866699     -0.000866699     
-0.000817871     -0.000842285     -0.000891113     -0.000793457     
-0.000878906     -0.000805664     -0.000866699     -0.000854492     
-0.00100098     -0.00102539     -0.0010376     -0.00102539     
-0.00101318     -0.0010376     -0.000976563     -0.00098877     
-0.000964355     -0.000878906     -0.000976563     -0.000793457     
-0.000891113     -0.000817871     -0.000878906     -0.00065918     
-0.000671387     -0.000805664     -0.00078125     -0.000634766     
-0.000866699     -0.000769043     -0.000805664     -0.000610352     
-0.000830078     -0.000927734     -0.000927734     -0.000842285     
-0.00090332     -0.000964355     -0.000964355     -0.000805664     
-0.000964355     -0.000952148     -0.00113525     -0.0010498     
-0.00112305     -0.00130615     -0.00126953     -0.00128174     
-0.00136719     -0.00153809     -0.00147705     -0.00161133     
-0.00164795     -0.00147705     -0.00148926     -0.00134277     
-0.00134277     -0.00123291     -0.00117188     -0.00109863     
-0.000927734     -0.000842285     -0.000854492     -0.000708008     
-0.000634766     -0.000537109     -0.00057373     -0.000463867     
-0.000549316     -0.000512695     -0.000585938     -0.00057373     
-0.000671387     -0.000695801     -0.000830078     -0.000732422     
-0.000793457     -0.000830078     -0.000769043     -0.000744629     
-0.00078125     -0.000634766     -0.000695801     -0.000708008     
-0.00078125     -0.000793457     -0.000732422     -0.00065918     
-0.000769043     -0.000683594     -0.000769043     -0.000769043     
-0.000769043     -0.00090332     -0.000720215     -0.000683594     
-0.000842285     -0.000842285     -0.000732422     -0.000854492     
-0.000805664     -0.000817871     -0.000793457     -0.000695801     
-0.000769043     -0.000720215     -0.000769043     -0.000622559     
-0.000646973     -0.000756836     -0.000732422     -0.000695801     
-0.000708008     -0.000769043     -0.000732422     -0.000708008     
-0.000744629     -0.000744629     -0.000756836     -0.00057373     
-0.000549316     -0.00057373     -0.000708008     -0.000585938     
-0.000524902     -0.000598145     -0.000549316     -0.000476074     
-0.000463867     -0.000598145     -0.000683594     -0.000683594     
-0.000842285     -0.00101318     -0.00112305     -0.00124512     
-0.00137939     -0.00168457     -0.00178223     -0.00185547     
-0.00209961     -0.00211182     -0.00219727     -0.00212402     
-0.00209961     -0.00209961     -0.00206299     -0.00198975     
-0.00178223     -0.0017334     -0.00148926     -0.00145264     
-0.00126953     -0.00107422     -0.00098877     -0.00090332     
-0.000842285     -0.000671387     -0.000683594     -0.000549316     
-0.000537109     -0.000439453     -0.000500488     -0.000561523     
-0.000488281     -0.000622559     -0.000598145     -0.000585938     
-0.000793457     -0.000671387     -0.000817871     -0.000769043     
-0.000878906     -0.000866699     -0.000817871     -0.000842285     
-0.000817871     -0.000769043     -0.000744629     -0.000671387     
-0.000708008     -0.000622559     -0.000537109     -0.000524902     
-0.000561523     -0.000634766     -0.000646973     -0.000708008     
-0.000830078     -0.00090332     -0.00098877     -0.000915527     
-0.00108643     -0.00114746     -0.00109863     -0.00101318     
-0.00123291     -0.00118408     -0.0010376     -0.00102539     
-0.00100098     -0.00111084     -0.00108643     -0.000927734     
-0.00107422     -0.00109863     -0.00106201     -0.00102539     
-0.00100098     -0.00101318     -0.00100098     -0.000927734     
-0.000891113     -0.000891113     -0.000769043     -0.000622559     
-0.000610352     -0.000610352     -0.000610352     -0.000378418     
-0.000549316     -0.000549316     -0.000585938     -0.000415039     
-0.000671387     -0.000646973     -0.000720215     -0.000793457     
-0.000915527     -0.00100098     -0.00112305     -0.00098877     
-0.00114746     -0.00112305     -0.00114746     -0.00107422     
-0.00113525     -0.00115967     -0.00109863     -0.0010498     
-0.0012085     -0.00124512     -0.00123291     -0.00135498     
-0.00144043     -0.00157471     -0.00164795     -0.00166016     
-0.00164795     -0.00187988     -0.00186768     -0.00185547     
-0.00180664     -0.00186768     -0.00181885     -0.00159912     
-0.00161133     -0.00144043     -0.00141602     -0.00126953     
-0.00119629     -0.00118408     -0.00098877     -0.00102539     
-0.000927734     -0.000927734     -0.000939941     -0.000891113     
-0.000952148     -0.000964355     -0.00100098     -0.000939941     
-0.000891113     -0.000915527     -0.000927734     -0.000830078     
-0.00078125     -0.000830078     -0.000720215     -0.000671387     
-0.000830078     -0.000720215     -0.000769043     -0.000732422     
-0.00078125     -0.000769043     -0.000769043     -0.000756836     
-0.000744629     -0.000708008     -0.000622559     -0.000549316     
-0.00065918     -0.000537109     -0.000463867     -0.000439453     
-0.000488281     -0.000524902     -0.000537109     -0.000683594     
-0.000708008     -0.000939941     -0.000964355     -0.000964355     
-0.00118408     -0.00124512     -0.00129395     -0.00135498     
-0.00128174     -0.00137939     -0.00130615     -0.00118408     
-0.00111084     -0.00109863     -0.00101318     -0.000891113     
-0.00078125     -0.000732422     -0.000683594     -0.000500488     
-0.000524902     -0.000488281     -0.000402832     -0.000390625     
-0.000390625     -0.000488281     -0.000476074     -0.000463867     
-0.000610352     -0.000683594     -0.000866699     -0.000817871     
-0.00106201     -0.00108643     -0.00112305     -0.00117188     
-0.00124512     -0.00128174     -0.00141602     -0.00123291     
-0.00133057     -0.00133057     -0.00129395     -0.00112305     
-0.0012085     -0.00119629     -0.00130615     -0.0012207     
-0.00113525     -0.00144043     -0.00128174     -0.00133057     
-0.00133057     -0.00125732     -0.00136719     -0.00126953     
-0.00118408     -0.0012085     -0.00113525     -0.0010498     
-0.00098877     -0.00090332     -0.000866699     -0.000854492     
-0.000769043     -0.000793457     -0.000854492     -0.000769043     
-0.00090332     -0.00098877     -0.00108643     -0.00117188     
-0.00124512     -0.00134277     -0.00128174     -0.00140381     
-0.00150146     -0.00151367     -0.00159912     -0.00164795     
-0.00164795     -0.00155029     -0.00166016     -0.00148926     
-0.00152588     -0.00163574     -0.00155029     -0.00131836     
-0.00135498     -0.00134277     -0.0013916     -0.0012085     
-0.00130615     -0.00125732     -0.00135498     -0.00134277     
-0.00141602     -0.00148926     -0.00140381     -0.00159912     
-0.00162354     -0.0017334     -0.00184326     -0.00170898     
-0.00198975     -0.00200195     -0.00186768     -0.00195313     
-0.00184326     -0.00185547     -0.00183105     -0.00159912     
-0.00164795     -0.00150146     -0.00141602     -0.00115967     
-0.00113525     -0.00102539     -0.00102539     -0.000915527     
-0.000939941     -0.000964355     -0.000830078     -0.000744629     
-0.000866699     -0.000891113     -0.000878906     -0.000793457     
-0.000939941     -0.00102539     -0.00109863     -0.000915527     
-0.0010498     -0.00118408     -0.00123291     -0.00118408     
-0.00135498     -0.00134277     -0.00137939     -0.00128174     
-0.0013916     -0.00141602     -0.00140381     -0.00142822     
-0.00140381     -0.0013916     -0.00134277     -0.0013916     
-0.00131836     -0.00141602     -0.00137939     -0.00137939     
-0.00140381     -0.00135498     -0.00150146     -0.00141602     
-0.00144043     -0.00150146     -0.00147705     -0.00142822     
-0.00146484     -0.00137939     -0.00136719     -0.00131836     
-0.0012207     -0.0012207     -0.00114746     -0.00106201     
-0.00109863     -0.00101318     -0.000927734     -0.000866699     
-0.000878906     -0.000756836     -0.000830078     -0.000720215     
-0.000793457     -0.000720215     -0.000756836     -0.000744629     
-0.000866699     -0.000830078     -0.00098877     -0.0010498     
-0.00119629     -0.00134277     -0.00141602     -0.00137939     
-0.00153809     -0.00159912     -0.00178223     -0.00175781     
-0.00186768     -0.00189209     -0.00195313     -0.00169678     
-0.00183105     -0.00187988     -0.00164795     -0.0017334     
-0.00158691     -0.00163574     -0.00150146     -0.00124512     
-0.00128174     -0.00123291     -0.00115967     -0.00111084     
-0.00114746     -0.00113525     -0.00130615     -0.00117188     
-0.00126953     -0.00145264     -0.00142822     -0.00147705     
-0.00163574     -0.00163574     -0.00168457     -0.00168457     
-0.00174561     -0.00175781     -0.00180664     -0.00162354     
-0.00175781     -0.00178223     -0.00166016     -0.00155029     
-0.00161133     -0.00161133     -0.00161133     -0.00137939     
-0.0015625     -0.00152588     -0.0015625     -0.00152588     
-0.00151367     -0.0015625     -0.00164795     -0.00162354     
-0.00162354     -0.00169678     -0.00174561     -0.00170898     
-0.00170898     -0.00178223     -0.0017334     -0.0017334     
-0.00169678     -0.00174561     -0.00155029     -0.00162354     
-0.00163574     -0.00148926     -0.00162354     -0.00146484     
-0.00145264     -0.00144043     -0.00128174     -0.00117188     
-0.00124512     -0.00114746     -0.00109863     -0.00111084     
-0.00118408     -0.00124512     -0.00114746     -0.00111084     
-0.0012085     -0.00112305     -0.0012085     -0.00115967     
-0.00115967     -0.00109863     -0.00101318     -0.00102539     
-0.0010498     -0.000976563     -0.00101318     -0.000976563     
-0.00098877     -0.000939941     -0.00100098     -0.000952148     
-0.00102539     -0.0010376     -0.0010498     -0.00107422     
-0.00114746     -0.00108643     -0.00106201     -0.0010498     
-0.00128174     -0.00126953     -0.0012207     -0.00119629     
-0.00130615     -0.00137939     -0.0012207     -0.00141602     
-0.00137939     -0.0013916     -0.00142822     -0.00133057     
-0.00136719     -0.00130615     -0.00128174     -0.00117188     
-0.00114746     -0.00106201     -0.000866699     -0.000805664     
-0.000732422     -0.000732422     -0.000622559     -0.000598145     
-0.000622559     -0.000512695     -0.000585938     -0.000537109     
-0.000695801     -0.000732422     -0.000769043     -0.000805664     
-0.000976563     -0.00108643     -0.00114746     -0.00107422     
-0.00126953     -0.00140381     -0.00151367     -0.00137939     
-0.00155029     -0.0015625     -0.00164795     -0.00146484     
-0.00146484     -0.00153809     -0.00153809     -0.0013916     
-0.00131836     -0.00129395     -0.00136719     -0.0012207     
-0.00129395     -0.00128174     -0.0012085     -0.00123291     
-0.0012085     -0.00130615     -0.0012085     -0.00123291     
-0.00129395     -0.00109863     -0.00111084     -0.0010498     
-0.00101318     -0.00090332     -0.000939941     -0.000854492     
-0.000805664     -0.000793457     -0.000769043     -0.000524902     
-0.00065918     -0.000671387     -0.00065918     -0.000634766     
-0.000756836     -0.000817871     -0.000793457     -0.000866699     
-0.00101318     -0.00112305     -0.00109863     -0.00114746     
-0.00123291     -0.00131836     -0.00133057     -0.00131836     
-0.00147705     -0.00136719     -0.00140381     -0.00136719     
-0.00142822     -0.00140381     -0.00124512     -0.00125732     
-0.00131836     -0.00119629     -0.00124512     -0.0012085     
-0.00130615     -0.00128174     -0.00131836     -0.00130615     
-0.0013916     -0.00144043     -0.00141602     -0.00151367     
-0.00144043     -0.00151367     -0.00148926     -0.00133057     
-0.00131836     -0.0012085     -0.00112305     -0.00106201     
-0.00101318     -0.000915527     -0.000817871     -0.000708008     
-0.000805664     -0.00078125     -0.000732422     -0.000683594     
-0.00078125     -0.000817871     -0.000842285     -0.000732422     
-0.000915527     -0.000927734     -0.00098877     -0.000939941     
-0.00100098     -0.00107422     -0.00113525     -0.000952148     
-0.00108643     -0.00109863     -0.00115967     -0.00102539     
-0.00113525     -0.00108643     -0.0012085     -0.00109863     
-0.00111084     -0.00108643     -0.00102539     -0.000830078     
-0.00090332     -0.00078125     -0.000708008     -0.000561523     
-0.00057373     -0.000549316     -0.000476074     -0.000476074     
-0.000378418     -0.000512695     -0.000476074     -0.000500488     
-0.000622559     -0.000488281     -0.000610352     -0.00057373     
-0.000561523     -0.000646973     -0.000646973     -0.000622559     
-0.000622559     -0.000634766     -0.000695801     -0.000830078     
-0.000842285     -0.000878906     -0.00100098     -0.00102539     
-0.00123291     -0.0012085     -0.00131836     -0.00137939     
-0.00144043     -0.00136719     -0.00133057     -0.00133057     
-0.00142822     -0.00128174     -0.00133057     -0.00126953     
-0.00125732     -0.00106201     -0.00111084     -0.000952148     
-0.000927734     -0.000878906     -0.000756836     -0.000683594     
-0.000732422     -0.000598145     -0.00057373     -0.000537109     
-0.000732422     -0.000756836     -0.000769043     -0.000817871     
-0.0010498     -0.00111084     -0.0010376     -0.00128174     
-0.00123291     -0.0013916     -0.00140381     -0.00131836     
-0.00140381     -0.0013916     -0.00131836     -0.00114746     
-0.00118408     -0.00117188     -0.00111084     -0.00106201     
-0.0010376     -0.00106201     -0.000952148     -0.000842285     
-0.000939941     -0.000915527     -0.000952148     -0.000793457     
-0.000830078     -0.000927734     -0.00078125     -0.000598145     
-0.000561523     -0.000610352     -0.000512695     -0.000500488     
-0.000524902     -0.000610352     -0.00065918     -0.000585938     
-0.000720215     -0.000842285     -0.000939941     -0.000842285     
-0.000952148     -0.00113525     -0.00109863     -0.000964355     
-0.00106201     -0.00101318     -0.0010498     -0.000939941     
-0.000964355     -0.00090332     -0.000915527     -0.000744629     
-0.000756836     -0.000842285     -0.000720215     -0.000683594     
-0.000720215     -0.000720215     -0.000708008     -0.000683594     
-0.000671387     -0.000744629     -0.000744629     -0.000708008     
-0.000769043     -0.000817871     -0.00078125     -0.000793457     
-0.000732422     -0.000842285     -0.000793457     -0.000854492     
-0.00100098     -0.00090332     -0.000854492     -0.000854492     
-0.000952148     -0.000878906     -0.000817871     -0.000854492     
-0.000952148     -0.00090332     -0.000939941     -0.000817871     
-0.00098877     -0.000878906     -0.000927734     -0.000854492     
-0.00106201     -0.00101318     -0.000915527     -0.00090332     
-0.00098877     -0.00107422     -0.00106201     -0.00108643     
-0.00112305     -0.00112305     -0.00115967     -0.00115967     
-0.00126953     -0.00128174     -0.00107422     -0.0012085     
-0.00106201     -0.00114746     -0.00107422     -0.000891113     
-0.000952148     -0.00098877     -0.000866699     -0.000793457     
-0.000854492     -0.000842285     -0.000756836     -0.000720215     
-0.000805664     -0.000866699     -0.00078125     -0.000683594     
-0.000854492     -0.000817871     -0.000695801     -0.000610352     
-0.000756836     -0.000805664     -0.000842285     -0.000720215     
-0.000878906     -0.000927734     -0.000939941     -0.000915527     
-0.0010498     -0.00109863     -0.00123291     -0.00107422     
-0.00130615     -0.00119629     -0.00128174     -0.00113525     
-0.00106201     -0.00107422     -0.0010376     -0.000793457     
-0.00090332     -0.000769043     -0.000720215     -0.000634766     
-0.000585938     -0.000610352     -0.000695801     -0.000695801     
-0.000708008     -0.00090332     -0.000878906     -0.00098877     
-0.00109863     -0.00108643     -0.00115967     -0.00109863     
-0.0010376     -0.0010498     -0.00100098     -0.000866699     
-0.000854492     -0.000842285     -0.000805664     -0.000854492     
-0.000866699     -0.000878906     -0.00107422     -0.000976563     
-0.00114746     -0.00123291     -0.00133057     -0.00134277     
-0.00137939     -0.0013916     -0.00141602     -0.0013916     
-0.00134277     -0.00136719     -0.00134277     -0.00134277     
-0.00137939     -0.00117188     -0.00134277     -0.0012207     
-0.00119629     -0.00134277     -0.00135498     -0.00124512     
-0.00140381     -0.00136719     -0.00135498     -0.00130615     
-0.00146484     -0.00145264     -0.00134277     -0.00134277     
-0.00135498     -0.00135498     -0.00118408     -0.00115967     
-0.00102539     -0.00113525     -0.000964355     -0.000793457     
-0.000756836     -0.000720215     -0.000622559     -0.000585938     
-0.000646973     -0.000622559     -0.000561523     -0.000537109     
-0.000610352     -0.000610352     -0.000610352     -0.000549316     
-0.000634766     -0.000671387     -0.000744629     -0.000634766     
-0.000744629     -0.000830078     -0.000817871     -0.000756836     
-0.000891113     -0.000915527     -0.000939941     -0.000952148     
-0.00114746     -0.00114746     -0.00119629     -0.00101318     
-0.00126953     -0.00129395     -0.00131836     -0.00128174     
-0.00136719     -0.00144043     -0.00133057     -0.00123291     
-0.00145264     -0.00142822     -0.00136719     -0.00128174     
-0.00125732     -0.00114746     -0.0012207     -0.00111084     
-0.000927734     -0.00106201     -0.000878906     -0.000866699     
-0.000830078     -0.000634766     -0.000646973     -0.000598145     
-0.000646973     -0.000585938     -0.000610352     -0.000610352     
-0.000683594     -0.000634766     -0.000732422     -0.00078125     
-0.000842285     -0.00090332     -0.00100098     -0.00102539     
-0.00124512     -0.0012207     -0.00130615     -0.00131836     
-0.00144043     -0.00148926     -0.00150146     -0.00148926     
-0.00161133     -0.00153809     -0.0015625     -0.00150146     

