Source : transient; Time : Wed Jun 14 08:01:36 2017
B0 = 3620.000000 Gauss, mw = 9.686281 GHz
 NDI-T2 sa261 20/2 42/25 523nm/1mJ
1 5000 -1.001e-06 8.997e-06 0 0
s                        V                                                 
0.000280762     0.000427246     0.000195313     4.88281e-05     
9.76563e-05     0.000170898     -6.10352e-05     -8.54492e-05     
-7.32422e-05     -2.44141e-05     -0.000305176     -0.000354004     
-0.000317383     -0.000317383     -0.000500488     -0.000512695     
-0.000500488     -0.000512695     -0.000610352     -0.000769043     
-0.000634766     -0.000524902     -0.000561523     -0.000549316     
-0.000256348     -0.000292969     -0.000427246     -0.000415039     
-0.000231934     -0.000244141     -0.000219727     -0.000244141     
-0.00012207     -0.000183105     -0.000195313     -0.000256348     
-8.54492e-05     3.66211e-05     -3.66211e-05     1.2207e-05     
0.00020752     0.000256348     8.54492e-05     9.76563e-05     
0.000195313     0.000231934     0.000158691     6.10352e-05     
0.000170898     0.000268555     0.000146484     0.000134277     
0.000268555     0.000524902     0.000415039     0.000524902     
0.000842285     0.000866699     0.000805664     0.000842285     
0.000976563     0.0010498     0.000964355     0.00106201     
0.00108643     0.0010376     0.000805664     0.000805664     
0.000878906     0.000708008     0.000671387     0.000610352     
0.00065918     0.00065918     0.000524902     0.00045166     
0.000646973     0.000683594     0.000610352     0.000634766     
0.000708008     0.000842285     0.000793457     0.000683594     
0.000793457     0.000854492     0.000769043     0.000695801     
0.000744629     0.000805664     0.000524902     0.000402832     
0.00045166     0.000488281     0.000390625     0.000292969     
0.000378418     0.000341797     0.000231934     0.000183105     
0.000195313     0.000366211     0.000244141     0.000366211     
0.000378418     0.000585938     0.000366211     0.000354004     
0.000463867     0.000561523     0.000390625     0.000378418     
0.000378418     0.00045166     0.000268555     0.000256348     
0.000183105     0.000231934     0.00020752     0.000366211     
0.00045166     0.00032959     0.000354004     0.00032959     
0.000463867     0.000610352     0.000695801     0.000610352     
0.000927734     0.000842285     0.00078125     0.000769043     
0.000927734     0.000891113     0.000756836     0.000866699     
0.000952148     0.000793457     0.000646973     0.000708008     
0.000744629     0.000744629     0.000646973     0.000695801     
0.000878906     0.00078125     0.000634766     0.000512695     
0.000537109     0.000561523     0.000366211     0.000231934     
0.000158691     0.000134277     -0.000317383     -0.00045166     
-0.000366211     -0.000366211     -0.000549316     -0.000463867     
-0.000341797     -0.000244141     -0.000415039     -0.000244141     
-0.000109863     8.54492e-05     -3.66211e-05     0.000256348     
0.000305176     0.000390625     0.000305176     0.000292969     
0.000390625     0.000415039     0.000476074     0.000378418     
0.000402832     0.000512695     0.000415039     0.000195313     
0.000402832     0.000512695     0.000463867     0.00032959     
0.000427246     0.000537109     0.000402832     0.00032959     
0.000427246     0.000561523     0.000500488     0.000476074     
0.000634766     0.000634766     0.000537109     0.000500488     
0.000634766     0.000671387     0.000537109     0.000561523     
0.00057373     0.000708008     0.000463867     0.000500488     
0.00045166     0.000549316     0.000488281     0.000476074     
0.000561523     0.000732422     0.000549316     0.000427246     
0.000500488     0.000732422     0.000720215     0.000732422     
0.000646973     0.000793457     0.000598145     0.00057373     
0.000634766     0.000695801     0.000646973     0.00065918     
0.000720215     0.000646973     0.000537109     0.000549316     
0.000695801     0.00065918     0.000671387     0.000622559     
0.000805664     0.000671387     0.000512695     0.000415039     
0.000427246     0.000512695     0.000292969     0.000305176     
0.000231934     0.000317383     6.10352e-05     2.44141e-05     
0.000183105     0.000195313     0.000158691     0.000280762     
0.000268555     0.00045166     0.000183105     0.000183105     
0.000292969     0.000439453     0.000256348     0.00032959     
0.000415039     0.00045166     0.000280762     0.000256348     
0.000341797     0.000378418     0.000280762     0.000366211     
0.000463867     0.000598145     0.000341797     0.00045166     
0.000598145     0.000610352     0.000634766     0.000524902     
0.000793457     0.000695801     0.000561523     0.000427246     
0.000512695     0.000512695     0.000427246     0.000268555     
0.000439453     0.000341797     0.000244141     6.10352e-05     
0.000256348     0.00032959     0.000219727     0.000109863     
0.00032959     0.000341797     0.000158691     0.000219727     
0.000305176     0.000366211     0.000366211     0.000231934     
0.000366211     0.000402832     0.000280762     0.000317383     
0.000292969     0.000512695     0.000366211     0.000488281     
0.000476074     0.000598145     0.000488281     0.000500488     
0.00057373     0.000756836     0.000549316     0.000805664     
0.000878906     0.000805664     0.000646973     0.000549316     
0.000524902     0.000610352     0.000402832     0.000305176     
0.000390625     0.000268555     0.000109863     0     
-2.44141e-05     -2.44141e-05     -2.44141e-05     -7.32422e-05     
7.32422e-05     0.00012207     2.44141e-05     1.2207e-05     
0.000195313     0.00032959     0.000341797     0.000317383     
0.000500488     0.000561523     0.000427246     0.000463867     
0.00045166     0.000524902     0.00045166     0.000305176     
0.000366211     0.00032959     0.000195313     0.000158691     
0.000146484     0.000354004     0.000219727     0.000292969     
0.000341797     0.000402832     0.000219727     0.000219727     
0.000305176     0.000390625     0.000305176     0.000280762     
0.000256348     0.000366211     0.000219727     4.88281e-05     
7.32422e-05     0.000109863     -0.000109863     -0.000244141     
-0.00020752     -0.00020752     -0.00045166     -0.000622559     
-0.000476074     -0.000476074     -0.000488281     -0.000488281     
-0.000244141     -0.000158691     -9.76563e-05     -0.000158691     
9.76563e-05     0.000231934     0.000317383     0.000244141     
0.000488281     0.000537109     0.00032959     0.000305176     
0.000341797     0.000427246     0.000292969     0.000366211     
0.000415039     0.000463867     0.00045166     0.000354004     
0.000549316     0.000720215     0.000622559     0.000720215     
0.00078125     0.000891113     0.000708008     0.000683594     
0.000646973     0.000805664     0.00065918     0.000598145     
0.000500488     0.000561523     0.000427246     0.00032959     
0.000378418     0.000476074     0.000341797     0.00045166     
0.000463867     0.00057373     0.000427246     0.000390625     
0.000488281     0.000500488     0.000488281     0.000500488     
0.000622559     0.000585938     0.000463867     0.000354004     
0.000500488     0.000378418     0.000402832     0.000402832     
0.000488281     0.000305176     0.000268555     0.000244141     
0.000317383     0.000390625     0.000280762     0.000415039     
0.000549316     0.000622559     0.000427246     0.000439453     
0.000756836     0.000683594     0.000744629     0.000866699     
0.000878906     0.00108643     0.000939941     0.000878906     
0.000878906     0.0010498     0.000793457     0.000842285     
0.00090332     0.000891113     0.000537109     0.000476074     
0.000439453     0.00032959     0.00012207     6.10352e-05     
-1.2207e-05     -1.2207e-05     -0.000244141     -0.000341797     
-0.000183105     -0.000170898     -6.10352e-05     -0.000109863     
0.00020752     0.000354004     0.000292969     0.000244141     
0.000463867     0.00065918     0.000598145     0.000549316     
0.000708008     0.000720215     0.000585938     0.000415039     
0.000476074     0.00045166     0.000292969     0.00032959     
0.000390625     0.000427246     0.000146484     0.00012207     
0.000134277     0.000146484     0.000134277     -3.66211e-05     
0.000158691     0.000256348     2.44141e-05     6.10352e-05     
-2.44141e-05     0.00012207     2.44141e-05     -8.54492e-05     
0     -3.66211e-05     -0.000341797     -0.00032959     
-0.00032959     -0.000195313     -0.000305176     -0.00020752     
-0.000231934     -7.32422e-05     -0.000170898     -0.000158691     
-6.10352e-05     0.000158691     0.00012207     0.000305176     
0.000390625     0.000561523     0.000390625     0.000463867     
0.000756836     0.000927734     0.000891113     0.00090332     
0.00109863     0.00112305     0.00101318     0.000915527     
0.00107422     0.0010376     0.000854492     0.000793457     
0.000915527     0.00078125     0.000585938     0.000512695     
0.000598145     0.00057373     0.000488281     0.000427246     
0.00057373     0.000500488     0.00020752     0.000244141     
0.000341797     0.000354004     0.000183105     0.000219727     
0.000231934     0.000280762     0.000134277     0.000195313     
0.000341797     0.000646973     0.000732422     0.00090332     
0.00134277     0.00175781     0.00197754     0.00235596     
0.00275879     0.00345459     0.00367432     0.00400391     
0.00455322     0.00499268     0.00516357     0.00528564     
0.00582275     0.00615234     0.0064209     0.00670166     
0.00709229     0.00737305     0.00759277     0.00778809     
0.00826416     0.00858154     0.00888672     0.00905762     
0.00946045     0.00974121     0.00994873     0.0101074     
0.0104736     0.0108521     0.0110352     0.0112915     
0.0116821     0.012085     0.0124146     0.0126465     
0.0130859     0.0136353     0.0139404     0.0143066     
0.0146973     0.0150757     0.0151733     0.0154419     
0.015686     0.01604     0.0162231     0.0162354     
0.0165039     0.0167603     0.0167603     0.0168335     
0.0169678     0.0172729     0.0174316     0.0177368     
0.018103     0.0184692     0.0186401     0.0188843     
0.0192749     0.0196655     0.0199219     0.0200317     
0.0205444     0.0207397     0.0208374     0.0209717     
0.0213013     0.0215576     0.0217896     0.0219482     
0.0222534     0.0223877     0.0225708     0.0227417     
0.0230957     0.0233765     0.0235718     0.0238403     
0.0240967     0.0243408     0.0244263     0.0245483     
0.0248657     0.0250488     0.0252441     0.0255371     
0.025769     0.0260864     0.0260132     0.0262329     
0.0264282     0.0266846     0.0265503     0.0266724     
0.0268188     0.0268066     0.0266602     0.0266235     
0.0267334     0.0268433     0.0267822     0.0269653     
0.0270508     0.0272827     0.0272217     0.0273804     
0.0277344     0.0279419     0.0281128     0.0281982     
0.028418     0.0285767     0.0285889     0.0285889     
0.028833     0.0289307     0.0290527     0.0290039     
0.0292236     0.0293579     0.0293579     0.0293701     
0.0296143     0.0298584     0.0299438     0.0300293     
0.0300781     0.0303101     0.0302002     0.0302124     
0.030188     0.0302856     0.0302734     0.0301025     
0.0300903     0.030127     0.0299927     0.0298828     
0.0299316     0.0301636     0.0300903     0.0301636     
0.0302246     0.0303955     0.0303589     0.0304688     
0.0304932     0.0305664     0.0304443     0.0305664     
0.030603     0.0306763     0.0305176     0.0305054     
0.0303955     0.0303833     0.0303955     0.0302979     
0.0302124     0.0301758     0.0299438     0.0298218     
0.0297852     0.029834     0.0296997     0.0295898     
0.0296997     0.029541     0.0296021     0.0293823     
0.0296265     0.029541     0.0295288     0.0294067     
0.0294556     0.0293945     0.0290405     0.0289795     
0.0288696     0.028772     0.0285889     0.028418     
0.028479     0.0282959     0.0281128     0.0279785     
0.0279663     0.028064     0.0279419     0.0280151     
0.028064     0.0281616     0.0279785     0.028064     
0.0281128     0.0282227     0.0281738     0.0282227     
0.0282593     0.0282959     0.0279785     0.0279297     
0.0279297     0.0278198     0.0276001     0.0275635     
0.0275024     0.027478     0.0272583     0.0269897     
0.0270264     0.0270142     0.0269653     0.0268066     
0.0267456     0.0268066     0.0266235     0.0262817     
0.0263916     0.0262939     0.0261353     0.0259644     
0.0258667     0.0257324     0.0255127     0.0252075     
0.0251343     0.025061     0.0247559     0.0246338     
0.024585     0.0245605     0.0243408     0.0242432     
0.0242432     0.0242676     0.0240234     0.0241089     
0.0240356     0.0242188     0.023938     0.0239136     
0.0238403     0.0238159     0.0237549     0.0236572     
0.0236816     0.0236816     0.0234131     0.0233398     
0.0232666     0.0232666     0.0230713     0.0230347     
0.0228394     0.0228149     0.022583     0.0223633     
0.0223145     0.0221558     0.0218994     0.0217773     
0.0216919     0.021521     0.0212158     0.0209473     
0.0209839     0.020813     0.0206055     0.0203735     
0.0203735     0.0201538     0.0198364     0.0196777     
0.0195801     0.0195435     0.0193359     0.0192627     
0.0192017     0.0192139     0.0189575     0.01875     
0.018811     0.0185913     0.0183594     0.0182007     
0.0181763     0.0180176     0.0176025     0.0174316     
0.0172607     0.0171509     0.0169312     0.0167725     
0.0168213     0.0167236     0.0164917     0.0165039     
0.0165405     0.0166748     0.0165161     0.0165405     
0.0166504     0.0166626     0.0164673     0.016394     
0.0164063     0.0164185     0.0162231     0.0160645     
0.0161377     0.0160278     0.0158081     0.0155884     
0.015686     0.0156128     0.0154297     0.0153076     
0.0153809     0.0153076     0.0151489     0.0149048     
0.0149536     0.0150269     0.0147949     0.0146729     
0.0145752     0.0144287     0.0141357     0.013916     
0.0137573     0.0135864     0.0133911     0.0131226     
0.0129395     0.0128174     0.0125122     0.0123901     
0.0123535     0.0125488     0.0123901     0.0123657     
0.012439     0.0125977     0.0124512     0.0124146     
0.0124634     0.0126465     0.0124756     0.0125122     
0.0125488     0.0125977     0.0123535     0.0122803     
0.0122925     0.0124146     0.0122681     0.0122192     
0.012207     0.0121948     0.0120361     0.0118896     
0.011853     0.0118164     0.0117188     0.0116211     
0.0116089     0.0114746     0.011377     0.0112671     
0.0112061     0.011084     0.0110718     0.0109375     
0.0109375     0.0109131     0.0106445     0.0106323     
0.0105957     0.0106567     0.0105225     0.0104004     
0.0105713     0.0105591     0.010376     0.0102539     
0.010376     0.0104492     0.0103394     0.0103271     
0.0104126     0.0104614     0.0102295     0.0101929     
0.0103394     0.0103394     0.0101807     0.0102783     
0.0102539     0.0101563     0.0100464     0.0100342     
0.00998535     0.0100098     0.00983887     0.00985107     
0.00992432     0.00996094     0.00986328     0.00981445     
0.0098877     0.0100952     0.0100098     0.00994873     
0.0100952     0.0101563     0.0100464     0.00992432     
0.0100342     0.0100464     0.00999756     0.00991211     
0.0100464     0.0101074     0.0100464     0.0100342     
0.0100464     0.0103149     0.0102173     0.0103027     
0.0105103     0.0105591     0.0104614     0.010437     
0.0104858     0.0106567     0.0104492     0.010376     
0.010437     0.0104858     0.0102295     0.010083     
0.0100464     0.0101685     0.00998535     0.00999756     
0.0100342     0.010144     0.0098999     0.00998535     
0.0101196     0.0102051     0.0101929     0.0103394     
0.0103149     0.0104126     0.0102783     0.0102783     
0.0104126     0.0104004     0.0104248     0.0103882     
0.0105469     0.0105469     0.0104614     0.0103516     
0.010498     0.0106323     0.0105835     0.0106323     
0.01073     0.0108154     0.0107056     0.0105957     
0.0107178     0.0108398     0.0107178     0.0107788     
0.0108887     0.0109985     0.0108643     0.0108032     
0.0110107     0.0111328     0.011145     0.0111694     
0.0112427     0.0114136     0.0111816     0.0113403     
0.011438     0.0115479     0.0115234     0.0116211     
0.011792     0.0118408     0.0117432     0.0116943     
0.0116821     0.011792     0.0115479     0.011499     
0.0115234     0.0115356     0.0112793     0.011084     
0.0112793     0.0113037     0.011377     0.0113281     
0.011499     0.0116943     0.0116455     0.0116089     
0.0118042     0.0120117     0.0119751     0.0119873     
0.0121826     0.0121582     0.0121216     0.0119507     
0.0121216     0.0121338     0.0121338     0.0120972     
0.012207     0.0122559     0.0121338     0.0120728     
0.0121338     0.0122437     0.0123047     0.0123047     
0.0124512     0.0124634     0.0123169     0.0123291     
0.0123413     0.0125244     0.0123535     0.0123535     
0.0123779     0.0123901     0.0122192     0.0121338     
0.012207     0.0122681     0.0121826     0.0121338     
0.0121948     0.0123291     0.0121338     0.0120483     
0.0121826     0.0122437     0.0121582     0.012085     
0.0121948     0.0122559     0.0121826     0.0119873     
0.0121704     0.0122559     0.0122437     0.0122437     
0.0123901     0.0123413     0.0122559     0.012146     
0.0123047     0.0123047     0.012207     0.0121094     
0.0121948     0.0121338     0.0118286     0.0116943     
0.0116821     0.0116821     0.0115967     0.0114624     
0.011499     0.0113647     0.0113281     0.0112427     
0.0113892     0.0115601     0.0114868     0.011731     
0.0117554     0.0120483     0.011853     0.0119751     
0.0121704     0.0122681     0.0122437     0.0123657     
0.0123779     0.0125122     0.0122925     0.0123047     
0.0123779     0.0124268     0.0121704     0.0121826     
0.0122192     0.0121704     0.0119995     0.0117065     
0.0117554     0.011792     0.0116821     0.011499     
0.0115601     0.0115112     0.0113892     0.011145     
0.0113525     0.0113159     0.0112061     0.0111938     
0.0113403     0.0113892     0.0112427     0.0111816     
0.0113647     0.011438     0.0114014     0.0113525     
0.0114624     0.0114868     0.0114014     0.0111572     
0.0112915     0.0113281     0.0111816     0.0111694     
0.0110718     0.0111328     0.0108765     0.0108643     
0.0108398     0.0109131     0.0107788     0.0108398     
0.0108521     0.0109253     0.010791     0.0107788     
0.0108398     0.0108887     0.0108398     0.0109253     
0.0109009     0.0109741     0.01073     0.0106323     
0.0106445     0.0106445     0.0105469     0.0104248     
0.0105713     0.0105225     0.0103394     0.0101929     
0.0103149     0.010376     0.0102783     0.0102661     
0.0102661     0.0102295     0.0100464     0.00991211     
0.00993652     0.00997314     0.009729     0.00975342     
0.00979004     0.00966797     0.00942383     0.00927734     
0.00933838     0.00935059     0.00921631     0.00910645     
0.00916748     0.00915527     0.00893555     0.00892334     
0.00895996     0.00892334     0.00880127     0.00887451     
0.00889893     0.00895996     0.0088623     0.00883789     
0.00893555     0.00908203     0.00888672     0.00895996     
0.00904541     0.00911865     0.00883789     0.00887451     
0.00888672     0.00900879     0.00878906     0.00883789     
0.00876465     0.00880127     0.00866699     0.00849609     
0.00860596     0.00860596     0.00845947     0.00839844     
0.00843506     0.00845947     0.00823975     0.0079834     
0.00800781     0.00802002     0.00795898     0.00775146     
0.00778809     0.00767822     0.00743408     0.0072998     
0.00725098     0.00721436     0.00718994     0.00700684     
0.00700684     0.00701904     0.00684814     0.00686035     
0.00679932     0.00690918     0.00673828     0.0067749     
0.0067627     0.00678711     0.0065918     0.00644531     
0.00639648     0.00644531     0.00629883     0.00634766     
0.00637207     0.00649414     0.00628662     0.00632324     
0.00639648     0.00648193     0.00640869     0.00646973     
0.00664063     0.00661621     0.00648193     0.00638428     
0.00649414     0.00646973     0.00639648     0.00638428     
0.00644531     0.00626221     0.00625     0.00611572     
0.00614014     0.00605469     0.00598145     0.00592041     
0.00598145     0.00587158     0.00562744     0.00554199     
0.00550537     0.00557861     0.00543213     0.00540771     
0.00551758     0.00548096     0.00537109     0.0053833     
0.00546875     0.00560303     0.00545654     0.00567627     
0.00583496     0.00581055     0.00560303     0.00574951     
0.0059082     0.0059082     0.00581055     0.00584717     
0.00587158     0.00584717     0.0055542     0.00546875     
0.00535889     0.00541992     0.00506592     0.00498047     
0.00498047     0.00488281     0.00455322     0.00437012     
0.00456543     0.00457764     0.00455322     0.00456543     
0.00474854     0.00488281     0.0048584     0.00472412     
0.00500488     0.00509033     0.00517578     0.0052002     
0.00531006     0.00535889     0.00523682     0.00512695     
0.00524902     0.00531006     0.00522461     0.00522461     
0.0052124     0.0052124     0.00506592     0.00487061     
0.00488281     0.00495605     0.00474854     0.00469971     
0.00466309     0.0046875     0.00445557     0.00443115     
0.00439453     0.00455322     0.00447998     0.00454102     
0.00465088     0.00471191     0.0045166     0.00449219     
0.00449219     0.00465088     0.00444336     0.00441895     
0.00449219     0.00438232     0.00428467     0.00415039     
0.00419922     0.00423584     0.00422363     0.00413818     
0.0041748     0.00423584     0.00415039     0.00407715     
0.00424805     0.00439453     0.00441895     0.0043335     
0.00449219     0.00441895     0.00439453     0.00440674     
0.00444336     0.00452881     0.00439453     0.00438232     
0.00440674     0.0043335     0.00412598     0.00411377     
0.00419922     0.00413818     0.00418701     0.00419922     
0.00429688     0.00428467     0.00415039     0.00427246     
0.00435791     0.00450439     0.00432129     0.00443115     
0.0045166     0.00443115     0.0043457     0.0043457     
0.0043335     0.00446777     0.00438232     0.00443115     
0.00440674     0.00452881     0.00430908     0.00423584     
0.00441895     0.00449219     0.00444336     0.00438232     
0.00458984     0.00463867     0.00449219     0.00445557     
0.00458984     0.00472412     0.00462646     0.00455322     
0.00466309     0.00461426     0.00450439     0.00427246     
0.00437012     0.00439453     0.00429688     0.00421143     
0.00418701     0.00440674     0.00418701     0.00424805     
0.00430908     0.00444336     0.00454102     0.0045166     
0.00469971     0.00487061     0.00477295     0.00469971     
0.00480957     0.0050293     0.00495605     0.00495605     
0.00505371     0.00498047     0.00483398     0.0048584     
0.00479736     0.00489502     0.00476074     0.00489502     
0.00482178     0.00490723     0.00477295     0.00472412     
0.00478516     0.00489502     0.00483398     0.00478516     
0.00482178     0.00490723     0.00474854     0.00471191     
0.00482178     0.00482178     0.00484619     0.00483398     
0.00507813     0.00506592     0.00499268     0.00515137     
0.00540771     0.00546875     0.00560303     0.00571289     
0.00592041     0.0059082     0.00579834     0.00584717     
0.00583496     0.00583496     0.0057373     0.00571289     
0.00578613     0.00562744     0.00543213     0.00541992     
0.00544434     0.00556641     0.0053833     0.00554199     
0.00556641     0.00570068     0.00544434     0.00544434     
0.00552979     0.00571289     0.00557861     0.00559082     
0.00568848     0.0057373     0.00551758     0.00557861     
0.00568848     0.00579834     0.00563965     0.00563965     
0.00581055     0.0057251     0.00566406     0.00557861     
0.00565186     0.00570068     0.00568848     0.00559082     
0.00574951     0.00574951     0.00554199     0.0053833     
0.00556641     0.00557861     0.00541992     0.00518799     
0.00541992     0.00528564     0.00515137     0.00496826     
0.00509033     0.00510254     0.0050293     0.00507813     
0.00516357     0.00526123     0.00522461     0.00515137     
0.00531006     0.00550537     0.00543213     0.00551758     
0.00554199     0.00568848     0.00548096     0.00544434     
0.00549316     0.00556641     0.00551758     0.00543213     
0.00545654     0.00546875     0.00517578     0.00515137     
0.00513916     0.00528564     0.00510254     0.0052124     
0.00522461     0.00523682     0.00522461     0.00512695     
0.00526123     0.00528564     0.00526123     0.00531006     
0.00535889     0.00546875     0.00523682     0.00518799     
0.00537109     0.00527344     0.00532227     0.00517578     
0.00540771     0.00522461     0.00507813     0.00510254     
0.00517578     0.00518799     0.00506592     0.00500488     
0.00517578     0.00516357     0.00501709     0.00487061     
0.00499268     0.00500488     0.00490723     0.0048584     
0.0048584     0.0050415     0.00474854     0.00467529     
0.00483398     0.00489502     0.00477295     0.00494385     
0.00510254     0.00512695     0.00495605     0.00505371     
0.00511475     0.00526123     0.00517578     0.00524902     
0.00537109     0.00543213     0.00526123     0.0052002     
0.00528564     0.00523682     0.00515137     0.00507813     
0.00507813     0.0050415     0.00478516     0.00460205     
0.0046875     0.00465088     0.00450439     0.00429688     
0.00447998     0.00450439     0.0043457     0.00418701     
0.00423584     0.00437012     0.00428467     0.0041626     
0.00427246     0.0043335     0.00407715     0.00405273     
0.0041626     0.00415039     0.00406494     0.00407715     
0.00415039     0.00413818     0.00397949     0.00389404     
0.00390625     0.00400391     0.00391846     0.00394287     
0.00397949     0.00401611     0.00384521     0.00379639     
0.0038208     0.00390625     0.00374756     0.00374756     
0.00378418     0.00383301     0.00358887     0.00355225     
0.00358887     0.00361328     0.00357666     0.00358887     
0.00360107     0.0036499     0.00358887     0.00340576     
0.00360107     0.00357666     0.00366211     0.0036499     
0.00374756     0.0036499     0.0036499     0.00349121     
0.00356445     0.00354004     0.00343018     0.00345459     
0.00351563     0.003479     0.00316162     0.00317383     
0.00306396     0.00308838     0.00296631     0.00289307     
0.00292969     0.00286865     0.002771     0.0026123     
0.00273438     0.00286865     0.00272217     0.00280762     
0.00284424     0.00302734     0.00269775     0.00270996     
0.00297852     0.00299072     0.00284424     0.00290527     
0.00305176     0.00305176     0.0027832     0.00280762     
0.00283203     0.00294189     0.00279541     0.00281982     
0.00301514     0.00303955     0.00285645     0.00274658     
0.00299072     0.00300293     0.00291748     0.00286865     
0.00301514     0.00296631     0.00269775     0.00252686     
0.00266113     0.0026123     0.00252686     0.00238037     
0.00240479     0.00247803     0.00223389     0.00218506     
0.00220947     0.00240479     0.0022583     0.00219727     
0.00233154     0.00227051     0.00219727     0.00192871     
0.00202637     0.00202637     0.00189209     0.00189209     
0.00195313     0.00202637     0.00181885     0.00183105     
0.00192871     0.00201416     0.0020874     0.00201416     
0.00212402     0.00220947     0.00202637     0.00203857     
0.00203857     0.00209961     0.00201416     0.00198975     
0.00195313     0.00205078     0.00177002     0.00163574     
0.00172119     0.00161133     0.00155029     0.00145264     
0.00150146     0.00141602     0.00136719     0.00128174     
0.00148926     0.00137939     0.00136719     0.00134277     
0.00152588     0.00147705     0.00135498     0.00133057     
0.0013916     0.00146484     0.00140381     0.00140381     
0.00153809     0.00157471     0.00140381     0.00134277     
0.00153809     0.00153809     0.00147705     0.00153809     
0.00159912     0.00172119     0.00159912     0.00153809     
0.00158691     0.00180664     0.00164795     0.00168457     
0.00181885     0.00186768     0.00155029     0.00150146     
0.00153809     0.00157471     0.00131836     0.00137939     
0.00150146     0.0013916     0.00108643     0.00101318     
0.00118408     0.00128174     0.00112305     0.00111084     
0.00128174     0.00133057     0.00117188     0.00117188     
0.00130615     0.00134277     0.00145264     0.00133057     
0.00146484     0.00167236     0.00157471     0.00150146     
0.00167236     0.00189209     0.00185547     0.00181885     
0.00187988     0.0019043     0.00177002     0.00163574     
0.00170898     0.00164795     0.00152588     0.0013916     
0.00152588     0.00150146     0.00126953     0.00129395     
0.00128174     0.00150146     0.00129395     0.00131836     
0.00142822     0.00146484     0.00135498     0.00140381     
0.00134277     0.00161133     0.00153809     0.00168457     
0.00175781     0.00181885     0.00170898     0.00181885     
0.00177002     0.0019165     0.00183105     0.00185547     
0.00187988     0.00187988     0.00167236     0.00162354     
0.00164795     0.0017334     0.00158691     0.0015625     
0.00162354     0.00170898     0.00162354     0.00153809     
0.00175781     0.00170898     0.00172119     0.00162354     
0.00185547     0.00184326     0.00172119     0.00175781     
0.0019165     0.0020752     0.0019043     0.00205078     
0.00211182     0.00209961     0.00202637     0.00194092     
0.00192871     0.00200195     0.00186768     0.00179443     
0.00174561     0.0017334     0.00137939     0.00135498     
0.00141602     0.00142822     0.00136719     0.00147705     
0.00157471     0.00174561     0.00168457     0.00177002     
0.00196533     0.00219727     0.00201416     0.00231934     
0.00251465     0.00257568     0.00253906     0.00253906     
0.00263672     0.00268555     0.00273438     0.00257568     
0.00280762     0.00281982     0.00258789     0.00257568     
0.00272217     0.0026123     0.00263672     0.0026001     
0.00269775     0.00267334     0.00256348     0.00246582     
0.00255127     0.00262451     0.00252686     0.00252686     
0.00263672     0.00264893     0.00253906     0.00238037     
0.00252686     0.00258789     0.00247803     0.00245361     
0.00241699     0.0026123     0.00233154     0.00224609     
0.00224609     0.00238037     0.00233154     0.00214844     
0.00219727     0.00211182     0.00186768     0.00181885     
0.00174561     0.00184326     0.00169678     0.00178223     
0.0017334     0.00185547     0.00174561     0.00174561     
0.0019043     0.00209961     0.0020752     0.00212402     
0.00236816     0.00235596     0.00233154     0.00222168     
0.00245361     0.00246582     0.00249023     0.00244141     
0.00258789     0.00244141     0.00239258     0.00238037     
0.00247803     0.00252686     0.00249023     0.00239258     
0.00246582     0.00255127     0.00233154     0.0022583     
0.00231934     0.00228271     0.00217285     0.00227051     
0.00233154     0.00240479     0.00217285     0.00213623     
0.00218506     0.00234375     0.00218506     0.0022583     
0.00246582     0.00240479     0.00227051     0.00235596     
0.00251465     0.0026001     0.00258789     0.00270996     
0.00281982     0.00300293     0.00274658     0.00274658     
0.00290527     0.0029541     0.00280762     0.00275879     
0.00279541     0.00272217     0.00250244     0.00234375     
0.00250244     0.0024292     0.00230713     0.00223389     
0.00230713     0.00219727     0.00213623     0.00192871     
0.00203857     0.00205078     0.00192871     0.0019043     
0.00189209     0.0020874     0.00180664     0.00179443     
0.00183105     0.00201416     0.00201416     0.00187988     
0.0020752     0.00223389     0.0020874     0.00205078     
0.0020752     0.00220947     0.00211182     0.0020874     
0.00211182     0.0020874     0.00186768     0.00184326     
0.00184326     0.00187988     0.00172119     0.0017334     
0.00177002     0.00185547     0.00168457     0.00164795     
0.00166016     0.00185547     0.00183105     0.00186768     
0.00198975     0.00201416     0.00192871     0.0019165     
0.00206299     0.00222168     0.00216064     0.00212402     
0.00229492     0.0022583     0.00206299     0.00192871     
0.00203857     0.00184326     0.00170898     0.00169678     
0.00168457     0.00157471     0.00130615     0.00115967     
0.00114746     0.00126953     0.00117188     0.00107422     
0.00130615     0.00140381     0.00130615     0.00134277     
0.00150146     0.00167236     0.00158691     0.00174561     
0.00186768     0.0019165     0.00175781     0.00178223     
0.00181885     0.00197754     0.00183105     0.00183105     
0.00185547     0.00189209     0.00164795     0.00157471     
0.0015625     0.00167236     0.00157471     0.00148926     
0.00161133     0.00166016     0.00152588     0.00146484     
0.00157471     0.00162354     0.00172119     0.00169678     
0.00184326     0.00184326     0.0017334     0.00162354     
0.00174561     0.00177002     0.00172119     0.00161133     
0.00169678     0.00159912     0.00148926     0.0013916     
0.00144043     0.00151367     0.00140381     0.0013916     
0.00147705     0.00157471     0.00144043     0.00125732     
0.0013916     0.00151367     0.00134277     0.00134277     
0.00134277     0.00147705     0.00125732     0.00123291     
0.00124512     0.00133057     0.00129395     0.00119629     
0.00125732     0.00134277     0.00119629     0.00108643     
0.00107422     0.00119629     0.000878906     0.00098877     
0.00102539     0.000964355     0.000805664     0.000683594     
0.000830078     0.000793457     0.000744629     0.000720215     
0.000732422     0.000830078     0.000695801     0.000561523     
0.000793457     0.000842285     0.00090332     0.000891113     
0.00118408     0.00114746     0.00107422     0.00111084     
0.00130615     0.00133057     0.00111084     0.00112305     
0.00114746     0.00108643     0.000769043     0.000646973     
0.000695801     0.000476074     0.000415039     0.000341797     
0.000378418     0.000415039     0.000195313     0.000219727     
0.000341797     0.00057373     0.000622559     0.000634766     
0.000939941     0.00107422     0.00100098     0.00114746     
0.0012085     0.00130615     0.00126953     0.00133057     
0.00130615     0.00131836     0.00098877     0.000952148     
0.00102539     0.00109863     0.000952148     0.000915527     
0.00098877     0.00098877     0.00078125     0.000732422     
0.000830078     0.000756836     0.000805664     0.000695801     
0.000817871     0.00078125     0.000610352     0.000439453     
0.000537109     0.000634766     0.000512695     0.000402832     
0.000402832     0.000488281     0.000341797     0.000231934     
0.000219727     0.00032959     0.000280762     7.32422e-05     
0.000195313     0.000256348     -2.44141e-05     -2.44141e-05     
0     0.000109863     -1.2207e-05     6.10352e-05     
0.000146484     0.000256348     0.000183105     0.000158691     
0.000268555     0.000512695     0.000341797     0.000439453     
0.000500488     0.000622559     0.000341797     0.000427246     
0.000378418     0.000427246     0.000390625     0.000292969     
0.000366211     0.000476074     0.000183105     0.000134277     
0.000280762     0.000231934     0.000183105     0.000134277     
0.000317383     0.000146484     7.32422e-05     9.76563e-05     
0.000146484     0.000134277     8.54492e-05     0.000109863     
0.000256348     0.000231934     3.66211e-05     7.32422e-05     
0.00020752     0.000354004     0.000231934     0.000231934     
0.000488281     0.000378418     0.000280762     0.000280762     
0.000354004     0.00045166     0.000231934     0.000378418     
0.000390625     0.000476074     0.000256348     0.000317383     
0.000427246     0.000463867     0.00032959     0.000402832     
0.000561523     0.000610352     0.000402832     0.00045166     
0.000500488     0.000646973     0.000537109     0.000585938     
0.000805664     0.000854492     0.000793457     0.000744629     
0.000927734     0.00108643     0.00102539     0.00102539     
0.00123291     0.0012207     0.00117188     0.00111084     
0.00130615     0.0012207     0.00118408     0.00106201     
0.00124512     0.00114746     0.00100098     0.000878906     
0.000866699     0.00100098     0.000817871     0.000769043     
0.000769043     0.000720215     0.000524902     0.000378418     
0.000476074     0.00057373     0.000415039     0.000378418     
0.000415039     0.000415039     0.000134277     8.54492e-05     
8.54492e-05     0.000170898     9.76563e-05     0.00012207     
0.000134277     0.000292969     0.000170898     0.000256348     
0.000512695     0.00065918     0.000622559     0.000817871     
0.000976563     0.00111084     0.000952148     0.000964355     
0.0010498     0.00114746     0.0010498     0.00101318     
0.00107422     0.00090332     0.000830078     0.000793457     
0.000927734     0.000854492     0.000976563     0.00102539     
0.00118408     0.00115967     0.00112305     0.00112305     
0.00128174     0.00135498     0.00118408     0.00128174     
0.00129395     0.00134277     0.00111084     0.00106201     
0.00114746     0.00108643     0.00106201     0.00102539     
0.00098877     0.00111084     0.000866699     0.000878906     
0.000964355     0.00111084     0.00102539     0.00113525     
0.00133057     0.00135498     0.00117188     0.00126953     
0.00142822     0.00146484     0.00123291     0.0013916     
0.00141602     0.00134277     0.0010376     0.00102539     
0.00107422     0.0010498     0.000866699     0.000805664     
0.000964355     0.000964355     0.000842285     0.000793457     
0.0010376     0.00118408     0.00108643     0.00106201     
0.00130615     0.00133057     0.0012207     0.000952148     
0.0010376     0.00115967     0.000964355     0.000964355     
0.00098877     0.000927734     0.000769043     0.000805664     
0.000891113     0.000976563     0.000976563     0.00090332     
0.000952148     0.00107422     0.000927734     0.00090332     
0.00090332     0.00098877     0.000817871     0.000854492     
0.000915527     0.00090332     0.000793457     0.000732422     
0.000830078     0.000891113     0.000854492     0.000939941     
0.000964355     0.00115967     0.000927734     0.000891113     
0.00098877     0.00109863     0.00100098     0.000915527     
0.00107422     0.000952148     0.00078125     0.000708008     
0.000732422     0.00078125     0.00078125     0.000610352     
0.000683594     0.000671387     0.000524902     0.000415039     
0.000646973     0.000683594     0.00057373     0.000634766     
0.00078125     0.000964355     0.000683594     0.000769043     
0.000842285     0.000927734     0.000891113     0.000939941     
0.00107422     0.00106201     0.00098877     0.00098877     
0.00100098     0.00106201     0.000939941     0.00113525     
0.00114746     0.00112305     0.000805664     0.000830078     
0.000952148     0.000952148     0.000720215     0.000805664     
0.000878906     0.000830078     0.000634766     0.000634766     
0.000683594     0.000671387     0.000561523     0.000561523     
0.000585938     0.000683594     0.000500488     0.000305176     
0.000488281     0.000549316     0.000537109     0.00045166     
0.000622559     0.000744629     0.000622559     0.000524902     
0.00078125     0.000878906     0.000830078     0.00078125     
0.00101318     0.00101318     0.00090332     0.000854492     
0.0010498     0.00113525     0.000952148     0.0010376     
0.00117188     0.00107422     0.00102539     0.000976563     
0.00102539     0.00109863     0.000915527     0.0010376     
0.00106201     0.00115967     0.000976563     0.000952148     
0.000976563     0.00112305     0.00108643     0.0010498     
0.0012085     0.00130615     0.0012085     0.00108643     
0.00107422     0.00124512     0.0010498     0.000964355     
0.000927734     0.00078125     0.000671387     0.000488281     
0.000488281     0.000476074     0.000463867     0.000366211     
0.000549316     0.000524902     0.00045166     0.000463867     
0.00057373     0.000634766     0.000708008     0.000683594     
0.000915527     0.000793457     0.000720215     0.00065918     
0.000756836     0.000830078     0.000695801     0.00065918     
0.000720215     0.000732422     0.000500488     0.000415039     
0.000512695     0.000476074     0.000390625     0.000354004     
0.000378418     0.000463867     0.00020752     0.000292969     
0.000317383     0.00032959     0.000231934     0.000366211     
0.000463867     0.000476074     0.000354004     0.000305176     
0.000427246     0.000500488     0.000427246     0.000524902     
0.00057373     0.000732422     0.000537109     0.000500488     
0.000683594     0.000793457     0.000793457     0.000708008     
0.000866699     0.000854492     0.000769043     0.000537109     
0.000512695     0.000683594     0.000561523     0.000341797     
0.000476074     0.000537109     0.000390625     0.000170898     
0.000366211     0.000524902     0.000427246     0.000500488     
0.000634766     0.000695801     0.000683594     0.000500488     
0.000695801     0.000793457     0.000769043     0.000732422     
0.000939941     0.000915527     0.00065918     0.00065918     
0.000683594     0.000842285     0.000524902     0.000622559     
0.000634766     0.000585938     0.00032959     0.000219727     
0.000354004     0.00045166     0.000292969     0.000439453     
0.000598145     0.000610352     0.000561523     0.000695801     
0.000744629     0.000878906     0.000817871     0.000769043     
0.00100098     0.000927734     0.000720215     0.000634766     
0.000537109     0.000549316     0.000415039     0.000390625     
0.000378418     0.000280762     0.000146484     4.88281e-05     
7.32422e-05     0.00012207     4.88281e-05     -6.10352e-05     
0     -4.88281e-05     -0.000317383     -0.000402832     
-0.000415039     -0.000317383     -0.000634766     -0.000671387     
-0.000488281     -0.000598145     -0.000708008     -0.000683594     
-0.000622559     -0.000512695     -0.000622559     -0.000512695     
-0.000390625     -0.000305176     -0.000488281     -0.000427246     
-0.00020752     -0.00012207     -0.000317383     -0.000146484     
0     0     -0.000195313     -0.000244141     
-4.88281e-05     0.000134277     6.10352e-05     4.88281e-05     
0.000268555     0.000317383     0.000317383     0.000244141     
0.000378418     0.000500488     0.000488281     0.000512695     
0.000646973     0.000671387     0.000512695     0.000415039     
0.00065918     0.000585938     0.000671387     0.000610352     
0.000549316     0.000634766     0.000488281     0.000366211     
0.000317383     0.000524902     0.000317383     0.000244141     
0.00032959     0.000427246     0.000158691     1.2207e-05     
0.000268555     0.000402832     0.000231934     0.000231934     
0.00032959     0.000500488     0.000244141     0.000292969     
0.00032959     0.000415039     0.000390625     0.000378418     
0.000366211     0.000524902     0.000231934     0.000256348     
0.000317383     0.000402832     0.000268555     0.000354004     
0.000390625     0.000512695     0.000415039     0.000244141     
0.000427246     0.000549316     0.000463867     0.000427246     
0.000598145     0.000634766     0.000500488     0.000366211     
0.000476074     0.000476074     0.000366211     0.000256348     
0.00032959     0.000134277     0.00012207     2.44141e-05     
0.00012207     0.00020752     9.76563e-05     0.000170898     
0.000268555     0.000366211     0.000292969     0.000231934     
0.000366211     0.000402832     0.000292969     0.000231934     
0.000439453     0.000366211     6.10352e-05     2.44141e-05     
7.32422e-05     0.000134277     -9.76563e-05     -3.66211e-05     
0     3.66211e-05     -0.000158691     -0.000158691     
-8.54492e-05     0     -0.000134277     -7.32422e-05     
0.00012207     6.10352e-05     -3.66211e-05     -3.66211e-05     
2.44141e-05     0.000195313     7.32422e-05     6.10352e-05     
0.000219727     0.000195313     0.000109863     4.88281e-05     
0.000231934     0.000268555     0.000158691     0.000158691     
0.00032959     0.000366211     0.000280762     0.000183105     
0.000427246     0.000561523     0.000463867     0.000512695     
0.000708008     0.00090332     0.000622559     0.000622559     
0.000805664     0.000878906     0.000744629     0.000622559     
0.000842285     0.000927734     0.000598145     0.000671387     
0.000646973     0.000756836     0.000610352     0.000695801     
0.000646973     0.000732422     0.000646973     0.000500488     
0.000598145     0.000708008     0.000561523     0.000598145     
0.000585938     0.000598145     0.000488281     0.000427246     
0.00045166     0.000561523     0.000439453     0.00045166     
0.000598145     0.000537109     0.000415039     0.000317383     
0.000378418     0.00045166     0.000256348     0.000146484     
0.000341797     0.000183105     -1.2207e-05     -3.66211e-05     
4.88281e-05     3.66211e-05     1.2207e-05     7.32422e-05     
0.000183105     0.000256348     0.000134277     0.00020752     
0.000305176     0.000427246     0.000366211     0.000512695     
0.000634766     0.000598145     0.000622559     0.000537109     
0.000585938     0.000732422     0.00057373     0.000646973     
0.000695801     0.000671387     0.00045166     0.000476074     
0.000476074     0.000488281     0.000305176     0.000280762     
0.000341797     0.000341797     0.000134277     0.000244141     
0.000256348     0.000378418     0.000256348     0.000305176     
0.000500488     0.000500488     0.000354004     0.000366211     
0.000463867     0.000598145     0.000524902     0.000512695     
0.000695801     0.000756836     0.00065918     0.000622559     
0.000756836     0.000769043     0.000683594     0.00065918     
0.000891113     0.000878906     0.000646973     0.000524902     
0.000598145     0.000756836     0.000463867     0.000402832     
0.000427246     0.000378418     0.000305176     0     
0.000195313     0.000292969     0.000158691     0.000280762     
0.000366211     0.000549316     0.000488281     0.000524902     
0.00065918     0.000817871     0.000708008     0.000793457     
0.000891113     0.00101318     0.000756836     0.000671387     
0.000744629     0.000830078     0.000695801     0.000622559     
0.000646973     0.000646973     0.000476074     0.000439453     
0.000549316     0.00065918     0.000537109     0.000598145     
0.00078125     0.000756836     0.000793457     0.000671387     
0.000756836     0.000720215     0.000744629     0.000756836     
0.000793457     0.000720215     0.000634766     0.000476074     
0.000537109     0.000561523     0.000341797     0.000366211     
0.000378418     0.000415039     0.000195313     0.000170898     
0.000366211     0.00032959     0.000378418     0.000402832     
0.000488281     0.00057373     0.000390625     0.000463867     
0.000524902     0.000634766     0.000512695     0.00057373     
0.000634766     0.000549316     0.000402832     0.000280762     
0.000354004     0.000378418     0.000219727     0.000292969     
0.00020752     0.00020752     1.2207e-05     2.44141e-05     
3.66211e-05     0.000158691     9.76563e-05     7.32422e-05     
0.000219727     0.000158691     0.000170898     6.10352e-05     
0.00012207     0.000170898     9.76563e-05     -0.000109863     
0.000109863     6.10352e-05     -0.00012207     -0.000378418     
-0.000146484     -6.10352e-05     -8.54492e-05     -2.44141e-05     
8.54492e-05     0.000305176     0.000195313     0.00020752     
0.000415039     0.000537109     0.000549316     0.000476074     
0.000708008     0.000671387     0.000561523     0.000549316     
0.000524902     0.000708008     0.000622559     0.000634766     
0.000549316     0.000634766     0.000390625     0.000305176     
0.000305176     0.000402832     0.000292969     0.000256348     
0.000378418     0.000427246     0.00020752     0.000280762     
0.000317383     0.000439453     0.000305176     0.000390625     
0.000488281     0.000537109     0.000500488     0.000378418     
0.000427246     0.000537109     0.000610352     0.000390625     
0.000537109     0.000463867     0.000231934     6.10352e-05     
0.000158691     0.000109863     -3.66211e-05     -0.000146484     
-0.000109863     -0.00012207     -0.000390625     -0.000366211     
-0.000305176     -0.00020752     -0.000390625     -0.000341797     
-2.44141e-05     -3.66211e-05     -0.000134277     -0.000158691     
0     9.76563e-05     0     4.88281e-05     
-2.44141e-05     8.54492e-05     -0.000146484     -0.000256348     
-0.000134277     -8.54492e-05     -0.000256348     -0.000134277     
-7.32422e-05     0     -0.000146484     -0.00012207     
1.2207e-05     0.000195313     9.76563e-05     0.000158691     
0.00032959     0.000402832     0.00032959     0.00032959     
0.000415039     0.000488281     0.000390625     0.000305176     
0.000488281     0.000476074     0.000231934     4.88281e-05     
0.000305176     0.000305176     0.000134277     4.88281e-05     
0.00020752     0.000219727     -2.44141e-05     -3.66211e-05     
1.2207e-05     0.000231934     0.000158691     0.000170898     
0.000256348     0.00020752     0.000219727     0.000158691     
0.000268555     0.000366211     0.000341797     0.000280762     
0.000305176     0.000524902     0.000256348     0.000256348     
0.000268555     0.000463867     0.000366211     0.000415039     
0.000500488     0.000646973     0.000439453     0.000415039     
0.000500488     0.000695801     0.000488281     0.000500488     
0.000585938     0.000610352     0.000427246     0.000390625     
0.000488281     0.000354004     0.000366211     0.000244141     
0.000427246     0.000378418     0.000244141     0.000183105     
0.000268555     0.000219727     0.000268555     0.000280762     
0.000390625     0.000354004     0.000317383     0.000244141     
0.000354004     0.000415039     0.000354004     0.000402832     
0.000439453     0.00057373     0.000354004     0.000280762     
0.000390625     0.00032959     0.000292969     0.000256348     
0.000219727     0.00032959     8.54492e-05     0     
-4.88281e-05     0.000195313     2.44141e-05     -1.2207e-05     
6.10352e-05     3.66211e-05     -0.000158691     -0.000219727     
-0.000244141     -2.44141e-05     -0.000292969     -0.000183105     
-0.000146484     -0.000158691     -0.000476074     -0.000402832     
-0.000244141     -0.000231934     -0.000280762     -0.000183105     
-7.32422e-05     -1.2207e-05     -7.32422e-05     -6.10352e-05     
6.10352e-05     0.000219727     0.000170898     0.000183105     
0.00032959     0.000427246     0.000390625     0.000219727     
0.000354004     0.000500488     0.000427246     0.000415039     
0.000427246     0.000463867     0.00032959     0.000195313     
0.000146484     0.000183105     8.54492e-05     -0.000134277     
-0.000134277     -0.000134277     -0.000317383     -0.000476074     
-0.000488281     -0.000354004     -0.000476074     -0.000524902     
-0.00045166     -0.000219727     -0.000390625     -0.000500488     
-0.000390625     -0.000158691     -0.000158691     -0.000146484     
-9.76563e-05     -1.2207e-05     -0.000109863     -9.76563e-05     
-6.10352e-05     -4.88281e-05     -0.00012207     -0.000183105     
-0.000109863     -0.000134277     -0.000378418     -0.000512695     
-0.000427246     -0.000512695     -0.000683594     -0.000805664     
-0.000793457     -0.000964355     -0.0010498     -0.00118408     
-0.00108643     -0.0010376     -0.00112305     -0.00113525     
-0.000891113     -0.000866699     -0.000842285     -0.000695801     
-0.000634766     -0.000415039     -0.000463867     -0.000292969     
-9.76563e-05     -0.000109863     -0.000195313     -0.000183105     
-8.54492e-05     7.32422e-05     -8.54492e-05     3.66211e-05     
0.000170898     0.000170898     2.44141e-05     6.10352e-05     
0.000219727     0.000244141     0.000109863     0.000219727     
0.000305176     0.000219727     3.66211e-05     8.54492e-05     
0.00020752     0.000256348     0.000170898     0.000219727     
0.000317383     0.000317383     0.000195313     0.000170898     
0.000280762     0.000280762     0.000280762     0.000183105     
0.000183105     0.000244141     0.000109863     1.2207e-05     
0.000170898     0.000256348     0.000231934     0.00020752     
0.000354004     0.000488281     0.00032959     0.000219727     
0.000427246     0.000488281     0.000402832     0.000390625     
0.000439453     0.000512695     0.00032959     0.00012207     
0.000317383     0.000390625     0.000268555     0.000305176     
0.000305176     0.000402832     0.000317383     0.000354004     
0.000390625     0.000585938     0.000549316     0.000476074     
0.000598145     0.000744629     0.000598145     0.000500488     
0.000598145     0.000646973     0.000610352     0.000622559     
0.000585938     0.000634766     0.000439453     0.000317383     
0.000354004     0.00032959     0.000146484     4.88281e-05     
0.000158691     7.32422e-05     -0.00012207     -0.000219727     
-0.000231934     -0.000231934     -0.000244141     -0.000378418     
-0.000109863     -0.000183105     -0.000231934     -0.000292969     
-0.000183105     3.66211e-05     -6.10352e-05     3.66211e-05     
0.000146484     0.000305176     0.000109863     0.00012207     
0.000219727     0.00020752     0.00020752     0.000183105     
0.000219727     0.000244141     -1.2207e-05     8.54492e-05     
2.44141e-05     3.66211e-05     0     -0.000109863     
0     -6.10352e-05     -0.000378418     -0.00045166     
-0.000427246     -0.000317383     -0.000524902     -0.000598145     
-0.000537109     -0.000390625     -0.000598145     -0.000598145     
-0.000512695     -0.000378418     -0.000488281     -0.000402832     
-0.000183105     -0.000183105     -9.76563e-05     -0.000195313     
-9.76563e-05     4.88281e-05     0     3.66211e-05     
0.000170898     0.000195313     -1.2207e-05     -0.000146484     
0     -6.10352e-05     -0.000146484     -0.000195313     
-0.000158691     -0.00020752     -0.00032959     -0.000427246     
-0.000292969     -0.000158691     -0.000158691     -0.000292969     
-8.54492e-05     7.32422e-05     -0.000170898     -0.00012207     
-0.00012207     4.88281e-05     -1.2207e-05     -6.10352e-05     
2.44141e-05     3.66211e-05     0     -7.32422e-05     
0     0.000109863     4.88281e-05     8.54492e-05     
0.000109863     0.000195313     3.66211e-05     0.000134277     
4.88281e-05     0.000170898     4.88281e-05     6.10352e-05     
0.000134277     0.000158691     -8.54492e-05     -0.000134277     
1.2207e-05     2.44141e-05     -0.000134277     -0.000183105     
3.66211e-05     -2.44141e-05     -8.54492e-05     -0.000170898     
-9.76563e-05     -3.66211e-05     -0.000170898     -0.000183105     
-4.88281e-05     -8.54492e-05     -0.000317383     -0.000427246     
-0.000354004     -0.000244141     -0.000378418     -0.000280762     
-0.000183105     -0.000195313     -0.000280762     -0.000268555     
-0.00012207     6.10352e-05     -8.54492e-05     0     
8.54492e-05     7.32422e-05     -0.000134277     -0.000183105     
-0.000134277     -0.000146484     -0.000195313     -0.000256348     
-0.000231934     -0.00020752     -0.000427246     -0.000512695     
-0.000402832     -0.000402832     -0.000512695     -0.000524902     
-0.000524902     -0.000366211     -0.000402832     -0.000585938     
-0.000512695     -0.000268555     -0.00020752     -0.000268555     
-0.000109863     0     -2.44141e-05     -3.66211e-05     
0.000109863     0.000244141     0.000231934     0.000280762     
0.000415039     0.000500488     0.00032959     0.000317383     
0.000317383     0.000463867     0.00020752     0.00020752     
0.000244141     0.000292969     0.000109863     -9.76563e-05     
8.54492e-05     4.88281e-05     -3.66211e-05     -7.32422e-05     
-3.66211e-05     3.66211e-05     -0.000170898     -0.000146484     
-0.000146484     -1.2207e-05     -3.66211e-05     0     
6.10352e-05     0.000219727     6.10352e-05     0.000134277     
0.00020752     0.000341797     0.000280762     0.00045166     
0.000415039     0.000463867     0.000378418     0.000305176     
0.000354004     0.000463867     0.000439453     0.000500488     
0.000622559     0.000634766     0.000634766     0.000549316     
0.000756836     0.000830078     0.000769043     0.000720215     
0.000891113     0.000744629     0.00065918     0.000415039     
0.000463867     0.000415039     0.00032959     0.000292969     
0.000305176     0.000231934     7.32422e-05     -1.2207e-05     
6.10352e-05     7.32422e-05     0     1.2207e-05     
7.32422e-05     -2.44141e-05     -0.000256348     -0.000195313     
-0.000158691     -0.00012207     -0.000231934     -0.00020752     
-7.32422e-05     -0.000109863     -0.000231934     -0.000244141     
-0.000219727     -7.32422e-05     -0.000292969     -0.00020752     
-0.000158691     -9.76563e-05     -0.000354004     -0.000280762     
-0.000244141     -0.000109863     -0.000183105     -0.000146484     
0     -2.44141e-05     -0.000158691     -0.000305176     
-8.54492e-05     -3.66211e-05     -0.000183105     -0.000219727     
1.2207e-05     1.2207e-05     -0.00012207     -0.000244141     
-4.88281e-05     4.88281e-05     -1.2207e-05     3.66211e-05     
7.32422e-05     0.000158691     6.10352e-05     -4.88281e-05     
0.000109863     0.000109863     0.000134277     7.32422e-05     
0.000231934     0.000292969     0.000109863     0.000134277     
0.00012207     0.000305176     0.000256348     0.000292969     
0.000292969     0.000378418     0.000219727     0.000170898     
0.000183105     0.000341797     0.00012207     0.00012207     
0.000109863     0.000146484     -2.44141e-05     -4.88281e-05     
0     3.66211e-05     -7.32422e-05     -0.000134277     
-1.2207e-05     1.2207e-05     -0.00012207     -0.00020752     
-9.76563e-05     -1.2207e-05     -7.32422e-05     -0.000146484     
3.66211e-05     1.2207e-05     -8.54492e-05     -0.000146484     
-2.44141e-05     -8.54492e-05     -0.000146484     -0.000170898     
-0.000170898     -0.000183105     -0.000354004     -0.000427246     
-0.000305176     -0.000268555     -0.000305176     -0.000354004     
-0.000231934     -0.000231934     -0.000354004     -0.000219727     
-0.000158691     -8.54492e-05     -0.000109863     3.66211e-05     
0.00012207     0.000354004     0.000158691     0.000134277     
0.000402832     0.000488281     0.00032959     0.000341797     
0.00045166     0.000524902     0.000231934     0.000109863     
0.000158691     0.000317383     3.66211e-05     3.66211e-05     
0.000109863     8.54492e-05     -1.2207e-05     -0.000158691     
-3.66211e-05     9.76563e-05     1.2207e-05     -2.44141e-05     
0.000146484     1.2207e-05     -0.000146484     -0.000219727     
-0.00012207     -8.54492e-05     -9.76563e-05     -0.000146484     
6.10352e-05     -2.44141e-05     -0.000158691     -0.000183105     
-0.000134277     -2.44141e-05     -0.00020752     -0.000146484     
-0.000158691     -0.000109863     -0.000170898     -0.000427246     
-0.000268555     -0.000134277     -0.000146484     -0.000305176     
-0.000219727     -6.10352e-05     -0.000268555     -0.000378418     
-0.000402832     -0.000183105     -0.000463867     -0.00057373     
-0.000500488     -0.000488281     -0.000695801     -0.000769043     
-0.000817871     -0.000720215     -0.000891113     -0.000854492     
-0.000927734     -0.000805664     -0.00098877     -0.00113525     
-0.00100098     -0.000964355     -0.0010498     -0.000964355     
-0.000976563     -0.000830078     -0.000830078     -0.000927734     
-0.000744629     -0.00065918     -0.000512695     -0.000585938     
-0.000390625     -0.000366211     -0.000524902     -0.000402832     
-0.000219727     -0.000183105     -0.000292969     -0.000170898     
-9.76563e-05     -8.54492e-05     -0.000268555     -0.000341797     
-7.32422e-05     -0.000146484     -0.000231934     -0.000158691     
-7.32422e-05     3.66211e-05     -0.000219727     -0.000183105     
-0.00020752     -8.54492e-05     -0.000183105     -0.000146484     
-4.88281e-05     -3.66211e-05     -0.000183105     -0.000134277     
0     0.000195313     6.10352e-05     0.000134277     
0.000378418     0.000488281     0.000292969     0.000305176     
0.000378418     0.000439453     0.000280762     0.000317383     
0.000231934     0.000231934     -1.2207e-05     -0.000244141     
-0.00012207     -0.000305176     -0.000439453     -0.000671387     
-0.000622559     -0.000634766     -0.000891113     -0.00113525     
-0.0010376     -0.00100098     -0.00111084     -0.00108643     
-0.00107422     -0.000976563     -0.00113525     -0.00111084     
-0.000927734     -0.000854492     -0.000817871     -0.000756836     
-0.000561523     -0.000476074     -0.000549316     -0.00045166     
-0.000415039     -0.000134277     -0.000280762     -0.000305176     
-0.000219727     -0.000109863     -0.000244141     -0.000317383     
-0.000341797     -0.00020752     -0.000317383     -0.000292969     
-0.00020752     -0.000134277     -0.000402832     -0.00032959     
-0.00032959     -0.00012207     -0.000244141     -0.000170898     
-6.10352e-05     6.10352e-05     -3.66211e-05     -0.000268555     
-0.000109863     -0.000109863     -0.000244141     -0.000390625     
-0.000268555     -0.000476074     -0.000708008     -0.000793457     
-0.00065918     -0.000646973     -0.000708008     -0.000732422     
-0.00057373     -0.000476074     -0.000622559     -0.000512695     
-0.000427246     -0.00020752     -0.000354004     -0.00020752     
-4.88281e-05     -9.76563e-05     -0.000280762     -0.000341797     
-0.000463867     -0.000268555     -0.000512695     -0.000512695     
-0.000561523     -0.00057373     -0.000756836     -0.000817871     
-0.00078125     -0.000634766     -0.000720215     -0.000634766     
-0.000585938     -0.000439453     -0.000683594     -0.000512695     
-0.000415039     -0.000292969     -0.000390625     -0.000280762     
-0.000268555     -0.000170898     -0.00032959     -0.000488281     
-0.000390625     -0.000341797     -0.000366211     -0.000415039     
-0.000305176     -0.000195313     -0.000305176     -0.000439453     
-0.000183105     -0.00012207     -0.000231934     -0.000256348     
-7.32422e-05     -0.000134277     -0.000317383     -0.000500488     
-0.000476074     -0.000402832     -0.000476074     -0.000561523     
-0.000549316     -0.000524902     -0.000683594     -0.000769043     
-0.000512695     -0.000500488     -0.00045166     -0.000415039     
-0.000341797     -0.000109863     -0.000231934     -0.000305176     
-0.000305176     -0.000183105     -0.000231934     -0.000244141     
-0.000183105     -7.32422e-05     -0.000402832     -0.000488281     
-0.000402832     -0.000354004     -0.00045166     -0.000378418     
-0.000463867     -0.000439453     -0.000524902     -0.000646973     
-0.000537109     -0.000439453     -0.000549316     -0.000500488     
-0.000390625     -0.000378418     -0.000549316     -0.000537109     
-0.000354004     -0.00045166     -0.00045166     -0.000500488     
-0.000354004     -0.000390625     -0.000476074     -0.000585938     
-0.000524902     -0.00045166     -0.000646973     -0.000524902     
-0.00045166     -0.000415039     -0.000646973     -0.00065918     
-0.000500488     -0.000500488     -0.000524902     -0.000500488     
-0.000341797     -0.000305176     -0.000390625     -0.000463867     
-0.000292969     -7.32422e-05     -0.000183105     -0.00012207     
9.76563e-05     7.32422e-05     0     0     
0     0.000158691     0     4.88281e-05     
0.000109863     0.000134277     -7.32422e-05     -8.54492e-05     
-1.2207e-05     0.00012207     -1.2207e-05     -0.000134277     
6.10352e-05     8.54492e-05     -2.44141e-05     -0.000158691     
-6.10352e-05     -2.44141e-05     -0.00012207     -0.000317383     
-9.76563e-05     -4.88281e-05     -0.000231934     -0.000354004     
-0.000195313     -0.000158691     -0.000219727     -0.000256348     
-0.000134277     -6.10352e-05     -0.000280762     -0.000170898     
-0.000219727     -0.000158691     -0.000134277     -0.000256348     
-0.000195313     -0.000109863     -0.000268555     -0.000439453     
-0.000390625     -0.000256348     -0.000390625     -0.000402832     
-0.000354004     -0.00032959     -0.00045166     -0.000549316     
-0.000463867     -0.000378418     -0.000512695     -0.000500488     
-0.000463867     -0.000317383     -0.000476074     -0.000488281     
-0.000512695     -0.00032959     -0.000378418     -0.00032959     
-0.000256348     -0.000280762     -0.000463867     -0.000524902     
-0.000402832     -0.000366211     -0.000463867     -0.000524902     
-0.000280762     -0.000341797     -0.000427246     -0.00045166     
-0.000158691     -0.000183105     -0.000134277     -8.54492e-05     
0.000183105     0.000134277     -3.66211e-05     3.66211e-05     
1.2207e-05     6.10352e-05     -2.44141e-05     1.2207e-05     
1.2207e-05     4.88281e-05     -0.000109863     -0.00012207     
-7.32422e-05     0     -0.000195313     -0.000146484     
-9.76563e-05     -6.10352e-05     -0.000292969     -0.000268555     
-0.000256348     -0.000183105     -0.000415039     -0.000354004     
-0.000366211     -0.000317383     -0.00057373     -0.000732422     
-0.000622559     -0.000634766     -0.000927734     -0.000866699     
-0.000842285     -0.000878906     -0.0010498     -0.00119629     
-0.000964355     -0.00090332     -0.00100098     -0.000952148     
-0.000708008     -0.00065918     -0.000671387     -0.000720215     
-0.000500488     -0.000354004     -0.000390625     -0.000476074     
-0.000170898     -0.000158691     -0.000219727     -0.000280762     
-0.000231934     -2.44141e-05     -0.000158691     -0.000134277     
0     1.2207e-05     -0.00012207     -0.000244141     
-8.54492e-05     -0.000109863     -0.000183105     -0.00012207     
-9.76563e-05     -1.2207e-05     -0.000146484     -0.000146484     
-1.2207e-05     9.76563e-05     6.10352e-05     0.000109863     
0.000292969     0.000280762     0.000158691     0.000183105     
0.000146484     0.000305176     0.000146484     6.10352e-05     
0     0     -0.000268555     -0.000354004     
-0.000317383     -0.000427246     -0.000500488     -0.000610352     
-0.000439453     -0.000427246     -0.000549316     -0.00057373     
-0.00032959     -0.000292969     -0.000292969     -0.000219727     
-1.2207e-05     1.2207e-05     -2.44141e-05     -0.000195313     
2.44141e-05     7.32422e-05     -0.000146484     -4.88281e-05     
-4.88281e-05     -3.66211e-05     -0.000146484     -0.000280762     
-0.000183105     -0.00020752     -0.000219727     -0.000268555     
-0.000195313     -0.000183105     -0.000427246     -0.000402832     
-0.000366211     -0.000354004     -0.000354004     -0.000305176     
-0.000158691     -7.32422e-05     -0.000378418     -0.000280762     
-0.000146484     -1.2207e-05     -0.000134277     -9.76563e-05     
-3.66211e-05     0     -0.000354004     -0.00045166     
-0.000354004     -0.000427246     -0.00057373     -0.000744629     
-0.000708008     -0.000634766     -0.00090332     -0.00106201     
-0.000817871     -0.000891113     -0.000817871     -0.000854492     
-0.000585938     -0.00057373     -0.000622559     -0.00065918     
-0.000463867     -0.00032959     -0.000317383     -0.000378418     
-0.000317383     -0.000305176     -0.000476074     -0.000585938     
-0.000537109     -0.000512695     -0.000549316     -0.000720215     
-0.000585938     -0.000598145     -0.00078125     -0.000927734     
-0.000769043     -0.00057373     -0.00078125     -0.000708008     
-0.000671387     -0.00057373     -0.00065918     -0.000610352     
-0.000585938     -0.000402832     -0.000476074     -0.000390625     
-0.000390625     -0.00032959     -0.000439453     -0.000500488     
-0.000524902     -0.000341797     -0.000366211     -0.000500488     
-0.00032959     -0.000476074     -0.000610352     -0.000585938     
-0.000500488     -0.00057373     -0.000598145     -0.000720215     
-0.000500488     -0.00057373     -0.000646973     -0.000769043     
-0.000634766     -0.00057373     -0.000720215     -0.000708008     
-0.000524902     -0.000524902     -0.00078125     -0.000817871     
-0.000805664     -0.000671387     -0.000646973     -0.000671387     
-0.00065918     -0.000598145     -0.000708008     -0.000720215     
-0.000585938     -0.000488281     -0.000585938     -0.000488281     
-0.000366211     -0.000378418     -0.000512695     -0.000585938     
-0.000524902     -0.00032959     -0.000512695     -0.000488281     
-0.000390625     -0.000305176     -0.000415039     -0.000500488     
-0.000402832     -0.000268555     -0.000415039     -0.000463867     
-0.000292969     -0.000268555     -0.000537109     -0.00057373     
-0.000439453     -0.000378418     -0.000500488     -0.00057373     
-0.000427246     -0.000537109     -0.000524902     -0.000683594     
-0.000549316     -0.00045166     -0.000500488     -0.000610352     
-0.000402832     -0.000415039     -0.000488281     -0.000610352     
-0.000463867     -0.000366211     -0.000500488     -0.000512695     
-0.000390625     -0.000354004     -0.000598145     -0.000708008     
-0.000598145     -0.000537109     -0.000720215     -0.000671387     
-0.000720215     -0.000695801     -0.000866699     -0.000927734     
-0.000976563     -0.000769043     -0.000830078     -0.000830078     
-0.000817871     -0.000695801     -0.00090332     -0.0010376     
-0.00100098     -0.000842285     -0.0010498     -0.00090332     
-0.00102539     -0.000964355     -0.00112305     -0.00117188     
-0.00109863     -0.00106201     -0.00111084     -0.000976563     
-0.000866699     -0.000842285     -0.000939941     -0.00098877     
-0.000744629     -0.000744629     -0.000793457     -0.000769043     
-0.000585938     -0.00057373     -0.000720215     -0.000720215     
-0.00057373     -0.000500488     -0.000646973     -0.000622559     
-0.000500488     -0.000512695     -0.000683594     -0.000708008     
-0.000695801     -0.00078125     -0.000817871     -0.000866699     
-0.000842285     -0.000830078     -0.00115967     -0.0010498     
-0.00106201     -0.00098877     -0.00115967     -0.00108643     
-0.000964355     -0.000964355     -0.00114746     -0.00112305     
-0.00101318     -0.000927734     -0.00112305     -0.00106201     
-0.00090332     -0.000891113     -0.0010376     -0.000952148     
-0.000830078     -0.000671387     -0.00057373     -0.000671387     
-0.000561523     -0.000476074     -0.000683594     -0.00078125     
-0.000732422     -0.000720215     -0.000720215     -0.000915527     
-0.000793457     -0.000756836     -0.000878906     -0.00101318     
-0.000915527     -0.00078125     -0.000732422     -0.000805664     
-0.00065918     -0.000537109     -0.000695801     -0.000769043     
-0.000708008     -0.00057373     -0.000610352     -0.000878906     
-0.000756836     -0.000744629     -0.00098877     -0.0010376     
-0.00108643     -0.000964355     -0.00109863     -0.00109863     
-0.0010376     -0.000952148     -0.0010498     -0.00109863     
-0.00106201     -0.000756836     -0.000842285     -0.000854492     
-0.000830078     -0.000756836     -0.000891113     -0.000842285     
-0.000866699     -0.000793457     -0.000830078     -0.000878906     
-0.000891113     -0.000805664     -0.00102539     -0.00112305     
-0.00102539     -0.000927734     -0.00106201     -0.00109863     
-0.000891113     -0.000927734     -0.000842285     -0.000854492     
-0.000634766     -0.00057373     -0.000463867     -0.000366211     
-0.00020752     -0.000231934     -0.000305176     -0.000305176     
-0.000317383     -0.000134277     -0.000256348     -0.000427246     
-0.000244141     -0.000341797     -0.00057373     -0.000598145     
-0.000610352     -0.000549316     -0.000817871     -0.000793457     
-0.00078125     -0.000793457     -0.00109863     -0.00106201     
-0.000976563     -0.00100098     -0.00109863     -0.00111084     
-0.000964355     -0.000878906     -0.00108643     -0.0010498     
-0.000964355     -0.000830078     -0.000915527     -0.000878906     
-0.000732422     -0.000610352     -0.000732422     -0.000732422     
-0.000622559     -0.000378418     -0.00032959     -0.000378418     
-8.54492e-05     -4.88281e-05     -0.000158691     -0.000170898     
0     0.00012207     7.32422e-05     0.000134277     
0.000268555     0.000292969     0.00032959     0.000146484     
0.000256348     0.000427246     0.000305176     0.000280762     
0.000341797     0.000268555     0.000170898     0     
-1.2207e-05     0     -0.00012207     -0.000183105     
-0.000280762     -0.000170898     -0.000402832     -0.00045166     
-0.000476074     -0.00032959     -0.000463867     -0.000415039     
-0.000366211     -0.000268555     -0.000439453     -0.000500488     
-0.000524902     -0.00032959     -0.000488281     -0.000463867     
-0.000427246     -0.000354004     -0.000488281     -0.000683594     
-0.000512695     -0.000390625     -0.000500488     -0.000500488     
-0.000354004     -0.000280762     -0.000354004     -0.000561523     
-0.000280762     -0.000158691     -0.000183105     -0.000292969     
-0.000146484     -0.00020752     -0.000280762     -0.000354004     
-0.000280762     -0.000231934     -0.000292969     -0.000268555     
-0.000244141     -0.000146484     -0.000354004     -0.000378418     
-0.000109863     -9.76563e-05     -0.000158691     4.88281e-05     
0.000134277     0.000219727     8.54492e-05     0.000146484     
0.000219727     0.000427246     0.000146484     0.000244141     
0.000354004     0.00045166     0.000280762     0.000292969     
0.000354004     0.000463867     0.000402832     0.000390625     
0.000524902     0.000439453     0.00020752     0.000158691     
0.00020752     0.000183105     1.2207e-05     -0.000134277     
-0.000183105     -0.000183105     -0.000378418     -0.000549316     
-0.000402832     -0.000415039     -0.000500488     -0.000476074     
-0.000305176     -0.000305176     -0.000378418     -0.000488281     
-0.000292969     -0.000256348     -0.000244141     -0.000268555     
-0.00032959     -0.000158691     -0.000341797     -0.00045166     
-0.000463867     -0.000366211     -0.000415039     -0.000561523     
-0.000537109     -0.000561523     -0.00078125     -0.000830078     
-0.000854492     -0.000622559     -0.000756836     -0.000622559     
-0.000512695     -0.000354004     -0.000378418     -0.000354004     
-0.000170898     0.000109863     0.000134277     0.000170898     
0.000170898     0.000317383     9.76563e-05     0     
-6.10352e-05     2.44141e-05     -0.00012207     -0.000292969     
-0.000146484     -0.000244141     -0.000488281     -0.000500488     
-0.000463867     -0.000354004     -0.000305176     -0.000268555     
-3.66211e-05     -9.76563e-05     -1.2207e-05     -6.10352e-05     
3.66211e-05     0.00012207     0.000195313     0.000158691     
0.000256348     0.000219727     0     0     
-1.2207e-05     -8.54492e-05     -0.000146484     -0.000170898     
-6.10352e-05     -0.000158691     -0.000317383     -0.000415039     
-0.000390625     -0.000354004     -0.000561523     -0.000598145     
-0.000463867     -0.000598145     -0.000805664     -0.000817871     
-0.000720215     -0.000805664     -0.000952148     -0.000915527     
-0.000805664     -0.000720215     -0.000952148     -0.000915527     
-0.000878906     -0.000732422     -0.000878906     -0.00065918     
-0.000610352     -0.000512695     -0.000622559     -0.000634766     
-0.000476074     -0.000366211     -0.000366211     -0.000439453     
-0.000244141     -0.000280762     -0.000305176     -0.000427246     
-0.000256348     -0.000256348     -0.000390625     -0.000512695     
-0.000280762     -0.000366211     -0.000415039     -0.000585938     
-0.000561523     -0.000390625     -0.000500488     -0.000463867     
-0.000354004     -0.000366211     -0.000354004     -0.000488281     
-0.000354004     -0.000195313     -0.000354004     -0.00012207     
-0.000183105     4.88281e-05     -8.54492e-05     -8.54492e-05     
-0.000109863     7.32422e-05     2.44141e-05     -3.66211e-05     
0     1.2207e-05     -0.000109863     -0.000183105     
-0.000134277     -2.44141e-05     -0.000134277     -0.000158691     
-0.000146484     1.2207e-05     -9.76563e-05     -0.00020752     
0     9.76563e-05     2.44141e-05     0     
0.000146484     2.44141e-05     -8.54492e-05     -0.000195313     
-7.32422e-05     -0.000158691     -0.00012207     -0.000158691     
-0.00012207     -0.000219727     -0.000158691     -0.00020752     
-9.76563e-05     1.2207e-05     1.2207e-05     9.76563e-05     
0.000195313     0.000244141     4.88281e-05     6.10352e-05     
0.000109863     4.88281e-05     -2.44141e-05     -2.44141e-05     
-2.44141e-05     -2.44141e-05     -0.000280762     -0.000231934     
-0.000280762     -0.000170898     -0.000268555     -0.000256348     
-0.000134277     -0.000134277     -0.000317383     -0.000354004     
-0.000415039     -0.000231934     -0.000378418     -0.000366211     
-0.000354004     -0.000183105     -0.000512695     -0.000439453     
-0.000378418     -0.00032959     -0.000415039     -0.00045166     
-0.000354004     -0.000280762     -0.000402832     -0.000537109     
-0.000439453     -0.000378418     -0.000427246     -0.000561523     
-0.000415039     -0.000415039     -0.000598145     -0.000756836     
-0.00065918     -0.000634766     -0.000793457     -0.000805664     
-0.00078125     -0.000793457     -0.000964355     -0.000976563     
-0.000830078     -0.000708008     -0.000720215     -0.000695801     
-0.000512695     -0.000415039     -0.000439453     -0.000500488     
-0.000463867     -0.000195313     -0.000427246     -0.000366211     
-0.000390625     -0.000366211     -0.000524902     -0.000634766     
-0.000646973     -0.000610352     -0.00065918     -0.000634766     
-0.000646973     -0.000500488     -0.000500488     -0.000537109     
-0.000439453     -0.00020752     -0.000231934     -0.000195313     
-2.44141e-05     2.44141e-05     -9.76563e-05     -0.000109863     
6.10352e-05     9.76563e-05     9.76563e-05     7.32422e-05     
0.000219727     0.00020752     0.000109863     6.10352e-05     
0.00020752     0.000195313     0.000109863     9.76563e-05     
0.000183105     0.000158691     -2.44141e-05     -8.54492e-05     
-2.44141e-05     3.66211e-05     -0.000109863     -3.66211e-05     
6.10352e-05     2.44141e-05     -4.88281e-05     -0.000109863     
-6.10352e-05     2.44141e-05     -0.000134277     -6.10352e-05     
-0.000170898     -0.000170898     -0.000402832     -0.000488281     
-0.000427246     -0.000415039     -0.000537109     -0.000476074     
-0.000537109     -0.000402832     -0.00057373     -0.000463867     
-0.000305176     -0.000109863     -0.000256348     -0.000158691     
0     3.66211e-05     -0.000146484     -0.000292969     
-0.000134277     9.76563e-05     -0.000109863     -0.000219727     
0     0     -9.76563e-05     -0.000280762     
-4.88281e-05     0     0     -9.76563e-05     
-3.66211e-05     -1.2207e-05     -0.000244141     -0.000378418     
-0.000415039     -0.000354004     -0.000537109     -0.000537109     
-0.000561523     -0.000622559     -0.00065918     -0.000805664     
-0.000744629     -0.000695801     -0.00078125     -0.000866699     

