Source : transient; Time : Wed Jun 14 04:58:57 2017
B0 = 3100.000000 Gauss, mw = 9.686279 GHz
 NDI-T2 sa261 20/2 42/25 523nm/1mJ
1 5000 -1.001e-06 8.997e-06 0 0
s                        V                                                 
-0.000256348     -0.000341797     -0.000402832     -0.000354004     
-0.000415039     -0.00045166     -0.000366211     -0.000317383     
-0.000476074     -0.000402832     -0.000378418     -0.000341797     
-0.00045166     -0.000354004     -0.000354004     -0.000219727     
-0.000317383     -0.000390625     -0.000378418     -0.000415039     
-0.000476074     -0.000585938     -0.000366211     -0.000415039     
-0.000427246     -0.000427246     -0.000354004     -0.000512695     
-0.000390625     -0.000390625     -0.000292969     -0.000219727     
-0.000292969     -0.000244141     -0.000378418     -0.000354004     
-0.000280762     -0.000231934     -0.000244141     -9.76563e-05     
-0.000244141     -0.000158691     -0.000109863     -0.000146484     
-0.000146484     -0.000109863     -4.88281e-05     -6.10352e-05     
-6.10352e-05     -0.000183105     -0.000146484     -9.76563e-05     
-0.00012207     -1.2207e-05     4.88281e-05     9.76563e-05     
9.76563e-05     0.00012207     0.000109863     0.000170898     
0     -0.000183105     -0.00020752     -0.000268555     
-0.000488281     -0.000512695     -0.000585938     -0.000598145     
-0.000756836     -0.00078125     -0.000732422     -0.000671387     
-0.000671387     -0.000756836     -0.000512695     -0.000366211     
-0.000292969     -0.000268555     0     0     
0.000134277     0.000134277     0.00012207     0.000195313     
0.000256348     0.000146484     0.000109863     8.54492e-05     
-0.00020752     -0.000256348     -0.000341797     -0.000354004     
-0.000561523     -0.000671387     -0.00057373     -0.000622559     
-0.000817871     -0.000927734     -0.000854492     -0.000842285     
-0.000952148     -0.000830078     -0.000720215     -0.000646973     
-0.00078125     -0.000646973     -0.000537109     -0.00045166     
-0.000488281     -0.000488281     -0.000366211     -0.000134277     
-0.000305176     -0.000158691     -8.54492e-05     8.54492e-05     
-1.2207e-05     3.66211e-05     0.00020752     0.000244141     
0.000146484     0.000134277     8.54492e-05     9.76563e-05     
9.76563e-05     2.44141e-05     7.32422e-05     6.10352e-05     
3.66211e-05     -0.000170898     -2.44141e-05     -4.88281e-05     
-0.000109863     -0.000146484     -0.00012207     -0.000146484     
-0.00032959     -0.000366211     -0.00045166     -0.000488281     
-0.000671387     -0.000720215     -0.000695801     -0.000708008     
-0.000793457     -0.000915527     -0.000878906     -0.000854492     
-0.000891113     -0.000805664     -0.000744629     -0.000598145     
-0.000683594     -0.000610352     -0.000537109     -0.000500488     
-0.000378418     -0.000402832     -0.000366211     -0.000292969     
-0.000354004     -0.000366211     -0.000512695     -0.000366211     
-0.000646973     -0.000524902     -0.000610352     -0.000683594     
-0.000744629     -0.000769043     -0.000842285     -0.000793457     
-0.000830078     -0.000769043     -0.000646973     -0.000598145     
-0.000549316     -0.000561523     -0.000354004     -0.000390625     
-0.00032959     -0.000305176     -0.000256348     -0.00020752     
-0.000292969     -0.000231934     -0.000219727     -0.000256348     
-0.000378418     -0.000354004     -0.000244141     -0.000195313     
-0.000268555     -0.000268555     -9.76563e-05     -1.2207e-05     
0     4.88281e-05     0.000219727     0.00020752     
0.000195313     0.000305176     0.00032959     0.000427246     
0.000256348     0.000158691     0.000390625     0.000256348     
2.44141e-05     0.00012207     2.44141e-05     7.32422e-05     
-9.76563e-05     -3.66211e-05     -0.00012207     -2.44141e-05     
-0.000146484     -0.000146484     -2.44141e-05     0     
-0.000146484     -2.44141e-05     0.000109863     0.000109863     
0.00012207     0.000109863     0.000109863     1.2207e-05     
0     -8.54492e-05     4.88281e-05     -6.10352e-05     
-0.000317383     -0.00032959     -0.000354004     -0.000488281     
-0.000598145     -0.00057373     -0.000598145     -0.000585938     
-0.000598145     -0.000610352     -0.000622559     -0.000585938     
-0.000646973     -0.000476074     -0.000476074     -0.000378418     
-0.00045166     -0.000415039     -0.000354004     -0.000305176     
-0.000268555     -0.000268555     -0.000146484     -8.54492e-05     
-7.32422e-05     -3.66211e-05     -6.10352e-05     1.2207e-05     
-0.000170898     -0.00012207     -0.000146484     -2.44141e-05     
-0.000195313     -0.000109863     -0.000219727     -0.00012207     
-0.000219727     -0.000170898     -2.44141e-05     8.54492e-05     
0     4.88281e-05     0.000183105     0.000158691     
0.000219727     0.000170898     0.000256348     0.000134277     
7.32422e-05     -4.88281e-05     -4.88281e-05     -0.000109863     
-0.000280762     -0.000378418     -0.000341797     -0.000354004     
-0.00057373     -0.000598145     -0.000610352     -0.000634766     
-0.000720215     -0.000720215     -0.000549316     -0.00057373     
-0.000622559     -0.000524902     -0.000524902     -0.000512695     
-0.000561523     -0.00045166     -0.000366211     -0.000268555     
-0.000415039     -0.000378418     -0.000305176     -0.000244141     
-0.000488281     -0.000476074     -0.00045166     -0.000402832     
-0.000524902     -0.000439453     -0.000463867     -0.000366211     
-0.000561523     -0.000476074     -0.000354004     -0.000219727     
-0.000280762     -0.000183105     -2.44141e-05     4.88281e-05     
6.10352e-05     0     0.000268555     0.00032959     
0.000231934     0.000158691     0.000366211     0.000305176     
0.000231934     0.000268555     0.000439453     0.000366211     
0.000341797     0.000317383     0.000268555     0.000231934     
0.000195313     0.000256348     0.000292969     0.000305176     
0.000341797     0.000244141     0.000170898     0.000268555     
0.000170898     0.000146484     0.000244141     0.000317383     
9.76563e-05     0.000183105     0.000109863     4.88281e-05     
8.54492e-05     0     2.44141e-05     0.000109863     
2.44141e-05     -4.88281e-05     -6.10352e-05     6.10352e-05     
-0.000109863     -4.88281e-05     -2.44141e-05     -4.88281e-05     
-0.000158691     -0.000244141     -0.000170898     -0.000219727     
-0.000231934     -0.000256348     -0.000231934     -0.000134277     
-0.000268555     -0.000256348     -0.00020752     -0.00032959     
-0.00032959     -0.000390625     -0.000317383     -0.000231934     
-0.000415039     -0.000427246     -0.00032959     -8.54492e-05     
-0.000280762     -0.000134277     1.2207e-05     9.76563e-05     
-0.000109863     2.44141e-05     0.000256348     0.000146484     
9.76563e-05     0.000146484     0.000195313     0.00020752     
0     3.66211e-05     2.44141e-05     -4.88281e-05     
-0.000183105     -0.00020752     -0.000244141     -0.00032959     
-0.000500488     -0.00057373     -0.000549316     -0.000537109     
-0.000744629     -0.000683594     -0.000720215     -0.000549316     
-0.000585938     -0.000549316     -0.000463867     -0.000427246     
-0.000427246     -0.000390625     -0.000231934     -0.000305176     
-0.000341797     -0.000280762     -0.000219727     -0.000219727     
-0.000231934     -0.000317383     -0.000170898     -0.000183105     
-0.00020752     -0.000170898     -0.000183105     -0.000219727     
-0.000146484     -4.88281e-05     -2.44141e-05     1.2207e-05     
1.2207e-05     0.000109863     0.00012207     7.32422e-05     
4.88281e-05     -0.00012207     -8.54492e-05     -2.44141e-05     
-0.000292969     -0.000439453     -0.000537109     -0.000622559     
-0.000854492     -0.000927734     -0.000915527     -0.000939941     
-0.00107422     -0.00108643     -0.00106201     -0.000927734     
-0.00100098     -0.000817871     -0.000622559     -0.000390625     
-0.000317383     -9.76563e-05     0     0.000134277     
0.00020752     0.00032959     0.000463867     0.000524902     
0.000524902     0.000402832     0.000463867     0.000354004     
0.000244141     0.000158691     0.000378418     0.000183105     
0.000109863     0.000109863     2.44141e-05     -3.66211e-05     
-6.10352e-05     1.2207e-05     -2.44141e-05     -2.44141e-05     
-9.76563e-05     -0.000146484     -0.00012207     -0.000146484     
-0.000244141     -0.000183105     -7.32422e-05     -2.44141e-05     
-0.000183105     -0.00020752     -7.32422e-05     -6.10352e-05     
-6.10352e-05     -3.66211e-05     4.88281e-05     0.00012207     
4.88281e-05     -3.66211e-05     7.32422e-05     7.32422e-05     
-0.00012207     -9.76563e-05     4.88281e-05     8.54492e-05     
-0.00012207     -2.44141e-05     -9.76563e-05     4.88281e-05     
-2.44141e-05     1.2207e-05     0.000146484     0.00020752     
0.000219727     0.000244141     0.000317383     0.000292969     
0.000256348     0.000244141     0.000488281     0.000256348     
2.44141e-05     -4.88281e-05     0     -3.66211e-05     
-0.000366211     -0.00032959     -0.000219727     -0.000305176     
-0.000476074     -0.000402832     -0.000427246     -0.000317383     
-0.000378418     -0.00020752     -0.000146484     -8.54492e-05     
1.2207e-05     -1.2207e-05     3.66211e-05     1.2207e-05     
-0.000109863     -7.32422e-05     -0.000183105     -0.000268555     
-0.000427246     -0.000463867     -0.000683594     -0.000866699     
-0.000927734     -0.00109863     -0.00118408     -0.00128174     
-0.00157471     -0.00185547     -0.00216064     -0.0022583     
-0.00269775     -0.00294189     -0.00318604     -0.00362549     
-0.00412598     -0.00454102     -0.00482178     -0.00528564     
-0.00576172     -0.00625     -0.0064209     -0.00686035     
-0.00722656     -0.00773926     -0.00788574     -0.00837402     
-0.00872803     -0.00899658     -0.00927734     -0.0095459     
-0.0100464     -0.0103394     -0.0106567     -0.0110229     
-0.011438     -0.0118164     -0.0120728     -0.0124268     
-0.0129761     -0.0133301     -0.0136108     -0.0139526     
-0.0143677     -0.0147583     -0.0150146     -0.0153809     
-0.0157471     -0.0161133     -0.0164551     -0.0166626     
-0.0172241     -0.0174805     -0.0175903     -0.0178833     
-0.018335     -0.0185181     -0.0187744     -0.0189941     
-0.0193604     -0.0195068     -0.019751     -0.0199585     
-0.0202637     -0.0205811     -0.0207764     -0.0210815     
-0.0213745     -0.0215942     -0.0216797     -0.0219727     
-0.0222534     -0.022583     -0.0227417     -0.0229492     
-0.0232422     -0.0236206     -0.0236694     -0.023938     
-0.0242432     -0.0244751     -0.0246338     -0.0249268     
-0.0252197     -0.0254028     -0.0255371     -0.0256226     
-0.0259033     -0.0260864     -0.0262451     -0.0263184     
-0.0265137     -0.0266357     -0.0268188     -0.0269531     
-0.0272217     -0.0275635     -0.0276245     -0.0278198     
-0.028125     -0.0282471     -0.0284058     -0.0285767     
-0.0287109     -0.0289185     -0.029126     -0.0292358     
-0.0294678     -0.0295898     -0.0298218     -0.0298584     
-0.0302368     -0.0302124     -0.0304199     -0.0305542     
-0.0308105     -0.0310547     -0.0311035     -0.031189     
-0.0313843     -0.0315186     -0.0315796     -0.0317505     
-0.0319702     -0.0320313     -0.0319336     -0.0321289     
-0.0321777     -0.0321899     -0.0322876     -0.0323486     
-0.0323975     -0.0323975     -0.0324097     -0.0322998     
-0.0325195     -0.0326416     -0.0327759     -0.0327271     
-0.0329224     -0.0331421     -0.0330688     -0.0332275     
-0.033374     -0.0335083     -0.0335815     -0.0336304     
-0.0337769     -0.0338379     -0.0338257     -0.0337646     
-0.0339233     -0.0340576     -0.0339722     -0.03396     
-0.0341431     -0.0339355     -0.0339233     -0.0338623     
-0.0338623     -0.0338013     -0.0338867     -0.0338135     
-0.0338257     -0.0338623     -0.0337402     -0.0336914     
-0.0338501     -0.0338989     -0.0338867     -0.0339111     
-0.0340088     -0.0340942     -0.0341064     -0.0340454     
-0.0341675     -0.0342163     -0.0341309     -0.0341187     
-0.0341797     -0.0341675     -0.034021     -0.0338135     
-0.0339233     -0.0338623     -0.0337891     -0.0337402     
-0.0337524     -0.033728     -0.0336792     -0.0337402     
-0.0337402     -0.0338501     -0.0337158     -0.0337036     
-0.0337158     -0.0335815     -0.0334106     -0.0334229     
-0.0334351     -0.0332764     -0.0331909     -0.0330444     
-0.0329834     -0.0327637     -0.0326904     -0.0324951     
-0.0324951     -0.0322876     -0.0322388     -0.0320068     
-0.0320679     -0.031897     -0.0317505     -0.0316895     
-0.0316528     -0.0316406     -0.031543     -0.0315796     
-0.0316162     -0.0316284     -0.0313599     -0.0313721     
-0.0313965     -0.0314331     -0.0311279     -0.0311035     
-0.0310913     -0.0311035     -0.0308472     -0.0306641     
-0.0307129     -0.0305664     -0.030481     -0.0303101     
-0.0303467     -0.0301758     -0.0300659     -0.0299194     
-0.0299438     -0.0297974     -0.0295776     -0.0294556     
-0.0294922     -0.0293335     -0.029126     -0.0289917     
-0.028894     -0.0287231     -0.0285889     -0.028418     
-0.0282837     -0.0281494     -0.0278931     -0.0277344     
-0.0276978     -0.0275146     -0.0275269     -0.0273438     
-0.0273804     -0.0272461     -0.0272095     -0.0270264     
-0.0269409     -0.0269897     -0.0267944     -0.0266724     
-0.0266357     -0.0264771     -0.0262085     -0.0260864     
-0.026001     -0.0259033     -0.025647     -0.0255859     
-0.025415     -0.0254272     -0.0251587     -0.0250366     
-0.0250366     -0.0250366     -0.0248291     -0.0247803     
-0.0247681     -0.0245728     -0.0244629     -0.0243164     
-0.024292     -0.0241455     -0.0239624     -0.0239258     
-0.0238525     -0.0236572     -0.0235107     -0.0233032     
-0.0232544     -0.0232178     -0.0230591     -0.022876     
-0.0229126     -0.0227905     -0.0226318     -0.0226074     
-0.022522     -0.0225098     -0.022583     -0.0223755     
-0.0224365     -0.0222412     -0.0221924     -0.021936     
-0.0220093     -0.0217773     -0.0216309     -0.0214966     
-0.0214233     -0.0213379     -0.0211914     -0.0209473     
-0.0209473     -0.0209229     -0.020752     -0.0207031     
-0.0207275     -0.0206299     -0.0204224     -0.0204712     
-0.0203857     -0.0204102     -0.0202881     -0.0202026     
-0.0201538     -0.0200806     -0.0199951     -0.0198975     
-0.0199585     -0.0197754     -0.0196899     -0.0196045     
-0.0196411     -0.019519     -0.0192993     -0.0191895     
-0.0191284     -0.0189819     -0.0188354     -0.0188232     
-0.01875     -0.0186279     -0.0184448     -0.0184204     
-0.0184082     -0.0184692     -0.0182739     -0.0182251     
-0.018335     -0.0181885     -0.0181152     -0.0178955     
-0.0180786     -0.0178955     -0.0178711     -0.017627     
-0.0176025     -0.0174561     -0.0171875     -0.0171387     
-0.0169922     -0.0169312     -0.0167358     -0.0166626     
-0.0164551     -0.0164917     -0.0164063     -0.0163208     
-0.0162354     -0.0163818     -0.0163818     -0.0163818     
-0.0164673     -0.0164429     -0.0164429     -0.0165649     
-0.0166382     -0.0165161     -0.0166504     -0.016626     
-0.0167236     -0.0165161     -0.016626     -0.0166504     
-0.0165649     -0.0165527     -0.0166016     -0.0165771     
-0.0165405     -0.0165405     -0.016333     -0.0163452     
-0.0163696     -0.0162231     -0.0161743     -0.0161743     
-0.0160645     -0.0160522     -0.0159058     -0.0158081     
-0.0158325     -0.0157959     -0.0158203     -0.0157227     
-0.0158325     -0.0157471     -0.0157471     -0.0157837     
-0.0157837     -0.0158203     -0.0156494     -0.0156616     
-0.0156494     -0.015625     -0.0154419     -0.0154053     
-0.015332     -0.0154175     -0.015271     -0.015271     
-0.0152588     -0.0152222     -0.0151367     -0.0150269     
-0.0151611     -0.0150391     -0.0150513     -0.0149902     
-0.0151245     -0.0150146     -0.0149292     -0.014917     
-0.0149292     -0.0149414     -0.0148193     -0.0148926     
-0.0148682     -0.0148438     -0.014624     -0.0146118     
-0.0146851     -0.0145996     -0.0145508     -0.0144653     
-0.014502     -0.014563     -0.0144897     -0.0145508     
-0.0147461     -0.0147827     -0.014917     -0.0147949     
-0.0150269     -0.0150024     -0.0150391     -0.0150146     
-0.0151123     -0.0152222     -0.0151611     -0.0151733     
-0.0153076     -0.015271     -0.0151123     -0.0152344     
-0.0152344     -0.0152344     -0.0151855     -0.0152832     
-0.0151489     -0.0152954     -0.0151245     -0.0151978     
-0.015271     -0.0153076     -0.0153076     -0.0152222     
-0.0153442     -0.0152344     -0.01521     -0.0151978     
-0.0152588     -0.01521     -0.0152222     -0.0152344     
-0.0151489     -0.0151855     -0.0151245     -0.0150146     
-0.0151245     -0.0151489     -0.0150879     -0.0151123     
-0.0151611     -0.0151367     -0.0150879     -0.0151978     
-0.01521     -0.0151855     -0.0153198     -0.01521     
-0.0153076     -0.015332     -0.0153442     -0.01521     
-0.0154419     -0.015271     -0.0153198     -0.0153198     
-0.0154419     -0.0154175     -0.0153076     -0.0152832     
-0.0153809     -0.0155029     -0.0154175     -0.0154907     
-0.0155273     -0.015625     -0.0154663     -0.0155151     
-0.0155151     -0.0156372     -0.0155396     -0.0155273     
-0.015564     -0.0156738     -0.0155518     -0.0154541     
-0.0155884     -0.0155884     -0.0156616     -0.0155273     
-0.0156006     -0.0156982     -0.0155151     -0.0155762     
-0.0157349     -0.0156738     -0.0157104     -0.0156982     
-0.0157837     -0.0158081     -0.0158081     -0.0156982     
-0.0158691     -0.0159302     -0.0159058     -0.0158813     
-0.0160156     -0.0158569     -0.0158447     -0.0157227     
-0.0158691     -0.0157349     -0.0158447     -0.0157227     
-0.015918     -0.0158936     -0.0158081     -0.015918     
-0.0160522     -0.0160767     -0.0161011     -0.0162109     
-0.0161743     -0.0161377     -0.015979     -0.0160278     
-0.0160156     -0.0159546     -0.0157715     -0.0156128     
-0.0157471     -0.0157104     -0.0154907     -0.0155762     
-0.0156006     -0.015625     -0.0157349     -0.0156616     
-0.0157715     -0.0156982     -0.0156494     -0.0156616     
-0.0156616     -0.0156982     -0.0155884     -0.015564     
-0.015625     -0.0156128     -0.0155151     -0.0154419     
-0.0154541     -0.0154907     -0.0154419     -0.0153687     
-0.0153687     -0.015271     -0.0151855     -0.0151001     
-0.0151489     -0.0151245     -0.0151855     -0.0150879     
-0.0152588     -0.0151367     -0.0151245     -0.0151001     
-0.01521     -0.0152344     -0.015271     -0.0152466     
-0.0152344     -0.0152344     -0.0151001     -0.0150513     
-0.0151123     -0.0150879     -0.014978     -0.0150635     
-0.0150635     -0.0151001     -0.014978     -0.0149658     
-0.0150391     -0.0150146     -0.0150635     -0.0149902     
-0.0150513     -0.0149902     -0.0148682     -0.0148193     
-0.0148193     -0.0148438     -0.0146606     -0.014624     
-0.0146851     -0.0146606     -0.0145386     -0.0144653     
-0.0146118     -0.014624     -0.0145996     -0.0145508     
-0.0146851     -0.0146362     -0.014502     -0.0144531     
-0.0145752     -0.014502     -0.0145508     -0.0143799     
-0.0145508     -0.0143799     -0.0144043     -0.0141602     
-0.0143188     -0.0143188     -0.0142578     -0.0142456     
-0.01427     -0.0142944     -0.0142334     -0.0142944     
-0.0143555     -0.0143677     -0.0142944     -0.0143799     
-0.0142822     -0.0143677     -0.014209     -0.0140625     
-0.0141724     -0.0140991     -0.0140137     -0.013916     
-0.013916     -0.0138062     -0.0136597     -0.013623     
-0.0137085     -0.0136108     -0.013501     -0.0134521     
-0.0135742     -0.0135498     -0.0134033     -0.0133545     
-0.0134277     -0.0133301     -0.0132813     -0.013269     
-0.0131958     -0.0130859     -0.0130005     -0.0129639     
-0.012854     -0.012854     -0.012854     -0.0126465     
-0.0126465     -0.0125854     -0.0124512     -0.0122559     
-0.0123291     -0.0122192     -0.0121582     -0.0120483     
-0.0119629     -0.0120483     -0.0119751     -0.0119751     
-0.0119263     -0.0120483     -0.0119751     -0.0120239     
-0.0120972     -0.0121704     -0.0120117     -0.012085     
-0.0121948     -0.0122192     -0.0121704     -0.012146     
-0.012146     -0.0120605     -0.0119141     -0.0117554     
-0.0118652     -0.0117432     -0.0116211     -0.0115234     
-0.0115601     -0.0114258     -0.0112549     -0.0111938     
-0.0112671     -0.0113159     -0.0112061     -0.0111938     
-0.0113281     -0.0113281     -0.0112305     -0.0111816     
-0.0112549     -0.0112427     -0.0111572     -0.0111206     
-0.0112427     -0.0111084     -0.0110107     -0.0108521     
-0.0110474     -0.0108765     -0.0110107     -0.0109253     
-0.0109375     -0.0109497     -0.0108521     -0.0108398     
-0.0108398     -0.0107788     -0.0105835     -0.0104736     
-0.010437     -0.0103394     -0.0100708     -0.00994873     
-0.00981445     -0.00983887     -0.009729     -0.00969238     
-0.00970459     -0.00966797     -0.0095459     -0.00955811     
-0.00960693     -0.00963135     -0.00961914     -0.00955811     
-0.009729     -0.00968018     -0.00959473     -0.00953369     
-0.00958252     -0.00959473     -0.00968018     -0.00958252     
-0.00968018     -0.00969238     -0.0095459     -0.00947266     
-0.00965576     -0.00946045     -0.00944824     -0.00943604     
-0.00944824     -0.00938721     -0.00922852     -0.00911865     
-0.00921631     -0.0090332     -0.00916748     -0.00904541     
-0.00911865     -0.00899658     -0.009021     -0.00887451     
-0.00883789     -0.00882568     -0.00881348     -0.00876465     
-0.00869141     -0.00874023     -0.00852051     -0.00839844     
-0.00847168     -0.00845947     -0.00831299     -0.00841064     
-0.0083374     -0.0083374     -0.0083374     -0.00826416     
-0.00823975     -0.00828857     -0.00836182     -0.00822754     
-0.00841064     -0.0083374     -0.00825195     -0.00812988     
-0.00828857     -0.00823975     -0.00812988     -0.00811768     
-0.0081665     -0.00804443     -0.00795898     -0.00788574     
-0.00789795     -0.00778809     -0.00784912     -0.00769043     
-0.0078125     -0.00773926     -0.00756836     -0.00753174     
-0.00762939     -0.0076416     -0.00758057     -0.00755615     
-0.00778809     -0.00770264     -0.00766602     -0.00765381     
-0.00787354     -0.00777588     -0.00789795     -0.00784912     
-0.00788574     -0.00786133     -0.00767822     -0.0076416     
-0.00759277     -0.00761719     -0.00740967     -0.00736084     
-0.0072998     -0.00734863     -0.00716553     -0.00706787     
-0.00723877     -0.00726318     -0.0072876     -0.00722656     
-0.00734863     -0.00742188     -0.00740967     -0.00742188     
-0.00759277     -0.00749512     -0.00755615     -0.00762939     
-0.00760498     -0.00754395     -0.0074707     -0.00736084     
-0.00727539     -0.00717773     -0.00721436     -0.00709229     
-0.00710449     -0.00700684     -0.00684814     -0.00682373     
-0.00683594     -0.00687256     -0.00681152     -0.0067627     
-0.00683594     -0.0067627     -0.00688477     -0.00689697     
-0.00712891     -0.0069458     -0.00705566     -0.00715332     
-0.00722656     -0.0072998     -0.00723877     -0.00722656     
-0.00718994     -0.00727539     -0.00717773     -0.00712891     
-0.00709229     -0.00714111     -0.00690918     -0.00698242     
-0.00698242     -0.00701904     -0.00700684     -0.00709229     
-0.00709229     -0.00721436     -0.00727539     -0.00722656     
-0.0074585     -0.0074585     -0.00756836     -0.00756836     
-0.00771484     -0.00771484     -0.00759277     -0.00771484     
-0.00780029     -0.00778809     -0.00776367     -0.00778809     
-0.00787354     -0.00784912     -0.00776367     -0.0076416     
-0.00775146     -0.00772705     -0.00755615     -0.00751953     
-0.00759277     -0.0074585     -0.0072876     -0.00716553     
-0.0072998     -0.00700684     -0.0071167     -0.00687256     
-0.00684814     -0.00689697     -0.00667725     -0.00668945     
-0.00671387     -0.00670166     -0.00665283     -0.00671387     
-0.00668945     -0.00673828     -0.00654297     -0.00666504     
-0.00664063     -0.00666504     -0.00667725     -0.00670166     
-0.00683594     -0.00679932     -0.00667725     -0.00681152     
-0.00682373     -0.00687256     -0.00700684     -0.00698242     
-0.0071167     -0.00718994     -0.00712891     -0.00726318     
-0.00737305     -0.0074707     -0.0074707     -0.00749512     
-0.00771484     -0.00777588     -0.00759277     -0.00765381     
-0.00778809     -0.00766602     -0.00766602     -0.00769043     
-0.00756836     -0.00759277     -0.00749512     -0.00742188     
-0.00743408     -0.00740967     -0.00740967     -0.00720215     
-0.0074585     -0.00740967     -0.00736084     -0.00740967     
-0.00756836     -0.00783691     -0.00782471     -0.00782471     
-0.00793457     -0.00804443     -0.00787354     -0.00793457     
-0.00792236     -0.00795898     -0.00783691     -0.00782471     
-0.00778809     -0.00775146     -0.00766602     -0.00754395     
-0.00765381     -0.00758057     -0.00754395     -0.0074585     
-0.00759277     -0.00742188     -0.00733643     -0.00723877     
-0.00733643     -0.00738525     -0.00716553     -0.0071167     
-0.00716553     -0.00717773     -0.00712891     -0.00704346     
-0.00723877     -0.00736084     -0.0072876     -0.0072876     
-0.0074707     -0.00756836     -0.00750732     -0.00755615     
-0.00782471     -0.00776367     -0.00783691     -0.00782471     
-0.00797119     -0.00783691     -0.00792236     -0.00773926     
-0.00771484     -0.00772705     -0.00755615     -0.00754395     
-0.00755615     -0.00751953     -0.00726318     -0.0072998     
-0.00731201     -0.00732422     -0.00722656     -0.00727539     
-0.00734863     -0.00744629     -0.00732422     -0.00736084     
-0.00749512     -0.00750732     -0.00740967     -0.00751953     
-0.00750732     -0.0074707     -0.00742188     -0.00732422     
-0.00739746     -0.00723877     -0.00726318     -0.00726318     
-0.00708008     -0.00709229     -0.00700684     -0.00701904     
-0.00708008     -0.00706787     -0.00699463     -0.00706787     
-0.00723877     -0.00721436     -0.0071167     -0.00717773     
-0.00721436     -0.00723877     -0.00732422     -0.00716553     
-0.00720215     -0.00716553     -0.00708008     -0.00683594     
-0.00693359     -0.00678711     -0.00667725     -0.00661621     
-0.00666504     -0.00664063     -0.00645752     -0.00646973     
-0.00645752     -0.00655518     -0.00650635     -0.00655518     
-0.00664063     -0.00675049     -0.0065918     -0.00670166     
-0.0067627     -0.00692139     -0.00693359     -0.0069458     
-0.00698242     -0.00701904     -0.00697021     -0.0069458     
-0.00706787     -0.00701904     -0.00704346     -0.00700684     
-0.00709229     -0.00700684     -0.00675049     -0.00675049     
-0.00686035     -0.00675049     -0.00666504     -0.00665283     
-0.00662842     -0.00657959     -0.00643311     -0.00643311     
-0.00653076     -0.00654297     -0.0064209     -0.0064209     
-0.006604     -0.00656738     -0.00649414     -0.00637207     
-0.00664063     -0.00654297     -0.00664063     -0.00649414     
-0.0065918     -0.00661621     -0.00648193     -0.00644531     
-0.00654297     -0.00646973     -0.00626221     -0.00637207     
-0.00635986     -0.00625     -0.00611572     -0.00611572     
-0.00617676     -0.00614014     -0.00587158     -0.00593262     
-0.00594482     -0.00585938     -0.00570068     -0.00570068     
-0.0057373     -0.00565186     -0.00560303     -0.0055542     
-0.00570068     -0.00560303     -0.00563965     -0.00562744     
-0.00565186     -0.00570068     -0.0057251     -0.00568848     
-0.00581055     -0.00577393     -0.00576172     -0.00563965     
-0.00576172     -0.0057251     -0.00577393     -0.0057373     
-0.00579834     -0.00582275     -0.0057251     -0.00566406     
-0.00578613     -0.00565186     -0.0057251     -0.00567627     
-0.00576172     -0.00562744     -0.00556641     -0.00552979     
-0.00545654     -0.00546875     -0.00541992     -0.00529785     
-0.00518799     -0.00523682     -0.00510254     -0.0050415     
-0.00511475     -0.0052002     -0.00510254     -0.00523682     
-0.0053833     -0.00551758     -0.00551758     -0.00546875     
-0.00566406     -0.00574951     -0.0057251     -0.00562744     
-0.0057373     -0.00571289     -0.00554199     -0.00545654     
-0.00540771     -0.00543213     -0.00522461     -0.00509033     
-0.00506592     -0.00494385     -0.00478516     -0.00469971     
-0.00482178     -0.00477295     -0.00469971     -0.00467529     
-0.00479736     -0.00477295     -0.00473633     -0.00469971     
-0.00480957     -0.00479736     -0.00477295     -0.00476074     
-0.00488281     -0.00482178     -0.00480957     -0.00471191     
-0.00483398     -0.00484619     -0.00489502     -0.00484619     
-0.0050293     -0.00501709     -0.00490723     -0.00505371     
-0.0050415     -0.00505371     -0.00499268     -0.00490723     
-0.00477295     -0.00477295     -0.00446777     -0.00437012     
-0.0043335     -0.0041748     -0.00410156     -0.00407715     
-0.00411377     -0.00391846     -0.00390625     -0.00394287     
-0.00396729     -0.00400391     -0.00408936     -0.00413818     
-0.00405273     -0.00412598     -0.00402832     -0.00400391     
-0.00411377     -0.00407715     -0.00410156     -0.00406494     
-0.00411377     -0.00406494     -0.00402832     -0.0039917     
-0.00391846     -0.00407715     -0.00402832     -0.0038208     
-0.00386963     -0.00384521     -0.00378418     -0.00356445     
-0.00372314     -0.00368652     -0.00366211     -0.00375977     
-0.00380859     -0.00386963     -0.00385742     -0.00386963     
-0.00393066     -0.00404053     -0.00407715     -0.00407715     
-0.00408936     -0.00410156     -0.00388184     -0.0039917     
-0.00404053     -0.00407715     -0.00401611     -0.00406494     
-0.00412598     -0.0041626     -0.0041748     -0.0041626     
-0.00435791     -0.00445557     -0.00430908     -0.00435791     
-0.00447998     -0.00456543     -0.00426025     -0.00426025     
-0.00432129     -0.00429688     -0.0041748     -0.00415039     
-0.00418701     -0.00408936     -0.00401611     -0.00388184     
-0.00395508     -0.00390625     -0.00385742     -0.00378418     
-0.0038208     -0.00371094     -0.00361328     -0.00362549     
-0.00372314     -0.00366211     -0.00375977     -0.00367432     
-0.00383301     -0.00394287     -0.00395508     -0.00404053     
-0.00432129     -0.00439453     -0.00437012     -0.00447998     
-0.00455322     -0.00452881     -0.00440674     -0.00450439     
-0.00441895     -0.00445557     -0.00430908     -0.00418701     
-0.00419922     -0.00408936     -0.00394287     -0.0038208     
-0.00391846     -0.00390625     -0.00379639     -0.00383301     
-0.00386963     -0.0038208     -0.00389404     -0.00385742     
-0.00396729     -0.00405273     -0.00406494     -0.00421143     
-0.00428467     -0.0043457     -0.00428467     -0.00426025     
-0.0043335     -0.00427246     -0.00428467     -0.00427246     
-0.00427246     -0.00422363     -0.00419922     -0.00407715     
-0.00424805     -0.00408936     -0.00422363     -0.00415039     
-0.00426025     -0.00412598     -0.00405273     -0.00400391     
-0.00402832     -0.00402832     -0.00397949     -0.00389404     
-0.00391846     -0.00395508     -0.00374756     -0.00375977     
-0.00369873     -0.00377197     -0.00367432     -0.00373535     
-0.00375977     -0.00388184     -0.00384521     -0.0038208     
-0.00402832     -0.00411377     -0.00421143     -0.00421143     
-0.00440674     -0.00430908     -0.00426025     -0.00418701     
-0.0043335     -0.00422363     -0.00400391     -0.00404053     
-0.00406494     -0.00397949     -0.00389404     -0.00386963     
-0.00396729     -0.00404053     -0.00389404     -0.00400391     
-0.00413818     -0.00418701     -0.00412598     -0.00418701     
-0.00428467     -0.00428467     -0.00435791     -0.0043335     
-0.00446777     -0.00445557     -0.00465088     -0.00454102     
-0.00461426     -0.00477295     -0.00474854     -0.00473633     
-0.00479736     -0.00477295     -0.00458984     -0.00455322     
-0.00458984     -0.00449219     -0.00438232     -0.0043335     
-0.00421143     -0.00435791     -0.00406494     -0.00401611     
-0.00408936     -0.00406494     -0.00412598     -0.00404053     
-0.00415039     -0.00424805     -0.00406494     -0.00410156     
-0.00424805     -0.0041626     -0.00408936     -0.00413818     
-0.00421143     -0.0041748     -0.00415039     -0.00411377     
-0.00424805     -0.00432129     -0.00444336     -0.00437012     
-0.00447998     -0.00455322     -0.00447998     -0.00449219     
-0.0045166     -0.00446777     -0.00454102     -0.00435791     
-0.00435791     -0.00429688     -0.00423584     -0.00401611     
-0.0041748     -0.00402832     -0.00402832     -0.00401611     
-0.00397949     -0.00407715     -0.00405273     -0.00411377     
-0.00422363     -0.00429688     -0.00423584     -0.0043457     
-0.00446777     -0.00438232     -0.0041748     -0.00423584     
-0.00419922     -0.00404053     -0.0039917     -0.00394287     
-0.00383301     -0.00375977     -0.00375977     -0.00367432     
-0.00384521     -0.00389404     -0.00393066     -0.00393066     
-0.00410156     -0.00423584     -0.00413818     -0.00412598     
-0.00429688     -0.00426025     -0.00427246     -0.0043457     
-0.00435791     -0.00426025     -0.00423584     -0.0041626     
-0.00428467     -0.00430908     -0.00427246     -0.0041748     
-0.00435791     -0.00440674     -0.00428467     -0.00428467     
-0.00444336     -0.0043335     -0.00444336     -0.00439453     
-0.00450439     -0.00447998     -0.00435791     -0.00438232     
-0.00437012     -0.0043335     -0.00413818     -0.00413818     
-0.00406494     -0.00394287     -0.00384521     -0.0038208     
-0.00378418     -0.00394287     -0.00388184     -0.00384521     
-0.00397949     -0.00405273     -0.00394287     -0.00400391     
-0.00415039     -0.00412598     -0.00415039     -0.00419922     
-0.00423584     -0.00421143     -0.00415039     -0.00407715     
-0.00412598     -0.00411377     -0.00401611     -0.00390625     
-0.00397949     -0.00391846     -0.00374756     -0.00369873     
-0.00379639     -0.00379639     -0.00373535     -0.00375977     
-0.00375977     -0.00385742     -0.00393066     -0.00379639     
-0.00405273     -0.00405273     -0.00411377     -0.00397949     
-0.00418701     -0.00413818     -0.00407715     -0.00411377     
-0.00413818     -0.0041626     -0.0041626     -0.00421143     
-0.0041748     -0.00426025     -0.00418701     -0.00412598     
-0.00410156     -0.00419922     -0.00401611     -0.00397949     
-0.00400391     -0.00383301     -0.00366211     -0.00351563     
-0.00350342     -0.0034668     -0.00334473     -0.00334473     
-0.003479     -0.00339355     -0.00333252     -0.00343018     
-0.00368652     -0.00377197     -0.00383301     -0.00396729     
-0.00400391     -0.00402832     -0.0039917     -0.00385742     
-0.00397949     -0.00386963     -0.00385742     -0.00372314     
-0.00372314     -0.00369873     -0.0034668     -0.00332031     
-0.00344238     -0.00339355     -0.00334473     -0.00335693     
-0.00350342     -0.00335693     -0.00354004     -0.00345459     
-0.00366211     -0.00367432     -0.00371094     -0.00378418     
-0.00390625     -0.00383301     -0.00375977     -0.00371094     
-0.00378418     -0.00371094     -0.00366211     -0.00357666     
-0.0034668     -0.00355225     -0.0032959     -0.00335693     
-0.00336914     -0.00332031     -0.00333252     -0.0032959     
-0.00333252     -0.00339355     -0.00343018     -0.00335693     
-0.0034668     -0.00358887     -0.00368652     -0.00378418     
-0.00383301     -0.0039917     -0.0039917     -0.00388184     
-0.00407715     -0.00404053     -0.00404053     -0.00393066     
-0.00404053     -0.00385742     -0.00378418     -0.00367432     
-0.00366211     -0.00362549     -0.00350342     -0.00339355     
-0.00355225     -0.00328369     -0.00330811     -0.00319824     
-0.00333252     -0.0032959     -0.00321045     -0.00319824     
-0.00328369     -0.00323486     -0.00321045     -0.00310059     
-0.00313721     -0.00319824     -0.00308838     -0.00316162     
-0.00310059     -0.00306396     -0.0029541     -0.00296631     
-0.0029541     -0.00290527     -0.00291748     -0.00294189     
-0.00300293     -0.00288086     -0.00281982     -0.002771     
-0.00288086     -0.00285645     -0.0027832     -0.00280762     
-0.00285645     -0.00290527     -0.00285645     -0.00286865     
-0.00290527     -0.00290527     -0.00291748     -0.00292969     
-0.00306396     -0.0029541     -0.00289307     -0.0027832     
-0.00281982     -0.00290527     -0.00272217     -0.00274658     
-0.00290527     -0.00273438     -0.00262451     -0.00255127     
-0.00272217     -0.00269775     -0.002771     -0.00269775     
-0.00283203     -0.002771     -0.002771     -0.00284424     
-0.00297852     -0.00297852     -0.00299072     -0.00308838     
-0.003125     -0.00317383     -0.00317383     -0.00318604     
-0.00314941     -0.00322266     -0.00310059     -0.003125     
-0.00311279     -0.00313721     -0.00291748     -0.00284424     
-0.00296631     -0.00297852     -0.00299072     -0.00291748     
-0.0029541     -0.0029541     -0.00300293     -0.00301514     
-0.00297852     -0.00301514     -0.00307617     -0.00289307     
-0.00300293     -0.00292969     -0.00281982     -0.00272217     
-0.00283203     -0.00275879     -0.00266113     -0.00283203     
-0.0027832     -0.00281982     -0.00284424     -0.00279541     
-0.00290527     -0.00294189     -0.00301514     -0.00288086     
-0.00310059     -0.00292969     -0.0029541     -0.00297852     
-0.0029541     -0.00310059     -0.00316162     -0.00324707     
-0.00328369     -0.00344238     -0.00336914     -0.0034668     
-0.00362549     -0.00367432     -0.00362549     -0.0036499     
-0.0036499     -0.00356445     -0.00344238     -0.00334473     
-0.00343018     -0.00341797     -0.00335693     -0.00319824     
-0.00325928     -0.00319824     -0.00302734     -0.00299072     
-0.00303955     -0.00307617     -0.00289307     -0.00290527     
-0.00291748     -0.00294189     -0.00286865     -0.00288086     
-0.00292969     -0.00286865     -0.00291748     -0.00281982     
-0.00284424     -0.00289307     -0.00269775     -0.00274658     
-0.00281982     -0.00283203     -0.00291748     -0.00275879     
-0.00301514     -0.00296631     -0.00299072     -0.00292969     
-0.00316162     -0.00322266     -0.00319824     -0.00325928     
-0.00323486     -0.0032959     -0.00314941     -0.003125     
-0.003125     -0.003125     -0.00301514     -0.00301514     
-0.00300293     -0.00302734     -0.0027832     -0.00274658     
-0.0027832     -0.0027832     -0.00268555     -0.00258789     
-0.00263672     -0.00253906     -0.00246582     -0.00240479     
-0.00246582     -0.00228271     -0.00244141     -0.00240479     
-0.00224609     -0.00233154     -0.00233154     -0.00220947     
-0.00228271     -0.00239258     -0.00231934     -0.00229492     
-0.00236816     -0.00236816     -0.00233154     -0.00231934     
-0.00235596     -0.00230713     -0.00235596     -0.00236816     
-0.00241699     -0.00247803     -0.00252686     -0.00246582     
-0.00270996     -0.00257568     -0.00266113     -0.0027832     
-0.00273438     -0.00289307     -0.00289307     -0.00294189     
-0.00299072     -0.00313721     -0.00301514     -0.00303955     
-0.00316162     -0.003125     -0.00302734     -0.00294189     
-0.00296631     -0.00306396     -0.00296631     -0.00300293     
-0.00306396     -0.00303955     -0.00290527     -0.0029541     
-0.00303955     -0.00308838     -0.00308838     -0.00311279     
-0.003125     -0.00327148     -0.00292969     -0.00292969     
-0.00311279     -0.00297852     -0.00296631     -0.00281982     
-0.00280762     -0.00268555     -0.00252686     -0.00234375     
-0.00241699     -0.00235596     -0.00233154     -0.00223389     
-0.00244141     -0.00230713     -0.00233154     -0.00227051     
-0.00251465     -0.00246582     -0.0026123     -0.0026123     
-0.00281982     -0.00284424     -0.00270996     -0.00281982     
-0.00289307     -0.00294189     -0.00274658     -0.00289307     
-0.00297852     -0.00284424     -0.00285645     -0.00288086     
-0.00286865     -0.00302734     -0.00284424     -0.00290527     
-0.00299072     -0.00297852     -0.00291748     -0.002771     
-0.00286865     -0.00296631     -0.00303955     -0.00300293     
-0.00314941     -0.00325928     -0.00319824     -0.00325928     
-0.00335693     -0.003479     -0.00349121     -0.00352783     
-0.00357666     -0.00349121     -0.00344238     -0.00336914     
-0.00332031     -0.00324707     -0.00318604     -0.00307617     
-0.00311279     -0.00303955     -0.00296631     -0.00288086     
-0.0029541     -0.00290527     -0.00305176     -0.00290527     
-0.00314941     -0.00306396     -0.00310059     -0.00314941     
-0.00322266     -0.00323486     -0.00325928     -0.00321045     
-0.00324707     -0.00322266     -0.00302734     -0.00301514     
-0.00303955     -0.00306396     -0.00294189     -0.00299072     
-0.00297852     -0.00300293     -0.00290527     -0.00297852     
-0.00297852     -0.00311279     -0.00302734     -0.0029541     
-0.00308838     -0.00306396     -0.00286865     -0.0027832     
-0.00289307     -0.0029541     -0.002771     -0.002771     
-0.00284424     -0.0027832     -0.00257568     -0.00267334     
-0.00270996     -0.00263672     -0.00272217     -0.00264893     
-0.00280762     -0.00297852     -0.00285645     -0.00289307     
-0.00310059     -0.00308838     -0.00319824     -0.00318604     
-0.00330811     -0.00314941     -0.003125     -0.00302734     
-0.00313721     -0.00297852     -0.00284424     -0.00281982     
-0.00279541     -0.00275879     -0.00250244     -0.00247803     
-0.00251465     -0.00258789     -0.00249023     -0.00245361     
-0.0024292     -0.00257568     -0.00240479     -0.0024292     
-0.00263672     -0.00262451     -0.0026123     -0.0026123     
-0.00268555     -0.00270996     -0.00262451     -0.00262451     
-0.00272217     -0.00268555     -0.00273438     -0.00268555     
-0.00270996     -0.0027832     -0.00273438     -0.00269775     
-0.00285645     -0.00281982     -0.00283203     -0.00290527     
-0.00308838     -0.00303955     -0.00300293     -0.00301514     
-0.00303955     -0.00310059     -0.00306396     -0.00306396     
-0.00307617     -0.00294189     -0.00290527     -0.00275879     
-0.00284424     -0.00269775     -0.00273438     -0.00269775     
-0.00270996     -0.00270996     -0.00267334     -0.00263672     
-0.00268555     -0.00274658     -0.00267334     -0.00266113     
-0.00275879     -0.002771     -0.00264893     -0.00275879     
-0.00272217     -0.00267334     -0.00267334     -0.0026123     
-0.00268555     -0.00258789     -0.00240479     -0.00228271     
-0.00247803     -0.00235596     -0.00224609     -0.00218506     
-0.00223389     -0.00222168     -0.0020752     -0.00198975     
-0.00216064     -0.00216064     -0.0020874     -0.00196533     
-0.00214844     -0.00209961     -0.00202637     -0.00198975     
-0.00213623     -0.00218506     -0.00211182     -0.00212402     
-0.00228271     -0.00223389     -0.00227051     -0.00227051     
-0.00250244     -0.00246582     -0.00266113     -0.00249023     
-0.00273438     -0.0027832     -0.00257568     -0.00267334     
-0.00275879     -0.002771     -0.00267334     -0.00275879     
-0.0026123     -0.00267334     -0.0026123     -0.00258789     
-0.00253906     -0.00263672     -0.00253906     -0.0024292     
-0.00256348     -0.00251465     -0.00235596     -0.00235596     
-0.00231934     -0.00234375     -0.00245361     -0.00230713     
-0.00230713     -0.00239258     -0.00235596     -0.00236816     
-0.00241699     -0.00255127     -0.00257568     -0.0026123     
-0.00272217     -0.00284424     -0.00275879     -0.00275879     
-0.00292969     -0.00288086     -0.00284424     -0.00299072     
-0.00289307     -0.00290527     -0.00284424     -0.00269775     
-0.00281982     -0.00273438     -0.00274658     -0.00270996     
-0.00275879     -0.00268555     -0.00250244     -0.00247803     
-0.00249023     -0.00251465     -0.00236816     -0.00233154     
-0.00216064     -0.0022583     -0.0019043     -0.00184326     
-0.00185547     -0.00183105     -0.00172119     -0.00170898     
-0.00180664     -0.00180664     -0.00168457     -0.00170898     
-0.00177002     -0.00178223     -0.00181885     -0.00183105     
-0.00194092     -0.0019043     -0.00195313     -0.0019165     
-0.00203857     -0.00214844     -0.00198975     -0.0020752     
-0.0020752     -0.00212402     -0.0020752     -0.00198975     
-0.00205078     -0.00202637     -0.00197754     -0.00178223     
-0.00192871     -0.00177002     -0.00166016     -0.00155029     
-0.00164795     -0.00159912     -0.00161133     -0.00150146     
-0.00167236     -0.00170898     -0.00184326     -0.00174561     
-0.00186768     -0.00202637     -0.00200195     -0.00203857     
-0.00211182     -0.00211182     -0.00192871     -0.00203857     
-0.00198975     -0.00192871     -0.00189209     -0.00196533     
-0.00186768     -0.00196533     -0.00178223     -0.00186768     
-0.00196533     -0.00195313     -0.00197754     -0.00198975     
-0.00206299     -0.00200195     -0.00200195     -0.00201416     
-0.00209961     -0.00203857     -0.00214844     -0.00223389     
-0.00222168     -0.00217285     -0.00229492     -0.00223389     
-0.00234375     -0.0024292     -0.00234375     -0.00236816     
-0.00246582     -0.00238037     -0.00235596     -0.00230713     
-0.00224609     -0.00236816     -0.00239258     -0.00219727     
-0.00235596     -0.00233154     -0.00233154     -0.00217285     
-0.00240479     -0.00228271     -0.00230713     -0.00240479     
-0.00244141     -0.00244141     -0.00235596     -0.00236816     
-0.00241699     -0.00252686     -0.0024292     -0.00246582     
-0.00257568     -0.00251465     -0.00236816     -0.00241699     
-0.00240479     -0.0024292     -0.00238037     -0.00236816     
-0.00241699     -0.00241699     -0.00228271     -0.00235596     
-0.00249023     -0.00244141     -0.0024292     -0.0024292     
-0.00249023     -0.00257568     -0.00241699     -0.00228271     
-0.00239258     -0.00247803     -0.00241699     -0.00231934     
-0.00241699     -0.00244141     -0.00244141     -0.00245361     
-0.0026123     -0.00253906     -0.00255127     -0.00253906     
-0.00267334     -0.00264893     -0.00268555     -0.00256348     
-0.002771     -0.00258789     -0.00269775     -0.00269775     
-0.00275879     -0.00270996     -0.00256348     -0.00247803     
-0.00256348     -0.00250244     -0.00239258     -0.00241699     
-0.00240479     -0.00249023     -0.00231934     -0.00238037     
-0.00231934     -0.00241699     -0.00227051     -0.00218506     
-0.00231934     -0.00227051     -0.00218506     -0.00211182     
-0.00218506     -0.00202637     -0.00200195     -0.00200195     
-0.0020874     -0.00187988     -0.00177002     -0.00166016     
-0.00175781     -0.00168457     -0.00170898     -0.00155029     
-0.0015625     -0.00153809     -0.00144043     -0.00135498     
-0.00147705     -0.00144043     -0.00146484     -0.00148926     
-0.00158691     -0.00168457     -0.00162354     -0.00162354     
-0.00181885     -0.0019043     -0.00197754     -0.0019165     
-0.00219727     -0.00203857     -0.00206299     -0.00201416     
-0.00205078     -0.00213623     -0.00203857     -0.00205078     
-0.00211182     -0.00211182     -0.00195313     -0.00194092     
-0.00192871     -0.00195313     -0.00183105     -0.00189209     
-0.00185547     -0.00177002     -0.00174561     -0.00167236     
-0.00178223     -0.00170898     -0.00169678     -0.00168457     
-0.00184326     -0.00178223     -0.00168457     -0.00167236     
-0.0019043     -0.00194092     -0.00186768     -0.00195313     
-0.00202637     -0.0020752     -0.0020874     -0.00195313     
-0.00213623     -0.00214844     -0.00211182     -0.00218506     
-0.00229492     -0.00229492     -0.00214844     -0.00213623     
-0.0022583     -0.00219727     -0.00217285     -0.00211182     
-0.00218506     -0.00211182     -0.0020874     -0.00195313     
-0.00203857     -0.00200195     -0.00198975     -0.00194092     
-0.00198975     -0.00194092     -0.00178223     -0.00178223     
-0.00178223     -0.00183105     -0.00184326     -0.00184326     
-0.00181885     -0.00197754     -0.0019165     -0.00196533     
-0.00211182     -0.00216064     -0.00212402     -0.00214844     
-0.0022583     -0.00239258     -0.00230713     -0.00218506     
-0.00233154     -0.00245361     -0.00235596     -0.00245361     
-0.00250244     -0.00253906     -0.00262451     -0.0026001     
-0.00273438     -0.0027832     -0.0029541     -0.00290527     
-0.00301514     -0.00299072     -0.00303955     -0.00300293     
-0.00296631     -0.00308838     -0.00310059     -0.00297852     
-0.00305176     -0.0029541     -0.00294189     -0.00272217     
-0.00289307     -0.00281982     -0.00285645     -0.00272217     
-0.00270996     -0.00279541     -0.00266113     -0.00262451     
-0.00256348     -0.00269775     -0.0026001     -0.00255127     
-0.00268555     -0.0026001     -0.00251465     -0.00256348     
-0.0026001     -0.00262451     -0.00252686     -0.00252686     
-0.00256348     -0.00252686     -0.00235596     -0.00235596     
-0.00244141     -0.00246582     -0.00240479     -0.00235596     
-0.0024292     -0.00244141     -0.0022583     -0.00229492     
-0.00236816     -0.00231934     -0.00223389     -0.00218506     
-0.00224609     -0.00220947     -0.00216064     -0.00203857     
-0.00213623     -0.00214844     -0.00202637     -0.00206299     
-0.00222168     -0.0020874     -0.0020874     -0.0020874     
-0.00222168     -0.00220947     -0.00219727     -0.0020752     
-0.00214844     -0.00217285     -0.00195313     -0.00195313     
-0.00205078     -0.00209961     -0.00195313     -0.00196533     
-0.00200195     -0.0020752     -0.0020752     -0.00211182     
-0.00211182     -0.00235596     -0.00224609     -0.00235596     
-0.00236816     -0.00234375     -0.00224609     -0.00218506     
-0.00212402     -0.00222168     -0.00211182     -0.00205078     
-0.00206299     -0.00197754     -0.00194092     -0.00192871     
-0.00195313     -0.00202637     -0.00194092     -0.00196533     
-0.00213623     -0.00206299     -0.0019043     -0.00183105     
-0.00194092     -0.00194092     -0.00194092     -0.00187988     
-0.00189209     -0.00189209     -0.00192871     -0.00178223     
-0.0019043     -0.0019165     -0.00194092     -0.00186768     
-0.00206299     -0.00202637     -0.00192871     -0.00194092     
-0.00195313     -0.00195313     -0.00195313     -0.00189209     
-0.00178223     -0.00189209     -0.00175781     -0.00170898     
-0.00168457     -0.00179443     -0.00162354     -0.00174561     
-0.00175781     -0.00174561     -0.00168457     -0.00169678     
-0.00180664     -0.00186768     -0.00183105     -0.00186768     
-0.00196533     -0.00203857     -0.00197754     -0.00196533     
-0.00214844     -0.00209961     -0.00205078     -0.0020752     
-0.00219727     -0.00229492     -0.00213623     -0.0020874     
-0.00228271     -0.0022583     -0.00223389     -0.00219727     
-0.00219727     -0.00227051     -0.00205078     -0.00200195     
-0.00214844     -0.00205078     -0.00195313     -0.00189209     
-0.00201416     -0.00187988     -0.00189209     -0.00179443     
-0.00203857     -0.0020874     -0.00209961     -0.00211182     
-0.00234375     -0.00249023     -0.00234375     -0.00246582     
-0.00257568     -0.00262451     -0.00257568     -0.00258789     
-0.00257568     -0.00258789     -0.00247803     -0.00233154     
-0.00231934     -0.00218506     -0.00212402     -0.00203857     
-0.00197754     -0.00187988     -0.00174561     -0.00163574     
-0.00172119     -0.00159912     -0.00153809     -0.00151367     
-0.00148926     -0.00141602     -0.00128174     -0.00112305     
-0.00119629     -0.00119629     -0.00113525     -0.0010498     
-0.00109863     -0.00113525     -0.00112305     -0.00125732     
-0.00131836     -0.00134277     -0.00150146     -0.00150146     
-0.00172119     -0.00166016     -0.00172119     -0.00157471     
-0.00177002     -0.00172119     -0.0017334     -0.00167236     
-0.00168457     -0.00159912     -0.00150146     -0.00137939     
-0.00142822     -0.00151367     -0.0013916     -0.0013916     
-0.00144043     -0.00146484     -0.00128174     -0.00133057     
-0.0013916     -0.00142822     -0.00137939     -0.00141602     
-0.00141602     -0.00133057     -0.00133057     -0.00117188     
-0.0013916     -0.00136719     -0.00131836     -0.00129395     
-0.00151367     -0.00146484     -0.00129395     -0.00129395     
-0.00145264     -0.00141602     -0.00133057     -0.00141602     
-0.00136719     -0.00137939     -0.00128174     -0.00123291     
-0.00137939     -0.00147705     -0.00135498     -0.00144043     
-0.00162354     -0.00174561     -0.00164795     -0.00158691     
-0.00180664     -0.00178223     -0.00184326     -0.00169678     
-0.00178223     -0.00177002     -0.00157471     -0.00147705     
-0.00153809     -0.00162354     -0.00153809     -0.00158691     
-0.00170898     -0.00179443     -0.00181885     -0.00184326     
-0.0019043     -0.00217285     -0.00209961     -0.00216064     
-0.00223389     -0.00231934     -0.00217285     -0.00203857     
-0.00209961     -0.00205078     -0.00202637     -0.0019043     
-0.00196533     -0.00184326     -0.00169678     -0.00169678     
-0.00164795     -0.00153809     -0.00155029     -0.00145264     
-0.00145264     -0.0013916     -0.00129395     -0.0012207     
-0.00124512     -0.00113525     -0.00114746     -0.00117188     
-0.00129395     -0.00129395     -0.00126953     -0.00126953     
-0.0013916     -0.00135498     -0.00142822     -0.00136719     
-0.00150146     -0.00141602     -0.00142822     -0.00134277     
-0.00148926     -0.00151367     -0.00152588     -0.00151367     
-0.00144043     -0.00166016     -0.00144043     -0.0013916     
-0.00153809     -0.00162354     -0.00144043     -0.00150146     
-0.00155029     -0.00159912     -0.00155029     -0.00147705     
-0.00166016     -0.00168457     -0.00172119     -0.00178223     
-0.00198975     -0.00201416     -0.00211182     -0.00218506     
-0.00238037     -0.00253906     -0.00249023     -0.00251465     
-0.00255127     -0.00255127     -0.00249023     -0.00233154     
-0.00235596     -0.00222168     -0.00202637     -0.00192871     
-0.00195313     -0.0019165     -0.00174561     -0.0015625     
-0.00168457     -0.00164795     -0.00159912     -0.00148926     
-0.00155029     -0.00144043     -0.00150146     -0.00129395     
-0.00129395     -0.00128174     -0.00119629     -0.00118408     
-0.0012085     -0.0012085     -0.0010376     -0.00102539     
-0.0010498     -0.00126953     -0.00113525     -0.00128174     
-0.00129395     -0.00152588     -0.00145264     -0.00141602     
-0.00164795     -0.0017334     -0.00177002     -0.00169678     
-0.00179443     -0.00183105     -0.00174561     -0.00163574     
-0.00168457     -0.00159912     -0.00157471     -0.00157471     
-0.00144043     -0.00152588     -0.00140381     -0.00137939     
-0.00142822     -0.00144043     -0.00137939     -0.00128174     
-0.00136719     -0.00126953     -0.0012085     -0.00111084     
-0.00119629     -0.00118408     -0.0012085     -0.00106201     
-0.00119629     -0.00106201     -0.00109863     -0.000952148     
-0.00113525     -0.0010498     -0.000976563     -0.00101318     
-0.00117188     -0.00112305     -0.0010376     -0.00113525     
-0.00118408     -0.00129395     -0.00125732     -0.00119629     
-0.00142822     -0.0013916     -0.00129395     -0.00140381     
-0.00148926     -0.00146484     -0.00146484     -0.00153809     
-0.00153809     -0.00159912     -0.00145264     -0.00140381     
-0.00164795     -0.00152588     -0.00148926     -0.00148926     
-0.00151367     -0.00157471     -0.00152588     -0.00148926     
-0.00163574     -0.00158691     -0.00162354     -0.00163574     
-0.00166016     -0.00163574     -0.00155029     -0.00145264     
-0.00155029     -0.00147705     -0.00142822     -0.00134277     
-0.00145264     -0.00142822     -0.0013916     -0.00137939     
-0.00164795     -0.00157471     -0.0017334     -0.00179443     
-0.00198975     -0.00202637     -0.00192871     -0.00192871     
-0.00211182     -0.00217285     -0.0020752     -0.00213623     
-0.00206299     -0.00202637     -0.00184326     -0.0019043     
-0.00184326     -0.00186768     -0.00166016     -0.00172119     
-0.00174561     -0.00183105     -0.00163574     -0.00164795     
-0.00185547     -0.00187988     -0.00200195     -0.00187988     
-0.00196533     -0.00200195     -0.0019165     -0.00181885     
-0.00189209     -0.00196533     -0.00189209     -0.00177002     
-0.00180664     -0.00183105     -0.00162354     -0.00151367     
-0.00157471     -0.00151367     -0.00142822     -0.00150146     
-0.00136719     -0.0013916     -0.00147705     -0.00141602     
-0.00152588     -0.00151367     -0.00170898     -0.00164795     
-0.00194092     -0.00189209     -0.00196533     -0.00198975     
-0.00206299     -0.00220947     -0.00224609     -0.00214844     
-0.00223389     -0.00228271     -0.00218506     -0.00206299     
-0.00222168     -0.00212402     -0.00198975     -0.00200195     
-0.00203857     -0.00189209     -0.00180664     -0.00168457     
-0.00166016     -0.00161133     -0.00150146     -0.00145264     
-0.00153809     -0.00140381     -0.00129395     -0.00123291     
-0.00144043     -0.00141602     -0.00135498     -0.00141602     
-0.00158691     -0.00148926     -0.00135498     -0.00137939     
-0.00137939     -0.00130615     -0.00118408     -0.0010376     
-0.0010376     -0.000964355     -0.000708008     -0.000622559     
-0.000769043     -0.000732422     -0.000683594     -0.00065918     
-0.00090332     -0.000891113     -0.00098877     -0.000891113     
-0.00109863     -0.0012207     -0.00123291     -0.00134277     
-0.00142822     -0.00144043     -0.00126953     -0.00125732     
-0.00123291     -0.00123291     -0.00118408     -0.00107422     
-0.00098877     -0.00106201     -0.000866699     -0.000817871     
-0.000976563     -0.0010498     -0.000964355     -0.00102539     
-0.00111084     -0.00126953     -0.00133057     -0.00137939     
-0.00157471     -0.0015625     -0.00177002     -0.00180664     
-0.00183105     -0.00189209     -0.00189209     -0.00184326     
-0.00181885     -0.00180664     -0.00174561     -0.00159912     
-0.0015625     -0.00144043     -0.0013916     -0.00134277     
-0.00125732     -0.00117188     -0.00111084     -0.000964355     
-0.00109863     -0.00098877     -0.000952148     -0.000793457     
-0.000915527     -0.000817871     -0.000817871     -0.000671387     
-0.000708008     -0.000622559     -0.000524902     -0.00045166     
-0.000439453     -0.000537109     -0.000378418     -0.000439453     
-0.000537109     -0.000610352     -0.000500488     -0.000671387     
-0.000769043     -0.000866699     -0.000976563     -0.000939941     
-0.00113525     -0.00117188     -0.00111084     -0.00115967     
-0.00128174     -0.00124512     -0.0012085     -0.00113525     
-0.0012207     -0.00124512     -0.00113525     -0.00106201     
-0.0012085     -0.00129395     -0.00128174     -0.00130615     
-0.00146484     -0.00145264     -0.00142822     -0.00145264     
-0.00161133     -0.00159912     -0.00164795     -0.00158691     
-0.00170898     -0.0015625     -0.00151367     -0.00136719     
-0.00148926     -0.00142822     -0.00136719     -0.00119629     
-0.00125732     -0.00119629     -0.0010498     -0.0010376     
-0.00114746     -0.00117188     -0.0010376     -0.0010498     
-0.00109863     -0.00111084     -0.00102539     -0.00109863     
-0.00111084     -0.00123291     -0.00115967     -0.00115967     
-0.0013916     -0.00140381     -0.00135498     -0.00141602     
-0.00145264     -0.00150146     -0.00151367     -0.00148926     
-0.00150146     -0.00146484     -0.0013916     -0.00134277     
-0.00126953     -0.00125732     -0.00118408     -0.00125732     
-0.00114746     -0.00114746     -0.00112305     -0.00111084     
-0.00119629     -0.00115967     -0.00131836     -0.00133057     
-0.00131836     -0.00141602     -0.0013916     -0.00126953     
-0.00140381     -0.00130615     -0.00137939     -0.00126953     
-0.00126953     -0.00114746     -0.00114746     -0.00101318     
-0.00107422     -0.00106201     -0.00111084     -0.00111084     
-0.00113525     -0.00115967     -0.00101318     -0.000976563     
-0.00106201     -0.00109863     -0.000939941     -0.000964355     
-0.000976563     -0.000805664     -0.000769043     -0.000744629     
-0.000830078     -0.000866699     -0.00078125     -0.000793457     
-0.00108643     -0.00107422     -0.000964355     -0.00102539     
-0.00131836     -0.00141602     -0.00133057     -0.00146484     
-0.00153809     -0.00148926     -0.00142822     -0.00141602     
-0.00137939     -0.00135498     -0.00128174     -0.0012207     
-0.0012207     -0.00125732     -0.00117188     -0.00114746     
-0.00115967     -0.00123291     -0.00135498     -0.00133057     
-0.00158691     -0.00153809     -0.00148926     -0.00141602     
-0.00158691     -0.00151367     -0.0013916     -0.00142822     
-0.00141602     -0.00133057     -0.00113525     -0.00115967     
-0.0012085     -0.00124512     -0.00107422     -0.00109863     
-0.00115967     -0.00130615     -0.00117188     -0.00114746     
-0.00130615     -0.00129395     -0.00126953     -0.00130615     
-0.00136719     -0.00126953     -0.00114746     -0.00109863     
-0.00118408     -0.00108643     -0.0012085     -0.00112305     
-0.00107422     -0.0010498     -0.00106201     -0.000927734     
-0.0010376     -0.0010498     -0.00100098     -0.00098877     
-0.00108643     -0.00101318     -0.000878906     -0.000939941     
-0.00100098     -0.000939941     -0.0010498     -0.00098877     
-0.00114746     -0.00102539     -0.00109863     -0.000964355     
-0.00117188     -0.000952148     -0.000952148     -0.00098877     
-0.00101318     -0.00090332     -0.000891113     -0.000830078     
-0.000866699     -0.00100098     -0.00090332     -0.000939941     
-0.00111084     -0.00114746     -0.00098877     -0.00111084     
-0.00108643     -0.00113525     -0.00114746     -0.00107422     
-0.00108643     -0.00109863     -0.00101318     -0.000927734     
-0.0010498     -0.00106201     -0.00107422     -0.00113525     
-0.00117188     -0.00124512     -0.00115967     -0.00130615     
-0.00155029     -0.0015625     -0.00157471     -0.00174561     
-0.00185547     -0.00196533     -0.00194092     -0.0019043     
-0.00194092     -0.00206299     -0.0019043     -0.00187988     
-0.00192871     -0.00168457     -0.00153809     -0.00140381     
-0.00147705     -0.00130615     -0.00128174     -0.00112305     
-0.00123291     -0.00114746     -0.0010498     -0.000891113     
-0.00102539     -0.0010498     -0.000964355     -0.00109863     
-0.00117188     -0.00115967     -0.00115967     -0.00118408     
-0.00115967     -0.00134277     -0.00123291     -0.00125732     
-0.00135498     -0.00134277     -0.00126953     -0.00130615     
-0.00131836     -0.00135498     -0.0013916     -0.00136719     
-0.00155029     -0.00152588     -0.00150146     -0.0015625     
-0.00158691     -0.00162354     -0.00161133     -0.00153809     
-0.00162354     -0.00159912     -0.00146484     -0.00130615     
-0.00147705     -0.00140381     -0.00125732     -0.0012085     
-0.00114746     -0.000952148     -0.000952148     -0.000854492     
-0.000878906     -0.00078125     -0.000817871     -0.000744629     
-0.000952148     -0.000878906     -0.00098877     -0.00100098     
-0.00111084     -0.00130615     -0.00124512     -0.00135498     
-0.00136719     -0.00141602     -0.0012207     -0.0012085     
-0.00128174     -0.00123291     -0.0012085     -0.00125732     
-0.00125732     -0.00128174     -0.00126953     -0.0012207     
-0.00137939     -0.00147705     -0.00145264     -0.00151367     
-0.00158691     -0.0015625     -0.00150146     -0.00137939     
-0.00147705     -0.00150146     -0.00134277     -0.00126953     
-0.00131836     -0.00118408     -0.00101318     -0.000891113     
-0.00100098     -0.000842285     -0.000793457     -0.000769043     
-0.000866699     -0.000817871     -0.00078125     -0.000732422     
-0.000927734     -0.000915527     -0.000927734     -0.00102539     
-0.00118408     -0.00115967     -0.00126953     -0.0012207     
-0.00136719     -0.00146484     -0.00151367     -0.00147705     
-0.00161133     -0.00158691     -0.00148926     -0.00152588     
-0.00157471     -0.00158691     -0.00141602     -0.00144043     
-0.00136719     -0.00145264     -0.00128174     -0.00114746     
-0.0012085     -0.00115967     -0.00113525     -0.0010498     
-0.00109863     -0.00114746     -0.00108643     -0.0010376     
-0.00117188     -0.0012085     -0.00115967     -0.00112305     
-0.00119629     -0.0012207     -0.0010498     -0.00108643     
-0.00112305     -0.00109863     -0.00108643     -0.00111084     
-0.00114746     -0.00117188     -0.00111084     -0.00106201     
-0.00115967     -0.00114746     -0.00115967     -0.0010376     
-0.00123291     -0.00114746     -0.00106201     -0.000952148     
-0.00100098     -0.000866699     -0.000891113     -0.000891113     
-0.000878906     -0.000854492     -0.000830078     -0.000927734     
-0.000976563     -0.00117188     -0.00112305     -0.00124512     
-0.00140381     -0.00159912     -0.00151367     -0.00158691     
-0.00172119     -0.00163574     -0.00157471     -0.00162354     
-0.00159912     -0.00141602     -0.00129395     -0.00115967     
-0.00125732     -0.00113525     -0.00112305     -0.000976563     
-0.00109863     -0.00115967     -0.000842285     -0.000927734     
-0.00112305     -0.00111084     -0.00106201     -0.00109863     
-0.00124512     -0.0012207     -0.00114746     -0.00109863     
-0.00117188     -0.00114746     -0.00114746     -0.0010376     
-0.00119629     -0.00107422     -0.000976563     -0.000891113     
-0.00113525     -0.0010376     -0.00115967     -0.00106201     
-0.0012207     -0.00131836     -0.00119629     -0.00129395     
-0.00142822     -0.00148926     -0.00145264     -0.00157471     
-0.00157471     -0.00159912     -0.00151367     -0.00161133     
-0.00159912     -0.00175781     -0.00163574     -0.00164795     
-0.00167236     -0.00170898     -0.00161133     -0.00161133     
-0.0017334     -0.00174561     -0.00169678     -0.00158691     
-0.00177002     -0.00174561     -0.00166016     -0.00157471     
-0.00162354     -0.00166016     -0.00164795     -0.00155029     
-0.00153809     -0.00155029     -0.00152588     -0.00140381     
-0.0015625     -0.00146484     -0.00141602     -0.00141602     
-0.00136719     -0.00141602     -0.00130615     -0.00125732     
-0.00130615     -0.00134277     -0.00141602     -0.00130615     
-0.00152588     -0.0012207     -0.00117188     -0.00117188     
-0.00117188     -0.00106201     -0.00100098     -0.000964355     
-0.000854492     -0.00078125     -0.00057373     -0.000561523     
-0.000646973     -0.000622559     -0.000512695     -0.000537109     
-0.000512695     -0.00057373     -0.000598145     -0.000537109     
-0.000622559     -0.00065918     -0.000634766     -0.000695801     
-0.000866699     -0.000952148     -0.000927734     -0.000927734     
-0.00107422     -0.00123291     -0.00115967     -0.00130615     
-0.00137939     -0.00146484     -0.00152588     -0.00159912     
-0.00178223     -0.00183105     -0.00189209     -0.00192871     
-0.00201416     -0.00205078     -0.00185547     -0.00177002     
-0.00185547     -0.00163574     -0.0015625     -0.00141602     
-0.00140381     -0.00114746     -0.00106201     -0.000854492     
-0.00090332     -0.000830078     -0.000720215     -0.000708008     
-0.00078125     -0.000817871     -0.000708008     -0.000793457     
-0.000878906     -0.00113525     -0.00106201     -0.0012207     
-0.00130615     -0.00142822     -0.00133057     -0.00137939     
-0.00155029     -0.00159912     -0.00152588     -0.0015625     
-0.00167236     -0.00164795     -0.00159912     -0.00151367     
-0.00161133     -0.00164795     -0.0015625     -0.00163574     
-0.00161133     -0.00148926     -0.00141602     -0.00135498     
-0.00142822     -0.00145264     -0.00130615     -0.00136719     
-0.00152588     -0.00147705     -0.0013916     -0.00144043     
-0.0015625     -0.00152588     -0.00161133     -0.00158691     
-0.00166016     -0.00157471     -0.00153809     -0.00135498     
-0.00152588     -0.00141602     -0.00131836     -0.00124512     
-0.00129395     -0.0012207     -0.00102539     -0.00098877     
-0.0010376     -0.00101318     -0.00090332     -0.00090332     
-0.000805664     -0.000878906     -0.000744629     -0.000720215     
-0.000842285     -0.000830078     -0.000805664     -0.000830078     
-0.00101318     -0.00108643     -0.00108643     -0.00107422     
-0.00119629     -0.00131836     -0.00133057     -0.00134277     
-0.00153809     -0.00152588     -0.00136719     -0.00144043     
-0.00152588     -0.00136719     -0.00130615     -0.00131836     
-0.0012085     -0.00118408     -0.00101318     -0.000891113     
-0.00098877     -0.000927734     -0.000769043     -0.000793457     
-0.000927734     -0.000854492     -0.000769043     -0.00078125     
-0.000952148     -0.000878906     -0.000927734     -0.000830078     
-0.000964355     -0.000939941     -0.00065918     -0.000732422     
-0.000708008     -0.000695801     -0.000622559     -0.000646973     
-0.000671387     -0.00078125     -0.000622559     -0.000720215     
-0.000793457     -0.000939941     -0.00100098     -0.0010498     
-0.00112305     -0.00131836     -0.00128174     -0.00123291     
-0.00141602     -0.00148926     -0.00151367     -0.00137939     
-0.00150146     -0.00158691     -0.00151367     -0.00141602     
-0.00147705     -0.00146484     -0.00137939     -0.0013916     
-0.00147705     -0.00142822     -0.00129395     -0.00124512     
-0.00134277     -0.00131836     -0.00135498     -0.00133057     
-0.0013916     -0.00133057     -0.00131836     -0.00117188     
-0.00125732     -0.00124512     -0.00114746     -0.000878906     
-0.00102539     -0.0010498     -0.000866699     -0.000891113     
-0.0010498     -0.00112305     -0.00118408     -0.00113525     
-0.00124512     -0.00136719     -0.00135498     -0.00146484     
-0.00168457     -0.00174561     -0.00162354     -0.00185547     
-0.00197754     -0.00202637     -0.00198975     -0.00203857     
-0.00219727     -0.00213623     -0.00219727     -0.00217285     
-0.00217285     -0.00206299     -0.0019165     -0.00187988     
-0.00183105     -0.0017334     -0.00147705     -0.0013916     
-0.00140381     -0.00136719     -0.00124512     -0.00112305     
-0.00125732     -0.00129395     -0.00130615     -0.00134277     
-0.00147705     -0.00146484     -0.00140381     -0.00151367     
-0.00163574     -0.00158691     -0.00159912     -0.00157471     
-0.00159912     -0.00151367     -0.00147705     -0.0012207     
-0.00128174     -0.00141602     -0.00124512     -0.00118408     
-0.00140381     -0.00135498     -0.0012085     -0.0012085     
-0.00128174     -0.00136719     -0.00135498     -0.00137939     
-0.00134277     -0.00146484     -0.0012207     -0.00115967     
-0.00124512     -0.00126953     -0.00113525     -0.00106201     
-0.0012085     -0.00111084     -0.00109863     -0.00102539     
-0.00112305     -0.00117188     -0.00115967     -0.00115967     
-0.00118408     -0.0012207     -0.00109863     -0.0010376     
-0.00113525     -0.0012085     -0.00111084     -0.00117188     
-0.0012085     -0.00117188     -0.00108643     -0.00109863     
-0.00112305     -0.00107422     -0.00107422     -0.000939941     
-0.00102539     -0.000891113     -0.000793457     -0.000756836     
-0.000817871     -0.000744629     -0.000866699     -0.000793457     
-0.000891113     -0.00106201     -0.00109863     -0.00117188     
-0.00115967     -0.00144043     -0.00142822     -0.00136719     
-0.00147705     -0.00167236     -0.00140381     -0.0013916     
-0.00144043     -0.00146484     -0.00142822     -0.00145264     
-0.00151367     -0.00144043     -0.00133057     -0.00134277     
-0.00147705     -0.00141602     -0.00141602     -0.00135498     
-0.00151367     -0.00157471     -0.0013916     -0.00151367     
-0.00159912     -0.00167236     -0.00168457     -0.00172119     
-0.00180664     -0.00181885     -0.00164795     -0.0015625     
-0.00158691     -0.00155029     -0.00144043     -0.00125732     
-0.0013916     -0.00119629     -0.00098877     -0.000927734     
-0.000976563     -0.000793457     -0.000866699     -0.000732422     
-0.000769043     -0.00065918     -0.000549316     -0.000537109     
-0.000598145     -0.000634766     -0.000622559     -0.000671387     
-0.000732422     -0.00090332     -0.00078125     -0.000939941     
-0.00101318     -0.00113525     -0.0010376     -0.00118408     
-0.00113525     -0.00114746     -0.00111084     -0.00101318     
-0.00111084     -0.00106201     -0.00107422     -0.00101318     
-0.00106201     -0.00111084     -0.00100098     -0.00106201     
-0.0010376     -0.00109863     -0.00111084     -0.00113525     
-0.00119629     -0.00114746     -0.00100098     -0.0010376     
-0.00108643     -0.00098877     -0.000952148     -0.000878906     
-0.00090332     -0.000878906     -0.000756836     -0.000695801     
-0.000830078     -0.000805664     -0.000817871     -0.000732422     
-0.000817871     -0.000756836     -0.000854492     -0.000683594     
-0.000683594     -0.00078125     -0.00065918     -0.000610352     
-0.000622559     -0.000708008     -0.00045166     -0.000463867     
-0.000390625     -0.000427246     -0.000341797     -0.000415039     
-0.000500488     -0.000488281     -0.000402832     -0.000524902     
-0.00057373     -0.000695801     -0.000646973     -0.000598145     
-0.000720215     -0.00078125     -0.000720215     -0.000500488     
-0.000732422     -0.000830078     -0.000720215     -0.000732422     
-0.000939941     -0.000952148     -0.000830078     -0.000842285     
-0.00100098     -0.00098877     -0.00109863     -0.00102539     
-0.00107422     -0.00106201     -0.00090332     -0.000805664     
-0.000915527     -0.000805664     -0.000683594     -0.000537109     
-0.000695801     -0.000524902     -0.00045166     -0.000317383     
-0.000500488     -0.000463867     -0.000402832     -0.000378418     
-0.000537109     -0.000549316     -0.000366211     -0.00045166     
-0.000500488     -0.000500488     -0.000427246     -0.000476074     
-0.000415039     -0.000476074     -0.000341797     -0.00032959     
-0.000415039     -0.000549316     -0.000476074     -0.000634766     
-0.000756836     -0.000769043     -0.000744629     -0.000793457     
-0.000976563     -0.00101318     -0.0010376     -0.00109863     
-0.000976563     -0.0010376     -0.00102539     -0.000891113     
-0.000927734     -0.000805664     -0.000720215     -0.000646973     
-0.000695801     -0.000646973     -0.000488281     -0.000402832     
-0.00045166     -0.00045166     -0.000488281     -0.000354004     
-0.000415039     -0.000500488     -0.000488281     -0.000378418     
-0.000634766     -0.000488281     -0.000585938     -0.00057373     
-0.000585938     -0.00065918     -0.000646973     -0.000585938     
-0.000671387     -0.000756836     -0.000817871     -0.00078125     
-0.000854492     -0.000891113     -0.000756836     -0.000842285     
-0.000866699     -0.000878906     -0.000805664     -0.000769043     
-0.000793457     -0.000695801     -0.000585938     -0.000488281     
-0.000671387     -0.000561523     -0.000561523     -0.000476074     
-0.000549316     -0.000598145     -0.000500488     -0.000512695     
-0.000561523     -0.000585938     -0.000598145     -0.000646973     
-0.000732422     -0.000805664     -0.000793457     -0.000622559     
-0.000866699     -0.00102539     -0.00090332     -0.000866699     
-0.00106201     -0.00098877     -0.000830078     -0.000817871     
-0.000878906     -0.000769043     -0.000793457     -0.000671387     
-0.000817871     -0.000817871     -0.000769043     -0.000720215     
-0.000720215     -0.000854492     -0.000683594     -0.000732422     
-0.000842285     -0.000878906     -0.00078125     -0.000817871     
-0.000915527     -0.000976563     -0.000878906     -0.000976563     
-0.00098877     -0.00098877     -0.000805664     -0.000732422     
-0.00078125     -0.000744629     -0.000610352     -0.000500488     
-0.000610352     -0.000512695     -0.000439453     -0.000524902     
-0.000585938     -0.000549316     -0.000708008     -0.000744629     
-0.000830078     -0.00098877     -0.000976563     -0.000891113     
-0.00107422     -0.00106201     -0.00100098     -0.00109863     
-0.00107422     -0.000976563     -0.000927734     -0.000891113     
-0.00102539     -0.00098877     -0.00100098     -0.00078125     
-0.00100098     -0.000866699     -0.000854492     -0.000891113     
-0.000891113     -0.00090332     -0.000817871     -0.000830078     
-0.000769043     -0.000842285     -0.000732422     -0.000720215     
-0.000695801     -0.00078125     -0.000634766     -0.000708008     
-0.00078125     -0.000805664     -0.000720215     -0.000769043     
-0.000854492     -0.000866699     -0.000842285     -0.000866699     
-0.00101318     -0.000952148     -0.000830078     -0.000915527     
-0.00107422     -0.00112305     -0.00113525     -0.0012085     
-0.00140381     -0.00142822     -0.0013916     -0.00153809     
-0.00157471     -0.00164795     -0.00166016     -0.00164795     
-0.00164795     -0.00163574     -0.00152588     -0.00142822     
-0.00147705     -0.00133057     -0.00129395     -0.00115967     
-0.00118408     -0.00112305     -0.00106201     -0.000891113     
-0.000915527     -0.000964355     -0.000805664     -0.000756836     
-0.000866699     -0.000854492     -0.000732422     -0.000793457     
-0.000769043     -0.000830078     -0.000927734     -0.00102539     
-0.00107422     -0.00126953     -0.00119629     -0.00124512     
-0.00133057     -0.00137939     -0.00128174     -0.00128174     
-0.00133057     -0.00130615     -0.00112305     -0.000952148     
-0.00113525     -0.00098877     -0.000915527     -0.000964355     
-0.000964355     -0.000891113     -0.000976563     -0.000964355     
-0.00115967     -0.0012207     -0.00128174     -0.00133057     
-0.00147705     -0.00151367     -0.00159912     -0.00155029     
-0.00167236     -0.00158691     -0.00161133     -0.00152588     
-0.00166016     -0.00152588     -0.00145264     -0.00137939     
-0.00146484     -0.00124512     -0.0012207     -0.00119629     
-0.00112305     -0.000976563     -0.000891113     -0.000769043     
-0.000732422     -0.000671387     -0.000524902     -0.000537109     
-0.000500488     -0.000561523     -0.000317383     -0.000366211     
-0.000476074     -0.00045166     -0.00045166     -0.000476074     
-0.00045166     -0.000476074     -0.000390625     -0.000390625     
-0.000500488     -0.000500488     -0.000476074     -0.000500488     
-0.000585938     -0.000646973     -0.000512695     -0.000549316     
-0.000585938     -0.000634766     -0.000610352     -0.000646973     
-0.000622559     -0.00057373     -0.000561523     -0.000463867     
-0.000585938     -0.000524902     -0.00057373     -0.000561523     
-0.000720215     -0.000744629     -0.000646973     -0.000598145     
-0.000964355     -0.000976563     -0.00113525     -0.00111084     
-0.00140381     -0.00141602     -0.0013916     -0.00146484     
-0.00159912     -0.00159912     -0.00145264     -0.00152588     
-0.00148926     -0.00145264     -0.00129395     -0.00106201     
-0.000964355     -0.00102539     -0.000842285     -0.000744629     
-0.000744629     -0.000732422     -0.000549316     -0.000549316     
-0.000634766     -0.000622559     -0.000744629     -0.000732422     
-0.000964355     -0.000866699     -0.000830078     -0.000878906     
-0.00098877     -0.00107422     -0.00112305     -0.00108643     
-0.0010376     -0.00100098     -0.000939941     -0.000842285     
-0.00090332     -0.00078125     -0.000683594     -0.000634766     
-0.000683594     -0.000646973     -0.000634766     -0.000463867     
-0.00065918     -0.000671387     -0.000732422     -0.000561523     
-0.000964355     -0.000842285     -0.000817871     -0.00078125     
-0.000939941     -0.000964355     -0.00090332     -0.000939941     
-0.00100098     -0.00114746     -0.000976563     -0.00109863     
-0.00125732     -0.0013916     -0.00136719     -0.0015625     
-0.00157471     -0.00162354     -0.00166016     -0.00158691     
-0.00177002     -0.00174561     -0.0017334     -0.00158691     
-0.00172119     -0.00157471     -0.00141602     -0.0012207     
-0.00136719     -0.00129395     -0.00112305     -0.00114746     
-0.0012085     -0.00108643     -0.000891113     -0.00090332     

