Source : transient; Time : Wed Jun 14 08:29:16 2017
B0 = 3592.000000 Gauss, mw = 9.686281 GHz
 NDI-T2 sa261 20/2 42/25 523nm/1mJ
1 5000 -1.001e-06 8.997e-06 0 0
s                        V                                                 
-0.000402832     -0.000598145     -0.000708008     -0.00045166     
-0.000549316     -0.000549316     -0.000549316     -0.000390625     
-0.000231934     -0.000341797     -0.000390625     0     
1.2207e-05     2.44141e-05     -2.44141e-05     0.000134277     
0.000244141     0.00012207     0     0.000158691     
0.000292969     8.54492e-05     -2.44141e-05     0.000146484     
0.000146484     -6.10352e-05     -0.000134277     6.10352e-05     
-6.10352e-05     -0.000158691     -0.000268555     -0.000354004     
-0.00020752     -0.000524902     -0.000598145     -0.000439453     
-0.000256348     -0.000354004     -0.000463867     -0.000305176     
-8.54492e-05     -0.000109863     -0.000170898     0.000158691     
0.000378418     0.000317383     0.000305176     0.000549316     
0.000683594     0.000512695     0.00045166     0.000561523     
0.000634766     0.00045166     0.000390625     0.000463867     
0.000476074     0.000170898     6.10352e-05     0.000231934     
0.000183105     0.000109863     -0.00012207     0.000109863     
0.000146484     3.66211e-05     7.32422e-05     0.000231934     
0.000402832     0.000317383     0.00020752     0.000476074     
0.00057373     0.000183105     0.00020752     0.000341797     
0.00045166     0.00020752     0.000109863     0.000219727     
0.000244141     3.66211e-05     0.000109863     0.000183105     
0.000341797     0.00020752     0.000195313     0.000488281     
0.000634766     0.000476074     0.000500488     0.000695801     
0.000891113     0.000683594     0.000683594     0.00078125     
0.000878906     0.00065918     0.000524902     0.00065918     
0.00057373     0.00032959     0.000244141     0.000317383     
0.000256348     0     -9.76563e-05     -0.000134277     
-8.54492e-05     -0.000231934     -0.000427246     -0.000256348     
-0.000439453     -0.000549316     -0.000720215     -0.000610352     
-0.000585938     -0.000756836     -0.000756836     -0.000585938     
-0.000488281     -0.00057373     -0.000598145     -0.000317383     
-0.000134277     -0.000195313     -0.000158691     -2.44141e-05     
0.000183105     0     -6.10352e-05     0.000134277     
0.000354004     0.000183105     0.000183105     0.000341797     
0.000415039     0.000305176     0.000219727     0.000390625     
0.000622559     0.000402832     0.000402832     0.000500488     
0.000524902     0.000402832     0.000366211     0.000463867     
0.000537109     0.000378418     0.000256348     0.000402832     
0.000378418     0.000183105     2.44141e-05     0.000170898     
0.000231934     -4.88281e-05     -0.000231934     0.000109863     
-9.76563e-05     -8.54492e-05     -0.000317383     -2.44141e-05     
1.2207e-05     -6.10352e-05     -0.000268555     -0.000109863     
-3.66211e-05     -0.000231934     -0.000305176     -0.000170898     
-0.00020752     -0.000366211     -0.000354004     -0.000268555     
-0.000146484     -0.000305176     -0.000305176     -7.32422e-05     
0.000195313     -4.88281e-05     8.54492e-05     0.000195313     
0.000390625     0.000219727     0.000268555     0.000537109     
0.000610352     0.00045166     0.000463867     0.000598145     
0.000683594     0.000463867     0.000488281     0.000561523     
0.000671387     0.000524902     0.000305176     0.000622559     
0.000683594     0.00045166     0.00032959     0.000500488     
0.000549316     0.000341797     0.000317383     0.000317383     
0.000415039     0.000219727     8.54492e-05     0.000268555     
0.00012207     7.32422e-05     -7.32422e-05     0.00012207     
0.000158691     -0.000109863     -0.000158691     0.000195313     
0.000280762     0.000183105     0.000134277     0.000317383     
0.000537109     0.000488281     0.000488281     0.000744629     
0.000915527     0.000830078     0.000842285     0.000939941     
0.00106201     0.000744629     0.000695801     0.000744629     
0.000866699     0.000634766     0.000476074     0.000476074     
0.000561523     0.000402832     0.000280762     0.000415039     
0.00057373     0.000439453     0.00045166     0.000537109     
0.000622559     0.000512695     0.000366211     0.000598145     
0.000634766     0.000500488     0.000354004     0.000439453     
0.00057373     0.00032959     0.000231934     0.000366211     
0.000415039     0.000378418     4.88281e-05     0.000378418     
0.000341797     0.00012207     1.2207e-05     0.000183105     
0.000231934     -7.32422e-05     -7.32422e-05     0     
0     -0.000244141     -0.000280762     -8.54492e-05     
-3.66211e-05     -0.000158691     -0.000195313     -1.2207e-05     
0.000109863     -0.00012207     -6.10352e-05     -1.2207e-05     
0.000158691     -3.66211e-05     -0.00012207     2.44141e-05     
3.66211e-05     -0.000146484     -0.000244141     -2.44141e-05     
1.2207e-05     -0.00012207     -0.000109863     0.00012207     
8.54492e-05     1.2207e-05     -3.66211e-05     0.000170898     
0.000244141     4.88281e-05     8.54492e-05     0.000354004     
0.000402832     0.000195313     0.000268555     0.000463867     
0.000585938     0.000512695     0.000292969     0.000744629     
0.00057373     0.000524902     0.000561523     0.00078125     
0.000927734     0.000695801     0.000769043     0.000976563     
0.00101318     0.000866699     0.000830078     0.000976563     
0.000976563     0.000744629     0.000646973     0.000732422     
0.000732422     0.000390625     0.000219727     0.000280762     
0.000415039     0.000109863     0.000109863     0.000219727     
0.000183105     2.44141e-05     -0.00012207     0     
8.54492e-05     -9.76563e-05     -0.000195313     -0.000134277     
7.32422e-05     -0.00020752     -0.00032959     -0.000183105     
-3.66211e-05     -0.000268555     -0.000244141     -9.76563e-05     
-9.76563e-05     -0.00012207     -0.000231934     -1.2207e-05     
7.32422e-05     2.44141e-05     -6.10352e-05     0.00012207     
0.000170898     0.000158691     -3.66211e-05     0.000231934     
0.000378418     0.00020752     9.76563e-05     0.000183105     
0.000280762     3.66211e-05     -8.54492e-05     9.76563e-05     
0.000195313     2.44141e-05     2.44141e-05     0.000195313     
0.000256348     0.000158691     0.000183105     0.000341797     
0.000537109     0.000366211     0.000390625     0.000488281     
0.000598145     0.000427246     0.000231934     0.000402832     
0.000317383     0.000146484     3.66211e-05     0.000158691     
0.00020752     -6.10352e-05     -7.32422e-05     7.32422e-05     
7.32422e-05     -0.000109863     -0.000109863     -9.76563e-05     
-7.32422e-05     -0.000183105     -0.000354004     -0.000109863     
-2.44141e-05     -0.000170898     -0.00012207     0.00012207     
0.000231934     0.000195313     7.32422e-05     0.000512695     
0.000585938     0.000512695     0.000512695     0.000610352     
0.000634766     0.000415039     0.00032959     0.00057373     
0.00057373     0.000317383     0.000317383     0.000524902     
0.000512695     0.000317383     0.000317383     0.00045166     
0.000598145     0.000415039     0.000390625     0.000549316     
0.000695801     0.000476074     0.000463867     0.000683594     
0.000720215     0.000561523     0.000390625     0.000524902     
0.000585938     0.00032959     0.000170898     0.000341797     
0.000549316     0.000280762     0.000244141     0.000354004     
0.000463867     0.00032959     0.000231934     0.000378418     
0.000439453     0.000268555     0.00012207     0.000317383     
0.000305176     8.54492e-05     -4.88281e-05     0.000146484     
3.66211e-05     1.2207e-05     -0.000170898     -8.54492e-05     
-1.2207e-05     -0.000256348     -0.000292969     -0.000231934     
-6.10352e-05     -0.000219727     -0.00020752     -6.10352e-05     
-2.44141e-05     -0.000231934     -0.000219727     -0.000109863     
0     -0.00020752     -0.000256348     -0.000109863     
-2.44141e-05     -0.000280762     -0.000354004     -0.000366211     
-0.000256348     -0.000378418     -0.00045166     -0.000415039     
-0.000463867     -0.000561523     -0.000695801     -0.000610352     
-0.000402832     -0.000732422     -0.000744629     -0.000622559     
-0.000561523     -0.000732422     -0.000769043     -0.000561523     
-0.00045166     -0.000598145     -0.000561523     -0.000268555     
-0.000158691     -0.000280762     -0.000231934     1.2207e-05     
0.00012207     4.88281e-05     -8.54492e-05     0.00020752     
0.000134277     8.54492e-05     -4.88281e-05     0.000183105     
0.000195313     0.000170898     2.44141e-05     0.000158691     
0.000170898     -1.2207e-05     -4.88281e-05     0.000109863     
0.000231934     -4.88281e-05     -0.000109863     0.000134277     
0.00020752     -0.000195313     -0.000244141     -0.000109863     
4.88281e-05     -0.000378418     -0.000378418     -0.000244141     
-0.000146484     -0.000305176     -0.000415039     -0.000268555     
-3.66211e-05     -0.00012207     -0.000244141     -3.66211e-05     
9.76563e-05     -8.54492e-05     -0.000146484     8.54492e-05     
0.000146484     4.88281e-05     -0.00012207     0.000134277     
0.000183105     0.000170898     8.54492e-05     0.000463867     
0.000744629     0.000634766     0.000720215     0.00126953     
0.00144043     0.00174561     0.00180664     0.00234375     
0.00266113     0.00292969     0.00310059     0.0036499     
0.00394287     0.00404053     0.00428467     0.0048584     
0.00507813     0.00517578     0.0053833     0.00562744     
0.00601807     0.00606689     0.00616455     0.00644531     
0.00683594     0.00681152     0.00709229     0.00726318     
0.00761719     0.00760498     0.00784912     0.00828857     
0.00860596     0.00858154     0.00888672     0.00926514     
0.00959473     0.00968018     0.0100098     0.0104858     
0.0109375     0.011084     0.0113525     0.0119141     
0.0122559     0.0125     0.0126831     0.0132446     
0.0135986     0.0137207     0.0140381     0.0143799     
0.0148193     0.0148315     0.0148804     0.0154297     
0.0156494     0.0156616     0.0157959     0.0160767     
0.0163574     0.0163452     0.016394     0.0168579     
0.0171143     0.0172363     0.0174316     0.0177368     
0.0180664     0.0180542     0.0181641     0.0186279     
0.0188232     0.0188599     0.0190308     0.0192383     
0.0195435     0.0194214     0.0195801     0.0198486     
0.0200317     0.0200562     0.0200684     0.0203247     
0.0205322     0.0204834     0.0204712     0.0207397     
0.0208008     0.0207886     0.0208862     0.0210205     
0.0212158     0.0211304     0.021228     0.0216553     
0.0218262     0.0219116     0.0220093     0.0223267     
0.0227051     0.022644     0.0228394     0.0232544     
0.0233643     0.0234741     0.0234009     0.0236084     
0.0237549     0.023584     0.0234497     0.0235718     
0.0236816     0.0234253     0.0233643     0.0234619     
0.0235352     0.0234619     0.0235229     0.0236694     
0.023877     0.0238159     0.0239258     0.0241699     
0.0243652     0.0241943     0.0241699     0.0243286     
0.0245728     0.024353     0.0243042     0.0244751     
0.0244995     0.024292     0.0243164     0.0244995     
0.0245728     0.0244385     0.0245483     0.0248169     
0.0249023     0.0248413     0.0249512     0.0251953     
0.0254395     0.0253662     0.025354     0.0255615     
0.0256104     0.0254395     0.0254761     0.0254883     
0.0255737     0.0254272     0.0252319     0.0253296     
0.0252808     0.0252441     0.0250244     0.0252075     
0.0253418     0.025061     0.0250366     0.0250366     
0.025061     0.0248657     0.0247681     0.0248291     
0.0248779     0.0246948     0.024585     0.0246094     
0.0246094     0.0244629     0.0244263     0.0245483     
0.0247559     0.0244873     0.0244385     0.0246216     
0.0247314     0.0245117     0.0243652     0.0243774     
0.0244751     0.024231     0.0239746     0.0240356     
0.0240601     0.0236572     0.0235474     0.0236816     
0.0235962     0.0235107     0.0234131     0.0235229     
0.023584     0.0232666     0.0231812     0.0233765     
0.0233887     0.0232666     0.0231201     0.02323     
0.0230957     0.0230469     0.0228271     0.022937     
0.0229858     0.0227783     0.022644     0.0227539     
0.0228516     0.0226807     0.022522     0.022644     
0.0226074     0.022522     0.0224243     0.0224365     
0.0224731     0.0221924     0.0220703     0.022168     
0.0222534     0.021936     0.0218384     0.0218384     
0.0218262     0.0215088     0.0212524     0.0212769     
0.021167     0.0208252     0.0207397     0.0206543     
0.0205566     0.0202759     0.0201904     0.0202271     
0.0202271     0.0199219     0.0197632     0.0198242     
0.0197998     0.0195313     0.0192993     0.0194336     
0.019458     0.0191284     0.0189087     0.0189209     
0.0189087     0.0186279     0.018396     0.0186279     
0.0184937     0.0183594     0.0182007     0.0182617     
0.0182373     0.0179565     0.0178101     0.0179077     
0.0179688     0.0177246     0.0175537     0.0176392     
0.0175293     0.0171753     0.0171021     0.0172485     
0.0170776     0.0167847     0.0166992     0.0166504     
0.0167114     0.0163818     0.016333     0.0164795     
0.0163452     0.0161743     0.0160645     0.0160278     
0.0159546     0.0156738     0.0154297     0.0154175     
0.0152832     0.014917     0.0147583     0.0146973     
0.0146484     0.0143311     0.0140991     0.0141846     
0.0141235     0.013916     0.0137817     0.0138062     
0.0137939     0.0135742     0.0134155     0.013623     
0.0135376     0.0133057     0.0131226     0.0132324     
0.0130615     0.012793     0.0125977     0.0125854     
0.0125732     0.0123291     0.0120972     0.012085     
0.0120972     0.0118164     0.0117188     0.0117798     
0.0119263     0.0117798     0.0116211     0.0118042     
0.0119507     0.0115723     0.0115967     0.0116089     
0.0116943     0.011377     0.0111572     0.0112915     
0.0112427     0.0108398     0.01073     0.0107178     
0.0108154     0.0104248     0.0103271     0.0104126     
0.0104126     0.0101196     0.0101196     0.0102173     
0.0103271     0.0101929     0.0100708     0.0103516     
0.0103638     0.0101807     0.0101807     0.0103149     
0.0103271     0.0101196     0.0100098     0.0102173     
0.0100952     0.00987549     0.00982666     0.00986328     
0.00994873     0.0097168     0.00959473     0.009729     
0.00977783     0.00944824     0.00931396     0.00944824     
0.0095459     0.00922852     0.00905762     0.00917969     
0.00911865     0.0088623     0.00872803     0.00870361     
0.00894775     0.00856934     0.00859375     0.0086792     
0.00875244     0.00865479     0.00860596     0.00881348     
0.00905762     0.00893555     0.00887451     0.00899658     
0.00908203     0.00893555     0.00881348     0.00900879     
0.00904541     0.00883789     0.00869141     0.00881348     
0.00878906     0.00852051     0.00845947     0.00858154     
0.00865479     0.00838623     0.00827637     0.00834961     
0.00841064     0.00830078     0.00808105     0.00831299     
0.00838623     0.00823975     0.00819092     0.0083252     
0.00834961     0.0081543     0.00802002     0.00822754     
0.0083252     0.00808105     0.00792236     0.0079834     
0.00797119     0.00775146     0.00760498     0.00777588     
0.00777588     0.00755615     0.00750732     0.00765381     
0.00771484     0.00754395     0.00749512     0.00770264     
0.00780029     0.00754395     0.00761719     0.00778809     
0.00786133     0.00770264     0.00775146     0.00787354     
0.00797119     0.00782471     0.00769043     0.00786133     
0.00794678     0.00773926     0.00753174     0.00778809     
0.00776367     0.00751953     0.00748291     0.00756836     
0.00762939     0.00756836     0.00742188     0.00769043     
0.00770264     0.00766602     0.00770264     0.00793457     
0.00806885     0.0079834     0.00794678     0.0083374     
0.00847168     0.00848389     0.00847168     0.00874023     
0.0088501     0.00872803     0.00889893     0.00910645     
0.00932617     0.0092041     0.00922852     0.00941162     
0.00959473     0.00931396     0.00933838     0.00947266     
0.00942383     0.00925293     0.00924072     0.00917969     
0.00915527     0.0088623     0.00866699     0.00870361     
0.00880127     0.00856934     0.00847168     0.00855713     
0.00869141     0.00845947     0.00844727     0.00865479     
0.00877686     0.0086792     0.00858154     0.00872803     
0.00893555     0.00876465     0.00871582     0.00899658     
0.00904541     0.00905762     0.0088623     0.00925293     
0.00932617     0.00915527     0.00925293     0.00942383     
0.00950928     0.00935059     0.00924072     0.00938721     
0.00942383     0.00924072     0.00915527     0.00930176     
0.00928955     0.00917969     0.00915527     0.0092041     
0.00930176     0.00899658     0.00909424     0.0092041     
0.00916748     0.00909424     0.00898438     0.00908203     
0.00910645     0.00897217     0.00895996     0.00909424     
0.00919189     0.00914307     0.00908203     0.00930176     
0.00941162     0.00930176     0.00933838     0.00950928     
0.00970459     0.00957031     0.00953369     0.00970459     
0.00980225     0.00968018     0.00961914     0.00966797     
0.009729     0.0095459     0.009375     0.00968018     
0.00965576     0.0095459     0.00941162     0.00959473     
0.00974121     0.0095459     0.00939941     0.00964355     
0.0097168     0.00953369     0.00950928     0.00958252     
0.00979004     0.00955811     0.00947266     0.00955811     
0.00961914     0.00944824     0.00949707     0.00953369     
0.00974121     0.00949707     0.00955811     0.00968018     
0.00968018     0.00960693     0.00946045     0.00957031     
0.00964355     0.00942383     0.00931396     0.00944824     
0.00947266     0.00924072     0.00911865     0.00924072     
0.00930176     0.00917969     0.00900879     0.00914307     
0.00914307     0.00897217     0.00891113     0.00921631     
0.00930176     0.00913086     0.00917969     0.00946045     
0.00944824     0.00949707     0.00938721     0.00961914     
0.00983887     0.00961914     0.00961914     0.009729     
0.00965576     0.00955811     0.00939941     0.00943604     
0.00953369     0.009375     0.00919189     0.00925293     
0.00936279     0.00913086     0.00904541     0.00917969     
0.00936279     0.00895996     0.00893555     0.00900879     
0.00914307     0.00889893     0.00891113     0.00904541     
0.00914307     0.009021     0.009021     0.00919189     
0.00932617     0.00913086     0.00916748     0.00936279     
0.00944824     0.00927734     0.00928955     0.00942383     
0.00936279     0.00924072     0.00904541     0.00921631     
0.0092041     0.00897217     0.00882568     0.00882568     
0.00875244     0.0085083     0.00826416     0.0085083     
0.0083252     0.00819092     0.00804443     0.00817871     
0.00820313     0.00806885     0.0079834     0.00826416     
0.00834961     0.00822754     0.00811768     0.00830078     
0.00837402     0.00809326     0.00804443     0.00811768     
0.00810547     0.00778809     0.00765381     0.00748291     
0.00754395     0.00708008     0.00688477     0.00690918     
0.00690918     0.00662842     0.0064209     0.00650635     
0.00656738     0.00649414     0.00644531     0.00666504     
0.00679932     0.00673828     0.00688477     0.00703125     
0.00722656     0.0071167     0.00706787     0.00720215     
0.00722656     0.00710449     0.00684814     0.00683594     
0.00692139     0.0064209     0.00623779     0.00640869     
0.00611572     0.00601807     0.00576172     0.00578613     
0.005896     0.00566406     0.0055542     0.0057373     
0.00595703     0.00587158     0.00588379     0.0060791     
0.00609131     0.00603027     0.00604248     0.00625     
0.00635986     0.00614014     0.00600586     0.00600586     
0.00614014     0.0057251     0.00574951     0.00568848     
0.0057251     0.00552979     0.00535889     0.00546875     
0.00543213     0.0052124     0.00501709     0.00522461     
0.00534668     0.00513916     0.00506592     0.00518799     
0.00535889     0.00507813     0.00509033     0.00529785     
0.00533447     0.00533447     0.00527344     0.00544434     
0.00551758     0.00537109     0.00535889     0.00550537     
0.00565186     0.00541992     0.00517578     0.0053833     
0.00531006     0.00510254     0.00487061     0.00489502     
0.00493164     0.00458984     0.00440674     0.00447998     
0.00445557     0.00415039     0.00391846     0.00400391     
0.00397949     0.00369873     0.00352783     0.00360107     
0.00361328     0.00335693     0.00335693     0.00345459     
0.00358887     0.00343018     0.00341797     0.00351563     
0.00357666     0.00344238     0.00330811     0.00340576     
0.00352783     0.00325928     0.00318604     0.00314941     
0.00325928     0.00302734     0.00300293     0.00310059     
0.00328369     0.00324707     0.00321045     0.003479     
0.00351563     0.00343018     0.00339355     0.0036377     
0.00377197     0.00350342     0.00343018     0.00357666     
0.00339355     0.00328369     0.00314941     0.00328369     
0.00327148     0.00316162     0.00310059     0.00324707     
0.00328369     0.00311279     0.00310059     0.00328369     
0.00334473     0.00310059     0.00310059     0.00314941     
0.00314941     0.00300293     0.00300293     0.00303955     
0.00322266     0.0029541     0.00303955     0.00314941     
0.00321045     0.00299072     0.00302734     0.00324707     
0.00319824     0.00307617     0.00310059     0.003125     
0.00313721     0.00290527     0.00272217     0.00286865     
0.00294189     0.00272217     0.00250244     0.00264893     
0.00270996     0.00255127     0.00236816     0.00270996     
0.00283203     0.0026001     0.00263672     0.00279541     
0.00286865     0.002771     0.00275879     0.00301514     
0.00290527     0.002771     0.00269775     0.00275879     
0.00280762     0.00257568     0.0024292     0.00258789     
0.00272217     0.00245361     0.00249023     0.00267334     
0.00272217     0.00250244     0.00246582     0.00280762     
0.00279541     0.0026001     0.0026001     0.00268555     
0.00286865     0.00262451     0.00263672     0.002771     
0.00288086     0.002771     0.00270996     0.00289307     
0.00305176     0.00280762     0.00275879     0.00294189     
0.00299072     0.002771     0.00258789     0.00273438     
0.00267334     0.00235596     0.00223389     0.00241699     
0.00229492     0.00203857     0.00198975     0.00201416     
0.00205078     0.00183105     0.00178223     0.00203857     
0.00213623     0.00220947     0.0020874     0.00244141     
0.00258789     0.00246582     0.00252686     0.0027832     
0.00284424     0.0027832     0.00269775     0.00286865     
0.00288086     0.00274658     0.00275879     0.00284424     
0.00290527     0.0027832     0.0027832     0.00290527     
0.00300293     0.00262451     0.00273438     0.0027832     
0.00286865     0.00269775     0.0026001     0.00270996     
0.00270996     0.00251465     0.00244141     0.00263672     
0.00272217     0.00249023     0.00250244     0.00266113     
0.00279541     0.00262451     0.00268555     0.00289307     
0.00310059     0.00305176     0.00300293     0.00332031     
0.00349121     0.00338135     0.00345459     0.00356445     
0.00373535     0.00360107     0.00339355     0.00369873     
0.00352783     0.00336914     0.00321045     0.00325928     
0.00339355     0.00313721     0.00292969     0.00310059     
0.00306396     0.00286865     0.0027832     0.00286865     
0.00300293     0.00279541     0.00281982     0.00292969     
0.00302734     0.00294189     0.00299072     0.00316162     
0.00344238     0.00330811     0.00340576     0.00341797     
0.00367432     0.00351563     0.0034668     0.00352783     
0.00354004     0.00344238     0.0032959     0.00323486     
0.00328369     0.00303955     0.00284424     0.00292969     
0.00296631     0.00273438     0.00264893     0.00281982     
0.00281982     0.00270996     0.00268555     0.00281982     
0.00296631     0.0029541     0.00284424     0.00302734     
0.00300293     0.00289307     0.00280762     0.00299072     
0.00307617     0.00288086     0.0027832     0.00297852     
0.00301514     0.00294189     0.00296631     0.00311279     
0.00338135     0.00324707     0.00322266     0.00345459     
0.00356445     0.00341797     0.00350342     0.0036377     
0.00384521     0.00352783     0.00367432     0.00379639     
0.00396729     0.00385742     0.00385742     0.00412598     
0.00429688     0.00412598     0.00424805     0.00441895     
0.00441895     0.00423584     0.00413818     0.00429688     
0.00435791     0.00402832     0.00391846     0.00404053     
0.00400391     0.00378418     0.00361328     0.00379639     
0.00367432     0.00356445     0.00357666     0.00366211     
0.00371094     0.00355225     0.00349121     0.00377197     
0.00379639     0.00358887     0.00361328     0.00373535     
0.00372314     0.00345459     0.00338135     0.00352783     
0.00343018     0.00316162     0.00301514     0.00319824     
0.00313721     0.00290527     0.00281982     0.00301514     
0.00305176     0.0029541     0.00290527     0.00302734     
0.0032959     0.00305176     0.00302734     0.0032959     
0.00334473     0.00335693     0.00323486     0.00341797     
0.00345459     0.00321045     0.00321045     0.00325928     
0.00330811     0.00306396     0.00310059     0.00310059     
0.00308838     0.00288086     0.00269775     0.00288086     
0.00292969     0.00273438     0.00268555     0.00286865     
0.00289307     0.00270996     0.00256348     0.00285645     
0.0027832     0.00274658     0.00257568     0.00272217     
0.002771     0.00253906     0.00249023     0.00258789     
0.00270996     0.00263672     0.00249023     0.00270996     
0.00279541     0.00270996     0.00274658     0.00302734     
0.00323486     0.00307617     0.00306396     0.00328369     
0.00335693     0.00305176     0.00307617     0.003125     
0.00319824     0.00285645     0.00273438     0.00272217     
0.0026001     0.00229492     0.0020874     0.00216064     
0.00211182     0.00181885     0.00166016     0.00164795     
0.00184326     0.00157471     0.00141602     0.00166016     
0.00184326     0.00163574     0.00168457     0.00202637     
0.00216064     0.00201416     0.00197754     0.00223389     
0.00251465     0.00244141     0.00229492     0.0026001     
0.00252686     0.00240479     0.00228271     0.00227051     
0.00229492     0.00205078     0.00183105     0.00179443     
0.00174561     0.00131836     0.00119629     0.00124512     
0.00124512     0.000964355     0.000793457     0.00090332     
0.00100098     0.000793457     0.000817871     0.000891113     
0.000952148     0.000830078     0.000842285     0.000915527     
0.00090332     0.000817871     0.000744629     0.000927734     
0.0010376     0.000964355     0.000695801     0.000915527     
0.00108643     0.000891113     0.000830078     0.00101318     
0.00114746     0.00098877     0.00090332     0.00111084     
0.0012207     0.000976563     0.000854492     0.000976563     
0.00108643     0.000683594     0.000683594     0.000817871     
0.000683594     0.000622559     0.000354004     0.000500488     
0.000524902     0.000415039     0.00032959     0.000415039     
0.000585938     0.000427246     0.000402832     0.000610352     
0.000732422     0.000610352     0.000561523     0.000744629     
0.000720215     0.000524902     0.000549316     0.000646973     
0.000695801     0.000488281     0.000378418     0.000415039     
0.000524902     0.000268555     0.000146484     0.000415039     
0.000488281     0.000292969     0.000378418     0.000415039     
0.00057373     0.000427246     0.000378418     0.000622559     
0.000744629     0.000622559     0.000585938     0.000744629     
0.000817871     0.00057373     0.000500488     0.000634766     
0.000646973     0.000354004     0.00032959     0.000390625     
0.00045166     0.000183105     -3.66211e-05     0.000292969     
0.000219727     0.00012207     9.76563e-05     8.54492e-05     
0.000195313     0.000109863     -6.10352e-05     6.10352e-05     
0.00020752     4.88281e-05     -7.32422e-05     3.66211e-05     
0.000183105     -1.2207e-05     -0.000109863     0.000183105     
0.000146484     -6.10352e-05     -1.2207e-05     -8.54492e-05     
0.000170898     -1.2207e-05     -0.000109863     4.88281e-05     
0.000146484     -6.10352e-05     -7.32422e-05     6.10352e-05     
6.10352e-05     -0.000146484     -0.000244141     -8.54492e-05     
-7.32422e-05     -0.000244141     -0.000427246     -0.000219727     
-0.00020752     -0.000415039     -0.000512695     -0.000244141     
-0.000146484     -0.00032959     -0.000402832     -0.00012207     
1.2207e-05     -0.00012207     -0.000170898     0.000183105     
0.00012207     0.000231934     0.000195313     0.000439453     
0.00045166     0.000378418     0.000463867     0.000549316     
0.000695801     0.00057373     0.000463867     0.000634766     
0.000671387     0.000500488     0.000378418     0.000524902     
0.000561523     0.00032959     0.000390625     0.00057373     
0.000683594     0.000415039     0.00045166     0.000683594     
0.000854492     0.000732422     0.000683594     0.000866699     
0.00102539     0.000769043     0.000683594     0.000878906     
0.00090332     0.000695801     0.000585938     0.000646973     
0.000708008     0.000354004     0.000256348     0.000305176     
0.000280762     0.000231934     -1.2207e-05     0.000158691     
0.000219727     1.2207e-05     -7.32422e-05     3.66211e-05     
0.000146484     0.000109863     -4.88281e-05     0.000292969     
0.00020752     0.000109863     -2.44141e-05     0.000317383     
0.000427246     0.00020752     0.000183105     0.000341797     
0.000439453     0.000305176     0.000305176     0.000488281     
0.00057373     0.00045166     0.000390625     0.000476074     
0.000537109     0.000341797     0.000427246     0.000512695     
0.000708008     0.00057373     0.000561523     0.000585938     
0.000769043     0.000585938     0.000439453     0.000695801     
0.000842285     0.000598145     0.000610352     0.000805664     
0.000866699     0.000756836     0.000683594     0.000927734     
0.000939941     0.000817871     0.000756836     0.000927734     
0.000891113     0.000769043     0.000585938     0.00057373     
0.000744629     0.000415039     0.000305176     0.000476074     
0.000305176     0.000158691     -1.2207e-05     0.000183105     
0.000292969     0.000109863     3.66211e-05     0.000195313     
0.000280762     0.000170898     0.000170898     0.000378418     
0.00045166     0.000366211     0.000354004     0.000634766     
0.000744629     0.00065918     0.000549316     0.000842285     
0.0010376     0.000756836     0.000866699     0.000891113     
0.00114746     0.000964355     0.000830078     0.00102539     
0.00106201     0.000854492     0.000842285     0.000927734     
0.000976563     0.000805664     0.000744629     0.000866699     
0.000915527     0.00078125     0.000720215     0.000878906     
0.000830078     0.000634766     0.000512695     0.00078125     
0.000805664     0.000512695     0.000439453     0.000622559     
0.000671387     0.000524902     0.000183105     0.000463867     
0.000512695     0.000268555     0.000158691     0.000341797     
0.000378418     0.000170898     6.10352e-05     0.000292969     
0.000354004     0.000231934     0.00012207     0.000280762     
0.000256348     0.000134277     9.76563e-05     0.000231934     
0.000341797     0.000195313     0.000183105     0.000292969     
0.000500488     0.000268555     0.000292969     0.000476074     
0.00057373     0.00045166     0.000439453     0.000561523     
0.000708008     0.000463867     0.00032959     0.000549316     
0.000756836     0.000549316     0.000549316     0.000683594     
0.000854492     0.000671387     0.000646973     0.000842285     
0.000927734     0.000891113     0.00078125     0.00098877     
0.00114746     0.000866699     0.000793457     0.00102539     
0.000939941     0.000805664     0.000646973     0.00078125     
0.000695801     0.000524902     0.000341797     0.000463867     
0.000549316     0.000415039     0.000280762     0.000476074     
0.000500488     0.000378418     0.000415039     0.000610352     
0.000732422     0.000585938     0.000561523     0.000622559     
0.000708008     0.000439453     0.000427246     0.000439453     
0.000634766     0.000488281     0.000390625     0.000537109     
0.000708008     0.000463867     0.000415039     0.000732422     
0.000915527     0.000708008     0.000671387     0.000927734     
0.000927734     0.000671387     0.00065918     0.000830078     
0.000793457     0.000561523     0.000427246     0.000561523     
0.000378418     0.00012207     0.000195313     0.000109863     
0.000146484     1.2207e-05     -0.000244141     0     
-7.32422e-05     -0.000170898     -0.000292969     -7.32422e-05     
-2.44141e-05     -0.000195313     -0.000170898     2.44141e-05     
3.66211e-05     -3.66211e-05     -8.54492e-05     8.54492e-05     
0.000170898     1.2207e-05     0.000134277     0.000256348     
0.000390625     0.000219727     0.000341797     0.000585938     
0.000830078     0.000634766     0.000830078     0.000976563     
0.00111084     0.00101318     0.000939941     0.00115967     
0.00133057     0.0010498     0.00098877     0.00106201     
0.00107422     0.00090332     0.000756836     0.000842285     
0.00090332     0.000683594     0.000549316     0.000708008     
0.000720215     0.000549316     0.000390625     0.000524902     
0.000610352     0.000354004     0.000280762     0.000427246     
0.000402832     0.000256348     0.000109863     0.000476074     
0.000488281     0.000305176     0.00020752     0.000354004     
0.000427246     0.00020752     4.88281e-05     0.000195313     
0.000305176     2.44141e-05     -0.000134277     -9.76563e-05     
-9.76563e-05     -0.000268555     -0.000390625     -0.000256348     
-6.10352e-05     -0.000378418     -0.000280762     -7.32422e-05     
7.32422e-05     -6.10352e-05     -7.32422e-05     0.000195313     
0.000268555     7.32422e-05     2.44141e-05     0.000219727     
0.000183105     -0.000183105     -0.000268555     -0.000195313     
3.66211e-05     -0.000158691     -0.000170898     2.44141e-05     
4.88281e-05     -2.44141e-05     -0.000146484     0.000170898     
0.000256348     0.000134277     9.76563e-05     0.000109863     
0.000183105     3.66211e-05     -0.00012207     0.00012207     
3.66211e-05     -0.000109863     -0.000231934     -0.000219727     
-0.000109863     -0.000366211     -0.000561523     -0.000427246     
-0.00032959     -0.000622559     -0.00065918     -0.000488281     
-0.00045166     -0.000671387     -0.000671387     -0.00045166     
-0.000415039     -0.000585938     -0.000500488     -0.00045166     
-0.000280762     -0.000537109     -0.00065918     -0.000390625     
-0.000280762     -0.000463867     -0.000622559     -0.000476074     
-0.000305176     -0.000476074     -0.000488281     -0.000378418     
-0.000231934     -0.000390625     -0.000402832     -0.000280762     
-0.000378418     -0.000500488     -0.000634766     -0.00045166     
-0.000439453     -0.000585938     -0.00065918     -0.000537109     
-0.000354004     -0.000622559     -0.000683594     -0.000402832     
-0.000427246     -0.000415039     -0.000622559     -0.000378418     
-0.000341797     -0.000720215     -0.000805664     -0.000695801     
-0.000744629     -0.00090332     -0.00107422     -0.00102539     
-0.000915527     -0.00128174     -0.00140381     -0.00115967     
-0.00113525     -0.00125732     -0.00131836     -0.0012207     
-0.00107422     -0.00131836     -0.00115967     -0.000939941     
-0.000793457     -0.000854492     -0.000744629     -0.000622559     
-0.000463867     -0.000585938     -0.000524902     -0.000280762     
-0.000109863     -0.000305176     -0.000317383     -0.000158691     
-4.88281e-05     -0.000195313     -0.000390625     -9.76563e-05     
-2.44141e-05     -0.000244141     -0.000366211     -9.76563e-05     
2.44141e-05     -0.000146484     -0.000158691     -1.2207e-05     
1.2207e-05     0     -0.000231934     0.000109863     
0     -0.000170898     -0.000378418     -0.000280762     
-0.000195313     -0.000463867     -0.000512695     -0.000439453     
-0.00045166     -0.000622559     -0.000695801     -0.000622559     
-0.000598145     -0.000732422     -0.00078125     -0.000622559     
-0.000500488     -0.000708008     -0.000744629     -0.000646973     
-0.000366211     -0.000646973     -0.00065918     -0.000378418     
-0.000354004     -0.000512695     -0.000524902     -0.000439453     
-0.000317383     -0.000488281     -0.000622559     -0.000585938     
-0.000683594     -0.000878906     -0.000964355     -0.000854492     
-0.000842285     -0.0010376     -0.00111084     -0.000964355     
-0.000927734     -0.000976563     -0.000976563     -0.000769043     
-0.00057373     -0.000683594     -0.000634766     -0.000305176     
-0.000268555     -0.000354004     -0.000390625     -0.000170898     
-4.88281e-05     -0.000231934     -0.000280762     -0.000158691     
-7.32422e-05     -0.000195313     -0.000256348     -0.000134277     
0     -0.000183105     -0.000170898     -4.88281e-05     
-3.66211e-05     -0.000244141     -0.000305176     -0.000183105     
-4.88281e-05     -0.000390625     -0.000268555     -0.000292969     
-0.000158691     -0.000354004     -0.000402832     -0.000146484     
-3.66211e-05     -0.000256348     -0.000195313     -3.66211e-05     
-1.2207e-05     -0.000244141     -0.00032959     -0.00020752     
-0.000109863     -0.000305176     -0.000439453     -0.00032959     
-0.000268555     -0.000427246     -0.00057373     -0.000354004     
-0.000366211     -0.000366211     -0.000500488     -0.000378418     
-0.000305176     -0.000512695     -0.000646973     -0.000402832     
-0.000463867     -0.000537109     -0.000585938     -0.000524902     
-0.000366211     -0.000598145     -0.000585938     -0.000341797     
-0.000244141     -0.000402832     -0.000390625     -0.000134277     
-7.32422e-05     -0.000305176     -0.000280762     0     
0.000134277     -0.000109863     -8.54492e-05     -2.44141e-05     
0.000158691     -8.54492e-05     -4.88281e-05     2.44141e-05     
0.000134277     0.00012207     1.2207e-05     6.10352e-05     
0.000231934     -2.44141e-05     -0.000158691     7.32422e-05     
0.000134277     -8.54492e-05     -0.000195313     -0.000109863     
-3.66211e-05     -0.000146484     -0.000256348     -6.10352e-05     
2.44141e-05     2.44141e-05     -1.2207e-05     0.000183105     
0.000366211     0.000146484     8.54492e-05     0.000476074     
0.000427246     0.00045166     0.000195313     0.000500488     
0.000537109     0.000268555     0.000183105     0.00032959     
0.00032959     0.000146484     -2.44141e-05     3.66211e-05     
0.000109863     -0.000146484     -0.000256348     -0.000158691     
-4.88281e-05     -0.000183105     -0.000231934     -6.10352e-05     
8.54492e-05     -0.000231934     -0.000170898     -3.66211e-05     
0.000170898     -3.66211e-05     -8.54492e-05     0.000146484     
0.000183105     2.44141e-05     2.44141e-05     0.000256348     
0.000256348     2.44141e-05     0.000109863     0.000158691     
0.000256348     2.44141e-05     -9.76563e-05     -1.2207e-05     
0     -0.000109863     -0.000476074     -0.000195313     
-0.00020752     -0.000476074     -0.000512695     -0.000305176     
-0.000268555     -0.000280762     -0.000463867     -0.000146484     
-4.88281e-05     -8.54492e-05     -0.000183105     0.000109863     
0.000231934     4.88281e-05     2.44141e-05     0.000317383     
0.000378418     0.000195313     9.76563e-05     0.000280762     
0.000341797     3.66211e-05     -6.10352e-05     3.66211e-05     
0     -0.000341797     -0.000268555     -0.000219727     
-0.00012207     -0.00032959     -0.000341797     -0.000305176     
-0.000146484     -0.00032959     -0.000476074     -0.000268555     
-0.00020752     -0.000354004     -0.00045166     -0.000390625     
-0.000402832     -0.000561523     -0.000744629     -0.000708008     
-0.000585938     -0.000744629     -0.000891113     -0.000708008     
-0.000585938     -0.000646973     -0.000695801     -0.000427246     
-0.000158691     -0.000317383     -0.000317383     -0.000134277     
-9.76563e-05     1.2207e-05     -0.000170898     -4.88281e-05     
4.88281e-05     -3.66211e-05     -0.000146484     -0.00012207     
-3.66211e-05     -0.000231934     -0.000317383     -0.000219727     
-9.76563e-05     -0.000427246     -0.000439453     -0.000354004     
-0.000341797     -0.000512695     -0.000537109     -0.000378418     
-0.000268555     -0.000646973     -0.00057373     -0.000622559     
-0.000500488     -0.000756836     -0.00109863     -0.00078125     
-0.000732422     -0.000976563     -0.00102539     -0.000891113     
-0.00078125     -0.000964355     -0.000927734     -0.000756836     
-0.000634766     -0.000805664     -0.000695801     -0.000585938     
-0.000512695     -0.000646973     -0.000720215     -0.000439453     
-0.000378418     -0.000500488     -0.000598145     -0.000463867     
-0.000415039     -0.00057373     -0.000732422     -0.000476074     
-0.000500488     -0.000622559     -0.000598145     -0.000610352     
-0.00045166     -0.000683594     -0.000805664     -0.000524902     
-0.00032959     -0.000537109     -0.000610352     -0.000378418     
-0.000280762     -0.000476074     -0.000427246     -0.000158691     
-0.000158691     -0.000280762     -0.000244141     -0.000256348     
-0.000109863     -0.000378418     -0.000341797     -0.000305176     
-0.000231934     -0.000476074     -0.000537109     -0.000646973     
-0.000671387     -0.000866699     -0.00107422     -0.00109863     
-0.00109863     -0.00137939     -0.0015625     -0.00142822     
-0.00142822     -0.00162354     -0.00170898     -0.00142822     
-0.00140381     -0.00145264     -0.00152588     -0.00125732     
-0.00111084     -0.0012085     -0.00130615     -0.000952148     
-0.000854492     -0.000866699     -0.0010376     -0.00065918     
-0.00057373     -0.000708008     -0.000708008     -0.000524902     
-0.000305176     -0.000439453     -0.000415039     -0.000292969     
-0.000219727     -0.000415039     -0.000512695     -0.000427246     
-0.000268555     -0.000537109     -0.000610352     -0.000476074     
-0.00057373     -0.000854492     -0.000769043     -0.000683594     
-0.000512695     -0.000708008     -0.000817871     -0.000708008     
-0.000695801     -0.000891113     -0.0010498     -0.000915527     
-0.000878906     -0.0010376     -0.00109863     -0.00098877     
-0.000891113     -0.000964355     -0.00106201     -0.000805664     
-0.000622559     -0.000683594     -0.000756836     -0.000476074     
-0.000256348     -0.000402832     -0.000439453     -0.000244141     
-0.000170898     -0.000268555     -0.000427246     -9.76563e-05     
-0.000195313     -0.000317383     -0.000390625     -0.000305176     
-0.000231934     -0.000415039     -0.000537109     -0.00045166     
-0.000390625     -0.000720215     -0.000854492     -0.000756836     
-0.000634766     -0.000952148     -0.000939941     -0.000866699     
-0.00078125     -0.00098877     -0.0010376     -0.000927734     
-0.000732422     -0.000927734     -0.0010376     -0.000854492     
-0.000744629     -0.00098877     -0.00107422     -0.000830078     
-0.000708008     -0.000878906     -0.00101318     -0.000842285     
-0.000756836     -0.000927734     -0.000891113     -0.000744629     
-0.000732422     -0.000805664     -0.000915527     -0.000732422     
-0.000634766     -0.00078125     -0.000915527     -0.000720215     
-0.000634766     -0.00090332     -0.000854492     -0.000720215     
-0.000891113     -0.000976563     -0.00118408     -0.000976563     
-0.000952148     -0.00123291     -0.00130615     -0.00123291     
-0.00118408     -0.00133057     -0.00141602     -0.00124512     
-0.00111084     -0.0012207     -0.00119629     -0.000952148     
-0.000744629     -0.000939941     -0.000793457     -0.000561523     
-0.000366211     -0.000634766     -0.000488281     -0.000390625     
-0.000268555     -0.000537109     -0.000622559     -0.00045166     
-0.000561523     -0.000695801     -0.000805664     -0.000683594     
-0.000744629     -0.00090332     -0.000939941     -0.000805664     
-0.000598145     -0.000842285     -0.000842285     -0.000646973     
-0.000585938     -0.000830078     -0.000878906     -0.000683594     
-0.000610352     -0.000756836     -0.00090332     -0.000695801     
-0.000695801     -0.000793457     -0.000964355     -0.000622559     
-0.000561523     -0.000732422     -0.00065918     -0.000537109     
-0.000378418     -0.000549316     -0.000671387     -0.000390625     
-0.000183105     -0.000390625     -0.000415039     -0.000195313     
-0.000158691     -0.00032959     -0.000500488     -0.000378418     
-0.000366211     -0.000622559     -0.000720215     -0.000732422     
-0.000708008     -0.00108643     -0.00109863     -0.000939941     
-0.000891113     -0.000939941     -0.000964355     -0.000830078     
-0.000671387     -0.000732422     -0.000891113     -0.000720215     
-0.000500488     -0.000756836     -0.00078125     -0.000732422     
-0.000646973     -0.000817871     -0.000927734     -0.000744629     
-0.000720215     -0.000817871     -0.00098877     -0.000830078     
-0.000939941     -0.00114746     -0.00123291     -0.00108643     
-0.00106201     -0.00111084     -0.00133057     -0.000964355     
-0.000891113     -0.000976563     -0.000976563     -0.000817871     
-0.00065918     -0.000805664     -0.000769043     -0.000683594     
-0.000610352     -0.000805664     -0.000854492     -0.000646973     
-0.000622559     -0.000793457     -0.000854492     -0.000769043     
-0.000646973     -0.00090332     -0.000891113     -0.00078125     
-0.000646973     -0.000830078     -0.000878906     -0.000732422     
-0.000720215     -0.000939941     -0.000939941     -0.000854492     
-0.000878906     -0.00115967     -0.00117188     -0.0012085     
-0.00112305     -0.00153809     -0.00152588     -0.00153809     
-0.00147705     -0.00169678     -0.00179443     -0.00152588     
-0.00148926     -0.00158691     -0.00152588     -0.00115967     
-0.00098877     -0.000939941     -0.00108643     -0.00065918     
-0.000512695     -0.000585938     -0.000549316     -0.000354004     
-0.000268555     -0.000439453     -0.000708008     -0.000390625     
-0.000415039     -0.000744629     -0.000891113     -0.000708008     
-0.000610352     -0.000915527     -0.00102539     -0.000805664     
-0.000793457     -0.00106201     -0.00112305     -0.00101318     
-0.000952148     -0.00117188     -0.00123291     -0.00114746     
-0.00111084     -0.00126953     -0.00146484     -0.00119629     
-0.00115967     -0.00137939     -0.00144043     -0.00134277     
-0.00124512     -0.00135498     -0.00152588     -0.00126953     
-0.0012207     -0.0012207     -0.00129395     -0.00107422     
-0.0010376     -0.00107422     -0.00115967     -0.0010376     
-0.000756836     -0.00101318     -0.00106201     -0.000817871     
-0.000842285     -0.00100098     -0.00118408     -0.000915527     
-0.000878906     -0.00109863     -0.00109863     -0.000939941     
-0.00100098     -0.00106201     -0.00113525     -0.000939941     
-0.000793457     -0.000976563     -0.000952148     -0.000793457     
-0.000793457     -0.000854492     -0.000952148     -0.00078125     
-0.00057373     -0.000927734     -0.000842285     -0.000720215     
-0.000720215     -0.000939941     -0.00100098     -0.000817871     
-0.000805664     -0.000915527     -0.000915527     -0.000769043     
-0.000671387     -0.000854492     -0.000817871     -0.000634766     
-0.000463867     -0.000598145     -0.000598145     -0.000415039     
-0.000341797     -0.000585938     -0.000671387     -0.000390625     
-0.000317383     -0.000610352     -0.000732422     -0.000585938     
-0.000524902     -0.000695801     -0.00090332     -0.00057373     
-0.000549316     -0.000732422     -0.000793457     -0.000622559     
-0.000549316     -0.000805664     -0.000756836     -0.000646973     
-0.000561523     -0.000732422     -0.000708008     -0.000610352     
-0.000512695     -0.000634766     -0.000683594     -0.000439453     
-0.000280762     -0.000537109     -0.000439453     -0.000366211     
-9.76563e-05     -0.000476074     -0.000488281     -0.000244141     
-0.000158691     -0.000280762     -0.000354004     -0.000268555     
-0.000134277     -0.000341797     -0.000512695     -0.000305176     
-0.000219727     -0.00045166     -0.000488281     -0.000439453     
-0.000439453     -0.000695801     -0.000756836     -0.000634766     
-0.000695801     -0.000842285     -0.000939941     -0.000891113     
-0.000939941     -0.00115967     -0.00135498     -0.00109863     
-0.00125732     -0.00130615     -0.00142822     -0.00133057     
-0.00119629     -0.0013916     -0.00135498     -0.00118408     
-0.0010498     -0.0010498     -0.00112305     -0.00098877     
-0.000732422     -0.000927734     -0.0010498     -0.000927734     
-0.000927734     -0.0010498     -0.00108643     -0.00108643     
-0.00107422     -0.00137939     -0.00140381     -0.00135498     
-0.00112305     -0.00123291     -0.00126953     -0.00114746     
-0.00090332     -0.0010376     -0.000952148     -0.000695801     
-0.000622559     -0.000708008     -0.000610352     -0.000512695     
-0.000415039     -0.000585938     -0.000671387     -0.000561523     
-0.000512695     -0.000708008     -0.000952148     -0.000732422     
-0.000744629     -0.00107422     -0.0012085     -0.00108643     
-0.0010498     -0.00108643     -0.00128174     -0.000952148     
-0.00102539     -0.0010376     -0.00100098     -0.00078125     
-0.000598145     -0.00065918     -0.000646973     -0.000415039     
-0.000427246     -0.000622559     -0.000744629     -0.000598145     
-0.000585938     -0.000854492     -0.0010376     -0.000805664     
-0.000805664     -0.00108643     -0.00108643     -0.000939941     
-0.000744629     -0.00102539     -0.000891113     -0.000732422     
-0.000622559     -0.000769043     -0.000805664     -0.000744629     
-0.000610352     -0.000744629     -0.000830078     -0.000769043     
-0.000671387     -0.00101318     -0.00101318     -0.00090332     
-0.000817871     -0.0010376     -0.00114746     -0.0010498     
-0.000952148     -0.00125732     -0.00135498     -0.00125732     
-0.00113525     -0.00140381     -0.00153809     -0.00137939     
-0.00137939     -0.00147705     -0.00169678     -0.00150146     
-0.00147705     -0.00166016     -0.00168457     -0.00159912     
-0.00150146     -0.00170898     -0.00174561     -0.00153809     
-0.00151367     -0.00152588     -0.00157471     -0.00130615     
-0.00117188     -0.00126953     -0.00119629     -0.000952148     
-0.000695801     -0.000830078     -0.000720215     -0.000476074     
-0.000231934     -0.000476074     -0.000402832     -0.00012207     
-0.000109863     -0.000280762     -0.000280762     -0.000146484     
-0.000146484     -0.000500488     -0.000585938     -0.00045166     
-0.000500488     -0.000854492     -0.000976563     -0.00098877     
-0.000915527     -0.0012207     -0.00130615     -0.00107422     
-0.00112305     -0.0012207     -0.00123291     -0.000964355     
-0.000793457     -0.000817871     -0.000939941     -0.000512695     
-0.000402832     -0.000402832     -0.000427246     -0.000109863     
0.000109863     -0.000109863     -9.76563e-05     0.000146484     
0.000244141     3.66211e-05     3.66211e-05     0.000134277     
0.000195313     -7.32422e-05     -0.000219727     -0.000170898     
-0.000146484     -0.000378418     -0.000488281     -0.000598145     
-0.000402832     -0.000732422     -0.000891113     -0.000817871     
-0.000769043     -0.00098877     -0.00115967     -0.00107422     
-0.0010498     -0.0012085     -0.00134277     -0.00131836     
-0.00114746     -0.00128174     -0.00137939     -0.00133057     
-0.00123291     -0.00133057     -0.00144043     -0.0012085     
-0.00113525     -0.0012085     -0.0012207     -0.00102539     
-0.00100098     -0.00117188     -0.00114746     -0.00078125     
-0.000842285     -0.000817871     -0.00090332     -0.000708008     
-0.000585938     -0.00078125     -0.000720215     -0.000732422     
-0.000671387     -0.00078125     -0.000891113     -0.000952148     
-0.00090332     -0.0010498     -0.00129395     -0.00118408     
-0.00106201     -0.00137939     -0.00145264     -0.00133057     
-0.0012207     -0.00161133     -0.0015625     -0.00150146     
-0.00142822     -0.00159912     -0.00169678     -0.00150146     
-0.00142822     -0.00158691     -0.00158691     -0.00136719     
-0.00128174     -0.00131836     -0.00133057     -0.00111084     
-0.000866699     -0.00115967     -0.00100098     -0.00078125     
-0.00078125     -0.00090332     -0.000927734     -0.000610352     
-0.000634766     -0.000805664     -0.000769043     -0.00057373     
-0.000585938     -0.00065918     -0.000842285     -0.000585938     
-0.000610352     -0.000732422     -0.00090332     -0.000720215     
-0.000646973     -0.000878906     -0.00100098     -0.000793457     
-0.000671387     -0.00102539     -0.00115967     -0.00090332     
-0.000817871     -0.00119629     -0.00117188     -0.00108643     
-0.00106201     -0.00135498     -0.00133057     -0.00124512     
-0.00113525     -0.00129395     -0.00128174     -0.00109863     
-0.000964355     -0.000964355     -0.0010498     -0.00078125     
-0.000561523     -0.00065918     -0.000646973     -0.000427246     
-0.000256348     -0.00045166     -0.000512695     -0.000366211     
-0.000256348     -0.000402832     -0.000598145     -0.000354004     
-0.000415039     -0.000598145     -0.000854492     -0.000585938     
-0.000646973     -0.000878906     -0.00100098     -0.000817871     
-0.000964355     -0.000976563     -0.00112305     -0.000891113     
-0.000805664     -0.000939941     -0.00100098     -0.000891113     
-0.000817871     -0.000939941     -0.000915527     -0.000830078     
-0.000720215     -0.000976563     -0.00101318     -0.00090332     
-0.000878906     -0.00117188     -0.00107422     -0.0010376     
-0.000939941     -0.00117188     -0.00109863     -0.0010376     
-0.000817871     -0.00106201     -0.0010498     -0.000683594     
-0.000561523     -0.000708008     -0.000830078     -0.000524902     
-0.000488281     -0.000720215     -0.000756836     -0.000561523     
-0.000476074     -0.000646973     -0.00065918     -0.000476074     
-0.000415039     -0.000512695     -0.000622559     -0.00045166     
-0.000366211     -0.000549316     -0.000585938     -0.000561523     
-0.000561523     -0.000695801     -0.000964355     -0.000634766     
-0.000720215     -0.000842285     -0.000891113     -0.000830078     
-0.00065918     -0.000915527     -0.000964355     -0.000817871     
-0.000744629     -0.000891113     -0.00108643     -0.000891113     
-0.000769043     -0.0010376     -0.00117188     -0.000866699     
-0.000793457     -0.000939941     -0.000878906     -0.000842285     
-0.000683594     -0.000927734     -0.000927734     -0.000842285     
-0.000732422     -0.000830078     -0.000976563     -0.000793457     
-0.000854492     -0.000927734     -0.0010376     -0.000854492     
-0.000842285     -0.000952148     -0.000964355     -0.000854492     
-0.000744629     -0.000854492     -0.00098877     -0.000817871     
-0.000708008     -0.000805664     -0.000915527     -0.000708008     
-0.000512695     -0.000732422     -0.000842285     -0.000622559     
-0.000708008     -0.000720215     -0.00098877     -0.000952148     
-0.00100098     -0.00119629     -0.00136719     -0.00131836     
-0.00130615     -0.00148926     -0.00157471     -0.00140381     
-0.00134277     -0.00152588     -0.00163574     -0.00136719     
-0.00126953     -0.00137939     -0.00141602     -0.00128174     
-0.00107422     -0.0013916     -0.00133057     -0.00124512     
-0.00111084     -0.00128174     -0.00137939     -0.00124512     
-0.00115967     -0.00145264     -0.00155029     -0.00135498     
-0.00133057     -0.00148926     -0.00159912     -0.00137939     
-0.00135498     -0.00157471     -0.00161133     -0.00140381     
-0.00135498     -0.00148926     -0.00153809     -0.00141602     
-0.00135498     -0.00152588     -0.00150146     -0.00133057     
-0.0012085     -0.00125732     -0.00136719     -0.0010498     
-0.00101318     -0.00119629     -0.0012207     -0.000927734     
-0.000805664     -0.0010376     -0.00107422     -0.00090332     
-0.000891113     -0.0012085     -0.0012207     -0.0010498     
-0.0010498     -0.00125732     -0.00137939     -0.0012207     
-0.00118408     -0.00141602     -0.00147705     -0.00140381     
-0.0012085     -0.00140381     -0.00151367     -0.00152588     
-0.00141602     -0.00174561     -0.00174561     -0.00162354     
-0.00153809     -0.00164795     -0.0017334     -0.00152588     
-0.00135498     -0.00155029     -0.00148926     -0.00129395     
-0.00101318     -0.00109863     -0.0012207     -0.00102539     
-0.000964355     -0.00109863     -0.00113525     -0.0010498     
-0.000939941     -0.00111084     -0.00124512     -0.00117188     
-0.00114746     -0.00128174     -0.00147705     -0.00128174     
-0.00119629     -0.00141602     -0.00152588     -0.00142822     
-0.00129395     -0.0015625     -0.00161133     -0.00145264     
-0.00141602     -0.00162354     -0.00151367     -0.00144043     
-0.00128174     -0.00140381     -0.00130615     -0.00111084     
-0.000817871     -0.00107422     -0.000964355     -0.000830078     
-0.000512695     -0.000634766     -0.000793457     -0.000476074     
-0.000317383     -0.00057373     -0.000500488     -0.000317383     
-0.000366211     -0.000695801     -0.000622559     -0.000671387     
-0.000524902     -0.000842285     -0.00107422     -0.000915527     
-0.00107422     -0.00125732     -0.00145264     -0.00129395     
-0.00123291     -0.00144043     -0.00150146     -0.00126953     
-0.0012085     -0.00115967     -0.00140381     -0.00107422     
-0.0010376     -0.00106201     -0.0012085     -0.00106201     
-0.0010498     -0.00123291     -0.0013916     -0.00128174     
-0.00123291     -0.00144043     -0.00147705     -0.00140381     
-0.0013916     -0.00159912     -0.00161133     -0.00140381     
-0.00133057     -0.00150146     -0.00152588     -0.00145264     
-0.00136719     -0.00169678     -0.00162354     -0.00150146     
-0.00145264     -0.00159912     -0.00167236     -0.00153809     
-0.00147705     -0.00166016     -0.00157471     -0.00141602     
-0.00125732     -0.0013916     -0.00129395     -0.00106201     
-0.000952148     -0.00107422     -0.00109863     -0.000927734     
-0.00090332     -0.00100098     -0.00119629     -0.00101318     
-0.000866699     -0.00113525     -0.0012085     -0.000891113     
-0.000878906     -0.000952148     -0.0010498     -0.000817871     
-0.000708008     -0.000952148     -0.00101318     -0.000830078     
-0.000817871     -0.00107422     -0.00111084     -0.00098877     
-0.00101318     -0.00128174     -0.00128174     -0.00115967     
-0.00106201     -0.0012207     -0.00124512     -0.00111084     
-0.00098877     -0.00130615     -0.0012207     -0.00111084     
-0.00107422     -0.00119629     -0.00123291     -0.00117188     
-0.0012207     -0.00144043     -0.00141602     -0.00130615     
-0.00123291     -0.00152588     -0.00157471     -0.00137939     
-0.00125732     -0.00148926     -0.00144043     -0.00115967     
-0.00113525     -0.0012085     -0.00115967     -0.000939941     
-0.000842285     -0.00106201     -0.000964355     -0.000817871     
-0.000817871     -0.00090332     -0.00098877     -0.000964355     
-0.00102539     -0.00113525     -0.00111084     -0.0010376     
-0.00102539     -0.00109863     -0.00118408     -0.000939941     
-0.000842285     -0.0010498     -0.00112305     -0.000891113     
-0.00078125     -0.00102539     -0.000976563     -0.000817871     
-0.000769043     -0.00102539     -0.00102539     -0.000952148     
-0.000720215     -0.000891113     -0.000866699     -0.000671387     
-0.000646973     -0.000744629     -0.000769043     -0.000634766     
-0.000585938     -0.000793457     -0.000842285     -0.000671387     
-0.000708008     -0.00102539     -0.00114746     -0.00109863     
-0.00109863     -0.00141602     -0.00158691     -0.00150146     
-0.00161133     -0.0017334     -0.00187988     -0.00181885     
-0.00169678     -0.00178223     -0.00185547     -0.00167236     
-0.00162354     -0.00164795     -0.00178223     -0.00141602     
-0.00135498     -0.00157471     -0.00155029     -0.00142822     
-0.00147705     -0.00159912     -0.0017334     -0.00153809     
-0.00151367     -0.00170898     -0.00170898     -0.00159912     
-0.00150146     -0.00166016     -0.0017334     -0.00161133     
-0.00141602     -0.00162354     -0.00155029     -0.00147705     
-0.00125732     -0.00144043     -0.00151367     -0.0012207     
-0.00108643     -0.00123291     -0.00124512     -0.00109863     
-0.000952148     -0.00114746     -0.00106201     -0.000976563     
-0.000878906     -0.00107422     -0.00118408     -0.00098877     
-0.000976563     -0.00107422     -0.00131836     -0.00106201     
-0.000854492     -0.00108643     -0.00101318     -0.000927734     
-0.000793457     -0.000891113     -0.00113525     -0.000842285     
-0.000805664     -0.000915527     -0.00112305     -0.00101318     
-0.00102539     -0.00124512     -0.00136719     -0.00129395     
-0.00129395     -0.00150146     -0.00163574     -0.00146484     
-0.00150146     -0.00170898     -0.00175781     -0.00151367     
-0.00148926     -0.0015625     -0.00159912     -0.00151367     
-0.00128174     -0.00159912     -0.00158691     -0.00135498     
-0.0012085     -0.00130615     -0.00140381     -0.00126953     
-0.00115967     -0.00133057     -0.00140381     -0.0012207     
-0.00112305     -0.00123291     -0.00124512     -0.00113525     
-0.0010498     -0.00113525     -0.0012207     -0.000939941     
-0.000891113     -0.000976563     -0.00108643     -0.000878906     
-0.000866699     -0.00108643     -0.00117188     -0.000952148     
-0.0010498     -0.00115967     -0.00124512     -0.00108643     
-0.00106201     -0.00136719     -0.00135498     -0.00119629     
-0.00119629     -0.00124512     -0.00129395     -0.00124512     
-0.00108643     -0.00133057     -0.0012085     -0.00112305     
-0.00101318     -0.00113525     -0.0012085     -0.00129395     
-0.00112305     -0.00148926     -0.00152588     -0.00150146     
-0.00131836     -0.00153809     -0.00159912     -0.00148926     
-0.00131836     -0.0015625     -0.00146484     -0.00123291     
-0.00107422     -0.00130615     -0.00123291     -0.00107422     
-0.000964355     -0.00124512     -0.0012207     -0.00107422     
-0.000927734     -0.00117188     -0.00129395     -0.00098877     
-0.00102539     -0.00124512     -0.00124512     -0.00111084     
-0.00115967     -0.00108643     -0.00136719     -0.00107422     
-0.00117188     -0.00130615     -0.00141602     -0.00118408     
-0.00114746     -0.00134277     -0.00135498     -0.00119629     
-0.00112305     -0.00125732     -0.00140381     -0.0012207     
-0.00113525     -0.00135498     -0.00147705     -0.00136719     
-0.00126953     -0.00167236     -0.00172119     -0.00170898     
-0.00151367     -0.00181885     -0.00189209     -0.00180664     
-0.00175781     -0.00184326     -0.00186768     -0.00172119     
-0.0015625     -0.00155029     -0.00158691     -0.00133057     
-0.00117188     -0.00133057     -0.00126953     -0.000964355     
-0.00090332     -0.00102539     -0.00107422     -0.00090332     
-0.000732422     -0.000866699     -0.000952148     -0.000756836     
-0.000598145     -0.000866699     -0.00090332     -0.000720215     
-0.000744629     -0.000817871     -0.00108643     -0.000842285     
-0.000891113     -0.00106201     -0.00119629     -0.00114746     
-0.00112305     -0.00131836     -0.00133057     -0.00115967     
-0.0010376     -0.00112305     -0.00118408     -0.000915527     
-0.000817871     -0.000866699     -0.000939941     -0.000732422     
-0.000549316     -0.000756836     -0.000744629     -0.000720215     
-0.000671387     -0.000842285     -0.000976563     -0.00078125     
-0.000842285     -0.00101318     -0.00113525     -0.000976563     
-0.000952148     -0.00123291     -0.00128174     -0.00113525     
-0.00106201     -0.00130615     -0.00137939     -0.00134277     
-0.00123291     -0.00144043     -0.0015625     -0.00142822     
-0.00136719     -0.00159912     -0.00167236     -0.00152588     
-0.00152588     -0.00163574     -0.00186768     -0.00151367     
-0.00148926     -0.00166016     -0.0015625     -0.00134277     
-0.00126953     -0.00137939     -0.00130615     -0.00107422     
-0.000952148     -0.0010498     -0.00109863     -0.000769043     
-0.000671387     -0.00078125     -0.000817871     -0.000585938     
-0.000549316     -0.000708008     -0.000610352     -0.000634766     
-0.00045166     -0.000756836     -0.00065918     -0.000622559     
-0.000585938     -0.000732422     -0.000830078     -0.000756836     
-0.000585938     -0.000805664     -0.000891113     -0.000744629     
-0.00065918     -0.000866699     -0.000891113     -0.000805664     
-0.000793457     -0.00101318     -0.00111084     -0.00102539     
-0.0010376     -0.0012207     -0.00131836     -0.00119629     
-0.00107422     -0.00128174     -0.00131836     -0.0010376     
-0.000952148     -0.00101318     -0.00100098     -0.000769043     
-0.000476074     -0.000598145     -0.000561523     -0.000366211     
-0.000219727     -0.00032959     -0.000366211     -0.00020752     
-0.000231934     -0.000390625     -0.000512695     -0.000390625     
-0.00032959     -0.000598145     -0.000732422     -0.000720215     
-0.000610352     -0.000952148     -0.0010498     -0.00106201     
-0.00090332     -0.00108643     -0.00126953     -0.00109863     
-0.00109863     -0.00135498     -0.00148926     -0.00115967     
-0.00100098     -0.00131836     -0.0013916     -0.00118408     
-0.00101318     -0.00128174     -0.00133057     -0.00111084     
-0.0010498     -0.00114746     -0.00128174     -0.00098877     
-0.00102539     -0.0012085     -0.00117188     -0.00101318     
-0.000854492     -0.000891113     -0.00098877     -0.000695801     
-0.000683594     -0.000842285     -0.000830078     -0.000744629     
-0.000695801     -0.000793457     -0.000964355     -0.000927734     
-0.00100098     -0.00128174     -0.0013916     -0.00135498     
-0.00125732     -0.00153809     -0.0017334     -0.00163574     
-0.00146484     -0.00172119     -0.00184326     -0.0017334     
-0.00141602     -0.00168457     -0.0015625     -0.00133057     
-0.00124512     -0.00130615     -0.00135498     -0.00106201     
-0.000891113     -0.00106201     -0.00106201     -0.00098877     
-0.000866699     -0.0010498     -0.00119629     -0.00108643     
-0.00107422     -0.00119629     -0.00131836     -0.00123291     
-0.00126953     -0.00144043     -0.00153809     -0.00131836     
-0.00128174     -0.00140381     -0.00144043     -0.00117188     
-0.00124512     -0.00108643     -0.0012085     -0.00100098     
-0.000756836     -0.000854492     -0.000756836     -0.000744629     
-0.000512695     -0.000622559     -0.000732422     -0.000524902     
-0.000402832     -0.000549316     -0.000695801     -0.000598145     
-0.00045166     -0.000744629     -0.000708008     -0.000610352     
-0.000500488     -0.000708008     -0.000585938     -0.000598145     
-0.000512695     -0.000622559     -0.000683594     -0.000585938     
-0.000524902     -0.000720215     -0.000878906     -0.000842285     
-0.000830078     -0.00112305     -0.00126953     -0.0012085     
-0.00118408     -0.00140381     -0.00155029     -0.00131836     
-0.00137939     -0.00155029     -0.00161133     -0.00134277     
-0.00124512     -0.00137939     -0.00142822     -0.00129395     
-0.00118408     -0.00117188     -0.00144043     -0.00115967     
-0.00119629     -0.00129395     -0.00142822     -0.00133057     
-0.00118408     -0.00148926     -0.00163574     -0.00131836     
-0.00113525     -0.00136719     -0.00134277     -0.0010376     
-0.000927734     -0.00101318     -0.00098877     -0.000854492     
-0.000671387     -0.000866699     -0.000817871     -0.00078125     
-0.000646973     -0.00090332     -0.000952148     -0.000915527     
-0.000866699     -0.00098877     -0.0012085     -0.00113525     
-0.00102539     -0.00126953     -0.00133057     -0.00133057     
-0.0012085     -0.00133057     -0.00135498     -0.0012207     
-0.00115967     -0.00131836     -0.00142822     -0.00119629     
-0.00114746     -0.00124512     -0.0013916     -0.00128174     
-0.0012207     -0.00148926     -0.00150146     -0.00129395     
-0.00133057     -0.00133057     -0.00157471     -0.00133057     
-0.00128174     -0.00146484     -0.00144043     -0.00129395     
-0.00108643     -0.00118408     -0.00115967     -0.000891113     
-0.000939941     -0.000976563     -0.000964355     -0.000756836     
-0.000695801     -0.000817871     -0.000939941     -0.000708008     
-0.000549316     -0.000891113     -0.000720215     -0.000524902     
-0.000427246     -0.000512695     -0.000549316     -0.000354004     
-0.000256348     -0.000488281     -0.000585938     -0.00045166     
-0.000354004     -0.000598145     -0.000683594     -0.000622559     
-0.000622559     -0.000854492     -0.000927734     -0.00078125     
-0.00078125     -0.0010376     -0.00112305     -0.00100098     
-0.00101318     -0.00126953     -0.00129395     -0.00112305     
-0.00109863     -0.0012207     -0.00141602     -0.00107422     
-0.00109863     -0.00125732     -0.00130615     -0.00109863     
-0.00108643     -0.00124512     -0.00134277     -0.00125732     
-0.00111084     -0.00137939     -0.00148926     -0.00131836     
-0.0012085     -0.00137939     -0.00134277     -0.00124512     
-0.00111084     -0.00125732     -0.00133057     -0.0012207     
-0.00101318     -0.00125732     -0.00125732     -0.00106201     
-0.00106201     -0.0012085     -0.00130615     -0.00119629     
-0.00111084     -0.00129395     -0.00135498     -0.00125732     
-0.00128174     -0.00151367     -0.00164795     -0.00152588     
-0.00144043     -0.00166016     -0.00163574     -0.0015625     
-0.00151367     -0.0015625     -0.0015625     -0.00148926     
-0.00135498     -0.00144043     -0.00150146     -0.00135498     
-0.00130615     -0.00134277     -0.00147705     -0.00130615     
-0.00118408     -0.00125732     -0.00134277     -0.0012085     
-0.00107422     -0.00114746     -0.00117188     -0.00098877     
-0.000854492     -0.000927734     -0.000817871     -0.000598145     
-0.000561523     -0.000708008     -0.000854492     -0.000646973     
-0.000488281     -0.000793457     -0.000683594     -0.000769043     
-0.00065918     -0.000805664     -0.000878906     -0.000695801     
-0.000683594     -0.000830078     -0.000817871     -0.000708008     
-0.000695801     -0.00101318     -0.0010498     -0.000964355     
-0.000891113     -0.00118408     -0.00129395     -0.00117188     
-0.0012207     -0.00145264     -0.00164795     -0.00144043     
-0.00150146     -0.00169678     -0.00189209     -0.00168457     
-0.00174561     -0.00202637     -0.00211182     -0.00183105     
-0.00179443     -0.00197754     -0.0020752     -0.00194092     
-0.00186768     -0.00197754     -0.00218506     -0.00187988     
-0.00184326     -0.00202637     -0.00196533     -0.0019165     
-0.00177002     -0.00187988     -0.00203857     -0.00172119     
-0.00163574     -0.00174561     -0.00170898     -0.00166016     
-0.00140381     -0.00166016     -0.00170898     -0.00144043     
-0.00128174     -0.00145264     -0.00137939     -0.00117188     
-0.00107422     -0.00126953     -0.00136719     -0.0012085     
-0.00106201     -0.00134277     -0.00136719     -0.00135498     
-0.00126953     -0.00136719     -0.00144043     -0.00134277     
-0.00125732     -0.00112305     -0.00117188     -0.000939941     
-0.000866699     -0.00098877     -0.00100098     -0.000683594     
-0.00065918     -0.000720215     -0.000891113     -0.00065918     
-0.000512695     -0.000744629     -0.000793457     -0.000585938     
-0.000463867     -0.000561523     -0.000646973     -0.000427246     
-0.000366211     -0.00057373     -0.000683594     -0.000402832     
-0.000415039     -0.000488281     -0.000683594     -0.000634766     
-0.000463867     -0.000756836     -0.000805664     -0.000732422     
-0.000720215     -0.000854492     -0.000891113     -0.00078125     
-0.000805664     -0.000964355     -0.000964355     -0.000830078     
-0.000769043     -0.00106201     -0.00102539     -0.00100098     
-0.000927734     -0.00114746     -0.00126953     -0.00117188     
-0.00109863     -0.00135498     -0.00140381     -0.00112305     
-0.00108643     -0.00131836     -0.0013916     -0.0012085     
-0.00109863     -0.00119629     -0.00142822     -0.00118408     
-0.0012085     -0.00147705     -0.00159912     -0.00150146     
-0.00133057     -0.00162354     -0.00169678     -0.00150146     
-0.00146484     -0.00158691     -0.00163574     -0.00147705     
-0.00131836     -0.00142822     -0.00150146     -0.00133057     
-0.00119629     -0.00136719     -0.00135498     -0.00119629     
-0.00090332     -0.00111084     -0.00100098     -0.000805664     
-0.000744629     -0.000866699     -0.000927734     -0.000695801     
-0.000512695     -0.000671387     -0.000805664     -0.00065918     
-0.000476074     -0.000695801     -0.000793457     -0.000695801     
-0.000610352     -0.00065918     -0.00078125     -0.000622559     
-0.000561523     -0.000732422     -0.000891113     -0.000695801     
-0.000695801     -0.000805664     -0.000952148     -0.000695801     
-0.000842285     -0.000842285     -0.00108643     -0.000866699     
-0.00078125     -0.00101318     -0.00112305     -0.00108643     
-0.00108643     -0.00129395     -0.00145264     -0.00141602     
-0.0013916     -0.00163574     -0.00172119     -0.00178223     
-0.0017334     -0.0019165     -0.00198975     -0.00183105     
-0.00167236     -0.0019165     -0.0017334     -0.00155029     
-0.00136719     -0.00148926     -0.00148926     -0.0012085     
-0.00106201     -0.00130615     -0.00128174     -0.00108643     
-0.00112305     -0.00136719     -0.00135498     -0.00125732     
-0.00111084     -0.00133057     -0.00135498     -0.00117188     
-0.00109863     -0.00125732     -0.00142822     -0.00117188     
-0.00101318     -0.0012207     -0.0013916     -0.00123291     
-0.00125732     -0.00146484     -0.00163574     -0.00140381     
-0.00141602     -0.00155029     -0.00161133     -0.00155029     
-0.00151367     -0.00170898     -0.00186768     -0.00169678     
-0.00150146     -0.00185547     -0.00185547     -0.00174561     
-0.00163574     -0.00185547     -0.00185547     -0.00169678     
-0.00163574     -0.00179443     -0.00177002     -0.00166016     
-0.00155029     -0.00184326     -0.00179443     -0.00159912     
-0.00152588     -0.00167236     -0.00174561     -0.00159912     
-0.00152588     -0.00161133     -0.00157471     -0.00145264     
-0.00115967     -0.00131836     -0.00131836     -0.00101318     
-0.000915527     -0.00090332     -0.000915527     -0.000671387     
-0.000549316     -0.000585938     -0.000610352     -0.000427246     
-0.000341797     -0.000561523     -0.000585938     -0.000402832     
-0.000476074     -0.000561523     -0.000708008     -0.000524902     
-0.000585938     -0.000769043     -0.000695801     -0.000549316     
-0.000476074     -0.000634766     -0.000720215     -0.000415039     
-0.000524902     -0.000646973     -0.00065918     -0.000439453     
-0.000292969     -0.000439453     -0.000427246     -0.000354004     
-0.00012207     -0.000512695     -0.00045166     -0.000463867     
-0.000341797     -0.000610352     -0.000695801     -0.000646973     
-0.000708008     -0.00100098     -0.0010376     -0.000866699     
-0.000891113     -0.00108643     -0.00108643     -0.000866699     
-0.000854492     -0.00098877     -0.000952148     -0.00078125     
-0.000769043     -0.000793457     -0.00098877     -0.000891113     
-0.000769043     -0.000964355     -0.00108643     -0.000842285     
-0.000866699     -0.000939941     -0.00112305     -0.000793457     
-0.000830078     -0.00090332     -0.00102539     -0.000976563     
-0.000830078     -0.00100098     -0.00111084     -0.0010376     
-0.000976563     -0.00137939     -0.00152588     -0.00133057     
-0.00129395     -0.00150146     -0.00158691     -0.0013916     
-0.00126953     -0.00159912     -0.00152588     -0.00124512     
-0.00109863     -0.00119629     -0.0012207     -0.00098877     
-0.000842285     -0.0010376     -0.0010376     -0.00090332     
-0.000756836     -0.000817871     -0.000842285     -0.000769043     
-0.000744629     -0.000866699     -0.00090332     -0.000756836     
-0.000805664     -0.00107422     -0.00109863     -0.00098877     
-0.0010498     -0.00117188     -0.00133057     -0.00114746     
-0.00100098     -0.00123291     -0.00128174     -0.00100098     
-0.00102539     -0.00109863     -0.00112305     -0.000830078     
-0.000695801     -0.000756836     -0.000769043     -0.000683594     
-0.000537109     -0.000720215     -0.000793457     -0.000634766     
-0.000622559     -0.00078125     -0.000878906     -0.000744629     
-0.000671387     -0.000891113     -0.000915527     -0.000671387     
-0.000561523     -0.000830078     -0.000732422     -0.000720215     
-0.000537109     -0.000744629     -0.000793457     -0.00057373     
-0.000634766     -0.00078125     -0.000842285     -0.000598145     
-0.000561523     -0.000830078     -0.000793457     -0.000610352     
-0.000488281     -0.000708008     -0.000708008     -0.000537109     
-0.000512695     -0.00065918     -0.000878906     -0.000549316     
-0.000427246     -0.000610352     -0.000756836     -0.000549316     
-0.00045166     -0.000634766     -0.000830078     -0.000512695     
-0.000439453     -0.000549316     -0.000695801     -0.000622559     
-0.000463867     -0.000720215     -0.000842285     -0.000622559     
-0.000585938     -0.000866699     -0.000964355     -0.000756836     
-0.000805664     -0.0010498     -0.00109863     -0.000964355     
-0.000891113     -0.00113525     -0.00111084     -0.00119629     
-0.000939941     -0.00126953     -0.00118408     -0.00112305     
-0.00109863     -0.00114746     -0.0012207     -0.00115967     
-0.00101318     -0.00115967     -0.00118408     -0.000939941     
-0.000830078     -0.000927734     -0.00098877     -0.000793457     
-0.000708008     -0.000854492     -0.000854492     -0.000756836     
-0.000695801     -0.000708008     -0.000878906     -0.000708008     
-0.000671387     -0.000915527     -0.00101318     -0.000830078     
-0.000842285     -0.000915527     -0.00102539     -0.00100098     
-0.000891113     -0.00114746     -0.00117188     -0.00119629     
-0.00114746     -0.00135498     -0.00148926     -0.00144043     
-0.00146484     -0.00168457     -0.00189209     -0.00167236     
-0.00159912     -0.00186768     -0.0019043     -0.0017334     
-0.00168457     -0.00206299     -0.0020874     -0.00205078     
-0.00178223     -0.00219727     -0.00219727     -0.00206299     
-0.00209961     -0.00233154     -0.00230713     -0.00212402     
-0.00198975     -0.00222168     -0.00206299     -0.00205078     
-0.00181885     -0.00195313     -0.00187988     -0.00166016     
-0.00150146     -0.00164795     -0.00164795     -0.00126953     
-0.0012207     -0.00126953     -0.00119629     -0.00100098     
-0.000769043     -0.000842285     -0.000964355     -0.000671387     
-0.000695801     -0.000976563     -0.00101318     -0.000927734     
-0.000939941     -0.0012207     -0.00129395     -0.00123291     
-0.00126953     -0.00146484     -0.00162354     -0.00140381     
-0.00119629     -0.00133057     -0.00130615     -0.00100098     
-0.000891113     -0.000964355     -0.000842285     -0.000732422     
-0.000500488     -0.000646973     -0.000634766     -0.000683594     
-0.000561523     -0.000720215     -0.0010498     -0.000964355     
-0.000915527     -0.0012085     -0.00142822     -0.00136719     
-0.00129395     -0.00157471     -0.00162354     -0.00136719     
-0.00134277     -0.00145264     -0.00152588     -0.00131836     
-0.0012207     -0.00118408     -0.0012207     -0.00100098     
-0.000817871     -0.00101318     -0.000915527     -0.000720215     
-0.000708008     -0.000732422     -0.000817871     -0.000610352     
-0.000561523     -0.000842285     -0.000842285     -0.000830078     
-0.000891113     -0.00111084     -0.00125732     -0.00112305     
-0.00125732     -0.00137939     -0.00142822     -0.00137939     
-0.0012085     -0.00137939     -0.00133057     -0.00102539     
-0.000952148     -0.00123291     -0.00101318     -0.000866699     
-0.000793457     -0.00101318     -0.00114746     -0.000817871     
-0.000866699     -0.00117188     -0.00114746     -0.000939941     
-0.00102539     -0.00119629     -0.00130615     -0.00113525     
-0.00098877     -0.00129395     -0.00129395     -0.00119629     

