Source : transient; Time : Wed Jun 14 07:34:02 2017
B0 = 3256.000000 Gauss, mw = 9.686281 GHz
 NDI-T2 sa261 20/2 42/25 523nm/1mJ
1 5000 -1.001e-06 8.997e-06 0 0
s                        V                                                 
-0.000500488     -0.000427246     -0.000439453     -0.000378418     
-0.000476074     -0.000537109     -0.000683594     -0.000683594     
-0.00078125     -0.000817871     -0.00098877     -0.000915527     
-0.00107422     -0.00101318     -0.00112305     -0.00100098     
-0.00098877     -0.000866699     -0.000854492     -0.000854492     
-0.000866699     -0.000744629     -0.000756836     -0.000830078     
-0.000695801     -0.000683594     -0.000720215     -0.000683594     
-0.000756836     -0.000585938     -0.000720215     -0.000622559     
-0.000646973     -0.000622559     -0.000695801     -0.000793457     
-0.00090332     -0.000720215     -0.000854492     -0.000939941     
-0.000915527     -0.000683594     -0.000854492     -0.000866699     
-0.000805664     -0.000756836     -0.000793457     -0.000817871     
-0.000683594     -0.00057373     -0.000683594     -0.000732422     
-0.000720215     -0.000744629     -0.000708008     -0.000793457     
-0.000793457     -0.000769043     -0.00098877     -0.000939941     
-0.0010376     -0.000964355     -0.00109863     -0.00101318     
-0.00101318     -0.000866699     -0.0010376     -0.000927734     
-0.00111084     -0.000939941     -0.0010498     -0.00106201     
-0.00100098     -0.000964355     -0.000976563     -0.00107422     
-0.000939941     -0.000939941     -0.000927734     -0.000866699     
-0.000866699     -0.000756836     -0.000756836     -0.000671387     
-0.000671387     -0.000634766     -0.000817871     -0.00065918     
-0.000732422     -0.00065918     -0.000769043     -0.000671387     
-0.000769043     -0.00065918     -0.000671387     -0.000671387     
-0.000695801     -0.000610352     -0.000720215     -0.000732422     
-0.000769043     -0.000866699     -0.000952148     -0.0010376     
-0.000952148     -0.00101318     -0.00109863     -0.00106201     
-0.00115967     -0.000976563     -0.00106201     -0.000915527     
-0.000854492     -0.000732422     -0.000915527     -0.000793457     
-0.000769043     -0.000683594     -0.000830078     -0.000817871     
-0.000927734     -0.000817871     -0.000927734     -0.00106201     
-0.00100098     -0.00101318     -0.00111084     -0.00109863     
-0.00111084     -0.000939941     -0.00106201     -0.000976563     
-0.00108643     -0.000964355     -0.00100098     -0.00102539     
-0.000976563     -0.000842285     -0.00111084     -0.00098877     
-0.00108643     -0.00101318     -0.00109863     -0.00112305     
-0.0010376     -0.00098877     -0.00100098     -0.00106201     
-0.000939941     -0.000866699     -0.000842285     -0.000866699     
-0.000817871     -0.000866699     -0.000878906     -0.000842285     
-0.00098877     -0.000927734     -0.0010376     -0.00108643     
-0.00113525     -0.00098877     -0.0012085     -0.00109863     
-0.00111084     -0.0010376     -0.00098877     -0.00100098     
-0.000939941     -0.000769043     -0.000878906     -0.000805664     
-0.000756836     -0.000830078     -0.000842285     -0.000964355     
-0.000854492     -0.000854492     -0.000976563     -0.000891113     
-0.000952148     -0.000891113     -0.00090332     -0.000744629     
-0.000805664     -0.000695801     -0.000830078     -0.000598145     
-0.000744629     -0.000744629     -0.00065918     -0.000585938     
-0.000817871     -0.000683594     -0.000695801     -0.00078125     
-0.000842285     -0.000744629     -0.000842285     -0.000817871     
-0.000732422     -0.000720215     -0.000842285     -0.000720215     
-0.000683594     -0.000769043     -0.000878906     -0.000854492     
-0.000854492     -0.000793457     -0.000915527     -0.000939941     
-0.00101318     -0.000842285     -0.000891113     -0.000842285     
-0.000769043     -0.000598145     -0.000622559     -0.000476074     
-0.000439453     -0.000158691     -0.000183105     -0.000183105     
-1.2207e-05     4.88281e-05     -3.66211e-05     -3.66211e-05     
-0.000134277     0     -0.000146484     -0.000231934     
-0.000244141     -0.000256348     -0.000427246     -0.000476074     
-0.000585938     -0.000695801     -0.000805664     -0.000878906     
-0.000976563     -0.000915527     -0.00114746     -0.00118408     
-0.00112305     -0.00115967     -0.00125732     -0.00123291     
-0.00117188     -0.00107422     -0.00106201     -0.00098877     
-0.000952148     -0.000817871     -0.000671387     -0.000732422     
-0.000671387     -0.000549316     -0.000769043     -0.000646973     
-0.000744629     -0.000744629     -0.000891113     -0.000891113     
-0.000964355     -0.000927734     -0.00106201     -0.00117188     
-0.0012207     -0.00107422     -0.00126953     -0.00115967     
-0.00108643     -0.00107422     -0.00112305     -0.00111084     
-0.00102539     -0.000952148     -0.00107422     -0.000976563     
-0.00101318     -0.000915527     -0.000915527     -0.000891113     
-0.000891113     -0.000866699     -0.000915527     -0.000866699     
-0.000964355     -0.000878906     -0.000952148     -0.00090332     
-0.00100098     -0.00101318     -0.00108643     -0.00123291     
-0.00118408     -0.0012207     -0.00141602     -0.00152588     
-0.00166016     -0.00163574     -0.00178223     -0.00189209     
-0.0019165     -0.00187988     -0.00196533     -0.00186768     
-0.00206299     -0.00186768     -0.00184326     -0.00172119     
-0.00168457     -0.00153809     -0.0015625     -0.00137939     
-0.00136719     -0.00129395     -0.00134277     -0.00123291     
-0.00130615     -0.00129395     -0.00136719     -0.0013916     
-0.00144043     -0.00144043     -0.00146484     -0.00142822     
-0.00148926     -0.00137939     -0.00146484     -0.00137939     
-0.0013916     -0.00130615     -0.00136719     -0.00129395     
-0.00123291     -0.00111084     -0.00124512     -0.00114746     
-0.00126953     -0.00113525     -0.00125732     -0.00118408     
-0.00118408     -0.00111084     -0.00114746     -0.00119629     
-0.00118408     -0.00111084     -0.00108643     -0.00124512     
-0.00108643     -0.000952148     -0.00102539     -0.00101318     
-0.00108643     -0.00090332     -0.000939941     -0.000952148     
-0.0010498     -0.000878906     -0.00107422     -0.0010376     
-0.00117188     -0.00106201     -0.00107422     -0.0010376     
-0.00118408     -0.00101318     -0.00115967     -0.0010376     
-0.00102539     -0.000915527     -0.000830078     -0.000866699     
-0.000683594     -0.000646973     -0.000793457     -0.000646973     
-0.000634766     -0.000720215     -0.000842285     -0.000769043     
-0.000793457     -0.000817871     -0.000964355     -0.000976563     
-0.00106201     -0.00102539     -0.00115967     -0.00117188     
-0.00107422     -0.00113525     -0.00117188     -0.00109863     
-0.0010376     -0.000952148     -0.00090332     -0.000891113     
-0.000720215     -0.000769043     -0.000817871     -0.000720215     
-0.000756836     -0.000769043     -0.000805664     -0.000854492     
-0.000976563     -0.000866699     -0.00111084     -0.00101318     
-0.00109863     -0.00107422     -0.00112305     -0.00114746     
-0.00119629     -0.00111084     -0.00129395     -0.00130615     
-0.00140381     -0.00134277     -0.00152588     -0.00151367     
-0.00144043     -0.00147705     -0.00148926     -0.00144043     
-0.00158691     -0.00151367     -0.00142822     -0.00147705     
-0.00144043     -0.00130615     -0.00141602     -0.00137939     
-0.00151367     -0.00129395     -0.00140381     -0.00131836     
-0.00131836     -0.00117188     -0.00133057     -0.00117188     
-0.00119629     -0.00117188     -0.0012207     -0.00131836     
-0.00134277     -0.0013916     -0.00153809     -0.00164795     
-0.00170898     -0.00178223     -0.0017334     -0.0019165     
-0.00183105     -0.00155029     -0.00179443     -0.00157471     
-0.00150146     -0.00140381     -0.00123291     -0.0010376     
-0.000952148     -0.000671387     -0.000671387     -0.000415039     
-0.00045166     -0.000231934     -0.000219727     -6.10352e-05     
-0.000109863     4.88281e-05     -8.54492e-05     -0.000109863     
-0.00012207     -0.00020752     -0.000427246     -0.000341797     
-0.000537109     -0.000622559     -0.000891113     -0.000817871     
-0.0010376     -0.000952148     -0.0010498     -0.00106201     
-0.00109863     -0.000927734     -0.000939941     -0.000842285     
-0.000891113     -0.000732422     -0.000708008     -0.000610352     
-0.000561523     -0.000463867     -0.000500488     -0.000439453     
-0.000439453     -0.000537109     -0.000610352     -0.000683594     
-0.000720215     -0.000744629     -0.000891113     -0.000878906     
-0.00106201     -0.000964355     -0.00112305     -0.00109863     
-0.00109863     -0.000976563     -0.0012085     -0.00115967     
-0.00112305     -0.00109863     -0.00123291     -0.00108643     
-0.00106201     -0.00108643     -0.00102539     -0.00107422     
-0.00102539     -0.000964355     -0.000891113     -0.000939941     
-0.000927734     -0.000793457     -0.000817871     -0.000915527     
-0.00078125     -0.000708008     -0.000842285     -0.000708008     
-0.000683594     -0.00045166     -0.000585938     -0.000439453     
-0.00045166     -0.000292969     -0.000366211     -0.000402832     
-0.00032959     -0.000183105     -0.000231934     -0.000292969     
-0.000354004     -0.000219727     -0.000439453     -0.000512695     
-0.000512695     -0.00057373     -0.000683594     -0.000927734     
-0.00129395     -0.00131836     -0.00178223     -0.0020874     
-0.00244141     -0.00286865     -0.00356445     -0.00393066     
-0.0045166     -0.0050293     -0.00559082     -0.00606689     
-0.00665283     -0.0069458     -0.00754395     -0.00793457     
-0.00836182     -0.00871582     -0.00900879     -0.00949707     
-0.00977783     -0.0100464     -0.0106079     -0.0108887     
-0.0113159     -0.0117798     -0.0122314     -0.0125854     
-0.0131348     -0.0134888     -0.0140625     -0.0143555     
-0.0148193     -0.01521     -0.0156128     -0.0160767     
-0.0164673     -0.0167358     -0.0172241     -0.0176514     
-0.0180542     -0.0184204     -0.0188843     -0.0192261     
-0.0196533     -0.0200317     -0.0204468     -0.0208862     
-0.0212891     -0.0217651     -0.0220703     -0.0224609     
-0.0229004     -0.0231934     -0.0237549     -0.0241089     
-0.0246216     -0.0248535     -0.0253784     -0.0258057     
-0.0261597     -0.0264038     -0.0269653     -0.0272705     
-0.027771     -0.0279785     -0.0283325     -0.0287842     
-0.0290039     -0.02948     -0.029834     -0.0301758     
-0.0305298     -0.0308228     -0.0312134     -0.0314697     
-0.0318481     -0.031958     -0.0322754     -0.0324219     
-0.0328003     -0.0329346     -0.0333252     -0.0334717     
-0.0338135     -0.0339966     -0.0344849     -0.034729     
-0.0350464     -0.0354004     -0.0356201     -0.0358643     
-0.0361328     -0.0363159     -0.0365845     -0.0367188     
-0.0369385     -0.0370361     -0.0371338     -0.0373779     
-0.037561     -0.0375122     -0.0377197     -0.0378296     
-0.0379517     -0.0379639     -0.0381958     -0.0382324     
-0.0384277     -0.0384644     -0.0386841     -0.0387329     
-0.0389771     -0.0390625     -0.0393311     -0.0394775     
-0.0396484     -0.0398804     -0.0401001     -0.0403564     
-0.0404785     -0.0405518     -0.0408691     -0.0409668     
-0.04104     -0.0412109     -0.0414429     -0.0415405     
-0.0417725     -0.0417725     -0.0419678     -0.0421143     
-0.0422852     -0.0423218     -0.042627     -0.0426147     
-0.0428345     -0.0429443     -0.0430786     -0.0431396     
-0.0432373     -0.0431763     -0.0433105     -0.043396     
-0.0434692     -0.0435669     -0.0435669     -0.0435303     
-0.0435059     -0.0435059     -0.043689     -0.0435303     
-0.0436646     -0.0436035     -0.0436646     -0.0435669     
-0.0435547     -0.043396     -0.0435791     -0.043457     
-0.0433838     -0.0433716     -0.0435547     -0.0434082     
-0.0433716     -0.0432861     -0.0434692     -0.0434692     
-0.043457     -0.0435181     -0.0435669     -0.0435425     
-0.0436035     -0.0434448     -0.0435303     -0.0435303     
-0.0435791     -0.0434082     -0.043396     -0.043335     
-0.0433472     -0.0430298     -0.0431519     -0.0430664     
-0.0430298     -0.0428101     -0.0427612     -0.0426636     
-0.0426758     -0.0425415     -0.0425293     -0.042395     
-0.0424927     -0.0423584     -0.0422119     -0.0423462     
-0.0421143     -0.0419189     -0.0418457     -0.0417236     
-0.0416382     -0.0413818     -0.041394     -0.0411499     
-0.0410522     -0.0407959     -0.0408081     -0.040564     
-0.0405762     -0.0405273     -0.0404907     -0.0403931     
-0.0404907     -0.0403809     -0.0404541     -0.0403564     
-0.0404907     -0.0404785     -0.0403809     -0.0403442     
-0.04021     -0.0400879     -0.0401978     -0.0400024     
-0.0399414     -0.0398438     -0.0397461     -0.0395874     
-0.0394775     -0.0391968     -0.0391846     -0.0389648     
-0.0388672     -0.0386841     -0.0385864     -0.0383423     
-0.0382568     -0.0380493     -0.037915     -0.0378662     
-0.0378052     -0.0376709     -0.037561     -0.0374634     
-0.0373291     -0.0372192     -0.0372314     -0.0371582     
-0.0370239     -0.0368164     -0.0367554     -0.0366089     
-0.036438     -0.036084     -0.0360962     -0.035791     
-0.0356812     -0.0352295     -0.0351807     -0.0348755     
-0.034668     -0.0343872     -0.0343628     -0.0341309     
-0.0341797     -0.0339233     -0.0338623     -0.0338623     
-0.0336792     -0.0335815     -0.0335449     -0.033374     
-0.0334473     -0.033313     -0.0331909     -0.0331299     
-0.0330078     -0.0327148     -0.0327271     -0.0325562     
-0.0325684     -0.0322754     -0.0321655     -0.0319946     
-0.0318481     -0.0316162     -0.0316406     -0.0314697     
-0.031311     -0.0312744     -0.0311646     -0.0310913     
-0.0309814     -0.0307617     -0.0307007     -0.0306763     
-0.0305542     -0.0303711     -0.0302734     -0.0301758     
-0.0300293     -0.0297729     -0.0297852     -0.0296021     
-0.0295044     -0.0293457     -0.0292603     -0.0290527     
-0.0289673     -0.0287598     -0.0286499     -0.028479     
-0.028418     -0.028186     -0.0280884     -0.0279663     
-0.0277954     -0.0276855     -0.0275635     -0.0275269     
-0.0274414     -0.0272217     -0.0272827     -0.0270752     
-0.0269287     -0.0268433     -0.0268799     -0.0267822     
-0.0267456     -0.0265503     -0.0265869     -0.0263428     
-0.0262207     -0.0260742     -0.0261353     -0.0259521     
-0.0259399     -0.025647     -0.0255981     -0.0254883     
-0.025293     -0.0251099     -0.0251099     -0.0249268     
-0.0248291     -0.0247925     -0.0246216     -0.0245728     
-0.0244385     -0.0243164     -0.024292     -0.0240234     
-0.0241089     -0.0239502     -0.0238892     -0.0237061     
-0.023645     -0.0233521     -0.0234497     -0.0232788     
-0.02323     -0.0230469     -0.0230713     -0.0229858     
-0.0229858     -0.0227661     -0.0228516     -0.0227905     
-0.0227173     -0.0226685     -0.0226196     -0.0225098     
-0.022583     -0.0223999     -0.0223633     -0.0223511     
-0.0223511     -0.0221191     -0.0222412     -0.0221069     
-0.0221802     -0.0220581     -0.0220581     -0.0220581     
-0.0220947     -0.0220215     -0.0221436     -0.0221558     
-0.0220581     -0.0220337     -0.0220581     -0.0220093     
-0.0220825     -0.0220093     -0.0219604     -0.0220581     
-0.0219971     -0.0219971     -0.0220093     -0.0220337     
-0.0219482     -0.021814     -0.0218628     -0.021814     
-0.0217407     -0.0214966     -0.021582     -0.0213379     
-0.0212891     -0.0211792     -0.0211304     -0.0210205     
-0.0210571     -0.020874     -0.0209839     -0.0208984     
-0.0209351     -0.0209717     -0.0209106     -0.0210327     
-0.0209473     -0.0208252     -0.0210571     -0.0209473     
-0.0209717     -0.0210083     -0.0210571     -0.0211182     
-0.021167     -0.0211914     -0.0214233     -0.0214844     
-0.0215942     -0.0216309     -0.0217285     -0.0216675     
-0.0217163     -0.0216553     -0.0215576     -0.0215942     
-0.0215088     -0.0214722     -0.0214111     -0.0214844     
-0.0214233     -0.0213745     -0.021521     -0.0215942     
-0.021582     -0.0217041     -0.0217285     -0.0217163     
-0.0217896     -0.0217041     -0.0218384     -0.021814     
-0.0218018     -0.0217163     -0.0217407     -0.0216797     
-0.0217773     -0.0215454     -0.0216919     -0.021582     
-0.021521     -0.0214844     -0.0216187     -0.0216187     
-0.0215088     -0.021582     -0.0216919     -0.0218262     
-0.0219238     -0.0218872     -0.0220703     -0.0221558     
-0.0222656     -0.0223633     -0.0224731     -0.0224854     
-0.0225952     -0.0225098     -0.0226196     -0.0225342     
-0.0224854     -0.0223511     -0.0223633     -0.0223511     
-0.0222656     -0.022229     -0.0223267     -0.0222168     
-0.0222534     -0.022168     -0.0222168     -0.0222412     
-0.0222656     -0.0222046     -0.0222778     -0.0222534     
-0.0222046     -0.0220337     -0.022168     -0.0220581     
-0.0220825     -0.0219604     -0.0221436     -0.0220947     
-0.0221436     -0.0220581     -0.0222168     -0.0221924     
-0.0222534     -0.0221558     -0.022229     -0.022168     
-0.0220581     -0.0221191     -0.022168     -0.0221558     
-0.022229     -0.0221436     -0.0223267     -0.0222778     
-0.0223633     -0.0224243     -0.022522     -0.0224976     
-0.0225098     -0.022522     -0.0226685     -0.0225952     
-0.0226074     -0.0223755     -0.0226074     -0.0223999     
-0.0224365     -0.0224365     -0.0223389     -0.0223755     
-0.0223267     -0.0222778     -0.0224731     -0.0223877     
-0.0223999     -0.0224487     -0.0225586     -0.0225586     
-0.0224609     -0.0225098     -0.0226807     -0.022644     
-0.0228271     -0.0227783     -0.0229248     -0.022937     
-0.0229614     -0.0229614     -0.0232056     -0.0232422     
-0.0232544     -0.0232544     -0.0233521     -0.0233643     
-0.0234497     -0.0233276     -0.0234253     -0.0234985     
-0.0234985     -0.0234985     -0.0235107     -0.0234741     
-0.023584     -0.0233765     -0.0234497     -0.0235229     
-0.0234619     -0.0233521     -0.0233398     -0.0234009     
-0.0234863     -0.0233032     -0.0235107     -0.0234863     
-0.0235474     -0.0235107     -0.0235718     -0.023584     
-0.0234741     -0.0234985     -0.0234985     -0.0234863     
-0.0234985     -0.0233154     -0.0233276     -0.0233276     
-0.0232666     -0.0232422     -0.0232178     -0.0231201     
-0.0231445     -0.0230713     -0.0231323     -0.0230713     
-0.0230591     -0.0229614     -0.0230103     -0.0228516     
-0.0228271     -0.0226929     -0.0226196     -0.0225098     
-0.0225342     -0.0222656     -0.0223755     -0.0222412     
-0.0222656     -0.0221558     -0.0220947     -0.0221802     
-0.0221069     -0.0220703     -0.022229     -0.0221802     
-0.0221191     -0.0221191     -0.0221191     -0.022168     
-0.0221802     -0.0220093     -0.022168     -0.0221069     
-0.022168     -0.0220703     -0.0221558     -0.022168     
-0.0222046     -0.022168     -0.022229     -0.02229     
-0.0222412     -0.0222778     -0.022229     -0.0222656     
-0.0223022     -0.0221313     -0.0221313     -0.0221924     
-0.0221069     -0.0220703     -0.0220825     -0.0219849     
-0.0219727     -0.0216797     -0.0218872     -0.0215942     
-0.0215332     -0.0213379     -0.0213135     -0.0211548     
-0.0210449     -0.0208374     -0.020874     -0.0207031     
-0.0207764     -0.0205078     -0.0205444     -0.02052     
-0.0204102     -0.020459     -0.0204956     -0.0204102     
-0.0203735     -0.0202637     -0.0203125     -0.0203369     
-0.0202759     -0.0202148     -0.0202759     -0.0202271     
-0.0202393     -0.0200562     -0.0201294     -0.0200806     
-0.0199463     -0.019751     -0.019873     -0.0196777     
-0.0197144     -0.0195313     -0.0194824     -0.019458     
-0.0193359     -0.0192383     -0.0192505     -0.0192627     
-0.0192749     -0.0192627     -0.0193848     -0.019397     
-0.0193359     -0.0192749     -0.0194092     -0.0192993     
-0.019397     -0.0192383     -0.0193359     -0.0192139     
-0.019165     -0.0189941     -0.0190186     -0.0188721     
-0.0186768     -0.0185547     -0.0184937     -0.0183594     
-0.0182007     -0.0180664     -0.017981     -0.0178711     
-0.0178955     -0.0177124     -0.0178101     -0.0177246     
-0.0177002     -0.0176147     -0.0177246     -0.0175781     
-0.0175903     -0.0175293     -0.0175903     -0.0174316     
-0.0174194     -0.0172974     -0.017395     -0.0171265     
-0.0170654     -0.0170166     -0.0169189     -0.01698     
-0.0168579     -0.0168335     -0.0169556     -0.0169312     
-0.0169678     -0.0171021     -0.0171509     -0.0173218     
-0.0172241     -0.0172363     -0.0174683     -0.0174561     
-0.0175903     -0.0174805     -0.0175049     -0.0174805     
-0.0174927     -0.0173096     -0.0173828     -0.0173828     
-0.0173218     -0.0171265     -0.0171753     -0.0171753     
-0.0170898     -0.0169678     -0.0170288     -0.0171265     
-0.0170776     -0.0170776     -0.0170654     -0.0169312     
-0.0170898     -0.0168213     -0.0168335     -0.016748     
-0.0166382     -0.0163696     -0.0163574     -0.0162109     
-0.0161743     -0.0158691     -0.015918     -0.0157593     
-0.0157227     -0.0155396     -0.0155396     -0.0154419     
-0.0154175     -0.0153809     -0.0154175     -0.0153931     
-0.0155029     -0.0154541     -0.0155151     -0.0156494     
-0.0156006     -0.0155396     -0.0156128     -0.015625     
-0.0155762     -0.0154663     -0.0154663     -0.0154419     
-0.0154175     -0.015332     -0.0154785     -0.0153564     
-0.0153809     -0.0153809     -0.0154053     -0.0154053     
-0.0153931     -0.0153442     -0.0154053     -0.0153198     
-0.0152832     -0.0151855     -0.0151123     -0.0151978     
-0.0150757     -0.0150269     -0.0151855     -0.0152222     
-0.0152954     -0.01521     -0.0153687     -0.0153809     
-0.0154297     -0.0152832     -0.0155151     -0.015271     
-0.0153687     -0.0151733     -0.0151855     -0.0150513     
-0.014978     -0.0148071     -0.0147949     -0.0146973     
-0.0146606     -0.014563     -0.0144775     -0.0144775     
-0.0143921     -0.0142456     -0.0142212     -0.0141113     
-0.0139648     -0.0139526     -0.0140381     -0.0138794     
-0.0138306     -0.0137085     -0.0137451     -0.0136963     
-0.0137207     -0.0135376     -0.0136353     -0.0134399     
-0.0134521     -0.0133545     -0.0134399     -0.0134033     
-0.0134155     -0.0132446     -0.0134399     -0.0135376     
-0.0134399     -0.0134277     -0.013562     -0.0135742     
-0.0136841     -0.0137329     -0.0138428     -0.0138184     
-0.013916     -0.0138306     -0.0139648     -0.0138672     
-0.0139282     -0.0138672     -0.0139038     -0.0139404     
-0.013916     -0.0137451     -0.0139404     -0.0139404     
-0.0138794     -0.0140015     -0.0141602     -0.0141846     
-0.0141724     -0.0142456     -0.0143311     -0.0143799     
-0.0144531     -0.0143921     -0.0144287     -0.014502     
-0.0145142     -0.0143799     -0.0145386     -0.0145386     
-0.0144653     -0.0142456     -0.0143433     -0.0141968     
-0.0140625     -0.0139893     -0.0139771     -0.0138184     
-0.0137329     -0.0136597     -0.0137695     -0.0135986     
-0.0135864     -0.013623     -0.0136353     -0.013562     
-0.0136475     -0.0135376     -0.0136963     -0.013562     
-0.0135864     -0.0135498     -0.013562     -0.013501     
-0.0134644     -0.0132568     -0.0134888     -0.0134033     
-0.0132324     -0.0131592     -0.0132446     -0.0132813     
-0.0132568     -0.0132935     -0.0133667     -0.0133545     
-0.0134399     -0.0133789     -0.0135986     -0.013562     
-0.0136841     -0.0137451     -0.0137207     -0.0138306     
-0.0138306     -0.0137085     -0.0137695     -0.0137695     
-0.0138794     -0.0136963     -0.0137939     -0.0136841     
-0.0136597     -0.0133911     -0.0135742     -0.0134399     
-0.0135132     -0.0133667     -0.0134399     -0.0133789     
-0.013501     -0.0134521     -0.0135376     -0.0136719     
-0.0137329     -0.0137329     -0.0138428     -0.0138794     
-0.0140381     -0.0138306     -0.0140137     -0.0140869     
-0.0141846     -0.0140747     -0.0140747     -0.0140869     
-0.0141479     -0.0140503     -0.0141968     -0.0141113     
-0.0141846     -0.0141602     -0.0142822     -0.0142334     
-0.014209     -0.0142334     -0.0142822     -0.0143188     
-0.0144653     -0.0143555     -0.0144043     -0.0143677     
-0.0143555     -0.0142456     -0.0143555     -0.0142212     
-0.014209     -0.0140747     -0.0140869     -0.0140015     
-0.0140503     -0.0140259     -0.0141357     -0.0140869     
-0.0141357     -0.0142456     -0.0143066     -0.01427     
-0.0144165     -0.0141846     -0.0144653     -0.0144775     
-0.0145142     -0.0145996     -0.0145874     -0.0146729     
-0.0146729     -0.0146729     -0.0147827     -0.0147827     
-0.0148804     -0.0149414     -0.0149292     -0.014917     
-0.0148804     -0.0147583     -0.0148193     -0.0146484     
-0.0145874     -0.0144775     -0.0144043     -0.0142456     
-0.014209     -0.0142212     -0.0142334     -0.0142944     
-0.0143555     -0.0144165     -0.0144531     -0.0145874     
-0.0146973     -0.0146484     -0.0148682     -0.014978     
-0.0149414     -0.014978     -0.0150757     -0.0149658     
-0.0149414     -0.0148071     -0.0149658     -0.0148071     
-0.0147583     -0.0145752     -0.0147583     -0.0145874     
-0.0145386     -0.014502     -0.0146362     -0.0144531     
-0.0145752     -0.0144531     -0.014502     -0.0144897     
-0.0143921     -0.0144043     -0.0144043     -0.0143555     
-0.0144653     -0.0143433     -0.0143921     -0.0143188     
-0.0143188     -0.0141724     -0.0142334     -0.0141724     
-0.0143433     -0.0140381     -0.0141724     -0.0141602     
-0.0141113     -0.0139771     -0.0140869     -0.0140869     
-0.0140137     -0.0139526     -0.0139893     -0.0138794     
-0.0138428     -0.0137573     -0.0137939     -0.0137207     
-0.0136475     -0.0136108     -0.0135742     -0.0136108     
-0.0135864     -0.0135254     -0.013623     -0.0135132     
-0.0135376     -0.0135254     -0.0136353     -0.0135132     
-0.0134521     -0.0133911     -0.0134155     -0.0133301     
-0.0132935     -0.0130981     -0.0130981     -0.0130127     
-0.0128784     -0.0127686     -0.0127686     -0.0127197     
-0.0127441     -0.0126587     -0.0127441     -0.0125732     
-0.0126953     -0.0126709     -0.0128296     -0.0127686     
-0.0129883     -0.0128906     -0.0130859     -0.0130737     
-0.0130371     -0.0130249     -0.0132446     -0.0131226     
-0.0131958     -0.0131348     -0.0131592     -0.0131958     
-0.0132446     -0.0131958     -0.0131958     -0.013269     
-0.0133179     -0.0131958     -0.013147     -0.0133179     
-0.0131836     -0.0130859     -0.013147     -0.0129517     
-0.0130493     -0.012793     -0.0128052     -0.0127197     
-0.0126221     -0.0125     -0.0125732     -0.0124268     
-0.0123901     -0.0123657     -0.0123657     -0.0122192     
-0.0123047     -0.0120728     -0.0121826     -0.0121582     
-0.0121094     -0.0121826     -0.0121216     -0.012085     
-0.0122559     -0.0122559     -0.0123413     -0.0124268     
-0.0124146     -0.0124512     -0.0125732     -0.0124756     
-0.0125     -0.0122681     -0.0123413     -0.0122437     
-0.0121826     -0.0119629     -0.0120361     -0.0119751     
-0.011853     -0.0118408     -0.0119385     -0.0119507     
-0.0119507     -0.0119263     -0.0119751     -0.0119629     
-0.0118652     -0.0117676     -0.011731     -0.0117188     
-0.0116333     -0.0114746     -0.0113892     -0.0111572     
-0.0111572     -0.0109253     -0.0109741     -0.01073     
-0.0106812     -0.0105835     -0.0105225     -0.0104126     
-0.010437     -0.0102661     -0.0104248     -0.0103027     
-0.0104126     -0.0104248     -0.0104004     -0.0105469     
-0.0105103     -0.0104492     -0.0105713     -0.0106201     
-0.0107056     -0.0106689     -0.0107178     -0.01073     
-0.01073     -0.0106445     -0.0108398     -0.0106567     
-0.0107544     -0.0106812     -0.01073     -0.0105591     
-0.0106445     -0.0105103     -0.0106201     -0.0106323     
-0.0104858     -0.0105469     -0.0107178     -0.0106201     
-0.0105347     -0.0105713     -0.0106323     -0.0106812     
-0.0106567     -0.0106689     -0.010791     -0.0106812     
-0.0107422     -0.0106934     -0.0107666     -0.0106812     
-0.0107056     -0.0104858     -0.0106079     -0.0105469     
-0.0104492     -0.0102539     -0.0103882     -0.0102783     
-0.0102539     -0.0101196     -0.0101685     -0.0102295     
-0.0101807     -0.0102051     -0.0102783     -0.0103516     
-0.0105103     -0.010498     -0.0105103     -0.0106812     
-0.0106323     -0.0105835     -0.0106079     -0.0106445     
-0.0107544     -0.0105347     -0.0106201     -0.0105713     
-0.0105225     -0.010376     -0.0104614     -0.0103516     
-0.0103638     -0.0102539     -0.0102661     -0.0101685     
-0.0100952     -0.0100098     -0.010022     -0.010022     
-0.0100708     -0.0100342     -0.0100464     -0.0100342     
-0.0101074     -0.010022     -0.0101318     -0.010022     
-0.0101318     -0.00999756     -0.0101929     -0.00997314     
-0.00991211     -0.00985107     -0.00987549     -0.00976563     
-0.00992432     -0.00974121     -0.00979004     -0.00975342     
-0.00961914     -0.00966797     -0.00964355     -0.00961914     
-0.00963135     -0.00952148     -0.00961914     -0.00950928     
-0.00953369     -0.00950928     -0.00950928     -0.00944824     
-0.00957031     -0.00941162     -0.00948486     -0.00947266     
-0.00952148     -0.00930176     -0.00942383     -0.00938721     
-0.00944824     -0.00943604     -0.00953369     -0.0095459     
-0.00958252     -0.00960693     -0.00981445     -0.0098999     
-0.0101074     -0.0101563     -0.0103516     -0.0104614     
-0.0105103     -0.0105591     -0.0106201     -0.0106567     
-0.0106934     -0.0105225     -0.0105713     -0.0104736     
-0.0104492     -0.0102539     -0.010437     -0.0103516     
-0.0103882     -0.0103027     -0.0104004     -0.0102905     
-0.0103638     -0.0102539     -0.0104004     -0.0103882     
-0.0103882     -0.0104614     -0.0104126     -0.0104248     
-0.0103882     -0.0104126     -0.0104248     -0.0104248     
-0.0104858     -0.0103149     -0.0103638     -0.0104004     
-0.0104858     -0.0104126     -0.0105591     -0.0105713     
-0.0106323     -0.0105713     -0.0107056     -0.0107422     
-0.0106812     -0.0107056     -0.0106934     -0.0106445     
-0.0106323     -0.0105713     -0.0105591     -0.0105713     
-0.010498     -0.0103882     -0.010437     -0.0103882     
-0.010437     -0.0103638     -0.0104858     -0.010376     
-0.0104736     -0.0104126     -0.0105103     -0.0104858     
-0.0105957     -0.0104004     -0.0104736     -0.0104004     
-0.0104736     -0.0103027     -0.0104614     -0.0104248     
-0.0104004     -0.0104004     -0.010376     -0.0103638     
-0.0103394     -0.0101807     -0.0101929     -0.0101318     
-0.0100464     -0.0100098     -0.00999756     -0.00977783     
-0.00976563     -0.00964355     -0.00982666     -0.00969238     
-0.00979004     -0.009729     -0.00975342     -0.00966797     
-0.00974121     -0.00975342     -0.00979004     -0.00979004     
-0.00987549     -0.00976563     -0.00994873     -0.00996094     
-0.00996094     -0.0100586     -0.0101196     -0.0102051     
-0.0103027     -0.0103271     -0.0104492     -0.0104248     
-0.0104858     -0.0103149     -0.010376     -0.010376     
-0.0104492     -0.0103027     -0.0104248     -0.010437     
-0.0104004     -0.0104126     -0.0104736     -0.0102783     
-0.0104492     -0.0103516     -0.0103638     -0.0104004     
-0.0103638     -0.0103149     -0.0103516     -0.0104614     
-0.0105835     -0.0103638     -0.0104248     -0.0105347     
-0.010437     -0.0103027     -0.0104736     -0.0103638     
-0.0103882     -0.0101929     -0.0102295     -0.0102051     
-0.0102051     -0.010144     -0.0101563     -0.0101074     
-0.0101807     -0.0101807     -0.0102295     -0.0102173     
-0.0103149     -0.010144     -0.0103149     -0.010376     
-0.0103394     -0.0104126     -0.0104126     -0.010437     
-0.010376     -0.0102905     -0.0105225     -0.0104126     
-0.0104614     -0.0103638     -0.0105591     -0.0105347     
-0.010437     -0.0103394     -0.0104614     -0.010376     
-0.0104004     -0.0102539     -0.010376     -0.0102295     
-0.0101074     -0.0101074     -0.0100098     -0.0101074     
-0.0100342     -0.00994873     -0.010022     -0.00994873     
-0.0100098     -0.0100098     -0.0100952     -0.010144     
-0.0102051     -0.0102295     -0.0103271     -0.0103394     
-0.0103638     -0.0102783     -0.0104492     -0.010376     
-0.0103638     -0.0102173     -0.0101563     -0.0101563     
-0.0100464     -0.0098999     -0.0100342     -0.00985107     
-0.0098877     -0.00982666     -0.0097168     -0.00975342     
-0.00964355     -0.00953369     -0.00953369     -0.00942383     
-0.00943604     -0.00927734     -0.00927734     -0.00922852     
-0.00922852     -0.00905762     -0.00927734     -0.00930176     
-0.00927734     -0.00922852     -0.00952148     -0.00947266     
-0.0095459     -0.00946045     -0.00969238     -0.00955811     
-0.00965576     -0.00964355     -0.00963135     -0.00960693     
-0.00961914     -0.00949707     -0.0095459     -0.00953369     
-0.0095459     -0.00949707     -0.00950928     -0.00943604     
-0.00933838     -0.0092041     -0.00932617     -0.00916748     
-0.00917969     -0.00900879     -0.00899658     -0.00900879     
-0.0088623     -0.0088501     -0.00881348     -0.00888672     
-0.00891113     -0.00882568     -0.00878906     -0.0088501     
-0.0088623     -0.00892334     -0.00898438     -0.00904541     
-0.00914307     -0.00911865     -0.00930176     -0.00932617     
-0.00932617     -0.00924072     -0.00948486     -0.00949707     
-0.00944824     -0.00931396     -0.009375     -0.00927734     
-0.00924072     -0.009021     -0.009021     -0.00895996     
-0.00887451     -0.00876465     -0.00861816     -0.00865479     
-0.00848389     -0.00842285     -0.00860596     -0.00842285     
-0.00844727     -0.00843506     -0.00856934     -0.00853271     
-0.00855713     -0.00845947     -0.00877686     -0.00866699     
-0.00880127     -0.00872803     -0.00892334     -0.00891113     
-0.00891113     -0.00898438     -0.009021     -0.00915527     
-0.00921631     -0.00913086     -0.00916748     -0.00926514     
-0.00926514     -0.00924072     -0.00931396     -0.00944824     
-0.00938721     -0.00938721     -0.00947266     -0.00943604     
-0.00947266     -0.00932617     -0.00944824     -0.00939941     
-0.00942383     -0.00917969     -0.00930176     -0.0092041     
-0.00908203     -0.00899658     -0.00906982     -0.00882568     
-0.00889893     -0.00866699     -0.00863037     -0.00871582     
-0.00866699     -0.00864258     -0.00872803     -0.00876465     
-0.00889893     -0.00904541     -0.00910645     -0.00924072     
-0.009375     -0.00928955     -0.00947266     -0.00950928     
-0.00952148     -0.00938721     -0.00949707     -0.00942383     
-0.00926514     -0.00915527     -0.00915527     -0.00900879     
-0.00880127     -0.00876465     -0.00870361     -0.00865479     
-0.00856934     -0.00849609     -0.00854492     -0.0085083     
-0.00854492     -0.00841064     -0.00847168     -0.0085083     
-0.00837402     -0.00826416     -0.00836182     -0.00817871     
-0.00826416     -0.00822754     -0.00830078     -0.00821533     
-0.00822754     -0.00820313     -0.00837402     -0.0083374     
-0.00844727     -0.00830078     -0.00845947     -0.0085083     
-0.00847168     -0.00830078     -0.00826416     -0.00831299     
-0.00812988     -0.00800781     -0.00817871     -0.00805664     
-0.00799561     -0.00804443     -0.00812988     -0.0081665     
-0.00819092     -0.00811768     -0.00831299     -0.00811768     
-0.00823975     -0.0081665     -0.00834961     -0.0083252     
-0.00838623     -0.0083252     -0.00839844     -0.00854492     
-0.00843506     -0.00842285     -0.00860596     -0.00856934     
-0.00854492     -0.00860596     -0.00859375     -0.00856934     
-0.00855713     -0.00839844     -0.00855713     -0.00839844     
-0.00849609     -0.00836182     -0.00847168     -0.0083374     
-0.00845947     -0.0081543     -0.00834961     -0.00834961     
-0.00831299     -0.0081543     -0.0081665     -0.00810547     
-0.00805664     -0.00787354     -0.00802002     -0.00789795     
-0.00783691     -0.00788574     -0.00778809     -0.00771484     
-0.00778809     -0.00772705     -0.00775146     -0.00782471     
-0.00795898     -0.00793457     -0.00808105     -0.0081543     
-0.00827637     -0.00823975     -0.00845947     -0.00852051     
-0.00860596     -0.00848389     -0.00853271     -0.00859375     
-0.00849609     -0.00830078     -0.00848389     -0.00842285     
-0.00842285     -0.00836182     -0.00842285     -0.00849609     
-0.00853271     -0.0085083     -0.00859375     -0.00861816     
-0.00871582     -0.00855713     -0.00861816     -0.00852051     
-0.00855713     -0.00838623     -0.00843506     -0.00827637     
-0.00826416     -0.00808105     -0.0081543     -0.00800781     
-0.00800781     -0.00792236     -0.00811768     -0.00799561     
-0.00794678     -0.00800781     -0.00799561     -0.00806885     
-0.00799561     -0.00800781     -0.00817871     -0.00812988     
-0.0081543     -0.00821533     -0.00825195     -0.0081543     
-0.00820313     -0.00809326     -0.00830078     -0.0081543     
-0.00821533     -0.00814209     -0.00823975     -0.00823975     
-0.00814209     -0.00811768     -0.00819092     -0.00819092     
-0.00822754     -0.00822754     -0.00825195     -0.00828857     
-0.00826416     -0.00826416     -0.00825195     -0.00820313     
-0.00826416     -0.00811768     -0.00800781     -0.00793457     
-0.00784912     -0.00765381     -0.00778809     -0.00762939     
-0.00765381     -0.00751953     -0.00761719     -0.00754395     
-0.00750732     -0.00743408     -0.0076416     -0.00751953     
-0.00772705     -0.00759277     -0.00759277     -0.00771484     
-0.00769043     -0.00762939     -0.00770264     -0.00761719     
-0.00772705     -0.00760498     -0.00770264     -0.00786133     
-0.00777588     -0.00772705     -0.00806885     -0.00799561     
-0.00823975     -0.00821533     -0.00831299     -0.00838623     
-0.00843506     -0.00836182     -0.00855713     -0.00849609     
-0.00853271     -0.00844727     -0.00849609     -0.00839844     
-0.00841064     -0.00830078     -0.0083252     -0.00836182     
-0.00834961     -0.0083374     -0.0083374     -0.00828857     
-0.00828857     -0.00819092     -0.00825195     -0.00811768     
-0.00821533     -0.0081543     -0.00810547     -0.00811768     
-0.00825195     -0.00805664     -0.00825195     -0.00823975     
-0.00834961     -0.00820313     -0.00836182     -0.00837402     
-0.00834961     -0.0083252     -0.00830078     -0.00831299     
-0.0083252     -0.0081665     -0.00830078     -0.00821533     
-0.00823975     -0.00822754     -0.00820313     -0.00821533     
-0.0083252     -0.00823975     -0.00847168     -0.00831299     
-0.00830078     -0.00814209     -0.0083252     -0.00822754     
-0.0083252     -0.00828857     -0.00838623     -0.00836182     
-0.00837402     -0.00830078     -0.00847168     -0.00849609     
-0.00852051     -0.00852051     -0.00864258     -0.00869141     
-0.00863037     -0.00859375     -0.0086792     -0.00858154     
-0.00870361     -0.00859375     -0.00859375     -0.00859375     
-0.00847168     -0.00830078     -0.00836182     -0.00827637     
-0.00822754     -0.00806885     -0.0081665     -0.0081543     
-0.00812988     -0.0079834     -0.00803223     -0.00810547     
-0.00811768     -0.00808105     -0.00800781     -0.00803223     
-0.00809326     -0.00793457     -0.00794678     -0.00799561     
-0.00802002     -0.00789795     -0.00788574     -0.00792236     
-0.00797119     -0.00783691     -0.00809326     -0.0081665     
-0.00814209     -0.00804443     -0.00836182     -0.00838623     
-0.00817871     -0.00826416     -0.00836182     -0.00830078     
-0.00823975     -0.00812988     -0.00809326     -0.00808105     
-0.00800781     -0.00777588     -0.00780029     -0.00782471     
-0.00780029     -0.00767822     -0.00776367     -0.00767822     
-0.00780029     -0.00766602     -0.00786133     -0.00776367     
-0.00792236     -0.00791016     -0.00797119     -0.00797119     
-0.00805664     -0.00804443     -0.00826416     -0.00820313     
-0.00821533     -0.00814209     -0.00827637     -0.00843506     
-0.00834961     -0.0083252     -0.00855713     -0.00848389     
-0.00855713     -0.00860596     -0.00871582     -0.00872803     
-0.00871582     -0.00870361     -0.00878906     -0.00872803     
-0.00878906     -0.00875244     -0.00871582     -0.00859375     
-0.00853271     -0.00837402     -0.00826416     -0.0083374     
-0.00825195     -0.00808105     -0.00812988     -0.00805664     
-0.00799561     -0.00791016     -0.00802002     -0.00805664     
-0.00810547     -0.00806885     -0.00826416     -0.00820313     
-0.00822754     -0.00828857     -0.00845947     -0.00845947     
-0.00861816     -0.00856934     -0.00870361     -0.00864258     
-0.00855713     -0.00852051     -0.00864258     -0.00842285     
-0.00847168     -0.00825195     -0.00823975     -0.00819092     
-0.0079834     -0.00791016     -0.00792236     -0.00780029     
-0.00793457     -0.00777588     -0.00791016     -0.00788574     
-0.00791016     -0.00788574     -0.00794678     -0.00782471     
-0.0079834     -0.00772705     -0.00792236     -0.00788574     
-0.00784912     -0.00773926     -0.00786133     -0.00777588     
-0.00777588     -0.00775146     -0.00782471     -0.00770264     
-0.00769043     -0.00769043     -0.00771484     -0.00769043     
-0.00780029     -0.00775146     -0.00762939     -0.00780029     
-0.0076416     -0.00750732     -0.00767822     -0.00769043     
-0.00766602     -0.00767822     -0.00770264     -0.00778809     
-0.00784912     -0.00762939     -0.0078125     -0.00778809     
-0.00791016     -0.00770264     -0.00771484     -0.00766602     
-0.00750732     -0.00749512     -0.0074585     -0.00737305     
-0.00720215     -0.00712891     -0.00716553     -0.00708008     
-0.00701904     -0.00699463     -0.00706787     -0.00704346     
-0.00703125     -0.00703125     -0.0072876     -0.00718994     
-0.00722656     -0.00727539     -0.00742188     -0.0072876     
-0.00733643     -0.0072876     -0.00721436     -0.00727539     
-0.00712891     -0.00705566     -0.00725098     -0.00701904     
-0.00714111     -0.00706787     -0.00705566     -0.00716553     
-0.00716553     -0.00710449     -0.00726318     -0.00731201     
-0.00748291     -0.00731201     -0.00749512     -0.0074707     
-0.00754395     -0.0074585     -0.00753174     -0.0074585     
-0.00756836     -0.0074707     -0.00762939     -0.0074707     
-0.00754395     -0.00742188     -0.00756836     -0.00755615     
-0.00750732     -0.00754395     -0.00751953     -0.00753174     
-0.00759277     -0.00751953     -0.00753174     -0.00754395     
-0.00761719     -0.0074707     -0.00762939     -0.00751953     
-0.00756836     -0.0074585     -0.00755615     -0.00760498     
-0.0076416     -0.00759277     -0.00767822     -0.00766602     
-0.00760498     -0.00754395     -0.00756836     -0.00748291     
-0.00739746     -0.00720215     -0.00720215     -0.00708008     
-0.00692139     -0.00681152     -0.00683594     -0.00672607     
-0.00673828     -0.00655518     -0.00662842     -0.00665283     
-0.00666504     -0.0065918     -0.00675049     -0.00668945     
-0.00684814     -0.00686035     -0.00695801     -0.00697021     
-0.00705566     -0.00697021     -0.00708008     -0.00700684     
-0.0069458     -0.00686035     -0.00678711     -0.00682373     
-0.00675049     -0.00656738     -0.00673828     -0.006604     
-0.00667725     -0.00675049     -0.0067749     -0.00683594     
-0.00686035     -0.00688477     -0.00695801     -0.00688477     
-0.00706787     -0.0069458     -0.00699463     -0.00698242     
-0.00693359     -0.00683594     -0.00683594     -0.00683594     
-0.00681152     -0.00672607     -0.00673828     -0.00672607     
-0.00665283     -0.0065918     -0.00668945     -0.00666504     
-0.00671387     -0.00670166     -0.00682373     -0.00675049     
-0.00681152     -0.00671387     -0.00683594     -0.00690918     
-0.00700684     -0.0069458     -0.00709229     -0.00700684     
-0.00709229     -0.00697021     -0.00712891     -0.00704346     
-0.00723877     -0.00715332     -0.0071167     -0.0072998     
-0.00720215     -0.00725098     -0.00727539     -0.0072876     
-0.00737305     -0.0072876     -0.00740967     -0.00751953     
-0.00754395     -0.00748291     -0.00756836     -0.0076416     
-0.0078125     -0.00767822     -0.00788574     -0.00789795     
-0.00784912     -0.00773926     -0.00782471     -0.00780029     
-0.00776367     -0.00765381     -0.00754395     -0.00759277     
-0.00749512     -0.00727539     -0.0072876     -0.00734863     
-0.00725098     -0.0071167     -0.00716553     -0.00727539     
-0.00710449     -0.00701904     -0.00721436     -0.00714111     
-0.00717773     -0.00709229     -0.00717773     -0.00705566     
-0.00718994     -0.00709229     -0.00710449     -0.00700684     
-0.00712891     -0.00699463     -0.00710449     -0.00697021     
-0.00701904     -0.00708008     -0.00709229     -0.00712891     
-0.00718994     -0.00720215     -0.00738525     -0.0072998     
-0.00726318     -0.00739746     -0.00762939     -0.00754395     
-0.00767822     -0.00761719     -0.00782471     -0.00780029     
-0.00786133     -0.00776367     -0.00783691     -0.00775146     
-0.00783691     -0.00777588     -0.00775146     -0.00780029     
-0.00765381     -0.00755615     -0.00766602     -0.00756836     
-0.00762939     -0.00749512     -0.00751953     -0.00760498     
-0.00749512     -0.00744629     -0.00759277     -0.00749512     
-0.00756836     -0.00749512     -0.00756836     -0.00753174     
-0.00753174     -0.00734863     -0.0074585     -0.00736084     
-0.0074707     -0.00726318     -0.00734863     -0.00732422     
-0.00736084     -0.00726318     -0.00734863     -0.00739746     
-0.00742188     -0.00744629     -0.00742188     -0.00750732     
-0.00751953     -0.00733643     -0.00742188     -0.00739746     
-0.00737305     -0.00733643     -0.00732422     -0.00725098     
-0.00739746     -0.00721436     -0.0072876     -0.0072998     
-0.00734863     -0.0072998     -0.00734863     -0.00743408     
-0.00740967     -0.00748291     -0.0076416     -0.00756836     
-0.00766602     -0.00769043     -0.00767822     -0.00776367     
-0.00761719     -0.00766602     -0.00765381     -0.00760498     
-0.00759277     -0.00739746     -0.00743408     -0.00743408     
-0.00743408     -0.00723877     -0.00733643     -0.00732422     
-0.00739746     -0.00733643     -0.00739746     -0.00742188     
-0.00755615     -0.00754395     -0.00767822     -0.00769043     
-0.00778809     -0.00777588     -0.00780029     -0.00794678     
-0.00783691     -0.00771484     -0.00782471     -0.00766602     
-0.00766602     -0.00751953     -0.0074707     -0.00744629     
-0.00726318     -0.00706787     -0.00710449     -0.00699463     
-0.00703125     -0.00697021     -0.00706787     -0.00701904     
-0.00704346     -0.00705566     -0.00710449     -0.00722656     
-0.00734863     -0.00723877     -0.00731201     -0.00731201     
-0.00732422     -0.00731201     -0.00734863     -0.00739746     
-0.00731201     -0.00743408     -0.00736084     -0.0072876     
-0.00722656     -0.00712891     -0.00715332     -0.00703125     
-0.00700684     -0.00686035     -0.00681152     -0.00672607     
-0.00664063     -0.00664063     -0.00673828     -0.00671387     
-0.00678711     -0.0067749     -0.00689697     -0.00693359     
-0.00692139     -0.00690918     -0.00695801     -0.00699463     
-0.00704346     -0.0067749     -0.00684814     -0.0067749     
-0.00681152     -0.00662842     -0.00671387     -0.00665283     
-0.00678711     -0.00666504     -0.00684814     -0.00678711     
-0.00686035     -0.00668945     -0.00689697     -0.0069458     
-0.00692139     -0.00692139     -0.00689697     -0.0069458     
-0.00682373     -0.00671387     -0.0067627     -0.00673828     
-0.00668945     -0.0065918     -0.00649414     -0.00653076     
-0.00650635     -0.00626221     -0.00649414     -0.00649414     
-0.00653076     -0.0064209     -0.00662842     -0.00661621     
-0.0067627     -0.00673828     -0.00686035     -0.00687256     
-0.00703125     -0.00704346     -0.00715332     -0.00704346     
-0.00710449     -0.00706787     -0.00704346     -0.00706787     
-0.00699463     -0.0069458     -0.00703125     -0.00686035     
-0.00690918     -0.00673828     -0.0067749     -0.00671387     
-0.00666504     -0.00651855     -0.0065918     -0.00633545     
-0.00629883     -0.00623779     -0.00634766     -0.00622559     
-0.00628662     -0.00632324     -0.00632324     -0.00639648     
-0.00637207     -0.00638428     -0.006604     -0.006604     
-0.006604     -0.00668945     -0.00672607     -0.00681152     
-0.00662842     -0.00657959     -0.00666504     -0.00665283     
-0.00668945     -0.0065918     -0.00653076     -0.00650635     
-0.00644531     -0.00622559     -0.00634766     -0.00632324     
-0.00623779     -0.00621338     -0.00632324     -0.00637207     
-0.00646973     -0.0064209     -0.006604     -0.00673828     
-0.00689697     -0.00699463     -0.00710449     -0.0071167     
-0.00732422     -0.00725098     -0.00727539     -0.00733643     
-0.00737305     -0.00721436     -0.00709229     -0.00708008     
-0.00693359     -0.00656738     -0.00657959     -0.00634766     
-0.00633545     -0.00614014     -0.00598145     -0.00598145     
-0.00593262     -0.00585938     -0.00593262     -0.00588379     
-0.00599365     -0.00605469     -0.0060791     -0.00618896     
-0.00618896     -0.00614014     -0.00629883     -0.00638428     
-0.00643311     -0.00637207     -0.00640869     -0.00635986     
-0.00634766     -0.00618896     -0.00627441     -0.00625     
-0.00626221     -0.00629883     -0.00627441     -0.00626221     
-0.00625     -0.00615234     -0.00633545     -0.00617676     
-0.00625     -0.00620117     -0.00610352     -0.00615234     
-0.00617676     -0.00599365     -0.00622559     -0.00611572     
-0.00612793     -0.00616455     -0.00622559     -0.00632324     
-0.00634766     -0.00629883     -0.00649414     -0.00649414     
-0.00661621     -0.00656738     -0.00671387     -0.00661621     
-0.00668945     -0.00670166     -0.00673828     -0.00672607     
-0.00681152     -0.00667725     -0.00673828     -0.00670166     
-0.0065918     -0.00649414     -0.00655518     -0.00646973     
-0.00631104     -0.00628662     -0.00626221     -0.00611572     
-0.00618896     -0.00592041     -0.00614014     -0.00593262     
-0.0060791     -0.00585938     -0.00587158     -0.00582275     
-0.00578613     -0.00571289     -0.00577393     -0.00566406     
-0.00577393     -0.00560303     -0.0057373     -0.00581055     
-0.0057251     -0.00574951     -0.005896     -0.00588379     
-0.00595703     -0.00595703     -0.00601807     -0.00606689     
-0.00614014     -0.00605469     -0.00617676     -0.00615234     
-0.00633545     -0.00611572     -0.00632324     -0.00633545     
-0.0064209     -0.00638428     -0.00661621     -0.00657959     
-0.00668945     -0.00670166     -0.00672607     -0.00684814     
-0.00681152     -0.00678711     -0.00684814     -0.00695801     
-0.00698242     -0.00698242     -0.00698242     -0.00698242     
-0.00705566     -0.00699463     -0.00717773     -0.00706787     
-0.00720215     -0.00706787     -0.00716553     -0.00708008     
-0.00714111     -0.00695801     -0.00704346     -0.00686035     
-0.00689697     -0.00672607     -0.00668945     -0.0065918     
-0.00633545     -0.00625     -0.00612793     -0.0060791     
-0.00596924     -0.0057251     -0.00584717     -0.00577393     
-0.00571289     -0.00563965     -0.00579834     -0.00576172     
-0.00585938     -0.00587158     -0.00592041     -0.005896     
-0.00598145     -0.00599365     -0.00612793     -0.00622559     
-0.00615234     -0.00620117     -0.00615234     -0.00621338     
-0.00610352     -0.00604248     -0.00610352     -0.00598145     
-0.00609131     -0.0060791     -0.00610352     -0.00618896     
-0.00604248     -0.00600586     -0.0060791     -0.00599365     
-0.00609131     -0.00599365     -0.00604248     -0.00594482     
-0.00592041     -0.00582275     -0.00588379     -0.00583496     
-0.00578613     -0.00577393     -0.00593262     -0.0059082     
-0.00595703     -0.00583496     -0.0060791     -0.00614014     
-0.00612793     -0.00628662     -0.00634766     -0.00648193     
-0.00653076     -0.00653076     -0.00671387     -0.00690918     
-0.00690918     -0.00682373     -0.00700684     -0.00692139     
-0.00698242     -0.00682373     -0.00688477     -0.00682373     
-0.00683594     -0.00672607     -0.00673828     -0.00665283     
-0.00653076     -0.00643311     -0.00656738     -0.00650635     
-0.00649414     -0.00657959     -0.00646973     -0.006604     
-0.00654297     -0.00649414     -0.00670166     -0.00675049     
-0.00679932     -0.00683594     -0.00703125     -0.00712891     
-0.00716553     -0.00715332     -0.00732422     -0.00718994     
-0.00725098     -0.00715332     -0.00712891     -0.00698242     
-0.00695801     -0.00670166     -0.00668945     -0.0065918     
-0.00665283     -0.00653076     -0.00653076     -0.006604     
-0.00650635     -0.00650635     -0.00668945     -0.00666504     
-0.00672607     -0.00661621     -0.00662842     -0.00655518     
-0.00650635     -0.00632324     -0.00644531     -0.00623779     
-0.00628662     -0.00606689     -0.00612793     -0.00603027     
-0.00599365     -0.00593262     -0.00593262     -0.00598145     
-0.00605469     -0.00588379     -0.00596924     -0.00605469     
-0.00588379     -0.00595703     -0.0060791     -0.00609131     
-0.00615234     -0.00621338     -0.00625     -0.00627441     
-0.00632324     -0.00620117     -0.00639648     -0.00635986     
-0.00644531     -0.00631104     -0.00654297     -0.00650635     
-0.00644531     -0.0064209     -0.00662842     -0.00656738     
-0.00662842     -0.00661621     -0.00666504     -0.00667725     
-0.00665283     -0.00662842     -0.00665283     -0.00673828     
-0.00688477     -0.00672607     -0.00672607     -0.00688477     
-0.00686035     -0.00666504     -0.0067749     -0.00672607     
-0.00679932     -0.00662842     -0.00661621     -0.00649414     
-0.00637207     -0.00621338     -0.00625     -0.00618896     
-0.00611572     -0.00593262     -0.00600586     -0.00599365     
-0.00592041     -0.00581055     -0.00583496     -0.00583496     
-0.00578613     -0.00574951     -0.00577393     -0.00585938     
-0.0059082     -0.00582275     -0.00604248     -0.00596924     
-0.00605469     -0.00601807     -0.00620117     -0.0060791     
-0.00622559     -0.00611572     -0.00627441     -0.00618896     
-0.00632324     -0.00616455     -0.00629883     -0.00626221     
-0.00612793     -0.00610352     -0.00621338     -0.00617676     
-0.00614014     -0.00604248     -0.00610352     -0.00609131     
-0.00606689     -0.00606689     -0.00627441     -0.00612793     
-0.00622559     -0.00631104     -0.00649414     -0.00654297     
-0.00666504     -0.00655518     -0.00678711     -0.00679932     
-0.00684814     -0.00682373     -0.00683594     -0.00681152     
-0.0067627     -0.00665283     -0.00670166     -0.0065918     
-0.00657959     -0.00656738     -0.00644531     -0.00644531     
-0.00633545     -0.00633545     -0.00640869     -0.00625     
-0.00646973     -0.00632324     -0.00631104     -0.00628662     
-0.00629883     -0.00617676     -0.00626221     -0.00622559     
-0.00633545     -0.00621338     -0.00631104     -0.00631104     
-0.00644531     -0.00638428     -0.00656738     -0.00665283     
-0.00657959     -0.00655518     -0.00655518     -0.00657959     
-0.00656738     -0.00649414     -0.00651855     -0.00650635     
-0.00646973     -0.00634766     -0.00638428     -0.00637207     
-0.00637207     -0.00615234     -0.00626221     -0.00618896     
-0.00620117     -0.00598145     -0.00603027     -0.00598145     
-0.00592041     -0.00583496     -0.00583496     -0.00588379     
-0.00584717     -0.00582275     -0.005896     -0.00603027     
-0.00603027     -0.00603027     -0.00618896     -0.00626221     
-0.0064209     -0.00637207     -0.00646973     -0.00657959     
-0.00661621     -0.00653076     -0.0067627     -0.00668945     
-0.00675049     -0.00665283     -0.00664063     -0.00665283     
-0.00673828     -0.0065918     -0.00672607     -0.00656738     
-0.00640869     -0.00650635     -0.00632324     -0.00626221     
-0.00612793     -0.00600586     -0.00616455     -0.00593262     
-0.00592041     -0.00596924     -0.00596924     -0.00582275     
-0.00574951     -0.00576172     -0.00592041     -0.00576172     
-0.00577393     -0.00570068     -0.0057251     -0.00571289     
-0.0057251     -0.00567627     -0.00571289     -0.00578613     
-0.00576172     -0.00571289     -0.00587158     -0.00594482     
-0.00592041     -0.00609131     -0.00614014     -0.00617676     
-0.00623779     -0.00621338     -0.00627441     -0.00620117     
-0.00617676     -0.00603027     -0.00610352     -0.00598145     
-0.00604248     -0.00582275     -0.00585938     -0.00579834     
-0.00568848     -0.00552979     -0.00568848     -0.00552979     
-0.00562744     -0.00551758     -0.00556641     -0.00566406     
-0.00560303     -0.00556641     -0.00557861     -0.00549316     
-0.00562744     -0.0055542     -0.00554199     -0.00548096     
-0.0053833     -0.00528564     -0.00539551     -0.00527344     
-0.00544434     -0.00523682     -0.00533447     -0.00539551     
-0.00540771     -0.00528564     -0.00537109     -0.00540771     
-0.00543213     -0.00532227     -0.00534668     -0.00533447     
-0.00524902     -0.00507813     -0.0052124     -0.00517578     
-0.0052124     -0.0052124     -0.00526123     -0.00531006     
-0.00534668     -0.00533447     -0.0055542     -0.00554199     
-0.0057373     -0.00568848     -0.00578613     -0.00577393     
-0.00583496     -0.00568848     -0.00585938     -0.00574951     
-0.00571289     -0.00557861     -0.00568848     -0.00554199     
-0.00552979     -0.00546875     -0.00545654     -0.0055542     
-0.00561523     -0.00559082     -0.00579834     -0.00579834     
-0.005896     -0.00592041     -0.00599365     -0.00603027     
-0.00609131     -0.00595703     -0.00601807     -0.00583496     
-0.00578613     -0.00546875     -0.00554199     -0.0053833     
-0.00534668     -0.00511475     -0.00505371     -0.00500488     
-0.00488281     -0.0048584     -0.00506592     -0.00500488     
-0.00501709     -0.00517578     -0.00527344     -0.00535889     
-0.00539551     -0.00556641     -0.00560303     -0.00563965     
-0.00585938     -0.00571289     -0.00587158     -0.00588379     
-0.0059082     -0.0059082     -0.00600586     -0.0059082     
-0.00599365     -0.00593262     -0.00600586     -0.00600586     
-0.00605469     -0.00595703     -0.00603027     -0.00600586     
-0.00600586     -0.00596924     -0.0059082     -0.00588379     
-0.005896     -0.00562744     -0.00570068     -0.0057251     
-0.00563965     -0.00544434     -0.00541992     -0.00529785     
-0.00532227     -0.00513916     -0.00529785     -0.0052124     
-0.00527344     -0.00522461     -0.00534668     -0.0053833     
-0.00534668     -0.00540771     -0.00546875     -0.00549316     
-0.0055542     -0.00563965     -0.00562744     -0.0057251     
-0.00567627     -0.00562744     -0.00574951     -0.00582275     
-0.00600586     -0.00588379     -0.00603027     -0.00617676     
-0.00625     -0.00618896     -0.00633545     -0.00635986     
-0.00645752     -0.0064209     -0.00646973     -0.00629883     
-0.00633545     -0.00610352     -0.00621338     -0.00595703     
-0.00588379     -0.00582275     -0.00571289     -0.00574951     
-0.0055542     -0.00550537     -0.00560303     -0.00556641     
-0.00559082     -0.0055542     -0.0057251     -0.00574951     
-0.00570068     -0.00567627     -0.00588379     -0.00579834     
-0.00585938     -0.00587158     -0.00585938     -0.00576172     
-0.00581055     -0.00561523     -0.00570068     -0.00566406     
-0.00561523     -0.00552979     -0.00549316     -0.00545654     
-0.0053833     -0.00535889     -0.00540771     -0.00533447     
-0.00543213     -0.00541992     -0.00541992     -0.00544434     
-0.00550537     -0.0053833     -0.00549316     -0.00550537     
-0.00566406     -0.00556641     -0.00582275     -0.00587158     
-0.00593262     -0.00584717     -0.00610352     -0.00611572     
-0.00626221     -0.00616455     -0.00623779     -0.00631104     
-0.00623779     -0.00626221     -0.00623779     -0.00611572     
-0.00635986     -0.00623779     -0.00625     -0.00627441     
-0.00633545     -0.00627441     -0.00632324     -0.00631104     
-0.00635986     -0.00625     -0.00632324     -0.00626221     
-0.00622559     -0.0060791     -0.00621338     -0.00617676     
-0.00609131     -0.0060791     -0.00600586     -0.00611572     
-0.00605469     -0.00594482     -0.00604248     -0.00609131     
-0.00614014     -0.00609131     -0.00606689     -0.00603027     
-0.00599365     -0.0057373     -0.00584717     -0.00571289     
-0.00565186     -0.0053833     -0.00541992     -0.00528564     
-0.00528564     -0.00522461     -0.00527344     -0.00531006     
-0.00544434     -0.00531006     -0.00549316     -0.00549316     
-0.0055542     -0.00559082     -0.00568848     -0.00574951     
-0.00574951     -0.0057251     -0.00581055     -0.00574951     
-0.00574951     -0.00556641     -0.00571289     -0.00563965     
-0.00560303     -0.00541992     -0.00549316     -0.0053833     
-0.00535889     -0.00515137     -0.00532227     -0.00522461     
-0.00534668     -0.00531006     -0.00528564     -0.00539551     
-0.00545654     -0.00544434     -0.0057251     -0.00570068     
-0.00585938     -0.00598145     -0.00600586     -0.00610352     
-0.00614014     -0.00621338     -0.00631104     -0.00627441     
-0.00637207     -0.00628662     -0.00637207     -0.00622559     
-0.00626221     -0.00615234     -0.00623779     -0.00618896     
-0.00609131     -0.00593262     -0.00610352     -0.00599365     
-0.00603027     -0.00588379     -0.00593262     -0.0059082     
-0.00595703     -0.00596924     -0.00588379     -0.00594482     
-0.00601807     -0.005896     -0.00604248     -0.00609131     
-0.0060791     -0.00604248     -0.00614014     -0.00603027     
-0.0060791     -0.00594482     -0.00610352     -0.00598145     
-0.00606689     -0.00592041     -0.00592041     -0.00592041     
-0.00581055     -0.00574951     -0.0057373     -0.0057251     
-0.00570068     -0.00560303     -0.00560303     -0.00566406     
-0.00566406     -0.00556641     -0.00566406     -0.00563965     
-0.0057251     -0.00566406     -0.00583496     -0.00577393     
-0.00579834     -0.00577393     -0.00584717     -0.00585938     
-0.00593262     -0.00588379     -0.00595703     -0.00593262     
-0.00592041     -0.00577393     -0.00600586     -0.00595703     
-0.00595703     -0.00600586     -0.00593262     -0.00596924     
-0.00594482     -0.00588379     -0.00593262     -0.00585938     
-0.00587158     -0.00587158     -0.00581055     -0.0057251     
-0.0057373     -0.00563965     -0.00563965     -0.00554199     
-0.00557861     -0.00544434     -0.00544434     -0.00535889     
-0.00534668     -0.00515137     -0.00518799     -0.00518799     
-0.00507813     -0.0050293     -0.00500488     -0.00498047     
-0.0048584     -0.00476074     -0.00482178     -0.00488281     
-0.00480957     -0.00482178     -0.00477295     -0.00479736     
-0.00480957     -0.00472412     -0.00478516     -0.00469971     
-0.00469971     -0.00456543     -0.00472412     -0.00462646     
-0.00457764     -0.00454102     -0.00463867     -0.00457764     
-0.00476074     -0.00471191     -0.00488281     -0.00515137     
-0.00511475     -0.00524902     -0.00540771     -0.00545654     
-0.00551758     -0.00557861     -0.00562744     -0.00567627     
-0.00566406     -0.00560303     -0.00559082     -0.00550537     
-0.00554199     -0.00532227     -0.00541992     -0.00529785     
-0.00529785     -0.0050415     -0.00513916     -0.00518799     
-0.00507813     -0.00501709     -0.00505371     -0.00511475     
-0.00501709     -0.00496826     -0.00509033     -0.00507813     
-0.00510254     -0.00509033     -0.0050415     -0.00501709     
-0.0050415     -0.00488281     -0.00500488     -0.00484619     
-0.00493164     -0.00482178     -0.00491943     -0.00491943     
-0.00495605     -0.00493164     -0.00512695     -0.00507813     
-0.00526123     -0.00526123     -0.00544434     -0.0053833     
-0.00545654     -0.00552979     -0.00544434     -0.00550537     
-0.00560303     -0.00541992     -0.00550537     -0.00546875     
-0.0053833     -0.00532227     -0.00535889     -0.0052124     
-0.00526123     -0.0052124     -0.00528564     -0.00517578     
-0.00526123     -0.00517578     -0.00524902     -0.0052002     
-0.00512695     -0.00507813     -0.00509033     -0.00512695     
-0.00498047     -0.00501709     -0.00513916     -0.00512695     
-0.00510254     -0.00515137     -0.00516357     -0.00535889     
-0.00529785     -0.00526123     -0.00545654     -0.00537109     
-0.00545654     -0.00539551     -0.00546875     -0.00549316     
-0.00544434     -0.00527344     -0.00550537     -0.00544434     
-0.00532227     -0.00524902     -0.00534668     -0.00527344     
-0.00527344     -0.0052002     -0.00528564     -0.00529785     
-0.00532227     -0.00526123     -0.00534668     -0.00537109     
-0.00545654     -0.00529785     -0.00537109     -0.00533447     
-0.00537109     -0.0052002     -0.00528564     -0.00526123     
-0.00523682     -0.00506592     -0.00507813     -0.00510254     
-0.00511475     -0.00509033     -0.00516357     -0.00513916     
-0.00518799     -0.00515137     -0.00526123     -0.0052002     
-0.00534668     -0.00534668     -0.00527344     -0.00537109     
-0.00526123     -0.00518799     -0.00522461     -0.00522461     
-0.00528564     -0.0052002     -0.00517578     -0.0052002     
-0.00532227     -0.00527344     -0.00533447     -0.00531006     
-0.00543213     -0.00540771     -0.00548096     -0.00552979     
-0.00557861     -0.00556641     -0.0057373     -0.00561523     
-0.00571289     -0.00568848     -0.00557861     -0.00576172     
-0.00568848     -0.00552979     -0.00571289     -0.00567627     
-0.00559082     -0.00560303     -0.00566406     -0.00552979     
-0.00551758     -0.00545654     -0.00550537     -0.00550537     
-0.00546875     -0.00540771     -0.00545654     -0.00543213     
-0.00551758     -0.00533447     -0.00548096     -0.00549316     
-0.00560303     -0.00556641     -0.00563965     -0.00571289     
-0.00581055     -0.00582275     -0.00592041     -0.00598145     
-0.00599365     -0.00582275     -0.00583496     -0.00577393     
-0.00574951     -0.00552979     -0.00559082     -0.00540771     
-0.00535889     -0.00511475     -0.00509033     -0.0050415     
-0.00505371     -0.00499268     -0.00518799     -0.0050415     
-0.00517578     -0.00515137     -0.00527344     -0.00528564     
-0.00526123     -0.0053833     -0.00539551     -0.00522461     
-0.00529785     -0.00523682     -0.00528564     -0.00522461     
-0.00513916     -0.0050293     -0.00512695     -0.00512695     
-0.00518799     -0.00507813     -0.00517578     -0.00522461     
-0.00528564     -0.00516357     -0.0053833     -0.00540771     
-0.00535889     -0.00533447     -0.00543213     -0.00544434     
-0.00541992     -0.00532227     -0.00539551     -0.00533447     
-0.00535889     -0.00535889     -0.00537109     -0.00537109     
-0.00535889     -0.00517578     -0.00534668     -0.00540771     
-0.00549316     -0.00537109     -0.0055542     -0.00556641     
-0.00571289     -0.0055542     -0.00574951     -0.00563965     
-0.0057373     -0.00563965     -0.00571289     -0.00561523     
-0.00550537     -0.0055542     -0.00545654     -0.00548096     
-0.00546875     -0.00526123     -0.00541992     -0.00534668     
-0.0053833     -0.0053833     -0.00554199     -0.00560303     
-0.00567627     -0.00571289     -0.00595703     -0.00587158     
-0.00596924     -0.005896     -0.00609131     -0.00596924     
-0.00609131     -0.00598145     -0.00598145     -0.00594482     
-0.00592041     -0.00592041     -0.00594482     -0.00592041     
-0.00588379     -0.00585938     -0.00581055     -0.00577393     
-0.00565186     -0.00565186     -0.00566406     -0.00552979     
-0.00557861     -0.00539551     -0.00540771     -0.0053833     
-0.0053833     -0.00523682     -0.00539551     -0.0053833     
-0.00533447     -0.00524902     -0.00541992     -0.00534668     
-0.00532227     -0.0052124     -0.00539551     -0.00540771     
-0.00527344     -0.00518799     -0.00516357     -0.00516357     
-0.00499268     -0.00482178     -0.00479736     -0.00471191     
-0.0046875     -0.00447998     -0.0045166     -0.00445557     
-0.00449219     -0.00440674     -0.00446777     -0.0045166     
-0.00455322     -0.00447998     -0.00460205     -0.00471191     
-0.00472412     -0.00474854     -0.00484619     -0.00494385     
-0.00509033     -0.00507813     -0.0052124     -0.00528564     
-0.00532227     -0.00540771     -0.00540771     -0.00548096     
-0.00550537     -0.00533447     -0.00550537     -0.00529785     
-0.00531006     -0.00512695     -0.00517578     -0.00506592     
-0.00505371     -0.00490723     -0.00491943     -0.0048584     
-0.00479736     -0.00458984     -0.00479736     -0.00456543     
-0.00462646     -0.00467529     -0.00460205     -0.00452881     
-0.00452881     -0.00447998     -0.00467529     -0.00460205     
-0.00473633     -0.00477295     -0.00484619     -0.00498047     
-0.00498047     -0.00493164     -0.00513916     -0.0050415     
-0.00511475     -0.00501709     -0.00506592     -0.00500488     
-0.00500488     -0.00482178     -0.00483398     -0.00484619     
-0.00487061     -0.00493164     -0.00491943     -0.00494385     
-0.00501709     -0.00505371     -0.00511475     -0.00516357     
-0.00522461     -0.00523682     -0.00524902     -0.00523682     
-0.00540771     -0.00524902     -0.00540771     -0.00545654     
-0.00537109     -0.00532227     -0.00548096     -0.00541992     
-0.00537109     -0.00518799     -0.00532227     -0.0052124     
-0.00518799     -0.0050293     -0.00489502     -0.00487061     
-0.00487061     -0.00471191     -0.00472412     -0.0046875     
-0.00483398     -0.00454102     -0.00452881     -0.00462646     
-0.00460205     -0.00446777     -0.00460205     -0.0045166     
-0.00455322     -0.00444336     -0.00455322     -0.00447998     
-0.00452881     -0.00439453     -0.00461426     -0.00460205     
-0.00466309     -0.00467529     -0.00478516     -0.00477295     
-0.00483398     -0.00487061     -0.00501709     -0.0050415     
-0.00509033     -0.00509033     -0.00500488     -0.00516357     
-0.00517578     -0.00498047     -0.00506592     -0.00501709     
-0.00505371     -0.00494385     -0.00506592     -0.00498047     
-0.00496826     -0.00487061     -0.00501709     -0.00499268     
-0.0050293     -0.00493164     -0.00505371     -0.00496826     
-0.00494385     -0.00487061     -0.00488281     -0.00482178     
-0.00477295     -0.00461426     -0.00471191     -0.00466309     
-0.00452881     -0.00447998     -0.00455322     -0.00445557     
-0.00460205     -0.0045166     -0.00467529     -0.00455322     
-0.00456543     -0.00456543     -0.00460205     -0.00458984     
-0.00472412     -0.00460205     -0.00452881     -0.00458984     
-0.00455322     -0.00444336     -0.00457764     -0.00460205     
-0.00447998     -0.00447998     -0.00449219     -0.00447998     
-0.00444336     -0.00441895     -0.00441895     -0.00450439     
-0.00456543     -0.00441895     -0.00460205     -0.00454102     
-0.00466309     -0.00443115     -0.00456543     -0.00454102     
-0.00443115     -0.00435791     -0.00439453     -0.00440674     
-0.00438232     -0.00426025     -0.00429688     -0.0043335     
-0.00439453     -0.00449219     -0.00456543     -0.0046875     
-0.00488281     -0.00477295     -0.00499268     -0.00509033     
-0.00522461     -0.00506592     -0.00513916     -0.00515137     
-0.0052002     -0.00509033     -0.0052002     -0.00500488     
-0.00511475     -0.00506592     -0.00513916     -0.0052124     
-0.00510254     -0.00515137     -0.00516357     -0.00526123     
-0.00529785     -0.0052002     -0.0052002     -0.0052124     
-0.0050293     -0.00491943     -0.00496826     -0.00489502     
-0.00476074     -0.00466309     -0.00467529     -0.00465088     
-0.00455322     -0.00444336     -0.00458984     -0.00449219     
-0.00462646     -0.00447998     -0.00463867     -0.00467529     
-0.00472412     -0.00452881     -0.00472412     -0.00472412     
-0.00472412     -0.00463867     -0.00461426     -0.00466309     
-0.0045166     -0.00440674     -0.00447998     -0.00445557     
-0.00445557     -0.0043457     -0.00441895     -0.00423584     
-0.00423584     -0.00401611     -0.00411377     -0.00397949     
-0.00397949     -0.00386963     -0.00386963     -0.00380859     
-0.00373535     -0.00358887     -0.00367432     -0.00380859     
-0.00374756     -0.00377197     -0.00383301     -0.00384521     
-0.00390625     -0.00402832     -0.00422363     -0.00421143     
-0.0043335     -0.00444336     -0.00452881     -0.00455322     
-0.00471191     -0.00471191     -0.00487061     -0.00478516     
-0.0048584     -0.00487061     -0.00494385     -0.00484619     
-0.00478516     -0.00474854     -0.00478516     -0.0046875     
-0.0046875     -0.00457764     -0.00452881     -0.00455322     
-0.00446777     -0.00438232     -0.00443115     -0.00440674     
-0.00444336     -0.00432129     -0.00437012     -0.00439453     
-0.0043335     -0.00430908     -0.00449219     -0.00441895     
-0.00458984     -0.00445557     -0.00458984     -0.00452881     
-0.00458984     -0.00444336     -0.00463867     -0.00465088     
-0.00462646     -0.0045166     -0.00456543     -0.00467529     
-0.00456543     -0.00449219     -0.00450439     -0.00460205     
-0.00461426     -0.00460205     -0.00457764     -0.00462646     
-0.00455322     -0.00438232     -0.00450439     -0.00430908     
-0.00437012     -0.00421143     -0.00418701     -0.00408936     
-0.00397949     -0.00395508     -0.00400391     -0.00401611     
-0.00411377     -0.00405273     -0.00424805     -0.00412598     
-0.00411377     -0.00418701     -0.00412598     -0.00411377     
-0.0039917     -0.00397949     -0.00410156     -0.0039917     
-0.00391846     -0.00401611     -0.00404053     -0.00410156     
-0.00413818     -0.00412598     -0.00426025     -0.00428467     
-0.0043335     -0.00428467     -0.00440674     -0.00429688     
-0.00437012     -0.0043335     -0.00432129     -0.00423584     
-0.00430908     -0.00427246     -0.00427246     -0.00426025     
-0.00438232     -0.00437012     -0.00430908     -0.00452881     
-0.00447998     -0.00435791     -0.00458984     -0.00461426     
-0.00476074     -0.0046875     -0.00479736     -0.00498047     
-0.00493164     -0.00484619     -0.00498047     -0.00495605     
-0.00488281     -0.00478516     -0.00480957     -0.00473633     
-0.00472412     -0.00458984     -0.00462646     -0.00466309     
-0.00458984     -0.00456543     -0.00450439     -0.00455322     
-0.00462646     -0.0045166     -0.00462646     -0.00465088     
-0.00472412     -0.00476074     -0.00479736     -0.00476074     
-0.00482178     -0.00480957     -0.00487061     -0.00489502     
-0.00499268     -0.00489502     -0.00494385     -0.00495605     
-0.0048584     -0.0048584     -0.00489502     -0.00483398     
-0.00487061     -0.00483398     -0.0048584     -0.00491943     
-0.0048584     -0.00484619     -0.00488281     -0.00498047     
-0.00501709     -0.00482178     -0.00495605     -0.00489502     
-0.00488281     -0.00473633     -0.00484619     -0.00479736     
-0.00478516     -0.00471191     -0.0048584     -0.00478516     
-0.00484619     -0.00461426     -0.00471191     -0.00466309     
-0.0046875     -0.00455322     -0.00450439     -0.00447998     
-0.00439453     -0.00430908     -0.0043457     -0.00432129     
-0.00435791     -0.00441895     -0.00447998     -0.00447998     
-0.00460205     -0.0045166     -0.00479736     -0.0046875     
-0.00476074     -0.00478516     -0.00478516     -0.00478516     
-0.00480957     -0.00483398     -0.00488281     -0.00490723     
-0.00495605     -0.0050293     -0.00507813     -0.00511475     
-0.00506592     -0.00505371     -0.00516357     -0.00511475     
-0.00512695     -0.0052124     -0.00526123     -0.00517578     
-0.00522461     -0.00518799     -0.00532227     -0.00522461     
-0.00527344     -0.00515137     -0.00531006     -0.00529785     
-0.00527344     -0.00511475     -0.0052002     -0.00510254     
-0.00511475     -0.00498047     -0.00496826     -0.00489502     
-0.00477295     -0.00466309     -0.00456543     -0.00461426     
-0.00455322     -0.00446777     -0.00449219     -0.00456543     
-0.00457764     -0.00443115     -0.00456543     -0.00460205     
-0.00472412     -0.00466309     -0.00463867     -0.00472412     
-0.00478516     -0.00455322     -0.00473633     -0.00460205     
-0.00463867     -0.00446777     -0.00446777     -0.00449219     
-0.00449219     -0.00430908     -0.00437012     -0.00443115     
-0.00446777     -0.0043457     -0.00444336     -0.0045166     
-0.00452881     -0.00449219     -0.00466309     -0.00460205     
-0.00469971     -0.00474854     -0.00490723     -0.00490723     
-0.00499268     -0.00501709     -0.00518799     -0.0052124     
-0.00535889     -0.00533447     -0.00556641     -0.00552979     
-0.00548096     -0.00545654     -0.00546875     -0.00544434     
-0.00543213     -0.00533447     -0.00527344     -0.00512695     
-0.0050415     -0.00490723     -0.00489502     -0.00479736     
-0.00476074     -0.00454102     -0.00465088     -0.00441895     
-0.00445557     -0.00421143     -0.00422363     -0.00419922     
-0.00422363     -0.00413818     -0.00424805     -0.00424805     
-0.00432129     -0.00421143     -0.00435791     -0.00447998     
-0.00445557     -0.00445557     -0.00456543     -0.00460205     
-0.00455322     -0.00447998     -0.00456543     -0.00450439     
-0.00455322     -0.00439453     -0.00443115     -0.0043457     
-0.00437012     -0.00411377     -0.00432129     -0.00430908     
-0.00443115     -0.0043457     -0.00454102     -0.00456543     
-0.00466309     -0.00462646     -0.00489502     -0.00484619     
-0.00490723     -0.00498047     -0.00488281     -0.00484619     
-0.00484619     -0.00467529     -0.00461426     -0.00445557     
-0.00441895     -0.00430908     -0.00426025     -0.00421143     
-0.00415039     -0.00406494     -0.00419922     -0.00422363     
-0.00424805     -0.00426025     -0.00437012     -0.00443115     
-0.00444336     -0.00440674     -0.00454102     -0.00460205     
-0.00462646     -0.00466309     -0.00462646     -0.00471191     
-0.00466309     -0.00460205     -0.00460205     -0.00460205     
-0.00462646     -0.00452881     -0.00452881     -0.00444336     
-0.00449219     -0.00435791     -0.00460205     -0.00445557     
-0.00458984     -0.00452881     -0.00458984     -0.00449219     
-0.00454102     -0.00447998     -0.00447998     -0.00438232     
-0.00438232     -0.00426025     -0.00415039     -0.00421143     
-0.00427246     -0.0041626     -0.00430908     -0.00427246     
-0.00438232     -0.00440674     -0.00455322     -0.00465088     
-0.0046875     -0.00471191     -0.00488281     -0.00483398     
-0.00489502     -0.00494385     -0.00509033     -0.00493164     
-0.00495605     -0.00490723     -0.00487061     -0.00480957     
-0.00478516     -0.00472412     -0.00477295     -0.00472412     

