Source : transient; Time : Wed Jun 14 06:00:44 2017
B0 = 3740.000000 Gauss, mw = 9.686280 GHz
 NDI-T2 sa261 20/2 42/25 523nm/1mJ
1 5000 -1.001e-06 8.997e-06 0 0
s                        V                                                 
-8.54492e-05     -0.000146484     -0.00012207     -0.00012207     
-0.000256348     -9.76563e-05     -0.000170898     -0.000317383     
-0.000280762     -0.000427246     -0.000476074     -0.000366211     
-0.000512695     -0.000561523     -0.000439453     -0.000549316     
-0.000549316     -0.000537109     -0.000488281     -0.000439453     
-0.000439453     -0.00045166     -0.000268555     -0.000427246     
-0.000256348     -0.00032959     -0.000244141     -0.000183105     
-0.000244141     -0.000268555     -0.000231934     -0.000292969     
-0.000256348     -0.000354004     -0.00032959     -0.000427246     
-0.000195313     -0.000256348     -0.000195313     -0.000146484     
-9.76563e-05     -2.44141e-05     8.54492e-05     0.000183105     
8.54492e-05     0.000268555     0.000280762     0.000170898     
0.000158691     0.000170898     7.32422e-05     1.2207e-05     
-0.000109863     -0.00012207     -0.000183105     -0.000183105     
-0.000244141     -0.000231934     -0.000183105     -0.000134277     
-0.000292969     -8.54492e-05     1.2207e-05     2.44141e-05     
2.44141e-05     -6.10352e-05     9.76563e-05     8.54492e-05     
-2.44141e-05     0.000134277     0.000146484     1.2207e-05     
4.88281e-05     -2.44141e-05     7.32422e-05     4.88281e-05     
4.88281e-05     3.66211e-05     0.000158691     3.66211e-05     
7.32422e-05     0     0.000183105     0.000134277     
0.000109863     0.000158691     0.000305176     0.000317383     
0.00032959     0.000439453     0.000439453     0.000463867     
0.00057373     0.000695801     0.000622559     0.000537109     
0.000524902     0.000427246     0.000366211     0.000415039     
0.000183105     0.00012207     0     -9.76563e-05     
-0.000256348     -0.000280762     -0.000292969     -0.000317383     
-0.000439453     -0.000305176     -0.000231934     -0.000134277     
-0.000109863     -0.000109863     4.88281e-05     9.76563e-05     
0.000146484     0.000219727     0.000415039     0.000305176     
0.000402832     0.000305176     0.000402832     0.000305176     
0.000195313     0.000268555     0.00020752     0.000158691     
0.000134277     4.88281e-05     0.000134277     2.44141e-05     
8.54492e-05     -1.2207e-05     8.54492e-05     -4.88281e-05     
6.10352e-05     -1.2207e-05     0     0     
-3.66211e-05     -6.10352e-05     -8.54492e-05     -0.000170898     
-0.000158691     -0.00012207     -0.00012207     -0.000146484     
-0.000183105     -0.000134277     -0.00012207     -7.32422e-05     
-0.000170898     -0.000158691     -9.76563e-05     -9.76563e-05     
-0.000219727     -0.000219727     -0.000158691     -0.000231934     
-0.000280762     -0.000317383     -0.000402832     -0.000354004     
-0.000439453     -0.000512695     -0.000390625     -0.000671387     
-0.00057373     -0.000683594     -0.000622559     -0.000793457     
-0.000744629     -0.000830078     -0.000634766     -0.000732422     
-0.000671387     -0.000598145     -0.000537109     -0.000524902     
-0.000427246     -0.000354004     -0.000231934     -0.000231934     
-0.00012207     -0.000280762     -0.000158691     -9.76563e-05     
-0.000170898     -0.000170898     -1.2207e-05     -4.88281e-05     
-0.000109863     -0.00012207     -4.88281e-05     2.44141e-05     
-7.32422e-05     -1.2207e-05     2.44141e-05     -9.76563e-05     
-0.00012207     -0.000109863     -4.88281e-05     -4.88281e-05     
-0.000268555     -0.000158691     -0.000134277     -0.000219727     
-0.000231934     -0.000305176     -0.00020752     -0.000134277     
-0.000268555     -0.000195313     0     -6.10352e-05     
-3.66211e-05     2.44141e-05     3.66211e-05     3.66211e-05     
7.32422e-05     -8.54492e-05     0.000170898     -0.000109863     
-0.000146484     -0.000146484     -0.000195313     -0.000219727     
-0.000268555     -0.000390625     -0.000268555     -0.000292969     
-0.000305176     -0.000366211     -0.000292969     -0.000256348     
-0.000317383     -0.000244141     -0.00012207     -0.000244141     
-0.000158691     -7.32422e-05     1.2207e-05     -2.44141e-05     
2.44141e-05     0.000170898     0.00032959     0.000256348     
0.00020752     0.000183105     0.000195313     0.000195313     
6.10352e-05     8.54492e-05     1.2207e-05     -2.44141e-05     
-0.000109863     -0.00012207     -0.00012207     -0.000219727     
-0.000317383     -0.000244141     -0.000366211     -0.000463867     
-0.000537109     -0.000634766     -0.000622559     -0.000524902     
-0.000695801     -0.000634766     -0.000476074     -0.000598145     
-0.000488281     -0.000646973     -0.000463867     -0.000488281     
-0.00057373     -0.000415039     -0.00032959     -0.000341797     
-0.000305176     -0.00032959     -0.000219727     -0.000158691     
-0.000183105     -6.10352e-05     0.000134277     3.66211e-05     
9.76563e-05     8.54492e-05     0.000146484     0.000170898     
7.32422e-05     0.000195313     0.00012207     0.00012207     
4.88281e-05     0     4.88281e-05     0.00012207     
-2.44141e-05     -0.000109863     -6.10352e-05     -3.66211e-05     
-0.000195313     -0.000292969     -0.00012207     -0.000268555     
-0.000354004     -0.000427246     -0.000463867     -0.000476074     
-0.000537109     -0.00065918     -0.000585938     -0.000622559     
-0.000598145     -0.000537109     -0.000476074     -0.000549316     
-0.000549316     -0.00057373     -0.000439453     -0.000500488     
-0.000463867     -0.000561523     -0.000463867     -0.000561523     
-0.000646973     -0.000769043     -0.000622559     -0.000646973     
-0.000756836     -0.00078125     -0.000646973     -0.000769043     
-0.000769043     -0.000830078     -0.00078125     -0.000817871     
-0.000817871     -0.000793457     -0.000805664     -0.00078125     
-0.000891113     -0.00090332     -0.000842285     -0.000866699     
-0.0010376     -0.000927734     -0.000866699     -0.00098877     
-0.000964355     -0.000915527     -0.000854492     -0.000732422     
-0.00065918     -0.000646973     -0.00045166     -0.000341797     
-0.000402832     -0.000219727     -0.00012207     -9.76563e-05     
-3.66211e-05     -1.2207e-05     6.10352e-05     0     
4.88281e-05     -1.2207e-05     4.88281e-05     6.10352e-05     
0.000170898     0.000109863     0.000170898     6.10352e-05     
0.000146484     6.10352e-05     7.32422e-05     4.88281e-05     
-1.2207e-05     4.88281e-05     9.76563e-05     -1.2207e-05     
-6.10352e-05     -0.000195313     -8.54492e-05     -0.00020752     
-0.000244141     -0.000268555     -0.00020752     -0.000341797     
-0.000524902     -0.000463867     -0.000463867     -0.000402832     
-0.000598145     -0.000476074     -0.000317383     -0.000341797     
-0.00032959     -0.000292969     -9.76563e-05     -3.66211e-05     
-0.000134277     0     9.76563e-05     4.88281e-05     
3.66211e-05     -6.10352e-05     -3.66211e-05     3.66211e-05     
-0.000158691     -0.000219727     -0.000109863     -0.000305176     
-0.000354004     -0.000537109     -0.000537109     -0.000671387     
-0.000793457     -0.000830078     -0.000769043     -0.000952148     
-0.000976563     -0.00108643     -0.00101318     -0.0010376     
-0.00111084     -0.00112305     -0.000976563     -0.00106201     
-0.000976563     -0.00106201     -0.000854492     -0.000939941     
-0.000964355     -0.000854492     -0.000805664     -0.000817871     
-0.000756836     -0.000817871     -0.000756836     -0.000671387     
-0.000720215     -0.000695801     -0.00065918     -0.000561523     
-0.000585938     -0.000708008     -0.000695801     -0.000646973     
-0.000805664     -0.000769043     -0.00078125     -0.000793457     
-0.000744629     -0.000939941     -0.000817871     -0.000695801     
-0.000793457     -0.000695801     -0.000598145     -0.000561523     
-0.000610352     -0.000537109     -0.000366211     -0.000341797     
-0.000354004     -0.000292969     -0.00012207     -0.000390625     
-0.000244141     -0.000390625     -0.00045166     -0.000354004     
-0.000512695     -0.000524902     -0.000476074     -0.000585938     
-0.000671387     -0.000805664     -0.000646973     -0.000695801     
-0.000854492     -0.000891113     -0.000756836     -0.000939941     
-0.000939941     -0.000964355     -0.000891113     -0.000915527     
-0.000964355     -0.000793457     -0.000708008     -0.000744629     
-0.00065918     -0.000634766     -0.00057373     -0.000439453     
-0.000463867     -0.000244141     -0.000244141     -0.000158691     
-0.000134277     -0.000158691     -7.32422e-05     0     
-6.10352e-05     6.10352e-05     3.66211e-05     -2.44141e-05     
0     0     1.2207e-05     -4.88281e-05     
-7.32422e-05     6.10352e-05     -2.44141e-05     -3.66211e-05     
-2.44141e-05     -0.00012207     1.2207e-05     -1.2207e-05     
-0.000134277     -0.000134277     0.000146484     -4.88281e-05     
-6.10352e-05     -0.000134277     0     1.2207e-05     
-8.54492e-05     -8.54492e-05     7.32422e-05     -4.88281e-05     
-1.2207e-05     1.2207e-05     -6.10352e-05     2.44141e-05     
0     1.2207e-05     4.88281e-05     9.76563e-05     
8.54492e-05     0.00012207     0.000280762     0.000378418     
0.000280762     0.000354004     0.00057373     0.000622559     
0.000610352     0.000646973     0.000671387     0.000805664     
0.000866699     0.00107422     0.0013916     0.00153809     
0.00169678     0.00212402     0.00252686     0.00299072     
0.00332031     0.0038208     0.00439453     0.00484619     
0.00528564     0.00566406     0.00627441     0.00661621     
0.00703125     0.00738525     0.00786133     0.00822754     
0.00859375     0.00895996     0.00948486     0.00981445     
0.0101563     0.0105713     0.0111328     0.0115479     
0.0119385     0.0123413     0.0128662     0.0134155     
0.0137329     0.014209     0.0147217     0.0149414     
0.0152954     0.0157471     0.0161011     0.0164307     
0.0167725     0.0171387     0.0175903     0.0178467     
0.0182373     0.0185669     0.0190308     0.0195068     
0.0198364     0.0203613     0.0207764     0.021106     
0.0215698     0.0219971     0.0222778     0.0227295     
0.0230225     0.0234863     0.0238647     0.0241943     
0.024585     0.0249634     0.0254028     0.0258179     
0.0260864     0.0263062     0.0267944     0.0269531     
0.0272217     0.0274292     0.0276855     0.0279907     
0.0280884     0.0284058     0.0287842     0.0289795     
0.0293091     0.029541     0.0299561     0.0302002     
0.0304932     0.0309692     0.03125     0.0314575     
0.0317261     0.032019     0.0324219     0.0325562     
0.0327881     0.0330933     0.0333496     0.0335205     
0.0337036     0.0339111     0.0341187     0.0343384     
0.034436     0.0344849     0.0347046     0.0348022     
0.0348755     0.0349365     0.0351074     0.0352417     
0.0352417     0.0354614     0.0356689     0.0357422     
0.0359253     0.0360229     0.0363037     0.036438     
0.0365479     0.036731     0.0369263     0.0369507     
0.0371582     0.037146     0.0373901     0.0375     
0.0375122     0.0377075     0.0378784     0.037793     
0.0380127     0.0380249     0.0382568     0.0383179     
0.0383179     0.0383667     0.0384521     0.038501     
0.0384155     0.0383789     0.0384033     0.0384277     
0.0383179     0.0383911     0.0384277     0.0383789     
0.0384888     0.038501     0.038623     0.0387329     
0.0387695     0.0388672     0.0389404     0.0390259     
0.0389526     0.0391113     0.0391479     0.0391846     
0.0390747     0.0391968     0.0392822     0.0391724     
0.0390625     0.0390137     0.0391602     0.0390503     
0.0389526     0.038916     0.0390259     0.0389526     
0.0389648     0.038855     0.0390869     0.0389893     
0.0390015     0.0390381     0.039209     0.0391357     
0.0391357     0.0390015     0.0390259     0.0390015     
0.0389282     0.0387329     0.0387695     0.0384888     
0.0385498     0.0382324     0.0381958     0.0380737     
0.0380127     0.0378906     0.0377441     0.0376465     
0.0375854     0.037439     0.0373779     0.0372437     
0.0371704     0.0371094     0.037085     0.0369507     
0.0368774     0.0369629     0.036853     0.0368286     
0.0368286     0.0368042     0.0368164     0.0367676     
0.0365723     0.0366577     0.0365112     0.0363037     
0.0362061     0.0360596     0.0359985     0.0357544     
0.0355835     0.035437     0.0353271     0.035144     
0.0350098     0.0348389     0.0348022     0.0345947     
0.0344849     0.0343506     0.0342529     0.0341309     
0.0339111     0.0338013     0.0338135     0.0335205     
0.0334229     0.0331421     0.0331299     0.0329468     
0.0326782     0.0326782     0.0325684     0.0323853     
0.0321655     0.0318848     0.0318604     0.0317749     
0.0315063     0.031543     0.0314575     0.0312744     
0.0311401     0.0310425     0.0309326     0.0308716     
0.0306641     0.0306396     0.0306152     0.0304321     
0.030249     0.030127     0.0300537     0.029895     
0.0296753     0.0295654     0.0295166     0.029248     
0.0290405     0.0289673     0.0287476     0.0285889     
0.0285156     0.0282959     0.0282715     0.028064     
0.0279541     0.0276855     0.0275269     0.027478     
0.0271729     0.0269775     0.0269165     0.0266846     
0.0265625     0.0263306     0.0262817     0.0260864     
0.0259521     0.0258911     0.0258179     0.0256226     
0.0255127     0.0253906     0.0251953     0.0250488     
0.0248291     0.0246704     0.0245605     0.0242798     
0.0240967     0.0238525     0.0236938     0.0235596     
0.0232666     0.0231934     0.0230591     0.0228516     
0.0227417     0.0224854     0.0224731     0.02229     
0.0220947     0.0220093     0.0218262     0.0217163     
0.0215088     0.0213257     0.021228     0.0209961     
0.0208862     0.0207031     0.0206909     0.0203857     
0.0203003     0.0201172     0.0201538     0.0201416     
0.0199951     0.0200439     0.0200806     0.0200195     
0.0200317     0.0199707     0.0200439     0.0199463     
0.0197754     0.0196655     0.0196289     0.0194458     
0.0192261     0.0190796     0.0190063     0.0188721     
0.0187744     0.0188232     0.0187134     0.0186157     
0.0185669     0.0184937     0.0184692     0.0183838     
0.0182861     0.0181763     0.0181152     0.0180176     
0.0178345     0.0177246     0.0177246     0.0177002     
0.0175659     0.0175171     0.0174927     0.0174072     
0.0173096     0.0171997     0.0171875     0.0170654     
0.0169678     0.0168335     0.0167725     0.0165894     
0.0165771     0.0163574     0.016394     0.0161499     
0.0161011     0.0160522     0.0161255     0.0159424     
0.0158936     0.0157593     0.0158203     0.0157227     
0.015686     0.015625     0.0157227     0.0156006     
0.0156982     0.0156494     0.015686     0.0157959     
0.0157593     0.0158203     0.0159058     0.0158569     
0.0158447     0.0157471     0.0157837     0.0158691     
0.015686     0.0156128     0.0156372     0.0153931     
0.0152344     0.0152344     0.0151733     0.0150146     
0.0148926     0.0148071     0.0148438     0.0147095     
0.014624     0.014624     0.0146851     0.0146484     
0.0146362     0.0147217     0.0147583     0.0146729     
0.0147217     0.0146729     0.0147461     0.0146851     
0.014624     0.0144653     0.0145874     0.0144043     
0.01427     0.0141479     0.0141235     0.0140137     
0.013855     0.0138184     0.0139404     0.0139282     
0.0139404     0.0139282     0.0141235     0.0141724     
0.014209     0.0143555     0.014624     0.0145996     
0.0145996     0.0147217     0.0147217     0.0147461     
0.0147461     0.0148682     0.0148926     0.0148315     
0.0149048     0.0149048     0.0149414     0.0150269     
0.014978     0.0150635     0.0151245     0.0150879     
0.0150146     0.0150757     0.0150391     0.0151245     
0.0150757     0.0151978     0.0152466     0.015271     
0.0153442     0.0153442     0.0154297     0.0154419     
0.0155151     0.0154907     0.015686     0.0157104     
0.0156616     0.015625     0.0156738     0.0157715     
0.0157349     0.015625     0.0156616     0.0155762     
0.0155762     0.0154419     0.0154663     0.0154175     
0.0153931     0.0153809     0.0153809     0.0154541     
0.0153442     0.0152954     0.0153564     0.0155762     
0.0154175     0.0155151     0.015686     0.0157715     
0.0158325     0.015918     0.0161011     0.0162109     
0.0161133     0.0162598     0.016333     0.0164185     
0.0163818     0.0163452     0.016333     0.0162964     
0.016272     0.0163574     0.0162964     0.0162964     
0.0163086     0.016333     0.0164429     0.0164551     
0.0164917     0.0166504     0.0168579     0.0167114     
0.0170166     0.0169678     0.0171875     0.0171631     
0.0172363     0.0172974     0.0174438     0.0174072     
0.0174438     0.0174683     0.0176025     0.0175415     
0.0175049     0.0175415     0.0176758     0.0175781     
0.0175537     0.0174805     0.0175781     0.0175293     
0.0175049     0.0175903     0.0175781     0.0176025     
0.0175781     0.0174927     0.0175415     0.0175537     
0.0175537     0.0175415     0.0176147     0.0176514     
0.0175049     0.0174805     0.0175171     0.0174438     
0.0173706     0.017395     0.0173218     0.0172852     
0.0171753     0.0170654     0.0171631     0.0170898     
0.0170776     0.0169922     0.0172241     0.0171753     
0.0172729     0.0170898     0.0173584     0.017334     
0.017334     0.0174683     0.0174927     0.0174683     
0.0174438     0.0173828     0.0173828     0.0173706     
0.0172852     0.0172241     0.0173218     0.0171143     
0.0172363     0.0171143     0.0172241     0.0172607     
0.0172241     0.0172485     0.0173828     0.0174072     
0.0172974     0.0172974     0.0173218     0.0173096     
0.0171509     0.0171509     0.0171753     0.0170166     
0.0169312     0.0169556     0.0169067     0.0170288     
0.0169678     0.0171021     0.0172485     0.0172607     
0.0173096     0.0173828     0.0174805     0.0176514     
0.0175415     0.017688     0.0178345     0.0177246     
0.0177124     0.017627     0.0177368     0.0176147     
0.0176392     0.0175537     0.017688     0.0175659     
0.0174805     0.0174194     0.0174561     0.0172974     
0.0171631     0.0171509     0.0171631     0.0169922     
0.0168091     0.0166748     0.0166626     0.0164795     
0.016333     0.0163208     0.0161865     0.0159912     
0.015918     0.0159546     0.0158569     0.0156982     
0.0156128     0.015686     0.0156616     0.015625     
0.0155762     0.0155396     0.0155518     0.0156006     
0.0154419     0.0155518     0.0156494     0.0155273     
0.0155762     0.0155029     0.015564     0.0155273     
0.0153809     0.0153687     0.0154419     0.0152466     
0.0152466     0.0151978     0.0152344     0.0150635     
0.0151367     0.0150269     0.0151733     0.0150024     
0.0150391     0.0150635     0.0151245     0.0152344     
0.015271     0.0152832     0.0154541     0.0154053     
0.0154663     0.0153809     0.0155029     0.0153564     
0.0152832     0.0152344     0.0151367     0.0149902     
0.0149536     0.0147095     0.0145996     0.0145996     
0.0143555     0.0143188     0.0142944     0.0141724     
0.0140747     0.0139648     0.0139771     0.0139404     
0.0138794     0.0138672     0.0137939     0.0137817     
0.0137207     0.0136597     0.0137695     0.0137207     
0.0136841     0.0138794     0.0137573     0.0136597     
0.0136963     0.0135742     0.0136841     0.0135132     
0.0135132     0.0134277     0.0134521     0.0132324     
0.0131958     0.0129883     0.0129639     0.012854     
0.0127563     0.0128174     0.0127441     0.0126709     
0.0126099     0.012439     0.0125854     0.0124878     
0.0124023     0.0122925     0.0123535     0.0122437     
0.0120728     0.0119629     0.0119141     0.0118164     
0.0116089     0.0115356     0.011499     0.0112305     
0.0111328     0.0109497     0.0108887     0.0108887     
0.0106567     0.0105103     0.0104736     0.0104736     
0.0102661     0.0102661     0.0103149     0.0101807     
0.0101318     0.0101929     0.0102417     0.0102051     
0.010144     0.0101318     0.0102173     0.0101318     
0.010144     0.0101685     0.0101685     0.010022     
0.010022     0.00999756     0.0100952     0.0100464     
0.00999756     0.00993652     0.0100952     0.0101074     
0.0101074     0.00994873     0.0101563     0.0100586     
0.00993652     0.00996094     0.0101074     0.0098877     
0.00982666     0.00977783     0.00964355     0.00958252     
0.00950928     0.00946045     0.00944824     0.00925293     
0.00916748     0.00917969     0.00917969     0.00910645     
0.009021     0.00899658     0.00909424     0.00898438     
0.00892334     0.00904541     0.00891113     0.00910645     
0.00889893     0.00891113     0.00891113     0.00882568     
0.0086792     0.00876465     0.00869141     0.00860596     
0.00858154     0.00844727     0.00853271     0.00844727     
0.00844727     0.00842285     0.00853271     0.00852051     
0.00863037     0.00870361     0.0088501     0.00880127     
0.00881348     0.00875244     0.00877686     0.00882568     
0.00880127     0.00875244     0.00883789     0.00870361     
0.00870361     0.00858154     0.00864258     0.00863037     
0.00854492     0.00847168     0.00859375     0.00849609     
0.00843506     0.00845947     0.00843506     0.00837402     
0.00837402     0.00834961     0.00834961     0.00828857     
0.00817871     0.00823975     0.00814209     0.0081665     
0.00812988     0.00817871     0.00823975     0.00819092     
0.00822754     0.0081665     0.00820313     0.00827637     
0.00821533     0.00825195     0.00843506     0.00841064     
0.00842285     0.00843506     0.00847168     0.00848389     
0.00858154     0.0085083     0.00865479     0.00855713     
0.00863037     0.00837402     0.00834961     0.00831299     
0.00820313     0.0079834     0.00806885     0.00802002     
0.00792236     0.00791016     0.00787354     0.00775146     
0.00772705     0.00784912     0.00780029     0.00782471     
0.00772705     0.00769043     0.00765381     0.00766602     
0.00758057     0.00755615     0.00756836     0.00753174     
0.00759277     0.00749512     0.00760498     0.00761719     
0.00750732     0.00762939     0.00775146     0.00777588     
0.00780029     0.00787354     0.00803223     0.00808105     
0.00809326     0.00828857     0.00841064     0.00839844     
0.00848389     0.00856934     0.00859375     0.00849609     
0.00852051     0.00838623     0.00849609     0.00826416     
0.00830078     0.00817871     0.0081543     0.00814209     
0.00809326     0.00814209     0.00823975     0.00811768     
0.00830078     0.00825195     0.00843506     0.00841064     
0.00848389     0.00845947     0.00865479     0.00864258     
0.00858154     0.00859375     0.00870361     0.00871582     
0.00875244     0.00876465     0.00876465     0.00876465     
0.00875244     0.00872803     0.00880127     0.00877686     
0.00876465     0.00876465     0.00876465     0.00878906     
0.00861816     0.00866699     0.00870361     0.00866699     
0.00866699     0.00872803     0.00882568     0.00889893     
0.0088623     0.00889893     0.00913086     0.00915527     
0.00919189     0.00928955     0.00936279     0.00931396     
0.00938721     0.00930176     0.009375     0.00927734     
0.00932617     0.00921631     0.00917969     0.00914307     
0.00906982     0.00893555     0.00894775     0.00895996     
0.00889893     0.00889893     0.00910645     0.00893555     
0.00899658     0.00909424     0.00911865     0.00915527     
0.00915527     0.00919189     0.00932617     0.00924072     
0.00930176     0.00927734     0.00916748     0.00928955     
0.00921631     0.00919189     0.00930176     0.00928955     
0.00926514     0.00931396     0.00943604     0.00958252     
0.00958252     0.00963135     0.0098999     0.00986328     
0.00992432     0.0100098     0.0101318     0.0101685     
0.0102539     0.0102051     0.0103394     0.0102783     
0.0103271     0.0101685     0.0103882     0.0102905     
0.0102417     0.0101563     0.0103149     0.010083     
0.0101074     0.0101318     0.0100342     0.00998535     
0.010022     0.00986328     0.010022     0.00986328     
0.00982666     0.0097168     0.00975342     0.00966797     
0.00957031     0.00960693     0.00958252     0.00946045     
0.00941162     0.00941162     0.00941162     0.00944824     
0.00935059     0.00947266     0.0095459     0.00941162     
0.00952148     0.0095459     0.00957031     0.00966797     
0.00964355     0.00968018     0.00979004     0.00974121     
0.00980225     0.00976563     0.00980225     0.00987549     
0.00976563     0.00979004     0.0098877     0.00981445     
0.00975342     0.00965576     0.00958252     0.0095459     
0.00949707     0.00932617     0.00943604     0.00936279     
0.00936279     0.00935059     0.00943604     0.00959473     
0.00958252     0.00966797     0.00987549     0.0098877     
0.00998535     0.0098877     0.00993652     0.0100464     
0.00987549     0.00985107     0.00977783     0.00963135     
0.00958252     0.00947266     0.00938721     0.00930176     
0.0092041     0.00915527     0.00924072     0.00910645     
0.00910645     0.00905762     0.00914307     0.00919189     
0.00894775     0.00910645     0.00900879     0.009021     
0.00892334     0.0088501     0.0088623     0.00883789     
0.00869141     0.00875244     0.00869141     0.00859375     
0.00856934     0.00852051     0.00865479     0.00854492     
0.00842285     0.00852051     0.00856934     0.00830078     
0.00843506     0.00841064     0.00843506     0.00837402     
0.00845947     0.00844727     0.00856934     0.00849609     
0.00865479     0.00859375     0.00878906     0.00882568     
0.00882568     0.00881348     0.00891113     0.0088623     
0.00866699     0.00865479     0.00874023     0.00853271     
0.00841064     0.00838623     0.00837402     0.00819092     
0.00819092     0.00812988     0.00808105     0.00802002     
0.00804443     0.00800781     0.00802002     0.00802002     
0.00802002     0.00804443     0.00809326     0.00810547     
0.00804443     0.00814209     0.00812988     0.00819092     
0.00808105     0.00799561     0.00797119     0.0079834     
0.00791016     0.00788574     0.00794678     0.00784912     
0.00791016     0.00770264     0.00789795     0.00780029     
0.00780029     0.00775146     0.00787354     0.0078125     
0.00780029     0.00770264     0.00778809     0.00765381     
0.0076416     0.00759277     0.00761719     0.00734863     
0.00739746     0.00722656     0.00722656     0.00721436     
0.00709229     0.00699463     0.00708008     0.00689697     
0.0067627     0.00653076     0.00654297     0.0064209     
0.00616455     0.00604248     0.00592041     0.00579834     
0.00565186     0.00556641     0.00543213     0.00537109     
0.00532227     0.0053833     0.00545654     0.00531006     
0.00535889     0.00546875     0.0055542     0.0055542     
0.00559082     0.00563965     0.00577393     0.00571289     
0.00578613     0.00566406     0.00583496     0.00578613     
0.00577393     0.00563965     0.00574951     0.00551758     
0.00549316     0.00546875     0.00545654     0.00537109     
0.00512695     0.00527344     0.00537109     0.00516357     
0.00515137     0.00511475     0.00516357     0.00510254     
0.00490723     0.00496826     0.00493164     0.00476074     
0.00473633     0.00467529     0.00472412     0.0046875     
0.00462646     0.00472412     0.00477295     0.00480957     
0.00484619     0.00491943     0.00509033     0.00524902     
0.00512695     0.00533447     0.00544434     0.00549316     
0.00551758     0.00546875     0.00559082     0.0055542     
0.00541992     0.00534668     0.00535889     0.00526123     
0.00513916     0.00507813     0.00501709     0.00493164     
0.00483398     0.00469971     0.0048584     0.00471191     
0.00472412     0.00458984     0.00460205     0.00461426     
0.00455322     0.00454102     0.00461426     0.00461426     
0.0046875     0.00471191     0.00480957     0.00479736     
0.00490723     0.00495605     0.0050293     0.00493164     
0.00499268     0.00487061     0.00490723     0.00491943     
0.00472412     0.00465088     0.0046875     0.00462646     
0.00457764     0.00444336     0.00454102     0.00456543     
0.00454102     0.00462646     0.00455322     0.00465088     
0.00466309     0.00460205     0.0046875     0.0046875     
0.00462646     0.00471191     0.00466309     0.00463867     
0.00449219     0.00443115     0.0045166     0.00444336     
0.00444336     0.00439453     0.00460205     0.00450439     
0.00463867     0.00462646     0.00484619     0.00480957     
0.00484619     0.00500488     0.00509033     0.00499268     
0.00516357     0.00510254     0.00522461     0.00512695     
0.00511475     0.00501709     0.00516357     0.00499268     
0.00500488     0.00489502     0.00493164     0.00491943     
0.00482178     0.00484619     0.00489502     0.00482178     
0.00484619     0.00487061     0.00488281     0.00498047     
0.00488281     0.00496826     0.0050415     0.00513916     
0.00516357     0.00516357     0.00533447     0.00532227     
0.00531006     0.0053833     0.00544434     0.00545654     
0.00540771     0.00537109     0.00539551     0.00529785     
0.00537109     0.00537109     0.0053833     0.00524902     
0.00533447     0.00531006     0.00541992     0.00533447     
0.00548096     0.00556641     0.00557861     0.00559082     
0.0057251     0.00567627     0.00582275     0.00576172     
0.00582275     0.00585938     0.0059082     0.00579834     
0.00570068     0.00561523     0.00567627     0.00563965     
0.00548096     0.00544434     0.00549316     0.00539551     
0.00529785     0.00529785     0.00531006     0.00527344     
0.00523682     0.00522461     0.00529785     0.00524902     
0.0052124     0.00528564     0.00537109     0.00550537     
0.00546875     0.00566406     0.0057251     0.00565186     
0.0057373     0.00588379     0.00595703     0.00592041     
0.00594482     0.005896     0.00592041     0.00593262     
0.00582275     0.0057251     0.00587158     0.00570068     
0.0057373     0.00562744     0.00574951     0.00556641     
0.00551758     0.00546875     0.00552979     0.00543213     
0.00528564     0.00523682     0.00531006     0.00510254     
0.00518799     0.00506592     0.0052002     0.00524902     
0.00513916     0.0052002     0.00537109     0.0053833     
0.00540771     0.00549316     0.00557861     0.00568848     
0.0057251     0.00578613     0.00594482     0.00599365     
0.00596924     0.00603027     0.00604248     0.00615234     
0.00603027     0.0060791     0.00612793     0.00605469     
0.00601807     0.0059082     0.00600586     0.00595703     
0.00581055     0.00584717     0.00584717     0.00582275     
0.00581055     0.00571289     0.00581055     0.00581055     
0.00581055     0.00577393     0.00582275     0.00579834     
0.00585938     0.00583496     0.0059082     0.0059082     
0.00588379     0.00596924     0.00606689     0.00604248     
0.00615234     0.00603027     0.00622559     0.00622559     
0.00628662     0.00639648     0.00643311     0.00637207     
0.00643311     0.00631104     0.00645752     0.00650635     
0.00637207     0.00639648     0.00640869     0.00628662     
0.00623779     0.00618896     0.00618896     0.00616455     
0.00603027     0.00605469     0.00596924     0.00593262     
0.00587158     0.00567627     0.00574951     0.00566406     
0.00551758     0.00561523     0.0055542     0.00548096     
0.00549316     0.00540771     0.00548096     0.00548096     
0.00543213     0.00549316     0.00568848     0.00549316     
0.00561523     0.00539551     0.00551758     0.00551758     
0.00552979     0.00560303     0.00561523     0.00546875     
0.00550537     0.00537109     0.00539551     0.00532227     
0.00535889     0.00529785     0.00537109     0.00532227     
0.00535889     0.00545654     0.00554199     0.00552979     
0.00545654     0.00560303     0.00556641     0.00554199     
0.00543213     0.00541992     0.00535889     0.00531006     
0.00517578     0.00523682     0.0052124     0.00529785     
0.00527344     0.00529785     0.00533447     0.00537109     
0.00539551     0.00540771     0.00540771     0.00539551     
0.00526123     0.00527344     0.00516357     0.00500488     
0.00499268     0.0048584     0.00488281     0.00471191     
0.00472412     0.00463867     0.00472412     0.00473633     
0.00479736     0.00480957     0.00496826     0.00495605     
0.00496826     0.00483398     0.00498047     0.00495605     
0.00494385     0.00494385     0.00507813     0.00494385     
0.00500488     0.00494385     0.00501709     0.00507813     
0.00493164     0.00489502     0.00498047     0.00483398     
0.00478516     0.0046875     0.0045166     0.00446777     
0.00437012     0.00429688     0.00419922     0.00419922     
0.00410156     0.00408936     0.00404053     0.0041626     
0.00413818     0.00422363     0.00419922     0.00418701     
0.00418701     0.00422363     0.00421143     0.00422363     
0.00411377     0.00421143     0.00423584     0.00401611     
0.00405273     0.00400391     0.00405273     0.00393066     
0.00397949     0.00391846     0.00410156     0.00402832     
0.00404053     0.00401611     0.0041748     0.00410156     
0.00411377     0.00411377     0.00422363     0.0041626     
0.00422363     0.00408936     0.0041748     0.00423584     
0.00406494     0.0041626     0.00423584     0.00422363     
0.0041626     0.0043335     0.00445557     0.00439453     
0.00449219     0.0045166     0.00455322     0.00472412     
0.00463867     0.00454102     0.00458984     0.0046875     
0.00460205     0.00456543     0.00463867     0.00450439     
0.00440674     0.00429688     0.0043335     0.00429688     
0.00419922     0.0041626     0.00432129     0.00418701     
0.00422363     0.0041748     0.00422363     0.0041748     
0.00424805     0.00418701     0.00429688     0.00422363     
0.00428467     0.00419922     0.00438232     0.00437012     
0.00432129     0.00437012     0.00446777     0.00437012     
0.00439453     0.00423584     0.0041626     0.00407715     
0.00394287     0.0038208     0.00368652     0.003479     
0.00338135     0.00325928     0.00318604     0.00314941     
0.00300293     0.00296631     0.00305176     0.00305176     
0.00308838     0.00319824     0.00334473     0.00350342     
0.00335693     0.00357666     0.00356445     0.0036499     
0.00368652     0.00362549     0.0036377     0.00360107     
0.00352783     0.00354004     0.00357666     0.00333252     
0.00339355     0.00330811     0.00332031     0.0032959     
0.00318604     0.00322266     0.00338135     0.00317383     
0.00323486     0.00323486     0.00332031     0.00332031     
0.00330811     0.00333252     0.00354004     0.00341797     
0.0034668     0.00344238     0.00352783     0.0034668     
0.00343018     0.00344238     0.003479     0.00333252     
0.00335693     0.00336914     0.00338135     0.00327148     
0.00330811     0.00339355     0.00341797     0.00344238     
0.00336914     0.00349121     0.0034668     0.00349121     
0.00340576     0.00349121     0.00343018     0.00349121     
0.00336914     0.00344238     0.0034668     0.00341797     
0.0034668     0.0034668     0.00345459     0.00343018     
0.00343018     0.00333252     0.00335693     0.00335693     
0.00328369     0.00319824     0.00332031     0.00328369     
0.00330811     0.00322266     0.00344238     0.00334473     
0.00344238     0.00345459     0.00352783     0.0034668     
0.00356445     0.00340576     0.00350342     0.003479     
0.00338135     0.00339355     0.00335693     0.00335693     
0.0032959     0.00332031     0.00339355     0.0034668     
0.00344238     0.00358887     0.00366211     0.00374756     
0.00371094     0.00383301     0.00388184     0.00391846     
0.00390625     0.0039917     0.00393066     0.00390625     
0.00380859     0.00388184     0.00386963     0.0038208     
0.00373535     0.00374756     0.00373535     0.0036499     
0.00356445     0.00351563     0.00349121     0.00336914     
0.00327148     0.00327148     0.00328369     0.00308838     
0.00313721     0.00306396     0.00316162     0.00301514     
0.00305176     0.00300293     0.00319824     0.00311279     
0.00303955     0.00310059     0.00323486     0.00325928     
0.00323486     0.0032959     0.00344238     0.00343018     
0.003479     0.00345459     0.00361328     0.0036377     
0.00357666     0.00362549     0.00377197     0.00383301     
0.00380859     0.00386963     0.00397949     0.0041626     
0.00412598     0.00428467     0.00435791     0.00445557     
0.00444336     0.0043457     0.00437012     0.0043457     
0.00426025     0.00418701     0.00422363     0.00407715     
0.00408936     0.00402832     0.00402832     0.0041626     
0.00405273     0.00411377     0.00418701     0.0041748     
0.0041748     0.00413818     0.00427246     0.00405273     
0.00415039     0.00401611     0.00404053     0.00388184     
0.00391846     0.00374756     0.00379639     0.00371094     
0.00366211     0.00356445     0.00369873     0.00358887     
0.00361328     0.00358887     0.00366211     0.00360107     
0.00367432     0.00373535     0.00377197     0.00374756     
0.00379639     0.00378418     0.00378418     0.00389404     
0.00374756     0.00372314     0.00374756     0.00372314     
0.00361328     0.00351563     0.00349121     0.00350342     
0.00334473     0.00336914     0.00339355     0.00339355     
0.00332031     0.00338135     0.003479     0.00350342     
0.00354004     0.00379639     0.0038208     0.00386963     
0.00385742     0.00386963     0.00405273     0.00402832     
0.00411377     0.00405273     0.00421143     0.00407715     
0.00407715     0.00396729     0.00401611     0.00400391     
0.00386963     0.00385742     0.00393066     0.00374756     
0.00371094     0.00367432     0.00369873     0.00377197     
0.00373535     0.00372314     0.00389404     0.00384521     
0.00395508     0.00402832     0.00401611     0.00397949     
0.00393066     0.00396729     0.00394287     0.00383301     
0.00375977     0.00371094     0.00373535     0.00358887     
0.00351563     0.00357666     0.00349121     0.00349121     
0.00336914     0.00345459     0.00349121     0.003479     
0.00334473     0.00339355     0.00341797     0.00332031     
0.00328369     0.00324707     0.00324707     0.00323486     
0.00310059     0.00321045     0.00328369     0.00321045     
0.00324707     0.00316162     0.00336914     0.0032959     
0.00335693     0.00349121     0.00355225     0.00344238     
0.00351563     0.00339355     0.0034668     0.00345459     
0.00345459     0.00341797     0.00349121     0.0032959     
0.00333252     0.00334473     0.00332031     0.00335693     
0.00330811     0.00324707     0.00324707     0.00319824     
0.00313721     0.00299072     0.0029541     0.00297852     
0.00288086     0.00291748     0.00301514     0.00306396     
0.00300293     0.00317383     0.00322266     0.00339355     
0.00343018     0.00354004     0.00357666     0.00362549     
0.0036377     0.00362549     0.00367432     0.00367432     
0.0036377     0.00367432     0.00371094     0.00361328     
0.00358887     0.00360107     0.00368652     0.00351563     
0.00355225     0.00338135     0.00351563     0.00335693     
0.00336914     0.00324707     0.0032959     0.00316162     
0.00317383     0.003125     0.003125     0.00302734     
0.003125     0.00300293     0.00310059     0.003125     
0.00301514     0.00305176     0.00316162     0.00297852     
0.00294189     0.00292969     0.00294189     0.00299072     
0.00290527     0.00292969     0.00294189     0.00297852     
0.00307617     0.00306396     0.00308838     0.00310059     
0.00299072     0.00327148     0.00317383     0.00314941     
0.00316162     0.00310059     0.00308838     0.00308838     
0.00294189     0.00291748     0.00294189     0.00274658     
0.00269775     0.00258789     0.00267334     0.00255127     
0.00250244     0.00245361     0.00267334     0.0024292     
0.00252686     0.00240479     0.00252686     0.00263672     
0.00263672     0.00255127     0.00284424     0.00285645     
0.00290527     0.00284424     0.00301514     0.00306396     
0.00308838     0.00318604     0.00322266     0.00314941     
0.00322266     0.00313721     0.00318604     0.00316162     
0.00296631     0.00301514     0.0029541     0.00288086     
0.00288086     0.00281982     0.00290527     0.00286865     
0.00283203     0.00292969     0.00294189     0.00296631     
0.00303955     0.00292969     0.00300293     0.00300293     
0.0029541     0.00303955     0.00301514     0.0029541     
0.00307617     0.00297852     0.00308838     0.00303955     
0.00300293     0.00300293     0.003125     0.0029541     
0.00302734     0.00283203     0.00294189     0.0027832     
0.00266113     0.00269775     0.002771     0.00263672     
0.0026123     0.00249023     0.00262451     0.00256348     
0.00268555     0.00258789     0.00274658     0.00266113     
0.00262451     0.00266113     0.00270996     0.00257568     
0.00257568     0.0026123     0.00268555     0.00266113     
0.00262451     0.00255127     0.00263672     0.00270996     
0.00263672     0.00273438     0.00275879     0.00285645     
0.00275879     0.00275879     0.00289307     0.00288086     
0.00283203     0.00281982     0.00281982     0.00290527     
0.00283203     0.00263672     0.00285645     0.002771     
0.00274658     0.00273438     0.00299072     0.00285645     
0.00290527     0.00288086     0.00296631     0.00286865     
0.00286865     0.0027832     0.00275879     0.00270996     
0.00267334     0.00247803     0.00257568     0.00262451     
0.00257568     0.00253906     0.00266113     0.00252686     
0.0026123     0.00253906     0.00253906     0.00255127     
0.00258789     0.0026123     0.0026123     0.00264893     
0.00264893     0.00269775     0.00281982     0.00291748     
0.00288086     0.00289307     0.00305176     0.00302734     
0.0029541     0.00303955     0.00300293     0.00294189     
0.0027832     0.00281982     0.00291748     0.00274658     
0.00268555     0.00267334     0.00269775     0.00273438     
0.00264893     0.00269775     0.00294189     0.00283203     
0.00286865     0.00279541     0.0029541     0.00279541     
0.00290527     0.00289307     0.00300293     0.00280762     
0.00284424     0.00273438     0.00274658     0.00266113     
0.0026001     0.0026001     0.00262451     0.00246582     
0.00246582     0.00236816     0.00249023     0.00240479     
0.00228271     0.00240479     0.00244141     0.00231934     
0.00240479     0.00250244     0.00251465     0.00262451     
0.00256348     0.00268555     0.00279541     0.00285645     
0.00283203     0.00297852     0.00294189     0.00308838     
0.00297852     0.00306396     0.00314941     0.00310059     
0.00313721     0.00308838     0.00301514     0.003125     
0.00302734     0.00321045     0.00325928     0.00311279     
0.00324707     0.00324707     0.00341797     0.00340576     
0.00339355     0.00339355     0.00356445     0.00350342     
0.0034668     0.00338135     0.00343018     0.00349121     
0.00341797     0.00336914     0.00341797     0.00324707     
0.00319824     0.00307617     0.00316162     0.00318604     
0.003125     0.00314941     0.00318604     0.00323486     
0.00327148     0.0032959     0.003479     0.00360107     
0.00344238     0.00358887     0.00377197     0.00378418     
0.00373535     0.00367432     0.00379639     0.00375977     
0.00374756     0.00383301     0.00377197     0.00377197     
0.00377197     0.0036377     0.00367432     0.00357666     
0.00341797     0.0034668     0.00330811     0.00316162     
0.003125     0.00290527     0.00294189     0.00289307     
0.002771     0.002771     0.00294189     0.00270996     
0.00281982     0.00272217     0.00280762     0.00270996     
0.00264893     0.00273438     0.002771     0.00274658     
0.00275879     0.00279541     0.00292969     0.00297852     
0.00300293     0.00310059     0.0032959     0.00327148     
0.00336914     0.00350342     0.00357666     0.0036377     
0.00371094     0.00379639     0.00395508     0.00394287     
0.00388184     0.00386963     0.00394287     0.00401611     
0.00385742     0.00388184     0.0038208     0.00379639     
0.00362549     0.00357666     0.00354004     0.00349121     
0.00328369     0.00328369     0.00325928     0.00313721     
0.00292969     0.00291748     0.00302734     0.00291748     
0.00291748     0.00296631     0.00301514     0.0029541     
0.00303955     0.00283203     0.00305176     0.00300293     
0.00290527     0.0027832     0.00285645     0.00286865     
0.00281982     0.00269775     0.00263672     0.00275879     
0.00268555     0.00269775     0.0027832     0.00274658     
0.00281982     0.00269775     0.00266113     0.002771     
0.00266113     0.00264893     0.00270996     0.00257568     
0.0026001     0.00252686     0.00251465     0.00256348     
0.00241699     0.00247803     0.00252686     0.00245361     
0.00238037     0.00240479     0.00247803     0.00241699     
0.00234375     0.0024292     0.00245361     0.00245361     
0.00245361     0.0024292     0.00257568     0.00267334     
0.00264893     0.00274658     0.00292969     0.00290527     
0.00290527     0.00297852     0.00302734     0.00299072     
0.00297852     0.00302734     0.00318604     0.00294189     
0.00300293     0.00292969     0.00296631     0.00284424     
0.00291748     0.00288086     0.00296631     0.00281982     
0.00292969     0.00288086     0.00290527     0.00290527     
0.00290527     0.00299072     0.00301514     0.00301514     
0.00301514     0.0029541     0.00297852     0.00306396     
0.00292969     0.0029541     0.00303955     0.00308838     
0.0029541     0.00292969     0.00299072     0.00306396     
0.00285645     0.00302734     0.00299072     0.00294189     
0.00291748     0.00291748     0.00292969     0.00306396     
0.00291748     0.00303955     0.00316162     0.003125     
0.00318604     0.00316162     0.00324707     0.00323486     
0.00321045     0.00310059     0.00324707     0.00313721     
0.00310059     0.00296631     0.00301514     0.00294189     
0.00291748     0.00280762     0.00289307     0.00280762     
0.00291748     0.00280762     0.00285645     0.00289307     
0.00286865     0.00291748     0.00302734     0.00299072     
0.00299072     0.00294189     0.00297852     0.00306396     
0.00301514     0.00291748     0.00300293     0.00294189     
0.00280762     0.00281982     0.00272217     0.00283203     
0.00269775     0.00268555     0.00266113     0.00275879     
0.00284424     0.00280762     0.00299072     0.00301514     
0.00305176     0.00318604     0.00323486     0.00322266     
0.00316162     0.00310059     0.00310059     0.0029541     
0.00274658     0.00264893     0.00263672     0.00231934     
0.00217285     0.00203857     0.00213623     0.00198975     
0.0019165     0.00203857     0.00203857     0.0019043     
0.00206299     0.00212402     0.00222168     0.00222168     
0.00214844     0.00219727     0.00228271     0.0022583     
0.00223389     0.00217285     0.00220947     0.00219727     
0.00202637     0.0020752     0.00202637     0.00198975     
0.0019043     0.00174561     0.00185547     0.00187988     
0.00180664     0.00189209     0.00196533     0.00209961     
0.00202637     0.00212402     0.00218506     0.00234375     
0.00229492     0.00238037     0.00245361     0.00239258     
0.00229492     0.00229492     0.00220947     0.00216064     
0.00205078     0.00201416     0.00205078     0.00189209     
0.00197754     0.00178223     0.00189209     0.00187988     
0.00194092     0.00198975     0.00206299     0.00206299     
0.00213623     0.00205078     0.00219727     0.00224609     
0.00218506     0.00229492     0.00239258     0.00227051     
0.00230713     0.00240479     0.00235596     0.00236816     
0.00238037     0.00246582     0.00252686     0.00247803     
0.00231934     0.00228271     0.00224609     0.00219727     
0.00203857     0.00202637     0.00201416     0.00184326     
0.00175781     0.00169678     0.0017334     0.00183105     
0.00169678     0.00189209     0.00197754     0.00198975     
0.00200195     0.0020874     0.0020874     0.00216064     
0.00218506     0.00227051     0.00239258     0.00223389     
0.00224609     0.00228271     0.00233154     0.00228271     
0.0024292     0.00231934     0.00240479     0.00229492     
0.00229492     0.00223389     0.00236816     0.00227051     
0.00218506     0.00223389     0.00235596     0.00220947     
0.00219727     0.00209961     0.0022583     0.00217285     
0.00209961     0.00213623     0.0022583     0.00216064     
0.00213623     0.00219727     0.00223389     0.00233154     
0.00224609     0.00231934     0.00246582     0.00231934     
0.00236816     0.00236816     0.00234375     0.00240479     
0.0022583     0.00228271     0.00234375     0.00220947     
0.00222168     0.00212402     0.00223389     0.00228271     
0.0020874     0.00217285     0.00236816     0.00222168     
0.00230713     0.00224609     0.00240479     0.0024292     
0.00247803     0.00251465     0.00263672     0.00256348     
0.00266113     0.00249023     0.0026001     0.00264893     
0.00255127     0.00246582     0.00256348     0.00249023     
0.00241699     0.00231934     0.00245361     0.00235596     
0.00241699     0.0024292     0.00245361     0.00249023     
0.00239258     0.00239258     0.0024292     0.00250244     
0.00252686     0.0024292     0.00252686     0.00247803     
0.00249023     0.00236816     0.00241699     0.00236816     
0.00228271     0.00239258     0.00234375     0.00240479     
0.00236816     0.00234375     0.00240479     0.00240479     
0.00238037     0.00255127     0.00257568     0.00253906     
0.00263672     0.00256348     0.00262451     0.00264893     
0.00252686     0.00250244     0.00252686     0.00240479     
0.00244141     0.00230713     0.00236816     0.00228271     
0.00233154     0.00239258     0.00252686     0.00236816     
0.00246582     0.0024292     0.0026123     0.00255127     
0.00257568     0.00266113     0.0027832     0.00263672     
0.00262451     0.00272217     0.00257568     0.00263672     
0.0026123     0.00258789     0.00258789     0.0026123     
0.00241699     0.00234375     0.00238037     0.0024292     
0.00236816     0.00234375     0.00236816     0.00241699     
0.00240479     0.00236816     0.00235596     0.00224609     
0.00217285     0.00218506     0.00213623     0.00209961     
0.00197754     0.00178223     0.00194092     0.00179443     
0.00174561     0.00164795     0.00175781     0.00164795     
0.00164795     0.00153809     0.00167236     0.00166016     
0.00164795     0.00159912     0.00168457     0.0015625     
0.00163574     0.00161133     0.00178223     0.00167236     
0.00168457     0.00174561     0.00180664     0.00164795     
0.00180664     0.00178223     0.00178223     0.0019165     
0.00186768     0.00172119     0.00200195     0.00202637     
0.00194092     0.00203857     0.00216064     0.00233154     
0.00235596     0.00251465     0.00268555     0.00283203     
0.00283203     0.00286865     0.00297852     0.00310059     
0.00303955     0.00297852     0.00300293     0.00294189     
0.00288086     0.002771     0.00267334     0.0027832     
0.00274658     0.00274658     0.00290527     0.00284424     
0.00284424     0.00284424     0.0029541     0.00299072     
0.00299072     0.00294189     0.00311279     0.00292969     
0.00297852     0.00285645     0.00289307     0.00281982     
0.00281982     0.002771     0.00280762     0.00268555     
0.002771     0.002771     0.00281982     0.00283203     
0.00280762     0.00299072     0.00310059     0.00306396     
0.00300293     0.00308838     0.00317383     0.00310059     
0.00302734     0.00316162     0.00310059     0.00301514     
0.00300293     0.00284424     0.00280762     0.00292969     
0.00267334     0.00266113     0.00264893     0.00256348     
0.00253906     0.00251465     0.0024292     0.00252686     
0.00235596     0.00233154     0.00245361     0.00231934     
0.00239258     0.00228271     0.00222168     0.00220947     
0.00220947     0.00222168     0.00238037     0.00228271     
0.00233154     0.00230713     0.00240479     0.00258789     
0.00256348     0.00258789     0.00267334     0.00268555     
0.00272217     0.00263672     0.0026001     0.00251465     
0.00255127     0.00245361     0.00236816     0.00231934     
0.00234375     0.00218506     0.00212402     0.00229492     
0.00202637     0.00209961     0.00222168     0.0020874     
0.0019165     0.00195313     0.00200195     0.00205078     
0.00180664     0.00184326     0.00185547     0.00181885     
0.00172119     0.00163574     0.00169678     0.00161133     
0.0015625     0.00166016     0.00169678     0.00168457     
0.00172119     0.00170898     0.00187988     0.00205078     
0.00202637     0.00206299     0.00228271     0.0022583     
0.00234375     0.0022583     0.00236816     0.00219727     
0.00213623     0.00214844     0.00216064     0.00194092     
0.00192871     0.00178223     0.0019043     0.00174561     
0.00175781     0.00178223     0.00197754     0.00185547     
0.00189209     0.00194092     0.00198975     0.00209961     
0.0020874     0.00213623     0.00217285     0.00218506     
0.00220947     0.00216064     0.00217285     0.00233154     
0.00227051     0.0022583     0.00231934     0.00228271     
0.00218506     0.00223389     0.00224609     0.00218506     
0.00211182     0.0020752     0.00197754     0.00195313     
0.00186768     0.00175781     0.00180664     0.00183105     
0.00163574     0.00164795     0.00177002     0.0015625     
0.00167236     0.00141602     0.00158691     0.00150146     
0.00141602     0.00144043     0.00153809     0.00141602     
0.00134277     0.00126953     0.00142822     0.00134277     
0.00128174     0.00140381     0.00150146     0.00144043     
0.00155029     0.00148926     0.0015625     0.00170898     
0.00163574     0.00166016     0.00172119     0.00180664     
0.00174561     0.00168457     0.00174561     0.00178223     
0.00175781     0.0017334     0.00178223     0.00177002     
0.0017334     0.00174561     0.00179443     0.00184326     
0.00179443     0.00181885     0.00205078     0.00185547     
0.00185547     0.00195313     0.00192871     0.0019043     
0.00187988     0.0019165     0.00198975     0.00186768     
0.00181885     0.00175781     0.00186768     0.00174561     
0.00175781     0.00169678     0.00187988     0.00169678     
0.00166016     0.00166016     0.00179443     0.00159912     
0.00166016     0.00164795     0.00183105     0.00166016     
0.00159912     0.00157471     0.00170898     0.00175781     
0.00150146     0.00146484     0.00153809     0.00144043     
0.00136719     0.00125732     0.00134277     0.00135498     
0.00113525     0.00115967     0.00125732     0.0012207     
0.0012085     0.00118408     0.00126953     0.00124512     
0.00117188     0.00129395     0.00137939     0.00136719     
0.00144043     0.00136719     0.00152588     0.00158691     
0.00150146     0.00161133     0.00177002     0.00178223     
0.00181885     0.00187988     0.00200195     0.0020752     
0.00218506     0.00219727     0.00241699     0.00235596     
0.00245361     0.00238037     0.00239258     0.00240479     
0.00231934     0.00219727     0.00228271     0.00212402     
0.0020874     0.00187988     0.00196533     0.00179443     
0.00178223     0.00162354     0.00167236     0.00168457     
0.00145264     0.00146484     0.00158691     0.00159912     
0.0013916     0.00161133     0.00185547     0.00174561     
0.00184326     0.0019165     0.00205078     0.00220947     
0.00220947     0.0024292     0.00245361     0.00252686     
0.00246582     0.00246582     0.00246582     0.00251465     
0.00241699     0.00244141     0.00240479     0.00227051     
0.00224609     0.00203857     0.00218506     0.0020874     
0.00205078     0.0019043     0.00201416     0.00180664     
0.00184326     0.00167236     0.00178223     0.00181885     
0.00170898     0.0017334     0.00179443     0.0017334     
0.0017334     0.00166016     0.00177002     0.00178223     
0.00169678     0.00169678     0.00185547     0.00179443     
0.00174561     0.00179443     0.00186768     0.00181885     
0.00178223     0.00186768     0.00180664     0.00183105     
0.0019043     0.00183105     0.00184326     0.0019165     
0.00189209     0.00192871     0.00195313     0.0019165     
0.00187988     0.0019043     0.00196533     0.0019043     
0.00187988     0.00196533     0.00196533     0.00202637     
0.00200195     0.00196533     0.00202637     0.00212402     
0.00213623     0.00218506     0.0022583     0.00205078     
0.00213623     0.0019043     0.00202637     0.00198975     
0.00178223     0.00177002     0.00186768     0.00174561     
0.00179443     0.00168457     0.00181885     0.00183105     
0.00186768     0.00192871     0.00205078     0.00203857     
0.00212402     0.00223389     0.00236816     0.0024292     
0.00256348     0.00262451     0.00275879     0.00275879     
0.00280762     0.00274658     0.00273438     0.00279541     
0.00268555     0.00262451     0.0026001     0.0024292     
0.00233154     0.00227051     0.00213623     0.0020874     
0.00192871     0.00183105     0.00177002     0.00170898     
0.00162354     0.00162354     0.00162354     0.00162354     
0.00168457     0.0017334     0.00189209     0.00189209     
0.00192871     0.00200195     0.00219727     0.00201416     
0.00209961     0.00213623     0.00217285     0.0020874     
0.0020874     0.00198975     0.00209961     0.00197754     
0.00175781     0.00183105     0.00198975     0.0017334     
0.00177002     0.00179443     0.00187988     0.00197754     
0.0019043     0.00206299     0.00220947     0.0020752     
0.00216064     0.00220947     0.00214844     0.00222168     
0.00209961     0.0020874     0.00205078     0.00201416     
0.00195313     0.00187988     0.00181885     0.00179443     
0.00167236     0.00164795     0.00169678     0.00158691     
0.00150146     0.00146484     0.00140381     0.0013916     
0.00136719     0.00134277     0.00135498     0.00125732     
0.00129395     0.00114746     0.0012207     0.00129395     
0.00128174     0.0012085     0.00135498     0.00125732     
0.00128174     0.00115967     0.00124512     0.00124512     
0.00119629     0.00108643     0.00124512     0.00113525     
0.00108643     0.000976563     0.00112305     0.00106201     
0.00108643     0.00108643     0.00109863     0.00114746     
0.00114746     0.00115967     0.00131836     0.00136719     
0.00131836     0.00146484     0.00152588     0.00155029     
0.0015625     0.00159912     0.00167236     0.00170898     
0.00150146     0.00159912     0.00164795     0.00166016     
0.00166016     0.00153809     0.00168457     0.00178223     
0.00158691     0.0017334     0.00183105     0.00181885     
0.00181885     0.00179443     0.0019165     0.00186768     
0.00192871     0.00183105     0.00200195     0.00181885     
0.00192871     0.00175781     0.00183105     0.00181885     
0.00185547     0.00186768     0.0019165     0.00180664     
0.00181885     0.00177002     0.00189209     0.00186768     
0.00187988     0.00187988     0.00203857     0.00189209     
0.00194092     0.00196533     0.00197754     0.00200195     
0.00197754     0.00197754     0.00205078     0.00196533     
0.00192871     0.00187988     0.00194092     0.00189209     
0.00184326     0.00189209     0.00189209     0.00186768     
0.00177002     0.0017334     0.00168457     0.00164795     
0.00157471     0.00157471     0.00166016     0.00158691     
0.00146484     0.00152588     0.00152588     0.0015625     
0.00157471     0.00164795     0.00180664     0.00166016     
0.00174561     0.00172119     0.00184326     0.00183105     
0.00186768     0.00180664     0.0019165     0.00194092     
0.00187988     0.00170898     0.00180664     0.00175781     
0.00177002     0.00174561     0.00185547     0.00172119     
0.00177002     0.00174561     0.00185547     0.00178223     
0.00169678     0.00174561     0.00179443     0.00172119     
0.00175781     0.0017334     0.00177002     0.00179443     
0.00170898     0.00180664     0.00192871     0.00177002     
0.00172119     0.00179443     0.00172119     0.00167236     
0.00168457     0.00161133     0.00152588     0.00147705     
0.00137939     0.00130615     0.00133057     0.00130615     
0.00126953     0.00125732     0.00137939     0.00125732     
0.00141602     0.00130615     0.00147705     0.00141602     
0.00150146     0.00144043     0.00155029     0.00140381     
0.00141602     0.00137939     0.00133057     0.00126953     
0.00124512     0.0012207     0.00125732     0.0012085     
0.00126953     0.00108643     0.00135498     0.00136719     
0.00130615     0.00137939     0.00161133     0.00162354     
0.00164795     0.00163574     0.00172119     0.00177002     
0.00167236     0.00169678     0.00175781     0.00170898     
0.00168457     0.00167236     0.00168457     0.00170898     
0.00164795     0.00179443     0.00192871     0.00168457     
0.00175781     0.00177002     0.00172119     0.00170898     
0.00157471     0.00161133     0.00163574     0.00150146     
0.00152588     0.00145264     0.00145264     0.00147705     
0.00145264     0.00145264     0.00159912     0.00158691     
0.00157471     0.00145264     0.00177002     0.00172119     
0.00153809     0.00152588     0.00168457     0.00163574     
0.00147705     0.00145264     0.00151367     0.00142822     
0.00147705     0.00140381     0.00136719     0.00137939     
0.00135498     0.0012207     0.00128174     0.00133057     
0.00123291     0.00124512     0.0013916     0.00134277     
0.00135498     0.00134277     0.00137939     0.0015625     
0.00142822     0.00146484     0.00155029     0.00152588     
0.00147705     0.00142822     0.00137939     0.0013916     
0.00131836     0.00131836     0.00136719     0.00123291     
0.00126953     0.00112305     0.00118408     0.00117188     
0.00112305     0.00108643     0.00118408     0.00109863     
0.0012085     0.00108643     0.0012085     0.00125732     
0.00118408     0.00133057     0.00140381     0.00130615     
0.00137939     0.00145264     0.00163574     0.00161133     
0.00175781     0.00175781     0.00185547     0.00180664     
0.00185547     0.00186768     0.00195313     0.00200195     
0.00195313     0.00202637     0.00200195     0.00200195     
0.00194092     0.00194092     0.0019165     0.00196533     
0.00180664     0.00178223     0.00175781     0.00169678     
0.00159912     0.00166016     0.00157471     0.00150146     
0.00150146     0.0015625     0.00155029     0.00167236     
0.00153809     0.00161133     0.00167236     0.00167236     
0.0017334     0.00172119     0.00174561     0.00168457     
0.00167236     0.00142822     0.00153809     0.00141602     
0.00133057     0.00114746     0.00114746     0.00113525     
0.00101318     0.000927734     0.00102539     0.000915527     
0.000891113     0.000854492     0.00107422     0.000976563     
0.00101318     0.00113525     0.00118408     0.00129395     
0.0012207     0.00136719     0.00133057     0.00136719     
0.00136719     0.00128174     0.00134277     0.00133057     
0.00133057     0.00133057     0.00152588     0.00147705     
0.00146484     0.00157471     0.00163574     0.00170898     
0.0017334     0.0019043     0.0019165     0.00184326     
0.00189209     0.00195313     0.00181885     0.00189209     
0.0019043     0.00181885     0.0019043     0.0019043     
0.0019165     0.00186768     0.00209961     0.00206299     
0.00213623     0.00213623     0.00246582     0.00239258     
0.00240479     0.00252686     0.00267334     0.00263672     
0.0026123     0.00252686     0.00272217     0.00255127     
0.00252686     0.00245361     0.00244141     0.00241699     
0.00231934     0.00214844     0.0022583     0.00213623     
0.00205078     0.00194092     0.00195313     0.00197754     
0.00179443     0.00189209     0.00203857     0.00187988     
0.00192871     0.00196533     0.00192871     0.00209961     
0.00200195     0.00205078     0.00209961     0.00200195     
0.00196533     0.00185547     0.00184326     0.00184326     
0.00174561     0.00174561     0.0019165     0.00179443     
0.00181885     0.00177002     0.00185547     0.00183105     
0.00185547     0.00192871     0.00212402     0.00202637     
0.00202637     0.0019165     0.0020752     0.00203857     
0.00197754     0.00185547     0.0019043     0.00178223     
0.0017334     0.00158691     0.00163574     0.00159912     
0.00152588     0.00157471     0.00161133     0.00157471     
0.00167236     0.00159912     0.00181885     0.00187988     
0.00170898     0.00178223     0.00183105     0.00186768     
0.00174561     0.00163574     0.0015625     0.0017334     
0.00158691     0.00158691     0.00142822     0.00147705     
0.00153809     0.0013916     0.00148926     0.00152588     
0.0015625     0.00159912     0.00159912     0.00158691     
0.00161133     0.00142822     0.00147705     0.00141602     
0.00134277     0.00136719     0.00141602     0.00129395     
0.00136719     0.00119629     0.00134277     0.00133057     
0.00130615     0.00135498     0.00137939     0.00123291     
0.00128174     0.00123291     0.00126953     0.00115967     
0.00112305     0.00107422     0.00119629     0.00109863     
0.00107422     0.00101318     0.00114746     0.00114746     
0.00107422     0.0013916     0.0013916     0.00135498     
0.00152588     0.00153809     0.00158691     0.00159912     
0.00159912     0.00167236     0.00163574     0.00169678     
0.00159912     0.00157471     0.0015625     0.00158691     
0.00158691     0.00162354     0.00167236     0.00170898     
0.00177002     0.0015625     0.00164795     0.00167236     
0.00161133     0.00152588     0.00152588     0.00146484     
0.0013916     0.00125732     0.00137939     0.00123291     
0.00109863     0.00113525     0.0012085     0.00109863     
0.0010498     0.00090332     0.00107422     0.00102539     
0.0010498     0.00098877     0.00114746     0.00101318     
0.00118408     0.00112305     0.0012085     0.00129395     
0.00124512     0.00140381     0.0013916     0.00147705     
0.00141602     0.00147705     0.00148926     0.00150146     
0.00144043     0.00147705     0.00152588     0.00140381     
0.00137939     0.00133057     0.00126953     0.00128174     
0.00124512     0.00115967     0.00117188     0.00107422     
0.00098877     0.000952148     0.000842285     0.000805664     
0.000756836     0.000671387     0.000817871     0.000744629     
0.000708008     0.000622559     0.000769043     0.000756836     
0.000854492     0.000805664     0.00098877     0.00108643     
0.00113525     0.00115967     0.00136719     0.0013916     
0.0013916     0.00153809     0.00164795     0.00164795     
0.00163574     0.00159912     0.00170898     0.00177002     
0.00168457     0.00169678     0.00179443     0.00179443     
0.0017334     0.00174561     0.00161133     0.00163574     
0.00152588     0.00147705     0.00136719     0.00123291     
0.00112305     0.0010376     0.00102539     0.0010498     
0.000927734     0.00098877     0.0010376     0.000939941     
0.0010376     0.0010376     0.00106201     0.00114746     
0.000976563     0.00109863     0.00118408     0.00108643     
0.00098877     0.000976563     0.000976563     0.000964355     
0.00106201     0.000878906     0.00111084     0.00098877     
0.00114746     0.0010498     0.00117188     0.00126953     
0.0012085     0.00115967     0.0013916     0.00129395     
0.00137939     0.0012207     0.00142822     0.00141602     
0.00134277     0.00137939     0.00147705     0.00145264     
0.00151367     0.00145264     0.00148926     0.00158691     
0.00147705     0.00147705     0.00151367     0.00155029     
0.00148926     0.00137939     0.00159912     0.00163574     
0.00150146     0.00163574     0.00169678     0.00166016     
0.00163574     0.00166016     0.00168457     0.00167236     
0.00161133     0.00167236     0.00161133     0.00152588     
0.00150146     0.00136719     0.00147705     0.00145264     
0.00130615     0.00133057     0.00147705     0.00135498     
0.0013916     0.00118408     0.00135498     0.00130615     
0.00129395     0.00126953     0.0013916     0.00119629     
0.00126953     0.00111084     0.00130615     0.00141602     
0.00133057     0.00137939     0.00157471     0.00151367     
0.00152588     0.00151367     0.00155029     0.00155029     
0.00147705     0.00145264     0.00147705     0.00136719     
0.00136719     0.00118408     0.0012085     0.0012207     
0.0010376     0.00106201     0.00109863     0.00111084     
0.00107422     0.000952148     0.00114746     0.00109863     
0.00109863     0.00129395     0.00129395     0.00136719     
0.00134277     0.00135498     0.00147705     0.00152588     
0.00155029     0.00150146     0.0015625     0.00146484     
0.00152588     0.00135498     0.00144043     0.00136719     
0.00146484     0.00136719     0.00150146     0.00155029     
0.00158691     0.00145264     0.00164795     0.00175781     
0.00186768     0.00181885     0.00205078     0.00187988     
0.00198975     0.0019043     0.00196533     0.00196533     
0.00187988     0.00186768     0.00192871     0.00198975     
0.00181885     0.00186768     0.00194092     0.00185547     
0.00183105     0.00194092     0.00196533     0.00196533     
0.00194092     0.00187988     0.00186768     0.00198975     
0.00189209     0.00189209     0.00183105     0.00185547     
0.0017334     0.00172119     0.0017334     0.00170898     
0.00164795     0.00152588     0.00161133     0.00157471     
0.00159912     0.00147705     0.00163574     0.00150146     
0.00155029     0.00155029     0.00170898     0.00148926     
0.00158691     0.00155029     0.00161133     0.00150146     
0.00145264     0.00137939     0.00144043     0.00123291     
0.0012207     0.00112305     0.00111084     0.0010376     
0.00098877     0.00101318     0.00111084     0.00101318     
0.00102539     0.00109863     0.00124512     0.00125732     
0.00129395     0.00142822     0.00158691     0.00159912     
0.00166016     0.00170898     0.00175781     0.0019043     
0.00183105     0.00196533     0.0020752     0.00195313     
0.00206299     0.00203857     0.0020752     0.00216064     
0.0020874     0.00216064     0.00223389     0.00224609     
0.00217285     0.00211182     0.00217285     0.0020752     
0.00206299     0.00197754     0.00213623     0.00196533     
0.00194092     0.00185547     0.0019043     0.00194092     
0.00192871     0.00189209     0.0019043     0.00196533     
0.00196533     0.00178223     0.00187988     0.00185547     
0.00185547     0.00181885     0.00185547     0.00175781     
0.00175781     0.00166016     0.00175781     0.00169678     
0.00170898     0.00179443     0.00180664     0.00183105     
0.00189209     0.00185547     0.00189209     0.00196533     
0.00196533     0.00194092     0.0019165     0.00194092     
0.00185547     0.00174561     0.00174561     0.00168457     
0.00148926     0.00157471     0.00159912     0.00146484     
0.00147705     0.00144043     0.00155029     0.00152588     
0.00153809     0.0015625     0.00183105     0.00170898     
0.00185547     0.00192871     0.00206299     0.00209961     
0.00212402     0.00209961     0.00220947     0.0020874     
0.00206299     0.00192871     0.00196533     0.00186768     
0.00174561     0.00166016     0.00179443     0.00164795     
0.00150146     0.0015625     0.0015625     0.00147705     
0.0013916     0.00140381     0.00145264     0.00136719     
0.00135498     0.00130615     0.0012207     0.00129395     
0.00123291     0.00125732     0.00117188     0.00125732     
0.00112305     0.0012085     0.00128174     0.00129395     
0.00126953     0.0013916     0.00144043     0.00144043     
0.00153809     0.00152588     0.00162354     0.00166016     
0.00162354     0.00174561     0.00187988     0.00178223     
0.00185547     0.0017334     0.00195313     0.00186768     
0.00183105     0.00178223     0.00187988     0.00186768     
0.00181885     0.00167236     0.00175781     0.00162354     
0.00157471     0.00145264     0.00151367     0.00130615     
0.00128174     0.00113525     0.000976563     0.0010376     
0.0010498     0.000891113     0.000927734     0.00100098     
0.000939941     0.000939941     0.00106201     0.00117188     
0.00117188     0.00131836     0.00137939     0.00152588     
0.00148926     0.00153809     0.00153809     0.0017334     
0.00162354     0.0015625     0.0017334     0.00170898     
0.00158691     0.00164795     0.00169678     0.00167236     
0.00163574     0.00172119     0.00183105     0.00177002     
0.00172119     0.00163574     0.00175781     0.00162354     
0.00166016     0.00159912     0.00159912     0.00144043     
0.0013916     0.00128174     0.00119629     0.00111084     
0.00098877     0.000915527     0.000927734     0.000708008     
0.00078125     0.000622559     0.000744629     0.000695801     
0.000671387     0.000732422     0.000793457     0.000817871     
0.000842285     0.000805664     0.000878906     0.000927734     
0.000793457     0.000817871     0.000805664     0.000732422     
0.000805664     0.000646973     0.000683594     0.00078125     
0.000561523     0.000598145     0.000646973     0.000598145     
0.000488281     0.000598145     0.000671387     0.000720215     
0.000598145     0.000695801     0.000854492     0.000756836     
0.000671387     0.000732422     0.000622559     0.000610352     
0.000695801     0.000610352     0.000732422     0.000598145     
0.00065918     0.000537109     0.000671387     0.000720215     
0.000732422     0.000793457     0.000878906     0.00100098     
0.00102539     0.00100098     0.00115967     0.00112305     
0.00124512     0.00118408     0.0012207     0.00115967     
0.0012207     0.00111084     0.0012207     0.00117188     
0.00107422     0.00123291     0.00130615     0.0012207     
0.00126953     0.00126953     0.00141602     0.00135498     
0.0013916     0.00147705     0.00150146     0.00150146     
0.00162354     0.0015625     0.00164795     0.0017334     
0.00163574     0.00177002     0.00185547     0.00177002     
0.00177002     0.0017334     0.00175781     0.00175781     
0.00168457     0.00170898     0.00189209     0.00169678     
0.00184326     0.00167236     0.00170898     0.00166016     
0.00158691     0.00153809     0.00152588     0.00137939     
0.00136719     0.00117188     0.00133057     0.00124512     
0.00112305     0.00106201     0.00124512     0.00113525     
0.00111084     0.00112305     0.00133057     0.00126953     
0.00114746     0.0012207     0.00130615     0.00136719     
0.00129395     0.0012207     0.00133057     0.00141602     
0.00146484     0.00157471     0.00152588     0.00147705     
0.0015625     0.00151367     0.00145264     0.00150146     
0.00142822     0.00129395     0.00128174     0.00119629     
0.0010376     0.000830078     0.000830078     0.000671387     
0.000561523     0.00045166     0.000500488     0.000390625     
0.000390625     0.00032959     0.000500488     0.000390625     
0.000476074     0.000561523     0.000671387     0.000732422     
0.000695801     0.000671387     0.000805664     0.000744629     
0.000732422     0.000683594     0.000793457     0.000646973     
0.000720215     0.000634766     0.000720215     0.000830078     
0.000769043     0.000805664     0.000878906     0.000866699     
0.000927734     0.000915527     0.000927734     0.000964355     
0.000952148     0.000915527     0.00102539     0.000952148     
0.000952148     0.00101318     0.000939941     0.00107422     
0.00113525     0.00100098     0.00111084     0.00118408     
0.00113525     0.00114746     0.00112305     0.00114746     
0.0010498     0.0010376     0.00107422     0.000915527     
0.000842285     0.000756836     0.000744629     0.000634766     
0.000708008     0.000622559     0.000744629     0.000646973     
0.000671387     0.000695801     0.000805664     0.000878906     
0.000842285     0.000891113     0.000952148     0.000854492     
0.000915527     0.00078125     0.000939941     0.000891113     
0.00078125     0.000842285     0.000830078     0.000695801     
0.000744629     0.00065918     0.000646973     0.000756836     
0.000634766     0.000622559     0.000683594     0.000646973     

