Source : transient; Time : Wed Jun 14 08:36:41 2017
B0 = 3584.000000 Gauss, mw = 9.686281 GHz
 NDI-T2 sa261 20/2 42/25 523nm/1mJ
1 5000 -1.001e-06 8.997e-06 0 0
s                        V                                                 
0.000109863     -3.66211e-05     -4.88281e-05     7.32422e-05     
-4.88281e-05     -8.54492e-05     3.66211e-05     0     
2.44141e-05     6.10352e-05     0.000134277     0.000366211     
0.000292969     0.000366211     0.000292969     0.000378418     
0.000549316     0.000378418     0.000415039     0.000561523     
0.000488281     0.000366211     0.000292969     0.000463867     
0.000378418     0.000244141     0.000195313     0.00032959     
0.000244141     0.000134277     0.000109863     0.000134277     
0.000195313     2.44141e-05     0     0.000231934     
0.000268555     0.000244141     0.000146484     0.000292969     
0.000402832     0.000378418     0.00032959     0.000537109     
0.000598145     0.000463867     0.000537109     0.00065918     
0.000708008     0.000610352     0.000512695     0.000634766     
0.000634766     0.000537109     0.000537109     0.00057373     
0.000561523     0.000341797     0.000439453     0.000524902     
0.000415039     0.000292969     9.76563e-05     0.000183105     
3.66211e-05     -8.54492e-05     -3.66211e-05     -7.32422e-05     
0     -0.000109863     -9.76563e-05     2.44141e-05     
0     -1.2207e-05     4.88281e-05     0.000195313     
0.000195313     0.000158691     0.00020752     0.000183105     
0.000280762     0.000280762     0.000280762     0.000390625     
0.000402832     0.000366211     0.000354004     0.000634766     
0.000598145     0.000585938     0.000671387     0.000976563     
0.000891113     0.000720215     0.000854492     0.000805664     
0.000878906     0.000695801     0.000598145     0.000683594     
0.000549316     0.00032959     0.000317383     0.000317383     
0.000219727     4.88281e-05     0.000134277     0.000183105     
0.000158691     0.000109863     3.66211e-05     0.000219727     
0.000146484     0.000134277     3.66211e-05     0.000195313     
9.76563e-05     -3.66211e-05     -1.2207e-05     3.66211e-05     
0.000158691     0     -1.2207e-05     0.000183105     
0.000134277     3.66211e-05     -1.2207e-05     8.54492e-05     
0.000170898     6.10352e-05     0.000109863     0.000244141     
0.000244141     0.000268555     0.000366211     0.000585938     
0.000598145     0.000683594     0.000708008     0.000854492     
0.000952148     0.000842285     0.000939941     0.00102539     
0.00107422     0.000939941     0.00109863     0.00118408     
0.00107422     0.000964355     0.00102539     0.0010498     
0.000964355     0.000769043     0.000744629     0.000756836     
0.00065918     0.000439453     0.000354004     0.000415039     
0.000280762     0.000292969     0.000134277     0.000427246     
0.000354004     0.000305176     0.000354004     0.000390625     
0.00045166     0.00032959     0.000463867     0.000585938     
0.000402832     0.000415039     0.000378418     0.000402832     
0.000427246     0.000244141     0.000317383     0.000366211     
0.000378418     0.000183105     0.000219727     0.000378418     
0.000463867     0.000378418     0.000500488     0.000805664     
0.000769043     0.000756836     0.000964355     0.00108643     
0.00115967     0.0010376     0.00117188     0.00113525     
0.00109863     0.00108643     0.000927734     0.00108643     
0.00098877     0.000854492     0.000891113     0.00102539     
0.000976563     0.000915527     0.000976563     0.00098877     
0.0010498     0.00100098     0.000952148     0.00109863     
0.000817871     0.000756836     0.000683594     0.000695801     
0.000683594     0.000390625     0.000402832     0.000488281     
0.000488281     0.000292969     0.000268555     0.000439453     
0.00045166     0.00045166     0.000488281     0.000695801     
0.000732422     0.000683594     0.000732422     0.000830078     
0.000842285     0.000671387     0.000671387     0.000756836     
0.000720215     0.000549316     0.000488281     0.00045166     
0.000439453     0.000305176     0.000341797     0.000378418     
0.000439453     0.000354004     0.000427246     0.000463867     
0.000537109     0.000537109     0.00057373     0.00065918     
0.000708008     0.000634766     0.000524902     0.000610352     
0.00078125     0.000622559     0.00065918     0.000744629     
0.000720215     0.000830078     0.00065918     0.000927734     
0.000915527     0.000854492     0.00106201     0.00114746     
0.00124512     0.0010376     0.00108643     0.00119629     
0.00106201     0.00090332     0.000952148     0.00107422     
0.000952148     0.000793457     0.000744629     0.000830078     
0.000708008     0.000488281     0.000537109     0.000549316     
0.000537109     0.000402832     0.000390625     0.000476074     
0.000427246     0.000292969     0.000280762     0.000512695     
0.000439453     0.000317383     0.000463867     0.000476074     
0.000463867     0.000463867     0.000378418     0.000524902     
0.000537109     0.000427246     0.000427246     0.000512695     
0.000512695     0.000415039     0.000488281     0.000598145     
0.000524902     0.000512695     0.000488281     0.000769043     
0.000634766     0.000720215     0.00078125     0.000952148     
0.000964355     0.000793457     0.00098877     0.00100098     
0.000952148     0.000952148     0.000927734     0.000952148     
0.00090332     0.000854492     0.00065918     0.000683594     
0.000683594     0.000524902     0.000378418     0.00045166     
0.000512695     0.000378418     0.000341797     0.000439453     
0.000415039     0.000366211     0.000378418     0.000524902     
0.00045166     0.000378418     0.000402832     0.000476074     
0.000646973     0.000476074     0.000537109     0.000769043     
0.000683594     0.000561523     0.000537109     0.000671387     
0.00057373     0.000439453     0.000488281     0.000476074     
0.00045166     0.000341797     0.000366211     0.000415039     
0.000305176     0.00032959     0.000305176     0.000427246     
0.000415039     0.00032959     0.000317383     0.000366211     
0.000439453     0.000268555     0.000256348     0.000378418     
0.000231934     0.000256348     0.000146484     0.000231934     
0.000170898     9.76563e-05     0.000195313     0.000231934     
0.000317383     0.000146484     7.32422e-05     0.000268555     
0.000134277     8.54492e-05     2.44141e-05     8.54492e-05     
-6.10352e-05     -0.000195313     -0.000244141     -0.000256348     
-0.000280762     -0.000439453     -0.000378418     -0.000341797     
-0.000366211     -0.000488281     -0.000366211     -0.000244141     
-0.000292969     -0.000292969     -0.000256348     -1.2207e-05     
-3.66211e-05     -4.88281e-05     4.88281e-05     0.00020752     
0.000280762     0.000183105     0.000341797     0.00057373     
0.000439453     0.000476074     0.000476074     0.00065918     
0.000671387     0.000549316     0.00065918     0.000732422     
0.000793457     0.000683594     0.000683594     0.000915527     
0.000842285     0.000756836     0.000805664     0.000952148     
0.00090332     0.000756836     0.000817871     0.00090332     
0.000915527     0.00078125     0.000769043     0.000927734     
0.000817871     0.000769043     0.000708008     0.000842285     
0.000842285     0.000732422     0.000683594     0.000708008     
0.000854492     0.000646973     0.000585938     0.000708008     
0.00065918     0.000622559     0.000561523     0.000610352     
0.000598145     0.000439453     0.000500488     0.000561523     
0.000512695     0.000354004     0.000500488     0.000598145     
0.000488281     0.000598145     0.000537109     0.000683594     
0.000634766     0.00045166     0.000622559     0.00057373     
0.000610352     0.000390625     0.000378418     0.000415039     
0.000341797     0.000219727     0.00020752     0.000317383     
0.00032959     0.000146484     0.000158691     0.000231934     
0.000292969     0.000146484     0.00020752     0.000317383     
0.000219727     0.000280762     0.000231934     0.000170898     
8.54492e-05     6.10352e-05     3.66211e-05     1.2207e-05     
0     -0.000244141     -0.000158691     -0.000268555     
-0.00032959     -0.000415039     -0.000378418     -0.000231934     
-0.000231934     -0.000305176     -0.00020752     -0.000170898     
-6.10352e-05     -0.000195313     -2.44141e-05     3.66211e-05     
2.44141e-05     -4.88281e-05     -0.000109863     2.44141e-05     
-0.000134277     -2.44141e-05     -2.44141e-05     9.76563e-05     
0.000109863     4.88281e-05     0.00012207     0.000158691     
0.000219727     0.00020752     0.000231934     0.000427246     
0.000256348     0.000256348     0.000305176     0.000305176     
0.000378418     6.10352e-05     0.000170898     0.000244141     
0.000268555     0.00012207     7.32422e-05     0.000341797     
0.000292969     0.000268555     0.000305176     0.000524902     
0.000537109     0.000488281     0.000524902     0.000549316     
0.000671387     0.000500488     0.000549316     0.000720215     
0.000634766     0.000561523     0.000488281     0.000634766     
0.000708008     0.000646973     0.000683594     0.000866699     
0.00111084     0.00101318     0.0010498     0.00140381     
0.00161133     0.0017334     0.00194092     0.00239258     
0.00255127     0.00272217     0.00300293     0.00339355     
0.00366211     0.00373535     0.00412598     0.00457764     
0.00463867     0.00493164     0.00506592     0.00528564     
0.00563965     0.00565186     0.00585938     0.00606689     
0.00639648     0.00651855     0.0067749     0.00706787     
0.00727539     0.00749512     0.00778809     0.00812988     
0.00836182     0.00855713     0.00888672     0.00922852     
0.00950928     0.00965576     0.010144     0.010437     
0.0107788     0.0109131     0.0111816     0.0115601     
0.0116943     0.0118408     0.012085     0.0124512     
0.0125977     0.0126953     0.0129761     0.0132568     
0.0135132     0.0135498     0.0137085     0.0141357     
0.0141724     0.0143188     0.0144287     0.0146484     
0.0148926     0.014917     0.0150635     0.0154175     
0.0155884     0.015625     0.0158569     0.0162109     
0.0164063     0.0165771     0.0168335     0.0171631     
0.0173584     0.0174927     0.0177368     0.0179321     
0.0181274     0.0181885     0.0184204     0.0187256     
0.0187988     0.0189087     0.0190186     0.0192139     
0.0193726     0.019458     0.0195801     0.0198242     
0.019873     0.0198364     0.0200684     0.0201538     
0.0202393     0.0203125     0.020459     0.0207275     
0.0208374     0.0208496     0.0209839     0.0211548     
0.0214111     0.0213989     0.0216187     0.0219116     
0.0219238     0.0220337     0.0219849     0.0221924     
0.022229     0.0220703     0.0221191     0.022168     
0.0221558     0.0219116     0.0219238     0.021936     
0.0219116     0.0219727     0.0220093     0.0221558     
0.0222778     0.0223267     0.0224365     0.0226807     
0.0228271     0.0228027     0.0228638     0.0230591     
0.0231079     0.0230591     0.0230835     0.0232178     
0.0231323     0.0230225     0.0230835     0.0232056     
0.0231323     0.0229736     0.0231812     0.0232544     
0.0233032     0.023291     0.0234741     0.0235718     
0.0236694     0.0236572     0.0236816     0.0238525     
0.0239258     0.0238403     0.0239746     0.0239014     
0.023938     0.0238892     0.0237549     0.0237671     
0.0237183     0.0236938     0.0235352     0.0237061     
0.0237793     0.0235596     0.0236694     0.0236816     
0.023645     0.0236572     0.023645     0.0237427     
0.0236694     0.0236084     0.0235107     0.0234253     
0.0234863     0.0233276     0.0232544     0.0232788     
0.0232056     0.0230225     0.0229248     0.0229858     
0.0229248     0.0227417     0.0226929     0.0226563     
0.022522     0.0224365     0.0223511     0.02229     
0.0223511     0.0221436     0.0221802     0.02229     
0.0222168     0.0221924     0.022168     0.0221924     
0.0222534     0.0219238     0.0218994     0.0219727     
0.021814     0.0215576     0.0214355     0.0213379     
0.0211548     0.0209717     0.0208862     0.0210327     
0.0209351     0.0207886     0.020752     0.0207886     
0.0209839     0.020874     0.0209106     0.0210938     
0.0209961     0.0210205     0.0209595     0.0209717     
0.0208618     0.0205933     0.0205688     0.0204956     
0.0204224     0.0201294     0.0199707     0.0199097     
0.0197754     0.0195923     0.019458     0.0195313     
0.019397     0.0192139     0.0192627     0.0192627     
0.019165     0.0189819     0.0190796     0.0190063     
0.0189453     0.0186646     0.0185303     0.0184814     
0.0183472     0.0180908     0.0178955     0.0178223     
0.0176758     0.0174805     0.017334     0.0171997     
0.0171387     0.0168823     0.0168213     0.0170166     
0.0168335     0.0168213     0.0166382     0.0167358     
0.0167358     0.0164795     0.0165405     0.0165894     
0.0165405     0.016394     0.0163086     0.0164063     
0.0162842     0.0161133     0.0161255     0.016272     
0.0161011     0.0158813     0.0158325     0.0158447     
0.0157959     0.0156128     0.0154785     0.015564     
0.0154175     0.0153076     0.0151855     0.0151367     
0.0149414     0.0147705     0.0146973     0.0146484     
0.0144531     0.0141724     0.0141602     0.0140991     
0.0139648     0.0138062     0.0137939     0.0138062     
0.0136841     0.0135254     0.0135132     0.0135132     
0.0134644     0.0133423     0.0132813     0.0134277     
0.0133179     0.0130737     0.0129395     0.0130493     
0.0127686     0.012561     0.0124512     0.0123413     
0.0122314     0.0119995     0.0118164     0.0117676     
0.0115723     0.0114014     0.0113403     0.0113525     
0.0113647     0.0112305     0.0111328     0.0111694     
0.0112061     0.0110474     0.0110474     0.011084     
0.0110229     0.0109009     0.01073     0.0108765     
0.0108521     0.0105835     0.0105713     0.0106079     
0.0105835     0.0103271     0.010437     0.0104492     
0.010437     0.0102539     0.0102905     0.0103882     
0.0103394     0.0102661     0.0102295     0.0103638     
0.0102905     0.0101563     0.0103149     0.0103516     
0.0103149     0.0101318     0.0101074     0.0101807     
0.00997314     0.0098999     0.00985107     0.00976563     
0.00961914     0.00936279     0.00930176     0.00922852     
0.00919189     0.0088501     0.00876465     0.00887451     
0.00877686     0.00856934     0.00852051     0.00860596     
0.00848389     0.00831299     0.0083252     0.0083374     
0.00836182     0.00810547     0.00817871     0.00825195     
0.00810547     0.00811768     0.00811768     0.00827637     
0.00826416     0.0081665     0.00805664     0.00810547     
0.00820313     0.0079834     0.00793457     0.00803223     
0.00804443     0.00786133     0.0078125     0.00784912     
0.00786133     0.00765381     0.00776367     0.00784912     
0.00784912     0.00765381     0.00775146     0.00776367     
0.00780029     0.0078125     0.00771484     0.00789795     
0.00782471     0.00770264     0.00776367     0.00777588     
0.00772705     0.00758057     0.00758057     0.00766602     
0.00759277     0.00749512     0.00738525     0.00739746     
0.00739746     0.00725098     0.00733643     0.00750732     
0.00748291     0.0074585     0.00754395     0.00771484     
0.00773926     0.00767822     0.00778809     0.00788574     
0.00795898     0.00770264     0.00775146     0.00791016     
0.00783691     0.00767822     0.00773926     0.00775146     
0.00775146     0.00766602     0.00761719     0.00761719     
0.0076416     0.0074707     0.00744629     0.00756836     
0.00748291     0.0072998     0.00734863     0.00736084     
0.00740967     0.00739746     0.00744629     0.0076416     
0.00749512     0.00760498     0.00759277     0.00775146     
0.00786133     0.00776367     0.00784912     0.00804443     
0.00797119     0.00792236     0.00787354     0.00810547     
0.00802002     0.00793457     0.00795898     0.00809326     
0.00820313     0.00809326     0.00812988     0.00825195     
0.00844727     0.00831299     0.00843506     0.00854492     
0.00855713     0.00852051     0.00865479     0.0086792     
0.00861816     0.00863037     0.00860596     0.00860596     
0.00865479     0.00843506     0.00837402     0.00837402     
0.00831299     0.0081665     0.0081665     0.0081665     
0.00811768     0.00789795     0.00782471     0.00788574     
0.00806885     0.00791016     0.00791016     0.00806885     
0.00808105     0.0081665     0.00810547     0.00838623     
0.00839844     0.00825195     0.00849609     0.00854492     
0.00860596     0.00849609     0.0085083     0.00861816     
0.00861816     0.00860596     0.00863037     0.00875244     
0.00869141     0.00859375     0.00871582     0.00878906     
0.00880127     0.00861816     0.00871582     0.00878906     
0.00856934     0.00861816     0.00848389     0.00845947     
0.00837402     0.00837402     0.00831299     0.00838623     
0.00844727     0.00831299     0.00842285     0.00845947     
0.00863037     0.0085083     0.00860596     0.00878906     
0.00881348     0.00877686     0.00875244     0.00876465     
0.0088501     0.00866699     0.00878906     0.00876465     
0.00864258     0.00858154     0.00848389     0.00861816     
0.0085083     0.00856934     0.00847168     0.00863037     
0.00881348     0.00860596     0.00866699     0.00891113     
0.00904541     0.00898438     0.00916748     0.00932617     
0.00941162     0.009375     0.00939941     0.00941162     
0.00944824     0.00935059     0.00941162     0.00943604     
0.00942383     0.00921631     0.0092041     0.00928955     
0.00911865     0.00910645     0.00895996     0.00906982     
0.00895996     0.00877686     0.00869141     0.00880127     
0.00871582     0.00848389     0.00847168     0.00856934     
0.00852051     0.00842285     0.00836182     0.00842285     
0.00845947     0.00841064     0.00839844     0.00852051     
0.00855713     0.00842285     0.00843506     0.00859375     
0.00853271     0.00855713     0.00849609     0.00874023     
0.00865479     0.00853271     0.00859375     0.00854492     
0.00861816     0.00841064     0.00843506     0.00848389     
0.00841064     0.00841064     0.00826416     0.0083374     
0.00828857     0.00811768     0.00822754     0.00834961     
0.0083252     0.00810547     0.00814209     0.00817871     
0.00819092     0.00808105     0.00817871     0.00830078     
0.00831299     0.00837402     0.00837402     0.00848389     
0.00854492     0.00843506     0.00856934     0.00860596     
0.00860596     0.00844727     0.00838623     0.00855713     
0.00845947     0.00825195     0.00825195     0.00827637     
0.00817871     0.00803223     0.00805664     0.00808105     
0.00799561     0.00782471     0.00789795     0.00805664     
0.00788574     0.00787354     0.00775146     0.00783691     
0.00783691     0.00775146     0.00773926     0.00776367     
0.00772705     0.00761719     0.00755615     0.00766602     
0.00760498     0.00744629     0.00743408     0.00749512     
0.00737305     0.00732422     0.00725098     0.00714111     
0.00725098     0.00705566     0.00695801     0.00705566     
0.00704346     0.00687256     0.00689697     0.00697021     
0.00690918     0.00686035     0.00684814     0.00689697     
0.00697021     0.00673828     0.00682373     0.00692139     
0.00688477     0.00678711     0.00679932     0.00690918     
0.00686035     0.00681152     0.0067749     0.00671387     
0.00683594     0.00648193     0.00645752     0.00653076     
0.00628662     0.00623779     0.00603027     0.00599365     
0.00595703     0.0057373     0.00578613     0.00571289     
0.00581055     0.00554199     0.00566406     0.0057251     
0.00557861     0.00551758     0.00556641     0.00567627     
0.00552979     0.00546875     0.00549316     0.00548096     
0.00545654     0.00537109     0.00540771     0.00544434     
0.00541992     0.00543213     0.0053833     0.00546875     
0.00544434     0.00543213     0.0053833     0.00554199     
0.00556641     0.00539551     0.00546875     0.00541992     
0.00543213     0.00524902     0.0052002     0.00537109     
0.00523682     0.00510254     0.00501709     0.00505371     
0.00499268     0.00490723     0.00496826     0.00496826     
0.00488281     0.0046875     0.00465088     0.00472412     
0.00452881     0.00445557     0.00437012     0.00429688     
0.0043335     0.00404053     0.00402832     0.00395508     
0.00395508     0.00386963     0.00369873     0.00385742     
0.0036499     0.00352783     0.0034668     0.00350342     
0.0034668     0.00328369     0.0032959     0.00335693     
0.0032959     0.00317383     0.00311279     0.00307617     
0.00300293     0.00291748     0.00286865     0.00297852     
0.00289307     0.002771     0.00273438     0.00273438     
0.00280762     0.00263672     0.00269775     0.00280762     
0.0027832     0.00283203     0.00279541     0.0029541     
0.00306396     0.00294189     0.00305176     0.00313721     
0.00319824     0.00303955     0.00311279     0.00317383     
0.00311279     0.00303955     0.00307617     0.00322266     
0.00310059     0.00302734     0.00311279     0.00322266     
0.00325928     0.00307617     0.00319824     0.00325928     
0.00321045     0.00313721     0.00299072     0.0029541     
0.00290527     0.002771     0.00267334     0.00258789     
0.00252686     0.00234375     0.00233154     0.00230713     
0.00222168     0.00209961     0.00214844     0.00234375     
0.00229492     0.00223389     0.00234375     0.00238037     
0.00241699     0.00241699     0.00245361     0.00258789     
0.00258789     0.00252686     0.00238037     0.00253906     
0.00252686     0.00240479     0.00238037     0.00256348     
0.00247803     0.00240479     0.00247803     0.00246582     
0.00253906     0.00247803     0.00257568     0.00269775     
0.00256348     0.00255127     0.00244141     0.00251465     
0.00251465     0.00228271     0.00234375     0.00236816     
0.00239258     0.00218506     0.00224609     0.00240479     
0.00234375     0.00222168     0.00233154     0.00253906     
0.00251465     0.00241699     0.00244141     0.00245361     
0.00249023     0.00235596     0.00229492     0.00245361     
0.00233154     0.00229492     0.00218506     0.00228271     
0.00238037     0.00224609     0.00223389     0.00238037     
0.00244141     0.00220947     0.00220947     0.00229492     
0.00227051     0.00211182     0.00195313     0.00211182     
0.00198975     0.00179443     0.00168457     0.00167236     
0.00162354     0.00140381     0.00137939     0.00150146     
0.00148926     0.00152588     0.00137939     0.00159912     
0.00158691     0.00147705     0.00175781     0.00189209     
0.00195313     0.00196533     0.00196533     0.00220947     
0.00219727     0.00223389     0.00228271     0.00236816     
0.00235596     0.00231934     0.00223389     0.00230713     
0.00223389     0.00202637     0.00211182     0.00211182     
0.00209961     0.00198975     0.0019165     0.0020874     
0.00211182     0.00205078     0.00216064     0.00240479     
0.00240479     0.00227051     0.00247803     0.00247803     
0.00255127     0.00238037     0.00239258     0.00244141     
0.00247803     0.00231934     0.00230713     0.0024292     
0.00238037     0.00229492     0.00249023     0.00253906     
0.00262451     0.0026001     0.0026001     0.00284424     
0.00273438     0.00283203     0.00279541     0.00286865     
0.00299072     0.00286865     0.0029541     0.00303955     
0.00300293     0.00291748     0.0029541     0.00313721     
0.00308838     0.00296631     0.00296631     0.00302734     
0.00300293     0.00294189     0.00305176     0.00306396     
0.003125     0.00303955     0.00301514     0.00301514     
0.00303955     0.00290527     0.00294189     0.00302734     
0.00294189     0.00284424     0.00284424     0.00274658     
0.00280762     0.002771     0.00273438     0.00281982     
0.00286865     0.00273438     0.002771     0.00289307     
0.00294189     0.00291748     0.00302734     0.00324707     
0.00334473     0.00335693     0.00350342     0.00367432     
0.00374756     0.00374756     0.00375977     0.00396729     
0.00388184     0.00368652     0.00358887     0.00360107     
0.00362549     0.00334473     0.00341797     0.00351563     
0.00339355     0.00334473     0.00334473     0.00344238     
0.00343018     0.00335693     0.00351563     0.00360107     
0.00361328     0.0034668     0.00357666     0.0036499     
0.00358887     0.00354004     0.00360107     0.00366211     
0.0036377     0.00355225     0.00355225     0.00362549     
0.00361328     0.00344238     0.003479     0.00351563     
0.00349121     0.00332031     0.00325928     0.00328369     
0.00328369     0.00316162     0.00311279     0.00324707     
0.00317383     0.00314941     0.00319824     0.00324707     
0.00327148     0.00317383     0.0032959     0.00345459     
0.0034668     0.00328369     0.00345459     0.00341797     
0.00341797     0.00330811     0.00335693     0.00338135     
0.00328369     0.00311279     0.00301514     0.00319824     
0.00311279     0.00299072     0.00300293     0.00323486     
0.00319824     0.003125     0.00317383     0.00323486     
0.00339355     0.00328369     0.00332031     0.00351563     
0.00345459     0.00355225     0.00357666     0.00358887     
0.00367432     0.003479     0.00343018     0.00354004     
0.00349121     0.00321045     0.0032959     0.00321045     
0.00317383     0.00311279     0.00307617     0.003125     
0.00311279     0.00300293     0.00301514     0.003125     
0.00314941     0.00296631     0.00299072     0.00305176     
0.00290527     0.00273438     0.00251465     0.00262451     
0.00245361     0.00222168     0.00224609     0.00214844     
0.00216064     0.00209961     0.00198975     0.00214844     
0.00218506     0.00216064     0.0022583     0.00253906     
0.0026123     0.00262451     0.00263672     0.0027832     
0.00284424     0.00266113     0.00263672     0.002771     
0.0026123     0.0024292     0.00239258     0.00239258     
0.00217285     0.00211182     0.0020874     0.0022583     
0.00211182     0.00196533     0.00202637     0.00206299     
0.00223389     0.00213623     0.00214844     0.00228271     
0.00233154     0.00214844     0.00222168     0.00231934     
0.00220947     0.0020874     0.00211182     0.00217285     
0.00218506     0.00202637     0.0020752     0.00222168     
0.0020752     0.00212402     0.00211182     0.00217285     
0.00217285     0.00202637     0.00202637     0.00194092     
0.00187988     0.00168457     0.00161133     0.00164795     
0.00141602     0.00125732     0.00114746     0.00112305     
0.00111084     0.0010376     0.000964355     0.000976563     
0.00109863     0.00101318     0.00102539     0.00111084     
0.00108643     0.00113525     0.00118408     0.00126953     
0.00135498     0.00135498     0.00115967     0.00126953     
0.00133057     0.00108643     0.00115967     0.0012207     
0.00112305     0.00098877     0.000952148     0.00101318     
0.00107422     0.000878906     0.000891113     0.000976563     
0.0010376     0.000744629     0.000769043     0.00090332     
0.000805664     0.000732422     0.000500488     0.000720215     
0.000524902     0.000476074     0.000500488     0.000378418     
0.000500488     0.000341797     0.000439453     0.000585938     
0.000524902     0.000646973     0.000524902     0.000683594     
0.000744629     0.000646973     0.000695801     0.000830078     
0.000769043     0.00065918     0.00057373     0.000646973     
0.000622559     0.000402832     0.000390625     0.000598145     
0.000463867     0.000317383     0.000268555     0.000341797     
0.000354004     0.000183105     0.00032959     0.000390625     
0.000402832     0.00032959     0.000427246     0.000488281     
0.000537109     0.000524902     0.000622559     0.000683594     
0.00065918     0.00057373     0.00065918     0.000585938     
0.000610352     0.000488281     0.000463867     0.000598145     
0.000500488     0.000439453     0.000415039     0.000354004     
0.000415039     0.000317383     0.00032959     0.000378418     
0.000390625     0.000231934     9.76563e-05     0.000292969     
8.54492e-05     7.32422e-05     0     8.54492e-05     
6.10352e-05     -8.54492e-05     -0.00012207     -0.000195313     
-0.00012207     -0.000109863     -0.000170898     0     
-6.10352e-05     -8.54492e-05     -0.000146484     -7.32422e-05     
-0.000146484     -0.000244141     -0.000244141     -0.000280762     
-0.000268555     -0.000500488     -0.000537109     -0.000402832     
-0.000488281     -0.000561523     -0.000549316     -0.000354004     
-0.00032959     -0.000378418     -0.000317383     -0.000183105     
4.88281e-05     -6.10352e-05     8.54492e-05     0.000415039     
0.000317383     0.000476074     0.000488281     0.00065918     
0.000646973     0.000634766     0.000720215     0.000732422     
0.000744629     0.00057373     0.00045166     0.000537109     
0.000415039     0.000366211     0.000317383     0.000415039     
0.000280762     0.000158691     0.000231934     0.000500488     
0.000476074     0.000402832     0.000524902     0.000805664     
0.000866699     0.000744629     0.000793457     0.00098877     
0.0010498     0.000891113     0.000866699     0.0010376     
0.000976563     0.000842285     0.000769043     0.000683594     
0.000708008     0.000500488     0.000427246     0.000549316     
0.000378418     0.000317383     0.000134277     0.000195313     
0.000183105     -0.000109863     -1.2207e-05     -1.2207e-05     
-3.66211e-05     -0.000109863     -0.000158691     3.66211e-05     
-4.88281e-05     0     -9.76563e-05     9.76563e-05     
0.000146484     6.10352e-05     3.66211e-05     9.76563e-05     
0.000305176     0.000134277     0.00020752     0.000341797     
0.000256348     0.000231934     0.000256348     0.000219727     
0.000219727     0.000158691     0.000280762     0.000317383     
0.000280762     0.000183105     0.000183105     0.000231934     
0.000195313     0.000109863     0.000146484     0.00032959     
0.00032959     0.000183105     0.000244141     0.000439453     
0.000537109     0.000415039     0.000549316     0.00078125     
0.00065918     0.000683594     0.000646973     0.000744629     
0.000695801     0.000610352     0.000537109     0.000488281     
0.00057373     0.000231934     0.000195313     0.000170898     
2.44141e-05     -7.32422e-05     -0.000256348     -8.54492e-05     
-0.000244141     -0.000415039     -0.00032959     -0.000427246     
-0.000244141     -0.000341797     -0.000256348     -0.00012207     
-7.32422e-05     7.32422e-05     -2.44141e-05     0.000292969     
0.000366211     0.000341797     0.000439453     0.000695801     
0.000708008     0.000537109     0.000585938     0.000695801     
0.000732422     0.00065918     0.000598145     0.000793457     
0.000769043     0.000610352     0.000585938     0.000622559     
0.000598145     0.000524902     0.000524902     0.000585938     
0.000439453     0.000317383     0.000305176     0.000354004     
0.000244141     0.00012207     0.000183105     0.00020752     
0.00020752     0     0     0.000109863     
0.00012207     9.76563e-05     9.76563e-05     0.000292969     
0.000244141     0.000280762     0.000256348     0.000378418     
0.00045166     0.000366211     0.000500488     0.00057373     
0.000500488     0.000439453     0.000317383     0.000390625     
0.000183105     8.54492e-05     1.2207e-05     9.76563e-05     
1.2207e-05     -6.10352e-05     -6.10352e-05     0     
0.000170898     6.10352e-05     0.000134277     0.000305176     
0.00032959     0.000366211     0.000378418     0.000500488     
0.000585938     0.000500488     0.000488281     0.000585938     
0.000683594     0.00045166     0.000537109     0.000585938     
0.000500488     0.000488281     0.000427246     0.000512695     
0.000561523     0.000439453     0.00045166     0.000585938     
0.000671387     0.000463867     0.000427246     0.000610352     
0.000463867     0.000317383     0.000170898     0.000354004     
9.76563e-05     -1.2207e-05     2.44141e-05     2.44141e-05     
-3.66211e-05     -0.000134277     -0.00012207     -0.000109863     
-0.000134277     -0.000134277     -0.00012207     4.88281e-05     
7.32422e-05     -3.66211e-05     8.54492e-05     0.00012207     
0.000170898     9.76563e-05     0.00020752     0.000305176     
0.00032959     0.000305176     0.000317383     0.000427246     
0.000354004     0.000219727     0.000268555     0.000415039     
0.000354004     0.000195313     0.000305176     0.000280762     
0.000280762     0.000158691     0.00020752     0.000476074     
0.000354004     0.000231934     0.000195313     0.000439453     
0.000317383     0.000170898     0.000292969     0.000280762     
0.000219727     0.000170898     0     0.000134277     
-6.10352e-05     -8.54492e-05     -0.000146484     -0.00012207     
-8.54492e-05     -0.000341797     -0.000280762     -0.000158691     
-7.32422e-05     -0.000195313     -0.000219727     6.10352e-05     
-7.32422e-05     -0.000146484     -1.2207e-05     4.88281e-05     
7.32422e-05     -4.88281e-05     6.10352e-05     0.00020752     
0.000219727     8.54492e-05     0.000231934     0.00032959     
0.000317383     0.000354004     0.000390625     0.000622559     
0.000610352     0.000549316     0.000500488     0.000671387     
0.000805664     0.00065918     0.000817871     0.000866699     
0.000878906     0.000769043     0.000695801     0.000732422     
0.000671387     0.00045166     0.00045166     0.000427246     
0.000292969     0.00012207     1.2207e-05     -1.2207e-05     
-2.44141e-05     -9.76563e-05     -0.000195313     0.000109863     
3.66211e-05     -6.10352e-05     -7.32422e-05     7.32422e-05     
8.54492e-05     -8.54492e-05     -4.88281e-05     2.44141e-05     
-0.000146484     -0.000256348     -0.000305176     -0.000292969     
-0.000427246     -0.000500488     -0.000585938     -0.00045166     
-0.000439453     -0.000598145     -0.000512695     -0.00032959     
-0.000268555     -0.00032959     -0.000268555     -2.44141e-05     
-6.10352e-05     -0.000146484     -0.00020752     -7.32422e-05     
-0.000134277     -0.000366211     -0.000292969     -0.000415039     
-0.000378418     -0.000463867     -0.000488281     -0.000366211     
-0.000500488     -0.000561523     -0.000561523     -0.000354004     
-0.000463867     -0.00057373     -0.000500488     -0.000524902     
-0.000476074     -0.000512695     -0.000524902     -0.000219727     
-0.000402832     -0.000341797     -0.000463867     -0.000366211     
-0.000305176     -0.000439453     -0.000402832     -0.000317383     
-0.000305176     -0.000488281     -0.000549316     -0.000341797     
-0.00045166     -0.000500488     -0.000537109     -0.000439453     
-0.00057373     -0.000671387     -0.000610352     -0.000610352     
-0.000610352     -0.000646973     -0.000683594     -0.000439453     
-0.000390625     -0.000439453     -0.00045166     -0.000292969     
-0.00020752     -0.000292969     -0.000231934     -0.000134277     
-0.000146484     -0.000402832     -0.000256348     -0.000341797     
-0.000476074     -0.00057373     -0.000561523     -0.000512695     
-0.000622559     -0.000695801     -0.00065918     -0.00065918     
-0.000561523     -0.000671387     -0.000598145     -0.00045166     
-0.000488281     -0.000463867     -0.000585938     -0.000354004     
-0.000439453     -0.000708008     -0.000646973     -0.000708008     
-0.000720215     -0.000891113     -0.00100098     -0.00100098     
-0.0010376     -0.00106201     -0.00118408     -0.00100098     
-0.00098877     -0.0010498     -0.00098877     -0.000891113     
-0.000769043     -0.000854492     -0.00078125     -0.000512695     
-0.000561523     -0.000610352     -0.000549316     -0.000488281     
-0.000427246     -0.000537109     -0.000524902     -0.000366211     
-0.000439453     -0.000634766     -0.00057373     -0.000622559     
-0.00057373     -0.00065918     -0.000793457     -0.00057373     
-0.000671387     -0.000866699     -0.000866699     -0.000817871     
-0.000842285     -0.000952148     -0.000842285     -0.000891113     
-0.000817871     -0.000830078     -0.000817871     -0.000683594     
-0.000732422     -0.000695801     -0.000683594     -0.000646973     
-0.000512695     -0.000708008     -0.000585938     -0.00057373     
-0.000671387     -0.000756836     -0.000683594     -0.000561523     
-0.000769043     -0.000756836     -0.000769043     -0.000671387     
-0.000585938     -0.000695801     -0.000598145     -0.000524902     
-0.000476074     -0.000634766     -0.00065918     -0.00045166     
-0.000512695     -0.000622559     -0.000634766     -0.000500488     
-0.000488281     -0.000646973     -0.000756836     -0.000756836     
-0.000842285     -0.00098877     -0.000976563     -0.000976563     
-0.0010376     -0.00117188     -0.00124512     -0.00119629     
-0.00125732     -0.0013916     -0.00131836     -0.00129395     
-0.00115967     -0.0012085     -0.00123291     -0.00100098     
-0.00101318     -0.00101318     -0.000915527     -0.000671387     
-0.000671387     -0.000708008     -0.000598145     -0.00045166     
-0.000402832     -0.000524902     -0.000463867     -0.000390625     
-0.000415039     -0.000476074     -0.000500488     -0.000476074     
-0.000463867     -0.000561523     -0.000549316     -0.000524902     
-0.000463867     -0.000512695     -0.00045166     -0.000390625     
-0.000463867     -0.00045166     -0.000378418     -0.000158691     
-0.000231934     -0.000256348     -0.000195313     -9.76563e-05     
-0.000134277     -0.000341797     -0.000231934     -0.000134277     
-0.000170898     -0.000402832     -0.000427246     -0.00032959     
-0.000366211     -0.000524902     -0.000488281     -0.000390625     
-0.000476074     -0.000524902     -0.00045166     -0.000598145     
-0.000549316     -0.000598145     -0.000671387     -0.00057373     
-0.000732422     -0.000756836     -0.000830078     -0.000891113     
-0.000769043     -0.00098877     -0.000805664     -0.000744629     
-0.000756836     -0.000842285     -0.000805664     -0.00065918     
-0.000610352     -0.000610352     -0.000585938     -0.000427246     
-0.000268555     -0.000463867     -0.000476074     -0.000341797     
-0.000219727     -0.000280762     -0.000280762     -0.000146484     
-0.000134277     -0.000158691     -0.000109863     -0.00012207     
-0.000134277     -0.000292969     -0.000231934     -0.000134277     
-0.000195313     -0.000354004     -0.00020752     -0.000231934     
-0.000280762     -0.000195313     -0.000146484     -3.66211e-05     
3.66211e-05     4.88281e-05     9.76563e-05     0.000231934     
0.000268555     0.000109863     0.000146484     0.000317383     
0.000231934     0.000146484     -4.88281e-05     0.00012207     
7.32422e-05     -6.10352e-05     -2.44141e-05     9.76563e-05     
0.000109863     -3.66211e-05     2.44141e-05     -1.2207e-05     
4.88281e-05     -1.2207e-05     -0.000183105     -8.54492e-05     
-0.000170898     -0.000292969     -0.000341797     -0.000280762     
-0.000231934     -0.000561523     -0.000476074     -0.000402832     
-0.00045166     -0.000537109     -0.000549316     -0.000390625     
-0.00045166     -0.000439453     -0.000366211     -0.000146484     
-0.000170898     -0.000390625     -0.000183105     -0.000134277     
-6.10352e-05     -0.000146484     -0.000219727     -0.000134277     
-0.000256348     -0.000390625     -0.000549316     -0.000476074     
-0.000646973     -0.000915527     -0.000830078     -0.000817871     
-0.000891113     -0.000915527     -0.000976563     -0.000830078     
-0.000769043     -0.000708008     -0.000671387     -0.000354004     
-0.000366211     -0.000524902     -0.000292969     -0.000158691     
-0.000195313     -0.000341797     -0.000366211     -0.000231934     
-0.000366211     -0.000537109     -0.000671387     -0.00065918     
-0.000683594     -0.000891113     -0.000866699     -0.00078125     
-0.000756836     -0.000854492     -0.000878906     -0.000793457     
-0.00065918     -0.000708008     -0.000732422     -0.000598145     
-0.00065918     -0.000744629     -0.000720215     -0.000830078     
-0.000683594     -0.000878906     -0.000964355     -0.000976563     
-0.0010376     -0.00107422     -0.00115967     -0.0010376     
-0.000964355     -0.00111084     -0.00101318     -0.000842285     
-0.000646973     -0.000866699     -0.000878906     -0.000732422     
-0.000769043     -0.000769043     -0.000866699     -0.00078125     
-0.000927734     -0.00100098     -0.00106201     -0.0010376     
-0.0010498     -0.00126953     -0.00118408     -0.00114746     
-0.0012207     -0.00130615     -0.00137939     -0.00126953     
-0.00123291     -0.00146484     -0.00131836     -0.00118408     
-0.00119629     -0.00131836     -0.0012207     -0.00115967     
-0.00112305     -0.00119629     -0.00128174     -0.00102539     
-0.000964355     -0.0010376     -0.000964355     -0.000830078     
-0.000769043     -0.000915527     -0.000793457     -0.000683594     
-0.00065918     -0.00078125     -0.000720215     -0.000585938     
-0.000646973     -0.000830078     -0.000708008     -0.000610352     
-0.000708008     -0.00078125     -0.000756836     -0.000732422     
-0.000793457     -0.000939941     -0.000952148     -0.000756836     
-0.000939941     -0.0010498     -0.000952148     -0.00090332     
-0.000842285     -0.00098877     -0.000866699     -0.000732422     
-0.000683594     -0.000769043     -0.000817871     -0.000634766     
-0.000646973     -0.000708008     -0.00065918     -0.000549316     
-0.000683594     -0.000756836     -0.000695801     -0.00065918     
-0.000695801     -0.000793457     -0.000732422     -0.000708008     
-0.000744629     -0.000793457     -0.000842285     -0.000927734     
-0.000915527     -0.00098877     -0.00100098     -0.000964355     
-0.000915527     -0.00118408     -0.00115967     -0.00102539     
-0.0010376     -0.00124512     -0.00108643     -0.00090332     
-0.000927734     -0.000915527     -0.00100098     -0.000793457     
-0.000732422     -0.000939941     -0.00090332     -0.000671387     
-0.000769043     -0.000842285     -0.000964355     -0.000830078     
-0.00101318     -0.00112305     -0.00111084     -0.00102539     
-0.00106201     -0.00115967     -0.0010376     -0.00106201     
-0.00098877     -0.000915527     -0.00100098     -0.000744629     
-0.000671387     -0.000756836     -0.000720215     -0.000549316     
-0.00065918     -0.00078125     -0.000646973     -0.000512695     
-0.000585938     -0.000756836     -0.000744629     -0.000683594     
-0.000756836     -0.00078125     -0.000915527     -0.000854492     
-0.00090332     -0.000976563     -0.000915527     -0.000976563     
-0.000891113     -0.00098877     -0.00101318     -0.00078125     
-0.000683594     -0.00078125     -0.000732422     -0.00057373     
-0.000463867     -0.000500488     -0.000354004     -0.000317383     
-0.000390625     -0.000292969     -0.000292969     -6.10352e-05     
-0.00020752     -0.000170898     -0.000109863     -0.000146484     
-4.88281e-05     -0.000280762     -0.000317383     -0.000244141     
-0.000378418     -0.000598145     -0.00078125     -0.000720215     
-0.000854492     -0.00112305     -0.00114746     -0.0012085     
-0.00124512     -0.00145264     -0.00151367     -0.00152588     
-0.00161133     -0.00169678     -0.00179443     -0.00164795     
-0.00170898     -0.00184326     -0.00175781     -0.00157471     
-0.00157471     -0.00159912     -0.00164795     -0.00146484     
-0.00133057     -0.00150146     -0.00129395     -0.00113525     
-0.00114746     -0.00117188     -0.00113525     -0.000964355     
-0.000830078     -0.000830078     -0.000842285     -0.000671387     
-0.000500488     -0.000732422     -0.000585938     -0.000524902     
-0.000610352     -0.000671387     -0.000646973     -0.000524902     
-0.000622559     -0.000695801     -0.000720215     -0.00078125     
-0.000683594     -0.000744629     -0.000720215     -0.00057373     
-0.00065918     -0.000610352     -0.000585938     -0.000439453     
-0.00045166     -0.000524902     -0.000305176     -0.000219727     
-0.00020752     -0.000341797     -0.000305176     -0.000231934     
-0.000134277     -0.00020752     -0.00020752     2.44141e-05     
2.44141e-05     1.2207e-05     0     0.000231934     
0.000244141     0.000231934     0.000354004     0.000439453     
0.000561523     0.000378418     0.000305176     0.000268555     
0.000219727     -8.54492e-05     -0.000195313     -0.000268555     
-0.000427246     -0.000744629     -0.000891113     -0.000939941     
-0.000976563     -0.00111084     -0.00117188     -0.000927734     
-0.0010376     -0.00102539     -0.0010498     -0.000939941     
-0.000805664     -0.000976563     -0.000854492     -0.000671387     
-0.000646973     -0.000708008     -0.000695801     -0.000561523     
-0.000598145     -0.000585938     -0.000610352     -0.000500488     
-0.000537109     -0.000646973     -0.000537109     -0.000585938     
-0.000622559     -0.000744629     -0.000756836     -0.000634766     
-0.000732422     -0.000744629     -0.000720215     -0.000585938     
-0.000488281     -0.000598145     -0.000598145     -0.00045166     
-0.000256348     -0.000561523     -0.000500488     -0.00045166     
-0.000390625     -0.000549316     -0.000561523     -0.000500488     
-0.000463867     -0.00057373     -0.00065918     -0.000598145     
-0.000598145     -0.000756836     -0.00057373     -0.000537109     
-0.000549316     -0.00065918     -0.000732422     -0.000512695     
-0.000524902     -0.000585938     -0.000341797     -0.000341797     
-0.000341797     -0.000439453     -0.000378418     -0.000354004     
-0.000439453     -0.000439453     -0.00045166     -0.00032959     
-0.000463867     -0.00065918     -0.000683594     -0.00065918     
-0.000622559     -0.000891113     -0.000878906     -0.000708008     
-0.000744629     -0.000854492     -0.000793457     -0.000683594     
-0.000695801     -0.000830078     -0.000720215     -0.000610352     
-0.000708008     -0.00090332     -0.000805664     -0.000952148     
-0.000805664     -0.00107422     -0.00107422     -0.00102539     
-0.00106201     -0.00125732     -0.00133057     -0.00118408     
-0.00113525     -0.0012207     -0.00112305     -0.000915527     
-0.00090332     -0.000927734     -0.000927734     -0.000598145     
-0.000708008     -0.000610352     -0.000610352     -0.000427246     
-0.000415039     -0.000524902     -0.000524902     -0.000390625     
-0.000378418     -0.000524902     -0.000561523     -0.000341797     
-0.000427246     -0.000622559     -0.000634766     -0.000598145     
-0.000561523     -0.000817871     -0.000805664     -0.000708008     
-0.000805664     -0.000976563     -0.00108643     -0.0010498     
-0.00109863     -0.00125732     -0.00140381     -0.0012207     
-0.00136719     -0.00158691     -0.0015625     -0.00157471     
-0.00142822     -0.00162354     -0.00158691     -0.00137939     
-0.00130615     -0.0012207     -0.00124512     -0.00106201     
-0.000915527     -0.00090332     -0.000927734     -0.000830078     
-0.000756836     -0.00101318     -0.000976563     -0.00090332     
-0.00098877     -0.00111084     -0.00118408     -0.000964355     
-0.00109863     -0.00115967     -0.0010376     -0.0010376     
-0.00102539     -0.00117188     -0.00107422     -0.00106201     
-0.00109863     -0.00111084     -0.00123291     -0.00108643     
-0.00106201     -0.00119629     -0.00114746     -0.000915527     
-0.00090332     -0.00109863     -0.000927734     -0.000793457     
-0.000817871     -0.000854492     -0.000732422     -0.000561523     
-0.000622559     -0.00065918     -0.000598145     -0.00057373     
-0.000610352     -0.00078125     -0.000683594     -0.000683594     
-0.000732422     -0.000866699     -0.00100098     -0.000939941     
-0.000952148     -0.00117188     -0.00101318     -0.000878906     
-0.000854492     -0.00098877     -0.000927734     -0.00065918     
-0.000671387     -0.000756836     -0.000671387     -0.000439453     
-0.000415039     -0.000537109     -0.000549316     -0.000390625     
-0.000354004     -0.000524902     -0.000415039     -0.000292969     
-0.000280762     -0.000390625     -0.000305176     -0.000195313     
-0.000341797     -0.000439453     -0.000402832     -0.000268555     
-0.000378418     -0.000439453     -0.000463867     -0.00045166     
-0.000439453     -0.000537109     -0.000549316     -0.000488281     
-0.000488281     -0.00057373     -0.000598145     -0.000610352     
-0.000598145     -0.000634766     -0.000830078     -0.000720215     
-0.000695801     -0.00102539     -0.00107422     -0.00113525     
-0.0012085     -0.00140381     -0.00150146     -0.00141602     
-0.00158691     -0.00172119     -0.00178223     -0.00170898     
-0.00168457     -0.00192871     -0.00185547     -0.00162354     
-0.00169678     -0.00157471     -0.00162354     -0.00130615     
-0.00129395     -0.00126953     -0.00106201     -0.000939941     
-0.000842285     -0.000939941     -0.000976563     -0.000939941     
-0.00090332     -0.00106201     -0.00119629     -0.00128174     
-0.00130615     -0.00153809     -0.00152588     -0.00161133     
-0.00152588     -0.00168457     -0.00162354     -0.00151367     
-0.00141602     -0.00137939     -0.00136719     -0.00129395     
-0.0010498     -0.00111084     -0.000964355     -0.000671387     
-0.000732422     -0.000842285     -0.000585938     -0.000646973     
-0.000561523     -0.000756836     -0.000744629     -0.000695801     
-0.000805664     -0.00106201     -0.00108643     -0.00109863     
-0.00126953     -0.00145264     -0.00145264     -0.00131836     
-0.00136719     -0.00142822     -0.00134277     -0.00111084     
-0.00109863     -0.00090332     -0.000744629     -0.000512695     
-0.000292969     -0.000354004     -0.00020752     -7.32422e-05     
-0.00012207     -0.000231934     -0.000354004     -0.000231934     
-0.000402832     -0.000646973     -0.000878906     -0.000817871     
-0.000878906     -0.00108643     -0.00112305     -0.00108643     
-0.0010376     -0.00117188     -0.00109863     -0.000964355     
-0.00090332     -0.000939941     -0.000830078     -0.000744629     
-0.000646973     -0.000646973     -0.000646973     -0.000463867     
-0.000390625     -0.000610352     -0.000463867     -0.000366211     
-0.000488281     -0.000598145     -0.000671387     -0.000524902     
-0.000549316     -0.000830078     -0.000720215     -0.000671387     
-0.000708008     -0.00090332     -0.000927734     -0.000830078     
-0.000878906     -0.00098877     -0.00109863     -0.000939941     
-0.00111084     -0.00126953     -0.00123291     -0.0012207     
-0.00115967     -0.00128174     -0.00119629     -0.000976563     
-0.00114746     -0.0010376     -0.00107422     -0.000976563     
-0.000952148     -0.00106201     -0.0010498     -0.000915527     
-0.000939941     -0.0010376     -0.0010498     -0.000817871     
-0.000732422     -0.000952148     -0.000830078     -0.000537109     
-0.000561523     -0.000585938     -0.000512695     -0.000305176     
-0.00032959     -0.000585938     -0.000427246     -0.000366211     
-0.000512695     -0.000683594     -0.000671387     -0.000756836     
-0.000769043     -0.000976563     -0.00100098     -0.0010498     
-0.00106201     -0.00115967     -0.00113525     -0.00112305     
-0.00101318     -0.00113525     -0.00115967     -0.000878906     
-0.000866699     -0.000842285     -0.000854492     -0.000695801     
-0.00045166     -0.000610352     -0.000500488     -0.000427246     
-0.000305176     -0.000415039     -0.000415039     -0.000354004     
-0.000341797     -0.000415039     -0.000488281     -0.000427246     
-0.000427246     -0.00057373     -0.000634766     -0.000671387     
-0.000598145     -0.00078125     -0.000915527     -0.000878906     
-0.0010376     -0.00113525     -0.00124512     -0.00130615     
-0.00140381     -0.00147705     -0.00152588     -0.00152588     
-0.00137939     -0.00157471     -0.00155029     -0.00153809     
-0.0015625     -0.00153809     -0.00151367     -0.00136719     
-0.00130615     -0.00137939     -0.00119629     -0.00119629     
-0.00108643     -0.00106201     -0.0010376     -0.000769043     
-0.000744629     -0.000732422     -0.000805664     -0.000524902     
-0.000537109     -0.000720215     -0.000524902     -0.000634766     
-0.000585938     -0.000769043     -0.000866699     -0.000854492     
-0.00100098     -0.00100098     -0.00117188     -0.0010498     
-0.00108643     -0.00134277     -0.00133057     -0.00126953     
-0.00126953     -0.00146484     -0.00140381     -0.00126953     
-0.00136719     -0.00146484     -0.00152588     -0.00133057     
-0.00129395     -0.0013916     -0.00135498     -0.00108643     
-0.00119629     -0.00128174     -0.0012207     -0.00109863     
-0.0010498     -0.00126953     -0.00126953     -0.00114746     
-0.00118408     -0.00135498     -0.00145264     -0.00126953     
-0.00135498     -0.00152588     -0.00142822     -0.00140381     
-0.00133057     -0.00136719     -0.00152588     -0.00129395     
-0.00130615     -0.0012207     -0.00134277     -0.00109863     
-0.000976563     -0.00113525     -0.00102539     -0.000817871     
-0.000695801     -0.00078125     -0.000695801     -0.00045166     
-0.000354004     -0.00045166     -0.00045166     -0.000402832     
-0.000415039     -0.000585938     -0.000622559     -0.000695801     
-0.000756836     -0.000927734     -0.00111084     -0.00098877     
-0.00112305     -0.00117188     -0.00117188     -0.00112305     
-0.0010498     -0.0010376     -0.000952148     -0.000915527     
-0.000793457     -0.000866699     -0.000708008     -0.000610352     
-0.000537109     -0.000671387     -0.000708008     -0.000610352     
-0.000561523     -0.000744629     -0.000817871     -0.000756836     
-0.000878906     -0.00115967     -0.00115967     -0.00107422     
-0.00125732     -0.00133057     -0.00135498     -0.00119629     
-0.00128174     -0.00140381     -0.00130615     -0.0013916     
-0.0013916     -0.00142822     -0.00131836     -0.00131836     
-0.00124512     -0.00131836     -0.00126953     -0.00118408     
-0.0012085     -0.0012207     -0.00113525     -0.00102539     
-0.00101318     -0.00115967     -0.00098877     -0.000891113     
-0.000830078     -0.00098877     -0.000866699     -0.000598145     
-0.000524902     -0.000683594     -0.00065918     -0.000476074     
-0.000549316     -0.000622559     -0.000439453     -0.000476074     
-0.000390625     -0.000500488     -0.00045166     -0.000390625     
-0.000341797     -0.000598145     -0.000537109     -0.000488281     
-0.000537109     -0.000695801     -0.000610352     -0.000683594     
-0.000744629     -0.00078125     -0.000830078     -0.000561523     
-0.000744629     -0.00065918     -0.00065918     -0.000622559     
-0.00057373     -0.000793457     -0.000720215     -0.000708008     
-0.000708008     -0.000866699     -0.0010498     -0.000927734     
-0.000976563     -0.00114746     -0.00124512     -0.00112305     
-0.00111084     -0.00125732     -0.00117188     -0.00118408     
-0.00119629     -0.00125732     -0.00119629     -0.00114746     
-0.00119629     -0.00123291     -0.00128174     -0.0012085     
-0.00117188     -0.00126953     -0.00124512     -0.00108643     
-0.00108643     -0.00130615     -0.00118408     -0.00117188     
-0.00115967     -0.00129395     -0.00128174     -0.00124512     
-0.00118408     -0.00129395     -0.00129395     -0.00124512     
-0.00100098     -0.00109863     -0.00109863     -0.000939941     
-0.000952148     -0.00098877     -0.00108643     -0.000952148     
-0.000976563     -0.00108643     -0.00102539     -0.00101318     
-0.00101318     -0.00118408     -0.00114746     -0.00100098     
-0.0010498     -0.00109863     -0.0010498     -0.000939941     
-0.000939941     -0.0010376     -0.000939941     -0.000854492     
-0.00078125     -0.000939941     -0.000805664     -0.000683594     
-0.000756836     -0.000830078     -0.000842285     -0.000732422     
-0.000732422     -0.00090332     -0.000976563     -0.000830078     
-0.000939941     -0.00108643     -0.000976563     -0.0010376     
-0.00108643     -0.00117188     -0.00131836     -0.00113525     
-0.00115967     -0.00125732     -0.0012207     -0.00109863     
-0.00107422     -0.00112305     -0.00102539     -0.000964355     
-0.000878906     -0.000842285     -0.000939941     -0.000744629     
-0.000769043     -0.000805664     -0.000842285     -0.000769043     
-0.000720215     -0.000952148     -0.00101318     -0.00101318     
-0.00098877     -0.00114746     -0.00113525     -0.000976563     
-0.00102539     -0.00108643     -0.00117188     -0.00102539     
-0.000915527     -0.00107422     -0.0010376     -0.00090332     
-0.000915527     -0.00100098     -0.00102539     -0.00101318     
-0.00115967     -0.00131836     -0.00123291     -0.00123291     
-0.00129395     -0.00141602     -0.00150146     -0.0015625     
-0.00141602     -0.00163574     -0.00150146     -0.0013916     
-0.0013916     -0.00142822     -0.00150146     -0.00147705     
-0.00137939     -0.00152588     -0.00141602     -0.00136719     
-0.00136719     -0.00141602     -0.00136719     -0.00126953     
-0.00130615     -0.00130615     -0.00135498     -0.00112305     
-0.00117188     -0.00125732     -0.0012085     -0.00128174     
-0.00115967     -0.0013916     -0.00135498     -0.00123291     
-0.00134277     -0.0013916     -0.00137939     -0.00130615     
-0.00125732     -0.00134277     -0.00113525     -0.000915527     
-0.000842285     -0.000964355     -0.000866699     -0.000769043     
-0.00057373     -0.000598145     -0.000744629     -0.000549316     
-0.000585938     -0.00078125     -0.000695801     -0.000695801     
-0.000805664     -0.00100098     -0.00101318     -0.00102539     
-0.000964355     -0.00115967     -0.00129395     -0.00114746     
-0.00129395     -0.0013916     -0.00126953     -0.00119629     
-0.00124512     -0.00134277     -0.00125732     -0.00119629     
-0.00118408     -0.00123291     -0.00126953     -0.00112305     
-0.00125732     -0.00125732     -0.00145264     -0.00123291     
-0.00141602     -0.00163574     -0.00148926     -0.00155029     
-0.00162354     -0.00157471     -0.00169678     -0.00161133     
-0.00163574     -0.00162354     -0.00161133     -0.00141602     
-0.00142822     -0.00151367     -0.00153809     -0.00140381     
-0.00134277     -0.00155029     -0.00147705     -0.00128174     
-0.00136719     -0.00141602     -0.00150146     -0.00137939     
-0.0013916     -0.00151367     -0.00144043     -0.00133057     
-0.00128174     -0.00140381     -0.00125732     -0.00108643     
-0.00107422     -0.00100098     -0.00100098     -0.000793457     
-0.000756836     -0.00090332     -0.000939941     -0.000927734     
-0.000878906     -0.00111084     -0.00113525     -0.000891113     
-0.00111084     -0.00123291     -0.00129395     -0.00113525     
-0.00124512     -0.00130615     -0.00124512     -0.00119629     
-0.00118408     -0.00134277     -0.00130615     -0.00125732     
-0.00129395     -0.00144043     -0.00142822     -0.0012207     
-0.00131836     -0.00148926     -0.00147705     -0.00136719     
-0.00134277     -0.0015625     -0.00147705     -0.00137939     
-0.00148926     -0.00157471     -0.0015625     -0.00153809     
-0.00166016     -0.00163574     -0.00164795     -0.00159912     
-0.00155029     -0.00175781     -0.00170898     -0.00162354     
-0.00146484     -0.00163574     -0.00146484     -0.0012207     
-0.00124512     -0.00128174     -0.00114746     -0.000927734     
-0.000793457     -0.000976563     -0.00078125     -0.000720215     
-0.000793457     -0.000842285     -0.00090332     -0.000891113     
-0.00113525     -0.00117188     -0.00117188     -0.00114746     
-0.00131836     -0.00136719     -0.00137939     -0.00133057     
-0.00136719     -0.00145264     -0.00146484     -0.00117188     
-0.00128174     -0.00133057     -0.00126953     -0.00117188     
-0.00112305     -0.0012085     -0.00108643     -0.000976563     
-0.00101318     -0.0010376     -0.00102539     -0.000854492     
-0.000866699     -0.000964355     -0.000976563     -0.000756836     
-0.000878906     -0.000866699     -0.000854492     -0.000708008     
-0.000598145     -0.000830078     -0.000793457     -0.000695801     
-0.000695801     -0.000866699     -0.000952148     -0.000842285     
-0.000976563     -0.00108643     -0.00117188     -0.00115967     
-0.00118408     -0.00137939     -0.00145264     -0.0013916     
-0.00144043     -0.00150146     -0.00163574     -0.00135498     
-0.00146484     -0.00162354     -0.00155029     -0.00148926     
-0.00148926     -0.00153809     -0.00151367     -0.00140381     
-0.00141602     -0.00147705     -0.00148926     -0.00134277     
-0.00133057     -0.00147705     -0.00144043     -0.00135498     
-0.00134277     -0.00147705     -0.0013916     -0.00126953     
-0.00129395     -0.00131836     -0.00129395     -0.00109863     
-0.0010376     -0.00117188     -0.00114746     -0.0010376     
-0.00108643     -0.00115967     -0.00101318     -0.00107422     
-0.0010498     -0.00117188     -0.00124512     -0.00108643     
-0.00117188     -0.00123291     -0.00124512     -0.00107422     
-0.00098877     -0.00113525     -0.00107422     -0.0010498     
-0.000964355     -0.00102539     -0.00114746     -0.00090332     
-0.00101318     -0.00107422     -0.00109863     -0.00111084     
-0.00107422     -0.0012085     -0.00119629     -0.0012207     
-0.00115967     -0.00130615     -0.00144043     -0.00128174     
-0.00136719     -0.00148926     -0.00150146     -0.00140381     
-0.00142822     -0.0015625     -0.00163574     -0.00158691     
-0.00153809     -0.00178223     -0.00178223     -0.00162354     
-0.00164795     -0.00162354     -0.00157471     -0.00145264     
-0.0013916     -0.00134277     -0.00128174     -0.00112305     
-0.000976563     -0.0010498     -0.00102539     -0.000964355     
-0.000939941     -0.00098877     -0.00101318     -0.00090332     
-0.00090332     -0.00107422     -0.00112305     -0.00107422     
-0.00107422     -0.00124512     -0.00113525     -0.0010498     
-0.00118408     -0.00125732     -0.00125732     -0.00113525     
-0.00113525     -0.00130615     -0.00113525     -0.00107422     
-0.00100098     -0.0010498     -0.000964355     -0.000817871     
-0.000756836     -0.000708008     -0.000610352     -0.000500488     
-0.000537109     -0.000598145     -0.00057373     -0.000646973     
-0.000744629     -0.000964355     -0.00100098     -0.000939941     
-0.00106201     -0.0012207     -0.00118408     -0.00115967     
-0.00113525     -0.00129395     -0.00102539     -0.000927734     
-0.00101318     -0.00114746     -0.000952148     -0.000964355     
-0.000927734     -0.00114746     -0.0010376     -0.000927734     
-0.000866699     -0.00106201     -0.000952148     -0.000805664     
-0.000756836     -0.000842285     -0.00065918     -0.000610352     
-0.000610352     -0.000634766     -0.000646973     -0.000524902     
-0.000634766     -0.000732422     -0.000817871     -0.000732422     
-0.000805664     -0.00109863     -0.00108643     -0.00111084     
-0.00113525     -0.00128174     -0.00126953     -0.0010498     
-0.00115967     -0.00129395     -0.00125732     -0.00117188     
-0.00108643     -0.00126953     -0.00119629     -0.00111084     
-0.00108643     -0.0012207     -0.00123291     -0.00108643     
-0.00111084     -0.0012085     -0.00114746     -0.00107422     
-0.00107422     -0.00113525     -0.00115967     -0.00123291     
-0.00109863     -0.00135498     -0.00126953     -0.00109863     
-0.0012207     -0.00123291     -0.00123291     -0.00111084     
-0.00100098     -0.0010498     -0.00100098     -0.000854492     
-0.000732422     -0.000927734     -0.000891113     -0.00078125     
-0.000878906     -0.000891113     -0.00100098     -0.000866699     
-0.0010498     -0.00113525     -0.00112305     -0.0012085     
-0.00115967     -0.00137939     -0.00130615     -0.00114746     
-0.0012207     -0.00114746     -0.0012207     -0.00106201     
-0.00101318     -0.0010498     -0.0010498     -0.00090332     
-0.000927734     -0.00106201     -0.00098877     -0.000878906     
-0.000952148     -0.00102539     -0.00102539     -0.000854492     
-0.000927734     -0.00100098     -0.000952148     -0.000878906     
-0.00098877     -0.00113525     -0.000976563     -0.000952148     
-0.00098877     -0.00115967     -0.00123291     -0.00117188     
-0.00123291     -0.00136719     -0.00140381     -0.00130615     
-0.00134277     -0.00155029     -0.00152588     -0.00146484     
-0.00142822     -0.00151367     -0.00150146     -0.00118408     
-0.00125732     -0.00136719     -0.00117188     -0.000976563     
-0.000976563     -0.0010376     -0.000866699     -0.000756836     
-0.000854492     -0.000842285     -0.00090332     -0.000598145     
-0.000683594     -0.000708008     -0.000683594     -0.000463867     
-0.000512695     -0.000671387     -0.000463867     -0.00045166     
-0.000439453     -0.00057373     -0.000463867     -0.000402832     
-0.000415039     -0.000549316     -0.000488281     -0.00045166     
-0.000402832     -0.000488281     -0.000476074     -0.000378418     
-0.000317383     -0.000561523     -0.000402832     -0.000415039     
-0.000463867     -0.000634766     -0.000622559     -0.000561523     
-0.000683594     -0.000830078     -0.000891113     -0.000708008     
-0.00065918     -0.000854492     -0.000720215     -0.000549316     
-0.000488281     -0.000598145     -0.000598145     -0.000390625     
-0.000292969     -0.000415039     -0.000305176     -0.000280762     
-0.000256348     -0.000427246     -0.000415039     -0.000402832     
-0.000512695     -0.000512695     -0.000634766     -0.00045166     
-0.000561523     -0.000720215     -0.00065918     -0.000683594     
-0.000598145     -0.000854492     -0.000830078     -0.000854492     
-0.000817871     -0.0010376     -0.00114746     -0.000976563     
-0.00108643     -0.00113525     -0.00126953     -0.00100098     
-0.000976563     -0.00125732     -0.0012085     -0.00111084     
-0.00100098     -0.00107422     -0.00102539     -0.000878906     
-0.000854492     -0.000866699     -0.000866699     -0.000732422     
-0.000720215     -0.000793457     -0.00078125     -0.000634766     
-0.000683594     -0.000720215     -0.000708008     -0.000585938     
-0.000646973     -0.00078125     -0.000732422     -0.000708008     
-0.000817871     -0.000927734     -0.000964355     -0.00107422     
-0.00107422     -0.00129395     -0.00126953     -0.0012207     
-0.00130615     -0.00144043     -0.00147705     -0.0013916     
-0.00129395     -0.00145264     -0.00145264     -0.00123291     
-0.00114746     -0.00117188     -0.00113525     -0.000915527     
-0.000891113     -0.000805664     -0.000744629     -0.000512695     
-0.000488281     -0.000598145     -0.000610352     -0.000671387     
-0.000512695     -0.000744629     -0.000842285     -0.000793457     
-0.00090332     -0.00102539     -0.00114746     -0.00102539     
-0.00117188     -0.00113525     -0.0012085     -0.0010498     
-0.00106201     -0.00118408     -0.00112305     -0.00098877     
-0.0010498     -0.00098877     -0.00098877     -0.000720215     
-0.00078125     -0.000805664     -0.000683594     -0.000744629     
-0.000585938     -0.000683594     -0.000708008     -0.000524902     
-0.000610352     -0.000720215     -0.000830078     -0.000732422     
-0.000683594     -0.000866699     -0.000830078     -0.000817871     
-0.000830078     -0.000927734     -0.000854492     -0.00078125     
-0.000842285     -0.00090332     -0.000842285     -0.000732422     
-0.00078125     -0.000842285     -0.000891113     -0.000756836     
-0.000891113     -0.00109863     -0.00098877     -0.00098877     
-0.00111084     -0.00118408     -0.0012207     -0.00114746     
-0.00125732     -0.00134277     -0.00135498     -0.0012207     
-0.00129395     -0.00144043     -0.00141602     -0.00147705     
-0.00144043     -0.00148926     -0.00157471     -0.00140381     
-0.00150146     -0.00158691     -0.00163574     -0.00153809     
-0.00145264     -0.00168457     -0.00153809     -0.00135498     
-0.00134277     -0.0013916     -0.00136719     -0.00108643     
-0.00098877     -0.00102539     -0.000964355     -0.000805664     
-0.000744629     -0.000891113     -0.000756836     -0.000756836     
-0.000756836     -0.000915527     -0.000854492     -0.000842285     
-0.00100098     -0.00102539     -0.00114746     -0.00114746     
-0.00117188     -0.00125732     -0.00124512     -0.00124512     
-0.00128174     -0.00137939     -0.00128174     -0.00130615     
-0.00126953     -0.00133057     -0.00130615     -0.00108643     
-0.00108643     -0.00113525     -0.00111084     -0.00108643     
-0.00098877     -0.00112305     -0.00102539     -0.000866699     
-0.000952148     -0.000964355     -0.00115967     -0.00100098     
-0.00108643     -0.00124512     -0.00123291     -0.00115967     
-0.0010498     -0.00126953     -0.00126953     -0.0010376     
-0.00129395     -0.00112305     -0.00113525     -0.00098877     
-0.00100098     -0.000976563     -0.000927734     -0.00078125     
-0.000646973     -0.000708008     -0.000524902     -0.000292969     
-0.000317383     -0.000280762     -0.000256348     -9.76563e-05     
-1.2207e-05     -0.00020752     -0.000219727     -8.54492e-05     
-0.000109863     -0.000317383     -0.000317383     -0.000341797     
-0.000390625     -0.000476074     -0.000598145     -0.000439453     
-0.000524902     -0.000671387     -0.00065918     -0.000683594     
-0.00065918     -0.000842285     -0.000708008     -0.000683594     
-0.000756836     -0.000842285     -0.000952148     -0.000720215     
-0.000817871     -0.000927734     -0.00098877     -0.000878906     
-0.00098877     -0.00117188     -0.00124512     -0.00131836     
-0.00134277     -0.00153809     -0.0017334     -0.00157471     
-0.00170898     -0.00172119     -0.00178223     -0.00179443     
-0.00174561     -0.00169678     -0.00161133     -0.00151367     
-0.00150146     -0.00152588     -0.00148926     -0.00136719     
-0.00146484     -0.00157471     -0.00162354     -0.00150146     
-0.00155029     -0.00180664     -0.00178223     -0.00170898     
-0.00159912     -0.00183105     -0.00170898     -0.00153809     
-0.00158691     -0.00167236     -0.00151367     -0.00145264     
-0.00147705     -0.00144043     -0.00147705     -0.00145264     
-0.00136719     -0.00157471     -0.00162354     -0.00162354     
-0.0017334     -0.00179443     -0.00185547     -0.00175781     
-0.00186768     -0.00179443     -0.00179443     -0.0017334     
-0.00153809     -0.00145264     -0.00131836     -0.00114746     
-0.0010498     -0.00090332     -0.000805664     -0.000598145     
-0.000610352     -0.000610352     -0.000622559     -0.000488281     
-0.00045166     -0.000756836     -0.000695801     -0.000769043     
-0.000817871     -0.000976563     -0.0010498     -0.000939941     
-0.00115967     -0.00129395     -0.00137939     -0.00134277     
-0.00142822     -0.00162354     -0.00157471     -0.00144043     
-0.00146484     -0.00159912     -0.00153809     -0.00144043     
-0.0013916     -0.00150146     -0.0013916     -0.00131836     
-0.00133057     -0.0013916     -0.00141602     -0.00131836     
-0.00130615     -0.00152588     -0.00147705     -0.00134277     
-0.00150146     -0.00152588     -0.00153809     -0.00153809     
-0.00151367     -0.00166016     -0.00166016     -0.00155029     
-0.00163574     -0.00168457     -0.00168457     -0.00163574     
-0.00158691     -0.00162354     -0.00161133     -0.00145264     
-0.00144043     -0.0015625     -0.0013916     -0.0013916     
-0.00124512     -0.0013916     -0.00140381     -0.00118408     
-0.00118408     -0.00130615     -0.00114746     -0.0010376     
-0.0010498     -0.00113525     -0.00115967     -0.00107422     
-0.00100098     -0.00119629     -0.00113525     -0.00117188     
-0.00117188     -0.0012207     -0.00123291     -0.00118408     
-0.00117188     -0.00114746     -0.00111084     -0.0010376     
-0.000964355     -0.00115967     -0.0010498     -0.000769043     
-0.000842285     -0.000915527     -0.000952148     -0.000830078     
-0.000744629     -0.000878906     -0.000817871     -0.000708008     
-0.000683594     -0.000866699     -0.000817871     -0.000671387     
-0.00078125     -0.000854492     -0.000830078     -0.000610352     
-0.000634766     -0.000769043     -0.000817871     -0.000695801     
-0.000598145     -0.000756836     -0.000695801     -0.000537109     
-0.000476074     -0.000488281     -0.000500488     -0.000439453     
-0.000439453     -0.000610352     -0.000585938     -0.00045166     
-0.000646973     -0.000915527     -0.000842285     -0.00098877     
-0.00107422     -0.00124512     -0.00130615     -0.00130615     
-0.00135498     -0.00145264     -0.00142822     -0.00123291     
-0.00112305     -0.00125732     -0.00109863     -0.000964355     
-0.000866699     -0.000891113     -0.000964355     -0.00078125     
-0.000805664     -0.00100098     -0.000964355     -0.000817871     
-0.000854492     -0.00108643     -0.000952148     -0.000939941     
-0.000939941     -0.000976563     -0.000939941     -0.000744629     
-0.000805664     -0.000842285     -0.000830078     -0.000671387     
-0.000683594     -0.000732422     -0.000769043     -0.00057373     
-0.000585938     -0.000720215     -0.000683594     -0.000537109     
-0.000598145     -0.000695801     -0.000732422     -0.000646973     
-0.00065918     -0.000817871     -0.000891113     -0.000866699     
-0.000805664     -0.00100098     -0.000964355     -0.000927734     
-0.000964355     -0.000854492     -0.000866699     -0.000720215     
-0.000549316     -0.000646973     -0.00057373     -0.000427246     
-0.000280762     -0.000378418     -0.000378418     -0.000268555     
-0.000427246     -0.000317383     -0.000488281     -0.000305176     
-0.000427246     -0.000646973     -0.000622559     -0.000695801     
-0.00078125     -0.000976563     -0.000964355     -0.000952148     
-0.00109863     -0.00124512     -0.0013916     -0.00134277     
-0.0013916     -0.00152588     -0.00146484     -0.00136719     
-0.00133057     -0.00140381     -0.00124512     -0.00112305     
-0.0010498     -0.00100098     -0.000964355     -0.000769043     
-0.00065918     -0.000671387     -0.000683594     -0.000463867     
-0.000439453     -0.000585938     -0.000402832     -0.00032959     
-0.000244141     -0.000415039     -0.000439453     -0.000354004     
-0.000415039     -0.000622559     -0.000720215     -0.000622559     
-0.000708008     -0.00090332     -0.000952148     -0.00098877     
-0.00111084     -0.00124512     -0.00123291     -0.00113525     
-0.00119629     -0.00117188     -0.00119629     -0.00117188     
-0.00106201     -0.00124512     -0.00114746     -0.00101318     
-0.000976563     -0.00130615     -0.00134277     -0.00124512     
-0.00136719     -0.00144043     -0.00145264     -0.00140381     
-0.00147705     -0.00164795     -0.00169678     -0.00169678     
-0.00168457     -0.00179443     -0.00178223     -0.00157471     
-0.00163574     -0.00170898     -0.00175781     -0.00162354     
-0.00153809     -0.00158691     -0.00151367     -0.00142822     
-0.00117188     -0.00141602     -0.00129395     -0.00112305     
-0.00109863     -0.00102539     -0.000976563     -0.00078125     
-0.000708008     -0.000744629     -0.000732422     -0.000585938     
-0.000488281     -0.000634766     -0.000476074     -0.000366211     
-0.000402832     -0.000463867     -0.000537109     -0.000402832     
-0.000427246     -0.000683594     -0.00045166     -0.000402832     
-0.000463867     -0.000634766     -0.000744629     -0.000561523     
-0.000732422     -0.000891113     -0.00090332     -0.000805664     
-0.000878906     -0.00100098     -0.00100098     -0.00102539     
-0.00102539     -0.00123291     -0.00117188     -0.0010376     
-0.00112305     -0.00113525     -0.00112305     -0.00098877     
-0.000976563     -0.00112305     -0.00098877     -0.00078125     
-0.000793457     -0.00101318     -0.00090332     -0.000817871     
-0.000744629     -0.000927734     -0.000817871     -0.000622559     
-0.000708008     -0.00078125     -0.000817871     -0.000769043     
-0.000683594     -0.000854492     -0.000842285     -0.000671387     
-0.000756836     -0.000817871     -0.000891113     -0.000695801     
-0.000769043     -0.000769043     -0.000793457     -0.000744629     
-0.000769043     -0.000842285     -0.000769043     -0.000817871     
-0.000805664     -0.00107422     -0.00112305     -0.00101318     
-0.00119629     -0.00136719     -0.00144043     -0.00140381     
-0.00137939     -0.00158691     -0.00158691     -0.00136719     
-0.00142822     -0.00158691     -0.00153809     -0.00142822     
-0.00140381     -0.00140381     -0.00142822     -0.00129395     
-0.00131836     -0.00123291     -0.00117188     -0.00123291     
-0.00119629     -0.00128174     -0.00112305     -0.0010498     
-0.00112305     -0.00125732     -0.00131836     -0.00128174     
-0.00134277     -0.00136719     -0.00141602     -0.00136719     
-0.00128174     -0.00151367     -0.00150146     -0.0013916     
-0.00150146     -0.00161133     -0.00163574     -0.00134277     
-0.00151367     -0.00162354     -0.00147705     -0.00144043     
-0.00141602     -0.00152588     -0.00152588     -0.0013916     
-0.00155029     -0.00148926     -0.00163574     -0.00155029     
-0.00151367     -0.00172119     -0.00163574     -0.00142822     
-0.00152588     -0.00157471     -0.00151367     -0.00141602     
-0.00129395     -0.00134277     -0.00124512     -0.00108643     
-0.00118408     -0.00126953     -0.00135498     -0.00114746     
-0.0012085     -0.0013916     -0.00118408     -0.00118408     
-0.00112305     -0.00118408     -0.00112305     -0.000939941     
-0.000952148     -0.00106201     -0.0010376     -0.000842285     
-0.00078125     -0.000964355     -0.000939941     -0.000915527     
-0.000878906     -0.000976563     -0.0010498     -0.000927734     
-0.00100098     -0.00106201     -0.00113525     -0.00115967     
-0.00112305     -0.00131836     -0.00126953     -0.0012085     
-0.0012085     -0.00137939     -0.00151367     -0.00125732     
-0.00141602     -0.00148926     -0.0013916     -0.00129395     
-0.00128174     -0.0013916     -0.00134277     -0.00130615     
-0.0012207     -0.00134277     -0.00131836     -0.00117188     
-0.00131836     -0.00134277     -0.00140381     -0.0013916     
-0.00133057     -0.00144043     -0.00142822     -0.00129395     
-0.00123291     -0.00133057     -0.00126953     -0.00117188     
-0.00111084     -0.00106201     -0.00090332     -0.000720215     
-0.000720215     -0.000646973     -0.000708008     -0.000634766     
-0.000500488     -0.000769043     -0.000695801     -0.000585938     
-0.000683594     -0.000793457     -0.00090332     -0.000830078     
-0.000915527     -0.00108643     -0.00098877     -0.00108643     
-0.00109863     -0.0012085     -0.00129395     -0.00118408     
-0.00123291     -0.00128174     -0.00126953     -0.00108643     
-0.00117188     -0.00130615     -0.00118408     -0.00108643     
-0.00117188     -0.00131836     -0.00119629     -0.00125732     
-0.00124512     -0.00146484     -0.00145264     -0.00140381     
-0.00159912     -0.00167236     -0.00157471     -0.00150146     
-0.00157471     -0.00177002     -0.00168457     -0.00180664     
-0.00167236     -0.00174561     -0.00169678     -0.00157471     
-0.00153809     -0.00162354     -0.00161133     -0.00131836     
-0.00134277     -0.00129395     -0.00111084     -0.00098877     
-0.000866699     -0.000878906     -0.000793457     -0.000500488     
-0.000500488     -0.000488281     -0.000354004     -0.000256348     
-0.000280762     -0.000439453     -0.000341797     -0.000244141     
-0.00032959     -0.000402832     -0.000476074     -0.000378418     
-0.000378418     -0.000439453     -0.00057373     -0.000378418     
-0.000427246     -0.000549316     -0.000500488     -0.000524902     
-0.000549316     -0.000695801     -0.000793457     -0.000817871     
-0.000866699     -0.000964355     -0.00107422     -0.0010376     
-0.00107422     -0.0012085     -0.00129395     -0.00117188     
-0.0010498     -0.00125732     -0.00118408     -0.00101318     
-0.00101318     -0.00106201     -0.00109863     -0.0010498     
-0.000964355     -0.000952148     -0.00090332     -0.000756836     
-0.00065918     -0.000878906     -0.000634766     -0.00057373     
-0.000524902     -0.000537109     -0.000549316     -0.000305176     
-0.000476074     -0.000598145     -0.000537109     -0.000598145     
-0.000598145     -0.000756836     -0.000744629     -0.000561523     
-0.000793457     -0.00078125     -0.000793457     -0.000695801     
-0.00057373     -0.000695801     -0.000671387     -0.000439453     
-0.000524902     -0.000634766     -0.00057373     -0.000585938     
-0.000671387     -0.000793457     -0.000891113     -0.000720215     
-0.000927734     -0.00118408     -0.0012085     -0.00114746     
-0.00125732     -0.00140381     -0.00130615     -0.00135498     
-0.00129395     -0.00140381     -0.00141602     -0.00136719     

