Source : transient; Time : Wed Jun 14 08:49:35 2017
B0 = 3572.000000 Gauss, mw = 9.686281 GHz
 NDI-T2 sa261 20/2 42/25 523nm/1mJ
1 5000 -1.001e-06 8.997e-06 0 0
s                        V                                                 
0.000231934     0.000354004     0.000463867     0.000671387     
0.000561523     0.000732422     0.000830078     0.000720215     
0.000805664     0.000732422     0.000769043     0.000610352     
0.000488281     0.000439453     0.000280762     0.000317383     
0.000183105     0.000183105     0.000268555     0.000219727     
0.000146484     0.000317383     0.000378418     0.000402832     
0.000366211     0.000524902     0.000585938     0.000610352     
0.000549316     0.000549316     0.000671387     0.00057373     
0.000561523     0.000524902     0.000366211     0.000378418     
0.000268555     0.000170898     7.32422e-05     0.000109863     
-7.32422e-05     -3.66211e-05     -0.00012207     -0.00012207     
-0.000268555     -0.000317383     -0.000109863     -0.000158691     
-0.000170898     -0.000134277     -9.76563e-05     0     
-6.10352e-05     3.66211e-05     0.000109863     0.000195313     
0.000158691     0.000280762     0.000378418     0.000549316     
0.000488281     0.000537109     0.000634766     0.000622559     
0.000512695     0.000585938     0.000512695     0.000415039     
0.000292969     0.000268555     0.000170898     0.000170898     
1.2207e-05     8.54492e-05     -7.32422e-05     -0.000158691     
-0.000244141     -0.000231934     -0.000231934     -0.000463867     
-0.000390625     -0.000427246     -0.000463867     -0.000537109     
-0.000622559     -0.000512695     -0.000463867     -0.000402832     
-0.000427246     -0.000292969     -0.000268555     -0.000109863     
-0.000170898     -3.66211e-05     0.00012207     0.00012207     
9.76563e-05     0.000231934     0.000280762     0.000305176     
0.000280762     0.000268555     0.000390625     0.00045166     
0.000341797     0.000354004     0.000463867     0.000354004     
0.000317383     0.000195313     0.000256348     0.000231934     
0.000170898     0.000183105     0.000170898     0.00020752     
0.00012207     0.00012207     0.000109863     0.000268555     
0.00012207     0.000256348     0.000280762     0.000231934     
0.000134277     0.000146484     0.000378418     0.000256348     
0.000244141     0.000244141     0.000280762     0.000317383     
0.000280762     0.000292969     0.000415039     0.000402832     
0.000402832     0.000390625     0.000341797     0.000476074     
0.000354004     0.000354004     0.000292969     0.000109863     
0.000146484     4.88281e-05     4.88281e-05     -0.000195313     
-0.000305176     -0.00032959     -0.000402832     -0.000427246     
-0.000634766     -0.00057373     -0.000646973     -0.000683594     
-0.000744629     -0.000695801     -0.00057373     -0.000622559     
-0.000561523     -0.000549316     -0.000512695     -0.000366211     
-0.000537109     -0.000378418     -0.000378418     -0.00032959     
-0.000390625     -0.000317383     -0.000268555     -0.000195313     
-0.000366211     -0.000256348     -0.000256348     -0.000292969     
-0.00032959     -0.00032959     -0.000476074     -0.000378418     
-0.000439453     -0.000415039     -0.000341797     -0.000427246     
-0.000341797     -0.000244141     -0.00012207     -4.88281e-05     
-0.000109863     0.00012207     0.000183105     0.000183105     
0.000231934     0.000244141     0.000317383     0.000354004     
0.00032959     0.000195313     0.000341797     0.000256348     
0.000292969     0.00032959     0.000231934     0.000354004     
0.000317383     0.000268555     0.000439453     0.000402832     
0.000549316     0.000524902     0.000683594     0.000634766     
0.000646973     0.00065918     0.000500488     0.000610352     
0.000476074     0.000292969     0.000146484     0     
-0.000256348     -0.00032959     -0.000341797     -0.000549316     
-0.000708008     -0.000585938     -0.000537109     -0.000585938     
-0.000561523     -0.00045166     -0.00032959     -0.000170898     
-0.000109863     3.66211e-05     0     0.000146484     
0.000134277     0.000109863     0.000146484     0.000183105     
1.2207e-05     0.000158691     0.000109863     4.88281e-05     
-4.88281e-05     -0.000109863     2.44141e-05     -8.54492e-05     
-6.10352e-05     8.54492e-05     3.66211e-05     1.2207e-05     
2.44141e-05     0.000134277     0.000183105     0.000231934     
0.000244141     0.000305176     0.000390625     0.000268555     
0.000268555     0.000268555     0.000305176     0.000292969     
0.000134277     0.000256348     0.000183105     0.00012207     
0     0.000146484     2.44141e-05     0.000109863     
-1.2207e-05     0.000109863     0.000146484     0.00012207     
0.000134277     0.000219727     0.000305176     0.000305176     
0.000354004     0.000390625     0.000598145     0.000537109     
0.000537109     0.00065918     0.000708008     0.000720215     
0.000646973     0.00065918     0.000439453     0.000463867     
0.000305176     0.000244141     0.000256348     0.000268555     
9.76563e-05     9.76563e-05     0.000183105     0.000195313     
0.000280762     0.000439453     0.00057373     0.000708008     
0.000695801     0.000842285     0.00100098     0.00100098     
0.00098877     0.0010376     0.00123291     0.00117188     
0.00107422     0.00112305     0.00101318     0.000939941     
0.000866699     0.000830078     0.00090332     0.000805664     
0.000708008     0.000732422     0.000634766     0.000683594     
0.000549316     0.000439453     0.000512695     0.000439453     
0.000354004     0.000305176     0.000256348     0.000280762     
0.000146484     9.76563e-05     1.2207e-05     -8.54492e-05     
-2.44141e-05     2.44141e-05     -9.76563e-05     -8.54492e-05     
-0.000195313     -0.000195313     -0.000183105     -0.000256348     
-0.000305176     -0.000268555     -0.000256348     -0.000354004     
-0.000476074     -0.000378418     -0.000280762     -0.00057373     
-0.000671387     -0.000488281     -0.000585938     -0.000622559     
-0.000622559     -0.000610352     -0.000524902     -0.000537109     
-0.000402832     -0.000402832     -0.000292969     -0.000231934     
-0.000341797     -0.000219727     -0.000195313     -0.000146484     
-0.00012207     -0.000134277     -0.000158691     -0.000134277     
-0.000268555     -0.000146484     -0.000146484     -0.000219727     
-0.000183105     -9.76563e-05     -6.10352e-05     -6.10352e-05     
-8.54492e-05     0     4.88281e-05     0     
-8.54492e-05     3.66211e-05     6.10352e-05     0.000109863     
-6.10352e-05     0.000109863     0.000109863     0.000244141     
0.000256348     0.000366211     0.00045166     0.000366211     
0.000415039     0.000561523     0.000500488     0.000463867     
0.000500488     0.000439453     0.000439453     0.000402832     
0.00032959     0.000280762     0.00032959     0.000183105     
0.000158691     7.32422e-05     7.32422e-05     -2.44141e-05     
-2.44141e-05     -6.10352e-05     -3.66211e-05     1.2207e-05     
-6.10352e-05     -6.10352e-05     2.44141e-05     7.32422e-05     
-9.76563e-05     0     -2.44141e-05     4.88281e-05     
0     4.88281e-05     6.10352e-05     0.000109863     
6.10352e-05     0.000158691     0.000219727     0.000280762     
0.000268555     0.000341797     0.000390625     0.000378418     
0.000317383     0.000378418     0.000305176     0.00032959     
0.000292969     0.000305176     0.000292969     0.000268555     
0.000170898     0.000170898     0.000244141     0.000195313     
0.000219727     0.000231934     0.00032959     0.000280762     
0.000219727     0.000244141     0.000231934     0.000244141     
0.000280762     0.000183105     0.000256348     0.000219727     
0.000195313     0.000219727     0.000256348     0.000256348     
0.000280762     0.000354004     0.000256348     0.000280762     
0.000170898     0.000170898     0.00012207     2.44141e-05     
-8.54492e-05     -0.000146484     -0.000109863     -0.000305176     
-0.00032959     -0.000415039     -0.000427246     -0.000439453     
-0.000415039     -0.00032959     -0.000256348     -0.000134277     
-0.000244141     -0.000170898     3.66211e-05     0.000109863     
0     0.000256348     0.000183105     0.000170898     
0.00020752     0.000292969     0.000280762     0.00012207     
0.000158691     0.000244141     0.000219727     0.000219727     
0.000244141     0.000231934     0.000292969     0.000305176     
0.000317383     0.000402832     0.000390625     0.00045166     
0.000390625     0.000366211     0.000439453     0.000341797     
0.000280762     0.000256348     0.000158691     0.000231934     
-3.66211e-05     -6.10352e-05     -0.00012207     -0.000134277     
-9.76563e-05     -4.88281e-05     -0.000170898     -6.10352e-05     
-0.00020752     -0.000146484     7.32422e-05     -2.44141e-05     
0     0.000134277     0.000195313     0.000183105     
0.00020752     0.000244141     0.00032959     0.000256348     
0.00020752     0.00032959     0.000183105     0.000219727     
2.44141e-05     0.000170898     0.000170898     8.54492e-05     
6.10352e-05     9.76563e-05     0.00020752     0.000158691     
6.10352e-05     0.000195313     0.000268555     0.000219727     
0.000231934     0.000256348     0.000219727     0.000256348     
0.000219727     0.000231934     0.000366211     0.000488281     
0.000671387     0.000878906     0.00115967     0.00152588     
0.00167236     0.00211182     0.00252686     0.00291748     
0.00316162     0.00362549     0.00400391     0.00430908     
0.00446777     0.0048584     0.00513916     0.00529785     
0.00552979     0.00563965     0.00585938     0.00610352     
0.00616455     0.00627441     0.00637207     0.006604     
0.00668945     0.00684814     0.00698242     0.00726318     
0.00723877     0.00750732     0.00772705     0.00786133     
0.00800781     0.00826416     0.00847168     0.00863037     
0.00875244     0.00888672     0.00910645     0.009375     
0.00947266     0.00975342     0.00997314     0.0102051     
0.0103394     0.0106567     0.0108887     0.0110718     
0.0111938     0.0113892     0.0116089     0.011731     
0.0117676     0.012085     0.0121216     0.0122314     
0.0124268     0.0125732     0.0126099     0.012915     
0.0130005     0.0132324     0.0133911     0.0135986     
0.0137573     0.0138794     0.0141479     0.0143799     
0.0143921     0.0145752     0.0148682     0.0150024     
0.0150879     0.0152832     0.0155029     0.0156006     
0.0156372     0.0158691     0.0159058     0.0161011     
0.0161133     0.0162109     0.0163818     0.0164307     
0.0164551     0.0165283     0.0166992     0.0168213     
0.0168335     0.0170288     0.0170898     0.0172363     
0.0172852     0.0175537     0.0176514     0.017688     
0.0177856     0.0180054     0.0181396     0.0181274     
0.0182861     0.0183228     0.0184448     0.0185181     
0.0185425     0.018689     0.01875     0.0187988     
0.0187378     0.0188965     0.0189209     0.0190063     
0.0188843     0.0191284     0.0192261     0.0192017     
0.0192383     0.019397     0.0195313     0.0196045     
0.0196655     0.0197876     0.0199097     0.020105     
0.0200562     0.020166     0.0203979     0.0204224     
0.0203857     0.0205444     0.0205322     0.0205933     
0.0203735     0.0204224     0.0204102     0.0203247     
0.0203735     0.0202271     0.0201904     0.0202148     
0.0200684     0.0200684     0.0200439     0.0200806     
0.0199219     0.0199829     0.0198975     0.0200073     
0.0199585     0.0199219     0.0200317     0.0199097     
0.0199951     0.0201172     0.0200806     0.0201782     
0.0201172     0.0201538     0.0202515     0.0202759     
0.0202393     0.0203247     0.0203979     0.0203857     
0.0203369     0.0203247     0.0203857     0.0203491     
0.0203003     0.0202637     0.0202393     0.0200928     
0.0200195     0.0199341     0.0198975     0.019812     
0.0197021     0.0196777     0.0194946     0.0195313     
0.0193237     0.0192749     0.0192383     0.0191528     
0.019043     0.0189941     0.0189087     0.0188721     
0.0187256     0.0187012     0.0187134     0.0187012     
0.0187012     0.0187988     0.0187866     0.0187378     
0.0187134     0.0186646     0.0187988     0.0187256     
0.0187134     0.0186157     0.0184937     0.0184326     
0.0181152     0.0181641     0.0180908     0.0179077     
0.0177246     0.0177124     0.0175903     0.0175537     
0.0174316     0.0173706     0.0174194     0.0174438     
0.0174194     0.0173706     0.0173706     0.0172974     
0.0171753     0.0171509     0.0171387     0.0169678     
0.0167725     0.0167725     0.0166992     0.0164917     
0.0162598     0.0161499     0.0160034     0.0160156     
0.0158447     0.0157471     0.0157349     0.0156982     
0.0156372     0.015564     0.0156494     0.0156128     
0.0155884     0.0155273     0.0154663     0.0154907     
0.0153564     0.0152588     0.0153442     0.01521     
0.0151245     0.014917     0.0149658     0.0149292     
0.0147827     0.0147827     0.0146484     0.0146118     
0.0146118     0.014624     0.014502     0.0145752     
0.0144653     0.0144775     0.0144165     0.0144043     
0.0142456     0.0141235     0.014209     0.0141235     
0.0139404     0.0138184     0.0137085     0.0135742     
0.0134644     0.0133057     0.0131714     0.0130859     
0.012854     0.0128296     0.0126831     0.0126709     
0.0123779     0.0123779     0.0123169     0.0121338     
0.012085     0.0120483     0.0120239     0.0118164     
0.0117676     0.0117065     0.0116455     0.0114624     
0.0112915     0.0112793     0.011145     0.0110229     
0.0109375     0.010791     0.0107544     0.0105591     
0.0104004     0.0104492     0.0103638     0.0103394     
0.010144     0.0102173     0.0101685     0.0101563     
0.00997314     0.0100586     0.00996094     0.00996094     
0.00981445     0.00980225     0.00970459     0.00957031     
0.00938721     0.00938721     0.00932617     0.00922852     
0.00906982     0.00900879     0.0090332     0.009021     
0.00887451     0.0088623     0.00897217     0.00897217     
0.00887451     0.00897217     0.00887451     0.00894775     
0.0088623     0.00882568     0.00875244     0.00859375     
0.00861816     0.00854492     0.00842285     0.00843506     
0.00826416     0.00821533     0.00823975     0.00826416     
0.00820313     0.00820313     0.00826416     0.0083252     
0.00820313     0.0081665     0.0083374     0.00822754     
0.00830078     0.00831299     0.00820313     0.00825195     
0.0081543     0.00805664     0.00804443     0.00809326     
0.00791016     0.00789795     0.00778809     0.00770264     
0.00750732     0.00749512     0.00749512     0.00740967     
0.00723877     0.00720215     0.00717773     0.00708008     
0.00697021     0.00692139     0.0067749     0.00681152     
0.00668945     0.0065918     0.00639648     0.00633545     
0.0060791     0.00605469     0.00603027     0.0059082     
0.00584717     0.00585938     0.00587158     0.00584717     
0.00587158     0.00600586     0.00614014     0.00618896     
0.00627441     0.00640869     0.00644531     0.00650635     
0.00654297     0.00648193     0.00655518     0.00645752     
0.00645752     0.00631104     0.00625     0.00616455     
0.00605469     0.00599365     0.0059082     0.00578613     
0.00576172     0.00576172     0.00568848     0.00571289     
0.00567627     0.0057251     0.00571289     0.00567627     
0.0057251     0.00578613     0.00585938     0.00576172     
0.00578613     0.00582275     0.00585938     0.00574951     
0.00568848     0.00566406     0.00566406     0.00570068     
0.00560303     0.00561523     0.00565186     0.00563965     
0.00554199     0.00560303     0.00567627     0.00570068     
0.00562744     0.00568848     0.00570068     0.0057251     
0.0057251     0.00574951     0.00577393     0.00574951     
0.00560303     0.00568848     0.00570068     0.00566406     
0.00568848     0.00565186     0.00576172     0.00581055     
0.00578613     0.00577393     0.00583496     0.005896     
0.00585938     0.00599365     0.005896     0.00596924     
0.0059082     0.00593262     0.0059082     0.00592041     
0.00587158     0.00577393     0.00587158     0.00583496     
0.0057251     0.00579834     0.00583496     0.00577393     
0.00578613     0.00582275     0.00579834     0.00578613     
0.00568848     0.00576172     0.0057373     0.00579834     
0.00567627     0.00582275     0.00566406     0.00576172     
0.00581055     0.00579834     0.00599365     0.00603027     
0.00610352     0.00625     0.00638428     0.00640869     
0.00638428     0.00646973     0.00655518     0.00655518     
0.00650635     0.00651855     0.00662842     0.00650635     
0.00654297     0.00649414     0.00664063     0.00666504     
0.006604     0.0067627     0.00673828     0.00679932     
0.00672607     0.00679932     0.00679932     0.00681152     
0.00679932     0.00688477     0.00693359     0.00683594     
0.0067627     0.00671387     0.00682373     0.0067627     
0.00684814     0.00682373     0.00687256     0.00681152     
0.00681152     0.00678711     0.00679932     0.00689697     
0.00668945     0.00682373     0.00681152     0.00683594     
0.00664063     0.00675049     0.00671387     0.0065918     
0.00657959     0.00654297     0.0064209     0.00646973     
0.00643311     0.00629883     0.00640869     0.00643311     
0.00637207     0.00650635     0.00650635     0.00651855     
0.00656738     0.006604     0.00671387     0.00682373     
0.00687256     0.00693359     0.00700684     0.00714111     
0.00716553     0.00716553     0.0072876     0.00742188     
0.00722656     0.00739746     0.0074707     0.00743408     
0.00733643     0.0072876     0.00737305     0.0072876     
0.00723877     0.00722656     0.0071167     0.00709229     
0.00699463     0.00690918     0.00686035     0.00688477     
0.00678711     0.00678711     0.00672607     0.0067749     
0.00664063     0.00665283     0.00670166     0.00661621     
0.00661621     0.0065918     0.00670166     0.00655518     
0.00649414     0.00655518     0.0065918     0.0064209     
0.00637207     0.00649414     0.00646973     0.00644531     
0.00639648     0.00634766     0.0064209     0.00637207     
0.00650635     0.00637207     0.00638428     0.0064209     
0.00627441     0.00637207     0.00644531     0.00644531     
0.0064209     0.00657959     0.0065918     0.00665283     
0.00650635     0.00667725     0.00673828     0.00675049     
0.00688477     0.00689697     0.00699463     0.00697021     
0.00701904     0.00699463     0.00705566     0.00701904     
0.00682373     0.00688477     0.0067749     0.00667725     
0.00635986     0.00629883     0.00628662     0.00610352     
0.00601807     0.00598145     0.00593262     0.00576172     
0.00579834     0.00585938     0.00588379     0.00579834     
0.00585938     0.00584717     0.00582275     0.00595703     
0.0057251     0.00578613     0.00582275     0.00576172     
0.00583496     0.0057251     0.00576172     0.00566406     
0.00563965     0.00566406     0.00570068     0.00563965     
0.00563965     0.00565186     0.00563965     0.00578613     
0.00559082     0.00565186     0.00562744     0.00566406     
0.00571289     0.00562744     0.00561523     0.00552979     
0.0053833     0.0053833     0.00529785     0.00518799     
0.00506592     0.00496826     0.00491943     0.00484619     
0.00471191     0.00466309     0.00471191     0.00462646     
0.00458984     0.00476074     0.00463867     0.00458984     
0.00456543     0.00461426     0.00454102     0.00445557     
0.00437012     0.00428467     0.00426025     0.0041626     
0.00404053     0.00413818     0.00407715     0.00406494     
0.00401611     0.00402832     0.00405273     0.00385742     
0.00393066     0.00394287     0.00400391     0.00393066     
0.0038208     0.00383301     0.00374756     0.00377197     
0.00366211     0.00372314     0.00362549     0.00362549     
0.0036377     0.00367432     0.00367432     0.00366211     
0.00354004     0.00361328     0.00369873     0.00352783     
0.00349121     0.00355225     0.00341797     0.00335693     
0.00327148     0.00316162     0.003125     0.00310059     
0.00296631     0.00305176     0.00291748     0.00292969     
0.00281982     0.00294189     0.00299072     0.00285645     
0.00286865     0.0029541     0.00299072     0.00285645     
0.00286865     0.00291748     0.00294189     0.00302734     
0.00296631     0.00308838     0.00317383     0.00314941     
0.00322266     0.00317383     0.00335693     0.0032959     
0.0032959     0.0032959     0.0032959     0.0032959     
0.00307617     0.00296631     0.00288086     0.00283203     
0.00273438     0.00275879     0.00262451     0.00253906     
0.00247803     0.00234375     0.00239258     0.0022583     
0.00220947     0.00213623     0.00217285     0.00213623     
0.00201416     0.00205078     0.00200195     0.00200195     
0.00198975     0.00200195     0.00201416     0.00202637     
0.00192871     0.00201416     0.00203857     0.00196533     
0.00209961     0.00202637     0.00206299     0.00200195     
0.00192871     0.0019043     0.00181885     0.00178223     
0.00183105     0.00174561     0.00159912     0.00168457     
0.00170898     0.00155029     0.00162354     0.00162354     
0.00177002     0.00184326     0.00187988     0.0019165     
0.00184326     0.00196533     0.00203857     0.00196533     
0.00197754     0.0020874     0.00189209     0.00200195     
0.00185547     0.00172119     0.00179443     0.0015625     
0.00144043     0.00147705     0.00136719     0.00137939     
0.00131836     0.00130615     0.00130615     0.00136719     
0.00137939     0.00137939     0.00130615     0.00134277     
0.00114746     0.0012207     0.00109863     0.00109863     
0.000964355     0.00090332     0.000817871     0.000793457     
0.000817871     0.000683594     0.000891113     0.00090332     
0.000939941     0.00115967     0.00135498     0.00133057     
0.00145264     0.00164795     0.00186768     0.00179443     
0.00183105     0.00177002     0.0019043     0.00177002     
0.0015625     0.00159912     0.00142822     0.00141602     
0.00136719     0.00134277     0.00126953     0.00119629     
0.00128174     0.00137939     0.00137939     0.00140381     
0.0013916     0.00142822     0.00155029     0.0015625     
0.00137939     0.00148926     0.00150146     0.00150146     
0.00141602     0.00145264     0.0013916     0.00135498     
0.00131836     0.00128174     0.00129395     0.00130615     
0.00118408     0.00133057     0.0013916     0.00129395     
0.00131836     0.00134277     0.00146484     0.00145264     
0.00144043     0.00150146     0.00148926     0.00146484     
0.00137939     0.00141602     0.00144043     0.00137939     
0.00134277     0.00134277     0.00135498     0.00130615     
0.00133057     0.00128174     0.00140381     0.00146484     
0.00142822     0.00159912     0.00161133     0.00168457     
0.00168457     0.00172119     0.00181885     0.00189209     
0.00183105     0.0019043     0.00203857     0.00201416     
0.00192871     0.00200195     0.00211182     0.0020874     
0.00213623     0.00205078     0.00211182     0.00194092     
0.0019043     0.00187988     0.00180664     0.00172119     
0.0015625     0.00159912     0.00152588     0.00142822     
0.00128174     0.00114746     0.0012085     0.00112305     
0.00102539     0.00102539     0.000964355     0.000915527     
0.00078125     0.000915527     0.000976563     0.00101318     
0.000976563     0.00107422     0.00126953     0.0012207     
0.00123291     0.00133057     0.00140381     0.00141602     
0.00147705     0.00148926     0.00147705     0.00150146     
0.00140381     0.00134277     0.00130615     0.00128174     
0.0012085     0.00124512     0.00118408     0.00117188     
0.00113525     0.0010498     0.00113525     0.00114746     
0.00112305     0.00113525     0.00125732     0.00126953     
0.00124512     0.00141602     0.00147705     0.00151367     
0.00158691     0.00164795     0.00164795     0.00181885     
0.00170898     0.00186768     0.00195313     0.00194092     
0.00196533     0.00197754     0.00214844     0.00216064     
0.0020752     0.00216064     0.00217285     0.00195313     
0.00195313     0.00202637     0.00185547     0.00179443     
0.00178223     0.00157471     0.00166016     0.00161133     
0.00158691     0.0015625     0.00164795     0.00164795     
0.00146484     0.00166016     0.00170898     0.00164795     
0.00158691     0.00163574     0.00162354     0.00166016     
0.00153809     0.00158691     0.00158691     0.00150146     
0.00155029     0.00151367     0.00158691     0.00147705     
0.00144043     0.00146484     0.00148926     0.00142822     
0.00141602     0.00145264     0.00137939     0.00147705     
0.00128174     0.00144043     0.00150146     0.00151367     
0.00157471     0.00170898     0.00167236     0.0017334     
0.00172119     0.00168457     0.0019165     0.0019043     
0.00195313     0.00192871     0.00196533     0.00203857     
0.00189209     0.00189209     0.00196533     0.00194092     
0.00196533     0.00194092     0.0020874     0.00202637     
0.00201416     0.00216064     0.00209961     0.00211182     
0.0020752     0.00211182     0.00219727     0.00218506     
0.00194092     0.00200195     0.00187988     0.00180664     
0.00187988     0.00170898     0.00175781     0.00168457     
0.00162354     0.00170898     0.00174561     0.00163574     
0.00159912     0.00164795     0.00167236     0.00169678     
0.00172119     0.00169678     0.00169678     0.00178223     
0.00164795     0.00181885     0.00172119     0.00167236     
0.00167236     0.00168457     0.00170898     0.00167236     
0.00174561     0.00175781     0.00180664     0.00195313     
0.00179443     0.00195313     0.00212402     0.00219727     
0.0022583     0.00218506     0.00236816     0.00236816     
0.00235596     0.00230713     0.00238037     0.00246582     
0.00228271     0.00236816     0.00229492     0.00219727     
0.0020752     0.00219727     0.00209961     0.00203857     
0.0019043     0.00185547     0.00181885     0.00162354     
0.00158691     0.00159912     0.00170898     0.0015625     
0.0015625     0.00155029     0.00158691     0.00146484     
0.00148926     0.00150146     0.00141602     0.00144043     
0.00125732     0.00133057     0.00123291     0.00115967     
0.000939941     0.000927734     0.000830078     0.000708008     
0.000622559     0.000500488     0.00045166     0.000439453     
0.000231934     0.000268555     0.000305176     0.000378418     
0.000219727     0.000366211     0.000415039     0.000354004     
0.000366211     0.000292969     0.00032959     0.000268555     
0.00032959     0.00032959     0.000256348     0.000280762     
0.000219727     0.000256348     0.000219727     0.000292969     
0.000231934     0.000317383     0.000268555     0.00032959     
0.000244141     0.000268555     0.000512695     0.000549316     
0.000512695     0.000537109     0.000634766     0.000744629     
0.000598145     0.000708008     0.000732422     0.000671387     
0.000805664     0.000842285     0.000720215     0.000756836     
0.000646973     0.000695801     0.000622559     0.000561523     
0.000524902     0.000488281     0.000402832     0.000427246     
0.000244141     0.000170898     9.76563e-05     9.76563e-05     
0     7.32422e-05     -9.76563e-05     -0.000170898     
-0.000219727     -0.000219727     -0.000109863     -0.000256348     
-0.000195313     -0.00020752     -0.000134277     -8.54492e-05     
-0.000183105     -7.32422e-05     -3.66211e-05     -1.2207e-05     
-8.54492e-05     2.44141e-05     -1.2207e-05     8.54492e-05     
3.66211e-05     0     6.10352e-05     -4.88281e-05     
-9.76563e-05     -0.00012207     -0.000158691     -0.000256348     
-0.000354004     -0.000439453     -0.000463867     -0.000476074     
-0.000622559     -0.000512695     -0.000512695     -0.000488281     
-0.000634766     -0.000402832     -0.000402832     -0.000378418     
-0.000427246     -0.000354004     -0.000317383     -0.000341797     
-0.000415039     -0.000415039     -0.000305176     -0.000341797     
-0.000366211     -0.000378418     -0.000341797     -0.000268555     
-0.000268555     -0.000292969     -0.000256348     -0.000292969     
-0.000268555     -0.000292969     -0.00032959     -0.000439453     
-0.000537109     -0.000476074     -0.000598145     -0.00045166     
-0.000732422     -0.000720215     -0.000732422     -0.000769043     
-0.000964355     -0.000854492     -0.000952148     -0.000964355     
-0.0010376     -0.0010376     -0.000976563     -0.000976563     
-0.000964355     -0.000878906     -0.000732422     -0.000671387     
-0.000585938     -0.000500488     -0.000427246     -0.000427246     
-0.000402832     -0.000268555     -0.000305176     -0.000231934     
-0.000439453     -0.000341797     -0.000341797     -0.000488281     
-0.000585938     -0.000610352     -0.000646973     -0.000720215     
-0.000769043     -0.000842285     -0.000842285     -0.000915527     
-0.00112305     -0.00102539     -0.00102539     -0.00107422     
-0.00109863     -0.00107422     -0.00107422     -0.00100098     
-0.00102539     -0.000952148     -0.000817871     -0.00090332     
-0.000939941     -0.000744629     -0.000646973     -0.000598145     
-0.000708008     -0.000537109     -0.00057373     -0.000585938     
-0.000549316     -0.000439453     -0.000476074     -0.000524902     
-0.000671387     -0.000683594     -0.000610352     -0.000671387     
-0.000805664     -0.000744629     -0.000683594     -0.000830078     
-0.000891113     -0.000939941     -0.000720215     -0.000756836     
-0.000976563     -0.000683594     -0.00078125     -0.000744629     
-0.000842285     -0.000744629     -0.000646973     -0.000598145     
-0.000598145     -0.000646973     -0.00065918     -0.00057373     
-0.00065918     -0.000549316     -0.000610352     -0.000598145     
-0.000561523     -0.000634766     -0.000561523     -0.000634766     
-0.000646973     -0.000695801     -0.00057373     -0.000598145     
-0.000537109     -0.000439453     -0.000427246     -0.000378418     
-0.00045166     -0.000378418     -0.000354004     -0.000402832     
-0.00045166     -0.000415039     -0.000585938     -0.000634766     
-0.000708008     -0.000842285     -0.000842285     -0.000927734     
-0.000842285     -0.000756836     -0.000744629     -0.00065918     
-0.000512695     -0.000402832     -0.000280762     -0.000109863     
-1.2207e-05     0.000134277     0.000170898     0.000219727     
0.000146484     0.000317383     0.000195313     1.2207e-05     
6.10352e-05     -3.66211e-05     -2.44141e-05     -0.00020752     
-0.000402832     -0.000317383     -0.000268555     -0.000439453     
-0.000463867     -0.000537109     -0.000463867     -0.00045166     
-0.000427246     -0.000390625     -0.000195313     -9.76563e-05     
1.2207e-05     8.54492e-05     0.000256348     0.000354004     
0.000390625     0.000488281     0.000488281     0.000646973     
0.00057373     0.000524902     0.000439453     0.000439453     
0.000195313     0.000109863     0     -0.000195313     
-0.000292969     -0.000427246     -0.000549316     -0.000585938     
-0.000793457     -0.000769043     -0.000769043     -0.00078125     
-0.000756836     -0.000708008     -0.000585938     -0.000524902     
-0.000585938     -0.000366211     -0.000366211     -0.000317383     
-0.000219727     -0.000183105     -7.32422e-05     -0.000158691     
-0.000244141     -0.000195313     -0.000170898     -0.000378418     
-0.000366211     -0.000305176     -0.000280762     -0.000256348     
-0.00032959     -0.000195313     -9.76563e-05     -6.10352e-05     
2.44141e-05     4.88281e-05     0.000183105     0.000134277     
9.76563e-05     0.000134277     0.000109863     0.000146484     
0     2.44141e-05     -3.66211e-05     -0.000183105     
-0.000231934     -0.000219727     -0.000305176     -0.000219727     
-0.000292969     -0.000402832     -0.00032959     -0.000366211     
-0.000415039     -0.000292969     -0.000256348     -0.000268555     
-0.000195313     -0.000170898     -0.000219727     -0.000158691     
-0.000231934     -0.000256348     -0.000305176     -0.000219727     
-0.000415039     -0.000305176     -0.000280762     -0.000268555     
-0.000305176     -0.000268555     -7.32422e-05     -4.88281e-05     
2.44141e-05     8.54492e-05     0.000109863     0.000244141     
0.000158691     0.000280762     0.000256348     0.000146484     
0.000134277     6.10352e-05     1.2207e-05     -0.000109863     
-0.000231934     -0.000378418     -0.000427246     -0.000549316     
-0.000683594     -0.000732422     -0.000842285     -0.000976563     
-0.00112305     -0.0010498     -0.00108643     -0.00101318     
-0.00112305     -0.000964355     -0.000854492     -0.000854492     
-0.00078125     -0.000671387     -0.000549316     -0.00057373     
-0.000585938     -0.000622559     -0.000439453     -0.000476074     
-0.000610352     -0.00057373     -0.000512695     -0.000476074     
-0.000610352     -0.000366211     -0.000390625     -0.000317383     
-0.000354004     -0.00032959     -0.000183105     -0.000195313     
-0.000231934     -0.000256348     -0.000256348     -0.000244141     
-0.000354004     -0.000378418     -0.000476074     -0.000463867     
-0.000708008     -0.000695801     -0.000769043     -0.000891113     
-0.000915527     -0.000964355     -0.000866699     -0.000878906     
-0.000952148     -0.000891113     -0.000952148     -0.00090332     
-0.000927734     -0.000939941     -0.000976563     -0.000915527     
-0.000976563     -0.000854492     -0.00100098     -0.000927734     
-0.000817871     -0.000805664     -0.000720215     -0.000622559     
-0.000585938     -0.000500488     -0.000439453     -0.000463867     
-0.000390625     -0.00045166     -0.000427246     -0.000488281     
-0.000512695     -0.000378418     -0.00045166     -0.000354004     
-0.000488281     -0.000390625     -0.000341797     -0.000256348     
-0.000256348     -0.000292969     -0.000195313     -0.000280762     
-0.000378418     -0.00045166     -0.000415039     -0.000634766     
-0.000866699     -0.000842285     -0.000927734     -0.00113525     
-0.00128174     -0.00134277     -0.00133057     -0.00151367     
-0.00145264     -0.00150146     -0.00135498     -0.00129395     
-0.00134277     -0.00114746     -0.000927734     -0.000891113     
-0.000842285     -0.000646973     -0.000561523     -0.000524902     
-0.00057373     -0.000390625     -0.000317383     -0.00032959     
-0.00032959     -0.000219727     -0.000219727     -0.000268555     
-0.000280762     -0.000292969     -0.000195313     -0.000244141     
-0.000292969     -0.00020752     -0.000280762     -0.000341797     
-0.000476074     -0.00045166     -0.000561523     -0.000622559     
-0.000561523     -0.000720215     -0.000671387     -0.000805664     
-0.000830078     -0.000817871     -0.000817871     -0.000817871     
-0.000866699     -0.000842285     -0.000695801     -0.000720215     
-0.000842285     -0.00078125     -0.000622559     -0.00065918     
-0.000744629     -0.000744629     -0.00065918     -0.000720215     
-0.000805664     -0.000793457     -0.000915527     -0.000891113     
-0.000964355     -0.00090332     -0.00100098     -0.00098877     
-0.00100098     -0.00102539     -0.00102539     -0.000939941     
-0.000976563     -0.000952148     -0.000842285     -0.000695801     
-0.000891113     -0.000842285     -0.00078125     -0.000830078     
-0.000915527     -0.000939941     -0.0010498     -0.00108643     
-0.00118408     -0.00119629     -0.00118408     -0.0012207     
-0.00134277     -0.0012207     -0.0012207     -0.00124512     
-0.00117188     -0.00128174     -0.00124512     -0.00134277     
-0.00134277     -0.00128174     -0.00144043     -0.00147705     
-0.00148926     -0.00152588     -0.00153809     -0.00150146     
-0.00158691     -0.00150146     -0.0013916     -0.0015625     
-0.00135498     -0.00134277     -0.00133057     -0.00135498     
-0.00129395     -0.00113525     -0.00107422     -0.00111084     
-0.00112305     -0.000939941     -0.000964355     -0.00100098     
-0.0010498     -0.00106201     -0.00106201     -0.0012207     
-0.00129395     -0.00130615     -0.00137939     -0.00140381     
-0.00147705     -0.0015625     -0.00152588     -0.00158691     
-0.00174561     -0.00168457     -0.00158691     -0.00158691     
-0.00172119     -0.00161133     -0.00164795     -0.00153809     
-0.00166016     -0.00170898     -0.00155029     -0.00157471     
-0.00145264     -0.00147705     -0.00141602     -0.00131836     
-0.00133057     -0.00131836     -0.00123291     -0.00112305     
-0.00117188     -0.0012207     -0.00118408     -0.00117188     
-0.00131836     -0.00136719     -0.00128174     -0.00131836     
-0.0013916     -0.00134277     -0.00155029     -0.00152588     
-0.00162354     -0.00163574     -0.00169678     -0.00167236     
-0.00170898     -0.00172119     -0.00180664     -0.00186768     
-0.00187988     -0.00201416     -0.00184326     -0.00183105     
-0.00196533     -0.00186768     -0.00177002     -0.00181885     
-0.0017334     -0.0015625     -0.00137939     -0.00124512     
-0.00117188     -0.000976563     -0.000878906     -0.000720215     
-0.000720215     -0.000537109     -0.00057373     -0.00045166     
-0.000427246     -0.000476074     -0.000476074     -0.000549316     
-0.000695801     -0.000842285     -0.000805664     -0.000927734     
-0.0010376     -0.00108643     -0.00114746     -0.00114746     
-0.00130615     -0.00135498     -0.00118408     -0.00134277     
-0.00129395     -0.00133057     -0.00117188     -0.00109863     
-0.00129395     -0.0012085     -0.00109863     -0.00113525     
-0.00133057     -0.00119629     -0.00123291     -0.00112305     
-0.00126953     -0.00123291     -0.00109863     -0.00117188     
-0.0012085     -0.00118408     -0.00109863     -0.00111084     
-0.00119629     -0.00114746     -0.00107422     -0.00114746     
-0.00119629     -0.000964355     -0.00100098     -0.00090332     
-0.000939941     -0.000793457     -0.000769043     -0.000634766     
-0.000756836     -0.000646973     -0.000512695     -0.000708008     
-0.000744629     -0.000732422     -0.000634766     -0.000744629     
-0.000769043     -0.000732422     -0.00078125     -0.000646973     
-0.000720215     -0.000720215     -0.000634766     -0.000732422     
-0.000744629     -0.00078125     -0.000708008     -0.000817871     
-0.000939941     -0.000927734     -0.000952148     -0.00102539     
-0.00111084     -0.00098877     -0.00118408     -0.00111084     
-0.00129395     -0.00126953     -0.00115967     -0.00106201     
-0.0010498     -0.00106201     -0.000915527     -0.000793457     
-0.000891113     -0.000744629     -0.00065918     -0.00065918     
-0.000646973     -0.000585938     -0.000561523     -0.00065918     
-0.00065918     -0.00057373     -0.000805664     -0.000756836     
-0.000805664     -0.000720215     -0.000866699     -0.000952148     
-0.000915527     -0.000964355     -0.000866699     -0.000878906     
-0.000805664     -0.000756836     -0.000585938     -0.000634766     
-0.000634766     -0.000463867     -0.00045166     -0.000390625     
-0.000378418     -0.000366211     -0.000341797     -0.000488281     
-0.000585938     -0.000708008     -0.000732422     -0.000817871     
-0.00100098     -0.00112305     -0.00111084     -0.00125732     
-0.00145264     -0.00133057     -0.00142822     -0.00136719     
-0.00146484     -0.00141602     -0.00136719     -0.00148926     
-0.00137939     -0.00140381     -0.00134277     -0.00136719     
-0.00135498     -0.00128174     -0.00124512     -0.00123291     
-0.00119629     -0.00119629     -0.00117188     -0.00111084     
-0.00124512     -0.00113525     -0.00130615     -0.00129395     
-0.00130615     -0.00135498     -0.00128174     -0.00129395     
-0.00119629     -0.00114746     -0.00107422     -0.00098877     
-0.000939941     -0.000952148     -0.00078125     -0.000708008     
-0.000805664     -0.000732422     -0.000744629     -0.000866699     
-0.000805664     -0.000866699     -0.000817871     -0.000915527     
-0.000927734     -0.000878906     -0.00100098     -0.000878906     
-0.000891113     -0.000952148     -0.000878906     -0.00078125     
-0.000805664     -0.000732422     -0.000720215     -0.000622559     
-0.000695801     -0.000671387     -0.000512695     -0.000549316     
-0.00057373     -0.000646973     -0.000463867     -0.000402832     
-0.000610352     -0.000488281     -0.000366211     -0.000366211     
-0.000366211     -0.000195313     -0.000354004     -0.000268555     
-0.000402832     -0.000378418     -0.00045166     -0.000476074     
-0.000524902     -0.000585938     -0.000646973     -0.000671387     
-0.000817871     -0.000817871     -0.00078125     -0.000952148     
-0.000939941     -0.000927734     -0.00100098     -0.000964355     
-0.00107422     -0.00106201     -0.000976563     -0.00119629     
-0.00111084     -0.0012085     -0.00117188     -0.00124512     
-0.00140381     -0.00135498     -0.00134277     -0.00136719     
-0.00148926     -0.00144043     -0.00146484     -0.00142822     
-0.00148926     -0.00142822     -0.00133057     -0.00140381     
-0.00133057     -0.00142822     -0.00131836     -0.00131836     
-0.00146484     -0.00140381     -0.00129395     -0.00135498     
-0.00153809     -0.00147705     -0.00147705     -0.00145264     
-0.00174561     -0.00159912     -0.00164795     -0.00166016     
-0.00172119     -0.00168457     -0.00161133     -0.00157471     
-0.00168457     -0.00159912     -0.00155029     -0.00151367     
-0.0013916     -0.00151367     -0.00146484     -0.00142822     
-0.00144043     -0.00134277     -0.00133057     -0.0013916     
-0.00125732     -0.00125732     -0.00117188     -0.00119629     
-0.00125732     -0.0012207     -0.00112305     -0.00102539     
-0.00111084     -0.000964355     -0.000976563     -0.000854492     
-0.0010498     -0.000866699     -0.00078125     -0.000805664     
-0.000769043     -0.000744629     -0.000744629     -0.000695801     
-0.000793457     -0.000854492     -0.000793457     -0.000769043     
-0.00078125     -0.000671387     -0.000732422     -0.00065918     
-0.000683594     -0.000683594     -0.000683594     -0.000585938     
-0.000598145     -0.000524902     -0.000537109     -0.000537109     
-0.00057373     -0.000646973     -0.000488281     -0.000585938     
-0.000683594     -0.00065918     -0.000744629     -0.000756836     
-0.000939941     -0.000854492     -0.00090332     -0.000976563     
-0.00107422     -0.00109863     -0.00106201     -0.0010376     
-0.00113525     -0.0010376     -0.000952148     -0.00101318     
-0.00107422     -0.00100098     -0.0010498     -0.0010498     
-0.00123291     -0.00126953     -0.00130615     -0.00136719     
-0.00141602     -0.00147705     -0.00147705     -0.00162354     
-0.00157471     -0.00162354     -0.00155029     -0.00162354     
-0.00162354     -0.00166016     -0.00161133     -0.0017334     
-0.00174561     -0.00166016     -0.00174561     -0.00172119     
-0.00192871     -0.00175781     -0.00184326     -0.00179443     
-0.00192871     -0.00198975     -0.0019043     -0.00196533     
-0.00201416     -0.0020752     -0.00202637     -0.00212402     
-0.00218506     -0.00209961     -0.00206299     -0.00214844     
-0.00212402     -0.00194092     -0.00189209     -0.00184326     
-0.00186768     -0.00186768     -0.00162354     -0.00167236     
-0.0015625     -0.00142822     -0.00147705     -0.00131836     
-0.00136719     -0.0012207     -0.00113525     -0.00113525     
-0.00113525     -0.00100098     -0.00108643     -0.00098877     
-0.00113525     -0.00108643     -0.00101318     -0.00107422     
-0.00107422     -0.00111084     -0.0010376     -0.00098877     
-0.00106201     -0.00112305     -0.00098877     -0.00107422     
-0.00108643     -0.00112305     -0.00128174     -0.00117188     
-0.00137939     -0.00137939     -0.00157471     -0.00157471     
-0.00159912     -0.00184326     -0.00181885     -0.00187988     
-0.00198975     -0.00200195     -0.00196533     -0.00213623     
-0.00213623     -0.00205078     -0.00216064     -0.00213623     
-0.00214844     -0.00219727     -0.00214844     -0.00214844     
-0.00198975     -0.00209961     -0.00203857     -0.00185547     
-0.00195313     -0.00172119     -0.00166016     -0.00152588     
-0.00148926     -0.00130615     -0.00125732     -0.00112305     
-0.00118408     -0.00111084     -0.00107422     -0.00123291     
-0.00129395     -0.00129395     -0.00135498     -0.00147705     
-0.00175781     -0.00179443     -0.00183105     -0.00194092     
-0.0020874     -0.00195313     -0.00195313     -0.00186768     
-0.00198975     -0.00184326     -0.00177002     -0.00170898     
-0.00169678     -0.00147705     -0.00144043     -0.0015625     
-0.00142822     -0.00145264     -0.00126953     -0.00123291     
-0.00118408     -0.00114746     -0.00117188     -0.00106201     
-0.00118408     -0.00119629     -0.00111084     -0.00125732     
-0.00137939     -0.00145264     -0.00144043     -0.00159912     
-0.00168457     -0.00166016     -0.00170898     -0.00174561     
-0.00185547     -0.00180664     -0.00179443     -0.00179443     
-0.0019165     -0.0019165     -0.00196533     -0.00186768     
-0.00195313     -0.00195313     -0.00184326     -0.0019043     
-0.00194092     -0.00187988     -0.00175781     -0.00185547     
-0.00181885     -0.00166016     -0.00153809     -0.00151367     
-0.00152588     -0.00136719     -0.00141602     -0.00137939     
-0.00135498     -0.00131836     -0.00119629     -0.00123291     
-0.00125732     -0.00118408     -0.00109863     -0.00111084     
-0.00117188     -0.00100098     -0.000976563     -0.00098877     
-0.00102539     -0.000878906     -0.000891113     -0.000842285     
-0.000842285     -0.000842285     -0.000769043     -0.00090332     
-0.000915527     -0.000964355     -0.00106201     -0.00117188     
-0.00130615     -0.00129395     -0.00148926     -0.00157471     
-0.00178223     -0.00172119     -0.00177002     -0.00178223     
-0.00179443     -0.00164795     -0.00151367     -0.00150146     
-0.00147705     -0.00133057     -0.0012207     -0.00117188     
-0.0012085     -0.00117188     -0.00117188     -0.0012207     
-0.00136719     -0.00136719     -0.00146484     -0.00150146     
-0.00162354     -0.00162354     -0.00168457     -0.00167236     
-0.00175781     -0.00169678     -0.00172119     -0.00174561     
-0.00168457     -0.00168457     -0.00153809     -0.00146484     
-0.00151367     -0.00153809     -0.00145264     -0.00135498     
-0.00140381     -0.00134277     -0.00114746     -0.00119629     
-0.00126953     -0.00125732     -0.00101318     -0.00106201     
-0.00119629     -0.00098877     -0.00112305     -0.00117188     
-0.0012085     -0.00113525     -0.00126953     -0.00126953     
-0.00141602     -0.00141602     -0.00151367     -0.00163574     
-0.00170898     -0.00170898     -0.00170898     -0.00175781     
-0.00183105     -0.00170898     -0.00168457     -0.00169678     
-0.00172119     -0.00162354     -0.00141602     -0.00152588     
-0.00150146     -0.00135498     -0.00148926     -0.00141602     
-0.00153809     -0.00141602     -0.00144043     -0.00140381     
-0.00140381     -0.00150146     -0.00148926     -0.00148926     
-0.00144043     -0.00147705     -0.00146484     -0.00145264     
-0.00145264     -0.00137939     -0.00146484     -0.00129395     
-0.00131836     -0.00141602     -0.00129395     -0.00140381     
-0.00131836     -0.00135498     -0.00130615     -0.00134277     
-0.00157471     -0.00142822     -0.00142822     -0.00148926     
-0.00166016     -0.00159912     -0.00164795     -0.00175781     
-0.00195313     -0.0019043     -0.00187988     -0.00198975     
-0.00212402     -0.00214844     -0.00203857     -0.00206299     
-0.0020874     -0.0020752     -0.00189209     -0.00185547     
-0.00186768     -0.00178223     -0.00164795     -0.00162354     
-0.00159912     -0.00144043     -0.00151367     -0.00147705     
-0.0013916     -0.00147705     -0.00145264     -0.00150146     
-0.00155029     -0.00166016     -0.0015625     -0.00179443     
-0.00187988     -0.00192871     -0.00205078     -0.00196533     
-0.00218506     -0.00224609     -0.00216064     -0.00213623     
-0.00212402     -0.00202637     -0.00179443     -0.00180664     
-0.00174561     -0.00148926     -0.00146484     -0.00133057     
-0.00129395     -0.00128174     -0.00128174     -0.0012207     
-0.00140381     -0.00142822     -0.00146484     -0.0015625     
-0.0017334     -0.00180664     -0.0017334     -0.00186768     
-0.00194092     -0.00195313     -0.0019165     -0.00198975     
-0.00194092     -0.00179443     -0.00181885     -0.00177002     
-0.00186768     -0.00163574     -0.00158691     -0.00155029     
-0.00168457     -0.00159912     -0.0015625     -0.00158691     
-0.00174561     -0.00177002     -0.00181885     -0.00187988     
-0.00195313     -0.00197754     -0.00206299     -0.00212402     
-0.00212402     -0.00205078     -0.00211182     -0.00211182     
-0.00211182     -0.00211182     -0.00205078     -0.00205078     
-0.00213623     -0.00219727     -0.00218506     -0.00220947     
-0.00233154     -0.00228271     -0.00236816     -0.00239258     
-0.0024292     -0.00246582     -0.00244141     -0.00245361     
-0.00253906     -0.00250244     -0.00241699     -0.00250244     
-0.00251465     -0.00239258     -0.00219727     -0.00212402     
-0.0020874     -0.00187988     -0.00170898     -0.00153809     
-0.00159912     -0.00134277     -0.00134277     -0.00115967     
-0.0012207     -0.00112305     -0.00112305     -0.00109863     
-0.00124512     -0.0012207     -0.00108643     -0.00123291     
-0.00126953     -0.00112305     -0.00119629     -0.00118408     
-0.00118408     -0.0012085     -0.00106201     -0.00115967     
-0.00128174     -0.00134277     -0.00135498     -0.00152588     
-0.00161133     -0.0017334     -0.00178223     -0.00195313     
-0.00205078     -0.00209961     -0.00217285     -0.00212402     
-0.00206299     -0.00205078     -0.00200195     -0.0019043     
-0.00183105     -0.0015625     -0.00144043     -0.00126953     
-0.00118408     -0.00117188     -0.000976563     -0.000927734     
-0.000976563     -0.00101318     -0.000927734     -0.0010498     
-0.0012207     -0.00130615     -0.00135498     -0.00147705     
-0.00170898     -0.00166016     -0.00180664     -0.00183105     
-0.00196533     -0.00186768     -0.00198975     -0.00197754     
-0.00180664     -0.00187988     -0.00177002     -0.00168457     
-0.0017334     -0.00167236     -0.0013916     -0.00133057     
-0.00153809     -0.00119629     -0.00111084     -0.00102539     
-0.00108643     -0.000915527     -0.000805664     -0.00101318     
-0.000927734     -0.000891113     -0.000915527     -0.00098877     
-0.00117188     -0.0010498     -0.00118408     -0.00130615     
-0.00142822     -0.00146484     -0.00164795     -0.00169678     
-0.0019043     -0.00201416     -0.00186768     -0.0020752     
-0.0020752     -0.00202637     -0.00206299     -0.00203857     
-0.00203857     -0.00196533     -0.00186768     -0.00187988     
-0.00178223     -0.00168457     -0.0015625     -0.00152588     
-0.00159912     -0.00153809     -0.00150146     -0.00151367     
-0.0015625     -0.00155029     -0.00150146     -0.00162354     
-0.00167236     -0.00170898     -0.00158691     -0.00164795     
-0.00172119     -0.00169678     -0.00167236     -0.00157471     
-0.00169678     -0.00161133     -0.00157471     -0.00157471     
-0.00158691     -0.00158691     -0.00152588     -0.00158691     
-0.00162354     -0.00150146     -0.00161133     -0.00159912     
-0.00162354     -0.00161133     -0.00164795     -0.00158691     
-0.00167236     -0.00153809     -0.00152588     -0.00146484     
-0.00145264     -0.00135498     -0.00119629     -0.00123291     
-0.0013916     -0.00114746     -0.00102539     -0.00102539     
-0.00101318     -0.000939941     -0.000964355     -0.000964355     
-0.00112305     -0.00101318     -0.00108643     -0.00098877     
-0.00113525     -0.000976563     -0.00106201     -0.000964355     
-0.00100098     -0.00111084     -0.000915527     -0.000939941     
-0.000964355     -0.000964355     -0.000866699     -0.00090332     
-0.00112305     -0.00106201     -0.00102539     -0.00107422     
-0.00118408     -0.00117188     -0.00109863     -0.00130615     
-0.00130615     -0.00136719     -0.00126953     -0.00126953     
-0.00144043     -0.00124512     -0.00117188     -0.00111084     
-0.00115967     -0.00114746     -0.00117188     -0.00101318     
-0.00108643     -0.0010498     -0.00115967     -0.0012207     
-0.00128174     -0.00124512     -0.00133057     -0.00137939     
-0.0013916     -0.0013916     -0.00140381     -0.00140381     
-0.00159912     -0.00164795     -0.00158691     -0.00161133     
-0.00168457     -0.00159912     -0.00175781     -0.00169678     
-0.00178223     -0.00177002     -0.00170898     -0.00179443     
-0.00177002     -0.00180664     -0.00172119     -0.0017334     
-0.00174561     -0.00174561     -0.00170898     -0.00169678     
-0.00174561     -0.00175781     -0.00178223     -0.00185547     
-0.0019043     -0.00195313     -0.00205078     -0.0020874     
-0.00209961     -0.0020874     -0.00213623     -0.00211182     
-0.00219727     -0.00213623     -0.00209961     -0.00200195     
-0.00205078     -0.00195313     -0.00174561     -0.00169678     
-0.00175781     -0.00158691     -0.00136719     -0.00137939     
-0.00135498     -0.00114746     -0.00108643     -0.00117188     
-0.00113525     -0.00111084     -0.0012207     -0.00125732     
-0.00136719     -0.00128174     -0.00152588     -0.00159912     
-0.00178223     -0.00180664     -0.00195313     -0.0019043     
-0.00194092     -0.00198975     -0.00186768     -0.0019165     
-0.00198975     -0.00181885     -0.00175781     -0.00172119     
-0.00178223     -0.00166016     -0.00163574     -0.00169678     
-0.00172119     -0.00168457     -0.0015625     -0.00166016     
-0.00162354     -0.00166016     -0.00164795     -0.00157471     
-0.0017334     -0.00172119     -0.00168457     -0.00158691     
-0.00181885     -0.00174561     -0.00179443     -0.00178223     
-0.00189209     -0.00183105     -0.00180664     -0.00180664     
-0.00181885     -0.00174561     -0.00178223     -0.00178223     
-0.00187988     -0.00194092     -0.00177002     -0.0019043     
-0.00201416     -0.0020874     -0.00206299     -0.00206299     
-0.00218506     -0.00202637     -0.00195313     -0.0019043     
-0.00185547     -0.00181885     -0.00153809     -0.00150146     
-0.00140381     -0.00130615     -0.00124512     -0.00106201     
-0.00102539     -0.00106201     -0.00102539     -0.000976563     
-0.00111084     -0.00113525     -0.00115967     -0.00135498     
-0.00128174     -0.00146484     -0.00147705     -0.00153809     
-0.00170898     -0.00179443     -0.00180664     -0.0017334     
-0.00186768     -0.00181885     -0.00183105     -0.00179443     
-0.0019165     -0.00183105     -0.00172119     -0.00178223     
-0.00183105     -0.00186768     -0.00175781     -0.00181885     
-0.00187988     -0.00196533     -0.00186768     -0.00202637     
-0.00194092     -0.00192871     -0.00196533     -0.00205078     
-0.00216064     -0.00206299     -0.00211182     -0.00220947     
-0.00227051     -0.00222168     -0.00217285     -0.00223389     
-0.00223389     -0.00220947     -0.0022583     -0.00224609     
-0.00212402     -0.0020874     -0.00205078     -0.00205078     
-0.00205078     -0.00187988     -0.00179443     -0.00172119     
-0.00178223     -0.00170898     -0.00161133     -0.00166016     
-0.00162354     -0.00158691     -0.00161133     -0.00155029     
-0.0015625     -0.00146484     -0.00142822     -0.00145264     
-0.00158691     -0.00140381     -0.00153809     -0.00158691     
-0.00159912     -0.0015625     -0.00167236     -0.00164795     
-0.0017334     -0.00181885     -0.00184326     -0.00183105     
-0.00198975     -0.00213623     -0.00211182     -0.00217285     
-0.00238037     -0.00238037     -0.00229492     -0.0024292     
-0.0026123     -0.00249023     -0.00255127     -0.00253906     
-0.00266113     -0.00257568     -0.00247803     -0.00251465     
-0.00245361     -0.00244141     -0.00241699     -0.00231934     
-0.00233154     -0.00216064     -0.00203857     -0.00201416     
-0.00201416     -0.00185547     -0.00172119     -0.00174561     
-0.0017334     -0.00163574     -0.00152588     -0.00159912     
-0.00151367     -0.00148926     -0.00157471     -0.00157471     
-0.00172119     -0.00164795     -0.0017334     -0.00174561     
-0.00192871     -0.0017334     -0.00181885     -0.00180664     
-0.00172119     -0.00180664     -0.00155029     -0.00162354     
-0.00145264     -0.00133057     -0.00129395     -0.00129395     
-0.0012207     -0.0012207     -0.00115967     -0.00113525     
-0.00112305     -0.00106201     -0.00112305     -0.00107422     
-0.0012207     -0.00115967     -0.0012085     -0.00118408     
-0.00119629     -0.00119629     -0.00111084     -0.00114746     
-0.00128174     -0.00124512     -0.00112305     -0.00133057     
-0.0013916     -0.00129395     -0.00142822     -0.00151367     
-0.00159912     -0.00167236     -0.00164795     -0.00177002     
-0.00174561     -0.00187988     -0.00184326     -0.00189209     
-0.00203857     -0.0020752     -0.00205078     -0.00198975     
-0.00209961     -0.00206299     -0.00201416     -0.00196533     
-0.00213623     -0.00206299     -0.00200195     -0.00214844     
-0.00222168     -0.00224609     -0.00229492     -0.00231934     
-0.00251465     -0.00251465     -0.00241699     -0.00246582     
-0.00258789     -0.00251465     -0.00240479     -0.00223389     
-0.00235596     -0.00229492     -0.00216064     -0.00194092     
-0.0019043     -0.00178223     -0.00175781     -0.00174561     
-0.00161133     -0.00163574     -0.00168457     -0.00167236     
-0.00177002     -0.00170898     -0.00166016     -0.00170898     
-0.00185547     -0.00183105     -0.00168457     -0.00174561     
-0.00157471     -0.00151367     -0.00151367     -0.00136719     
-0.0013916     -0.00115967     -0.00125732     -0.00118408     
-0.00115967     -0.00117188     -0.0012085     -0.00123291     
-0.00134277     -0.00134277     -0.00142822     -0.00146484     
-0.0015625     -0.00174561     -0.00177002     -0.00189209     
-0.00205078     -0.00203857     -0.00205078     -0.00213623     
-0.00209961     -0.00205078     -0.00205078     -0.00194092     
-0.00201416     -0.00196533     -0.0019043     -0.00184326     
-0.00184326     -0.00181885     -0.00185547     -0.0019043     
-0.0019165     -0.00206299     -0.0019043     -0.00209961     
-0.00216064     -0.00216064     -0.00205078     -0.00224609     
-0.0022583     -0.00212402     -0.00214844     -0.00213623     
-0.00201416     -0.00196533     -0.00192871     -0.00186768     
-0.00172119     -0.00170898     -0.00169678     -0.00157471     
-0.00164795     -0.00148926     -0.00150146     -0.00155029     
-0.00167236     -0.00166016     -0.00170898     -0.00174561     
-0.00185547     -0.00192871     -0.00184326     -0.00195313     
-0.00213623     -0.0020874     -0.00205078     -0.00203857     
-0.00214844     -0.00205078     -0.00194092     -0.00187988     
-0.00201416     -0.00177002     -0.00166016     -0.00153809     
-0.00164795     -0.00141602     -0.00136719     -0.00115967     
-0.00129395     -0.00108643     -0.000964355     -0.000939941     
-0.000976563     -0.000927734     -0.00090332     -0.000817871     
-0.00090332     -0.000976563     -0.00100098     -0.000927734     
-0.00106201     -0.00107422     -0.00108643     -0.00114746     
-0.00114746     -0.00126953     -0.0012085     -0.00123291     
-0.00135498     -0.00126953     -0.00140381     -0.00136719     
-0.00148926     -0.00144043     -0.00150146     -0.00133057     
-0.00136719     -0.00131836     -0.00134277     -0.00115967     
-0.00118408     -0.00118408     -0.00106201     -0.0010498     
-0.00098877     -0.00102539     -0.0010498     -0.00102539     
-0.00111084     -0.00106201     -0.00108643     -0.00112305     
-0.00124512     -0.00112305     -0.00128174     -0.00115967     
-0.00137939     -0.00131836     -0.00123291     -0.00125732     
-0.00135498     -0.00128174     -0.0012207     -0.00130615     
-0.00136719     -0.00134277     -0.00144043     -0.00146484     
-0.00152588     -0.00157471     -0.00169678     -0.00183105     
-0.00186768     -0.00194092     -0.00194092     -0.00205078     
-0.0020874     -0.00212402     -0.00206299     -0.00205078     
-0.00220947     -0.00200195     -0.00194092     -0.00198975     
-0.00201416     -0.00181885     -0.00184326     -0.00180664     
-0.00195313     -0.00189209     -0.00184326     -0.00192871     
-0.00200195     -0.00196533     -0.00187988     -0.00187988     
-0.0019043     -0.00186768     -0.00174561     -0.00158691     
-0.00158691     -0.00152588     -0.0013916     -0.00129395     
-0.00129395     -0.00106201     -0.00112305     -0.00106201     
-0.0010376     -0.000952148     -0.00090332     -0.000915527     
-0.000952148     -0.00100098     -0.0010376     -0.00111084     
-0.00119629     -0.00133057     -0.00134277     -0.00144043     
-0.00178223     -0.00168457     -0.00179443     -0.00186768     
-0.0019043     -0.00206299     -0.0019165     -0.00194092     
-0.00202637     -0.00194092     -0.00200195     -0.0019043     
-0.0019165     -0.00183105     -0.00180664     -0.00164795     
-0.00170898     -0.00159912     -0.00142822     -0.00147705     
-0.00140381     -0.00134277     -0.00130615     -0.00123291     
-0.00140381     -0.00128174     -0.00117188     -0.00129395     
-0.00124512     -0.00114746     -0.00123291     -0.00119629     
-0.00125732     -0.00125732     -0.00136719     -0.00128174     
-0.00141602     -0.00141602     -0.00145264     -0.00140381     
-0.00155029     -0.00158691     -0.00146484     -0.00161133     
-0.00161133     -0.00161133     -0.00151367     -0.00163574     
-0.00168457     -0.00153809     -0.00157471     -0.00161133     
-0.00170898     -0.00161133     -0.00158691     -0.00166016     
-0.00166016     -0.00175781     -0.00169678     -0.00161133     
-0.00180664     -0.00174561     -0.00174561     -0.00184326     
-0.0019165     -0.00181885     -0.00187988     -0.00192871     
-0.00203857     -0.00197754     -0.0019043     -0.00200195     
-0.00195313     -0.0020752     -0.00200195     -0.00196533     
-0.00205078     -0.0020752     -0.00213623     -0.00203857     
-0.00224609     -0.0022583     -0.00220947     -0.00233154     
-0.00235596     -0.00222168     -0.00227051     -0.00223389     
-0.00230713     -0.00228271     -0.00212402     -0.00219727     
-0.00218506     -0.00212402     -0.00216064     -0.00200195     
-0.00205078     -0.00206299     -0.0019043     -0.00186768     
-0.00200195     -0.00185547     -0.00180664     -0.00186768     
-0.00194092     -0.00202637     -0.00201416     -0.00222168     
-0.00218506     -0.00222168     -0.00239258     -0.00228271     
-0.00236816     -0.00241699     -0.00234375     -0.00229492     
-0.00238037     -0.0022583     -0.00219727     -0.00211182     
-0.00218506     -0.00211182     -0.0020752     -0.00213623     
-0.00206299     -0.00202637     -0.00211182     -0.00209961     
-0.00214844     -0.00213623     -0.00201416     -0.00211182     
-0.00211182     -0.00202637     -0.00202637     -0.00189209     
-0.00202637     -0.0019165     -0.00192871     -0.00192871     
-0.00189209     -0.00189209     -0.00194092     -0.00206299     
-0.00203857     -0.00197754     -0.00203857     -0.00206299     
-0.00200195     -0.00201416     -0.0020874     -0.00201416     
-0.00201416     -0.00201416     -0.00187988     -0.00197754     
-0.00194092     -0.00187988     -0.00192871     -0.00185547     
-0.00196533     -0.00181885     -0.00172119     -0.00169678     
-0.00177002     -0.00166016     -0.00167236     -0.00161133     
-0.00175781     -0.00170898     -0.00167236     -0.0017334     
-0.0017334     -0.00178223     -0.00177002     -0.00184326     
-0.00195313     -0.00200195     -0.00198975     -0.0020874     
-0.0022583     -0.0022583     -0.00241699     -0.00249023     
-0.00262451     -0.0026001     -0.00274658     -0.00273438     
-0.00288086     -0.00289307     -0.00280762     -0.00288086     
-0.00283203     -0.0027832     -0.00269775     -0.00258789     
-0.00253906     -0.00234375     -0.00213623     -0.00197754     
-0.00200195     -0.00186768     -0.00166016     -0.0015625     
-0.00148926     -0.00152588     -0.00133057     -0.00134277     
-0.00141602     -0.00142822     -0.00144043     -0.00142822     
-0.00152588     -0.00148926     -0.00159912     -0.00162354     
-0.00170898     -0.00177002     -0.00177002     -0.00168457     
-0.00183105     -0.00185547     -0.0019165     -0.0019165     
-0.00205078     -0.00195313     -0.00187988     -0.00201416     
-0.00194092     -0.00186768     -0.00167236     -0.00161133     
-0.00172119     -0.00159912     -0.00148926     -0.0013916     
-0.00136719     -0.00117188     -0.00117188     -0.00126953     
-0.00124512     -0.00135498     -0.00125732     -0.00129395     
-0.00135498     -0.00134277     -0.00133057     -0.00140381     
-0.00140381     -0.00131836     -0.00144043     -0.00134277     
-0.00137939     -0.00145264     -0.00135498     -0.00141602     
-0.00141602     -0.00141602     -0.00133057     -0.00133057     
-0.00146484     -0.00123291     -0.00129395     -0.00125732     
-0.00133057     -0.00128174     -0.00131836     -0.00125732     
-0.00136719     -0.00142822     -0.00136719     -0.00146484     
-0.0015625     -0.00155029     -0.00152588     -0.00159912     
-0.00157471     -0.00152588     -0.00153809     -0.00158691     
-0.00169678     -0.00168457     -0.00162354     -0.00166016     
-0.00174561     -0.00164795     -0.00175781     -0.00166016     
-0.00179443     -0.00166016     -0.00152588     -0.00157471     
-0.00145264     -0.00150146     -0.00141602     -0.0013916     
-0.00150146     -0.00142822     -0.00144043     -0.00147705     
-0.00159912     -0.00163574     -0.00159912     -0.00175781     
-0.00180664     -0.00185547     -0.00179443     -0.00192871     
-0.0019165     -0.00195313     -0.00196533     -0.00184326     
-0.0019165     -0.00186768     -0.00181885     -0.00168457     
-0.00170898     -0.00162354     -0.00164795     -0.00148926     
-0.00162354     -0.00162354     -0.00150146     -0.00145264     
-0.00151367     -0.00148926     -0.00148926     -0.00151367     
-0.00162354     -0.00158691     -0.00168457     -0.00175781     
-0.00179443     -0.00175781     -0.00196533     -0.00183105     
-0.00200195     -0.00187988     -0.00187988     -0.00187988     
-0.00177002     -0.00166016     -0.00162354     -0.00153809     
-0.00144043     -0.0013916     -0.00133057     -0.00131836     
-0.00125732     -0.00126953     -0.00130615     -0.0013916     
-0.00144043     -0.00152588     -0.00150146     -0.00159912     
-0.00166016     -0.00177002     -0.00161133     -0.00157471     
-0.0017334     -0.00163574     -0.00166016     -0.00157471     
-0.00152588     -0.00145264     -0.00144043     -0.00134277     
-0.00148926     -0.00141602     -0.00126953     -0.00146484     
-0.00141602     -0.00147705     -0.00151367     -0.00145264     
-0.00152588     -0.0015625     -0.00146484     -0.00146484     
-0.00147705     -0.00145264     -0.00141602     -0.00133057     
-0.00147705     -0.00144043     -0.00142822     -0.00153809     
-0.00157471     -0.0015625     -0.00162354     -0.00172119     
-0.0019165     -0.00194092     -0.0019165     -0.00206299     
-0.00206299     -0.00211182     -0.0020752     -0.00214844     
-0.00224609     -0.00233154     -0.00229492     -0.00227051     
-0.00227051     -0.00231934     -0.00217285     -0.00228271     
-0.00223389     -0.00213623     -0.00217285     -0.00206299     
-0.00202637     -0.00189209     -0.00201416     -0.00179443     
-0.0019165     -0.00181885     -0.00174561     -0.00179443     
-0.00178223     -0.00179443     -0.00163574     -0.00167236     
-0.00170898     -0.00181885     -0.00164795     -0.00175781     
-0.00169678     -0.00159912     -0.00164795     -0.00158691     
-0.00164795     -0.00150146     -0.00158691     -0.00162354     
-0.00164795     -0.00153809     -0.00147705     -0.00155029     
-0.00163574     -0.00163574     -0.0015625     -0.00170898     
-0.00167236     -0.00172119     -0.00179443     -0.0019165     
-0.00206299     -0.00206299     -0.00214844     -0.00223389     
-0.00231934     -0.00229492     -0.00228271     -0.0024292     
-0.00239258     -0.00233154     -0.00224609     -0.00229492     
-0.00229492     -0.0020874     -0.00209961     -0.00209961     
-0.00211182     -0.00200195     -0.00205078     -0.00202637     
-0.0020874     -0.00216064     -0.00218506     -0.00220947     
-0.00220947     -0.00224609     -0.00223389     -0.00220947     
-0.00220947     -0.00219727     -0.00214844     -0.00216064     
-0.00219727     -0.00217285     -0.00201416     -0.00198975     
-0.00212402     -0.00211182     -0.00202637     -0.0020752     
-0.00220947     -0.00227051     -0.00227051     -0.00234375     
-0.00238037     -0.00250244     -0.00245361     -0.00252686     
-0.00253906     -0.0026001     -0.00263672     -0.00253906     
-0.00266113     -0.0026123     -0.00253906     -0.00264893     
-0.0026123     -0.00266113     -0.00252686     -0.00256348     
-0.00263672     -0.00245361     -0.00256348     -0.00246582     
-0.00258789     -0.0024292     -0.00234375     -0.00220947     
-0.00228271     -0.00216064     -0.00214844     -0.00201416     
-0.00194092     -0.00196533     -0.00174561     -0.00175781     
-0.00175781     -0.00167236     -0.00162354     -0.00164795     
-0.00164795     -0.00179443     -0.00181885     -0.00177002     
-0.00183105     -0.00175781     -0.00185547     -0.00186768     
-0.00192871     -0.00192871     -0.00196533     -0.00197754     
-0.00194092     -0.00202637     -0.00198975     -0.00205078     
-0.00211182     -0.00202637     -0.00189209     -0.00201416     
-0.00202637     -0.00189209     -0.00178223     -0.00183105     
-0.00184326     -0.00185547     -0.0017334     -0.00179443     
-0.00179443     -0.00169678     -0.00174561     -0.00167236     
-0.00177002     -0.00159912     -0.00158691     -0.00157471     
-0.0015625     -0.00131836     -0.00134277     -0.00141602     
-0.00151367     -0.00152588     -0.0015625     -0.00172119     
-0.00172119     -0.00184326     -0.00186768     -0.00209961     
-0.00230713     -0.00227051     -0.00220947     -0.00233154     
-0.00240479     -0.00231934     -0.00223389     -0.00224609     
-0.00229492     -0.00216064     -0.00212402     -0.00194092     
-0.00202637     -0.00200195     -0.00180664     -0.00183105     
-0.00183105     -0.00179443     -0.0017334     -0.00172119     
-0.00172119     -0.00178223     -0.00178223     -0.00174561     
-0.0019043     -0.0019043     -0.00172119     -0.00183105     
-0.00187988     -0.00178223     -0.0017334     -0.00172119     
-0.00170898     -0.00162354     -0.00168457     -0.00155029     
-0.00174561     -0.00169678     -0.0017334     -0.00170898     
-0.00197754     -0.0019165     -0.0020874     -0.00217285     
-0.00214844     -0.00239258     -0.00244141     -0.0026001     
-0.002771     -0.00284424     -0.00275879     -0.00286865     
-0.00290527     -0.00285645     -0.00280762     -0.00273438     
-0.00268555     -0.00251465     -0.00250244     -0.00224609     
-0.00223389     -0.00213623     -0.00200195     -0.00198975     
-0.00197754     -0.00206299     -0.00180664     -0.00196533     
-0.00206299     -0.00201416     -0.00197754     -0.0020874     
-0.00220947     -0.00211182     -0.00228271     -0.00230713     
-0.00233154     -0.00239258     -0.00239258     -0.0024292     
-0.00249023     -0.00245361     -0.00245361     -0.00240479     
-0.00252686     -0.00250244     -0.00249023     -0.00252686     
-0.00263672     -0.0026123     -0.00272217     -0.00266113     
-0.00275879     -0.002771     -0.00273438     -0.00292969     
-0.00300293     -0.00289307     -0.0027832     -0.00281982     
-0.00275879     -0.00266113     -0.00250244     -0.00239258     
-0.00240479     -0.00228271     -0.00214844     -0.00209961     
-0.00206299     -0.00185547     -0.00186768     -0.00172119     
-0.00178223     -0.00178223     -0.00170898     -0.00174561     
-0.00175781     -0.00172119     -0.00174561     -0.00174561     
-0.0019043     -0.00196533     -0.0019043     -0.00195313     
-0.00220947     -0.00231934     -0.00223389     -0.00231934     
-0.00230713     -0.00238037     -0.00214844     -0.00217285     
-0.00223389     -0.00209961     -0.00201416     -0.0019043     
-0.00186768     -0.0019165     -0.00186768     -0.00177002     
-0.00189209     -0.00175781     -0.00187988     -0.00187988     
-0.00192871     -0.00200195     -0.00196533     -0.00201416     
-0.00219727     -0.00214844     -0.00218506     -0.00229492     
-0.00235596     -0.00236816     -0.00244141     -0.00238037     
-0.00234375     -0.00231934     -0.00234375     -0.00218506     
-0.00224609     -0.00205078     -0.00202637     -0.00196533     
-0.00192871     -0.00195313     -0.00180664     -0.00195313     
-0.00192871     -0.0019043     -0.00184326     -0.00186768     
-0.00184326     -0.00180664     -0.00180664     -0.00180664     
-0.00168457     -0.00178223     -0.00166016     -0.00172119     
-0.00163574     -0.00180664     -0.00189209     -0.00185547     
-0.00212402     -0.0020874     -0.00219727     -0.00228271     
-0.00239258     -0.00241699     -0.00240479     -0.00235596     
-0.00246582     -0.00238037     -0.00216064     -0.00220947     
-0.00206299     -0.00202637     -0.0019043     -0.00185547     
-0.00186768     -0.00181885     -0.00184326     -0.00179443     
-0.00186768     -0.00186768     -0.00187988     -0.00175781     
-0.00196533     -0.00196533     -0.00202637     -0.00192871     
-0.00202637     -0.00202637     -0.00202637     -0.00203857     
-0.00211182     -0.00218506     -0.00213623     -0.00217285     
-0.00219727     -0.0022583     -0.00224609     -0.00216064     
-0.00238037     -0.00216064     -0.0020752     -0.00216064     
-0.0020874     -0.00205078     -0.0019165     -0.00197754     
-0.00202637     -0.00194092     -0.00198975     -0.00209961     
-0.00219727     -0.00231934     -0.00241699     -0.0024292     
-0.00269775     -0.00266113     -0.00273438     -0.00269775     
-0.00270996     -0.00273438     -0.00263672     -0.00263672     
-0.00251465     -0.00246582     -0.00228271     -0.0022583     
-0.00224609     -0.00223389     -0.00205078     -0.0020874     
-0.00217285     -0.00212402     -0.00213623     -0.0020874     
-0.00236816     -0.00231934     -0.00231934     -0.00247803     
-0.00252686     -0.00255127     -0.00239258     -0.00247803     
-0.00250244     -0.0024292     -0.00235596     -0.00239258     
-0.00249023     -0.00235596     -0.00241699     -0.00245361     
-0.00249023     -0.00256348     -0.00253906     -0.00257568     
-0.00258789     -0.0026001     -0.00258789     -0.00256348     
-0.00255127     -0.00241699     -0.00249023     -0.00240479     
-0.00235596     -0.00229492     -0.00216064     -0.00216064     
-0.00223389     -0.00197754     -0.00192871     -0.00200195     
-0.00205078     -0.00209961     -0.00214844     -0.00216064     
-0.00223389     -0.00224609     -0.00228271     -0.00241699     
-0.00256348     -0.00258789     -0.00252686     -0.00269775     
-0.002771     -0.00262451     -0.00272217     -0.0026123     
-0.00268555     -0.00257568     -0.00249023     -0.00253906     
-0.0024292     -0.00247803     -0.0024292     -0.00234375     
-0.00245361     -0.00245361     -0.00240479     -0.00233154     
-0.00244141     -0.0024292     -0.00238037     -0.00244141     
-0.00251465     -0.00246582     -0.00240479     -0.00247803     
-0.00244141     -0.00238037     -0.00249023     -0.00233154     
-0.00235596     -0.00229492     -0.00216064     -0.00197754     
-0.00194092     -0.00178223     -0.00167236     -0.00157471     
-0.00157471     -0.00159912     -0.00145264     -0.00155029     
-0.00155029     -0.00158691     -0.00151367     -0.00162354     
-0.00178223     -0.00175781     -0.00177002     -0.00185547     
-0.00186768     -0.00179443     -0.00181885     -0.0017334     
-0.00192871     -0.00184326     -0.0019043     -0.00184326     
-0.0019165     -0.0019043     -0.00186768     -0.00197754     
-0.00202637     -0.00209961     -0.0020874     -0.0020874     
-0.00203857     -0.00195313     -0.00196533     -0.00196533     
-0.00203857     -0.00184326     -0.0017334     -0.00177002     
-0.00168457     -0.00163574     -0.00155029     -0.00152588     
-0.00161133     -0.00145264     -0.00133057     -0.00148926     
-0.00157471     -0.00155029     -0.00166016     -0.0017334     
-0.00198975     -0.00202637     -0.00200195     -0.0022583     
-0.00224609     -0.00228271     -0.00230713     -0.0022583     
-0.00227051     -0.00222168     -0.00212402     -0.00211182     
-0.00206299     -0.00209961     -0.00200195     -0.0019043     
-0.0020874     -0.00200195     -0.00206299     -0.00197754     
-0.00206299     -0.00211182     -0.0020752     -0.00219727     
-0.00220947     -0.00223389     -0.00229492     -0.00234375     
-0.00240479     -0.00247803     -0.00245361     -0.00246582     
-0.00251465     -0.00249023     -0.00241699     -0.00239258     
-0.00228271     -0.00219727     -0.00216064     -0.00197754     
-0.00196533     -0.00187988     -0.00175781     -0.00162354     
-0.00166016     -0.00159912     -0.00148926     -0.00153809     
-0.00167236     -0.00151367     -0.00137939     -0.00142822     
-0.00150146     -0.00157471     -0.00135498     -0.00155029     
-0.00148926     -0.0015625     -0.00155029     -0.00161133     
-0.00169678     -0.00164795     -0.00157471     -0.00166016     
-0.00164795     -0.00164795     -0.00169678     -0.00163574     
-0.00170898     -0.00163574     -0.00169678     -0.00168457     
-0.00164795     -0.00170898     -0.00166016     -0.00170898     
-0.00163574     -0.0015625     -0.00151367     -0.00157471     
-0.00153809     -0.00145264     -0.00146484     -0.00135498     
-0.00135498     -0.00129395     -0.00112305     -0.00124512     
-0.00117188     -0.0010376     -0.000964355     -0.000976563     
-0.00098877     -0.000964355     -0.00101318     -0.00100098     
-0.00125732     -0.00125732     -0.00146484     -0.00152588     
-0.00178223     -0.0019165     -0.00212402     -0.00231934     
-0.00246582     -0.00255127     -0.00257568     -0.00269775     
-0.00273438     -0.00257568     -0.00253906     -0.00253906     
-0.00250244     -0.00228271     -0.00211182     -0.00202637     
-0.00201416     -0.00175781     -0.00175781     -0.00162354     
-0.00164795     -0.00162354     -0.00150146     -0.00152588     
-0.00152588     -0.00153809     -0.00158691     -0.00157471     
-0.0017334     -0.00183105     -0.0019043     -0.00194092     
-0.00214844     -0.00223389     -0.00228271     -0.00246582     
-0.00257568     -0.00270996     -0.00255127     -0.00264893     
-0.0026123     -0.00244141     -0.00245361     -0.00235596     
-0.00222168     -0.00222168     -0.00214844     -0.00196533     
-0.00200195     -0.00192871     -0.00183105     -0.00178223     
-0.00186768     -0.00189209     -0.00174561     -0.00180664     
-0.00197754     -0.00197754     -0.0019165     -0.0019043     
-0.00198975     -0.00203857     -0.00197754     -0.00197754     
-0.00211182     -0.0019043     -0.00205078     -0.00202637     
-0.0020752     -0.00196533     -0.00213623     -0.0020752     
-0.0020752     -0.00203857     -0.00205078     -0.00205078     
-0.00216064     -0.00218506     -0.00213623     -0.00212402     
-0.00213623     -0.0020752     -0.00203857     -0.0020752     
-0.00214844     -0.00206299     -0.00202637     -0.00211182     
-0.00197754     -0.00206299     -0.0020752     -0.00211182     
-0.00216064     -0.00212402     -0.00220947     -0.00218506     
-0.00229492     -0.00219727     -0.00228271     -0.00220947     
-0.0022583     -0.0022583     -0.00202637     -0.0020874     
-0.0020874     -0.00189209     -0.00180664     -0.00170898     
-0.00170898     -0.00172119     -0.00161133     -0.00169678     
-0.00172119     -0.00167236     -0.00172119     -0.00178223     
-0.00202637     -0.00194092     -0.00209961     -0.00218506     
-0.00229492     -0.00233154     -0.00229492     -0.00228271     
-0.00235596     -0.00249023     -0.00236816     -0.00239258     

