Source : transient; Time : Wed Jun 14 04:24:42 2017
B0 = 3836.000000 Gauss, mw = 9.686279 GHz
 NDI-T2 sa261 20/2 42/25 523nm/1mJ
1 5000 -1.001e-06 8.997e-06 0 0
s                        V                                                 
0.000610352     0.00065918     0.000500488     0.000561523     
0.000317383     0.000476074     0.00045166     0.00032959     
0.000231934     0.000170898     0.000256348     0.00012207     
8.54492e-05     0.000170898     8.54492e-05     -2.44141e-05     
-0.000109863     -0.000158691     -0.000231934     -0.000305176     
-0.000402832     -0.000378418     -0.00045166     -0.000476074     
-0.00045166     -0.000366211     -0.000439453     -0.000378418     
-0.000354004     -0.000256348     -6.10352e-05     -0.000158691     
-6.10352e-05     -2.44141e-05     -6.10352e-05     -6.10352e-05     
-7.32422e-05     0     -0.000158691     -0.000292969     
-0.000292969     -0.000219727     -0.000305176     -0.000463867     
-0.000488281     -0.000292969     -0.000476074     -0.000390625     
-0.000439453     -0.000305176     -0.000366211     -0.000305176     
-0.00032959     -0.00012207     -0.000231934     -0.000183105     
-0.000158691     -0.000183105     -0.000195313     -0.000231934     
-0.000170898     -0.000183105     -0.000134277     -0.000134277     
-6.10352e-05     3.66211e-05     7.32422e-05     2.44141e-05     
0.000134277     0.000219727     0.000244141     9.76563e-05     
0.000244141     0.000183105     0.000183105     7.32422e-05     
2.44141e-05     4.88281e-05     0.00012207     4.88281e-05     
0.000146484     0.000170898     0.000305176     0.00032959     
0.000427246     0.000537109     0.000634766     0.000598145     
0.000610352     0.000585938     0.00057373     0.000488281     
0.000390625     0.000366211     0.000305176     9.76563e-05     
2.44141e-05     0     -8.54492e-05     -3.66211e-05     
-7.32422e-05     2.44141e-05     -0.000109863     -4.88281e-05     
-0.000158691     -3.66211e-05     -6.10352e-05     -7.32422e-05     
-3.66211e-05     7.32422e-05     7.32422e-05     -3.66211e-05     
-3.66211e-05     -3.66211e-05     0     -8.54492e-05     
-0.000219727     -7.32422e-05     -0.00012207     -0.000195313     
-0.000231934     -0.000317383     -0.000305176     -0.000341797     
-0.00032959     -0.000244141     -0.000402832     -0.00045166     
-0.000280762     -0.000256348     -0.000244141     -0.00032959     
-0.000305176     -0.000134277     -0.000195313     -0.000256348     
-0.000158691     -0.000158691     -0.000170898     -0.000158691     
-0.000256348     -0.000158691     -0.00020752     -0.000195313     
-0.000219727     -0.000231934     -0.000292969     -0.00020752     
-0.000354004     -0.000231934     -0.000231934     -0.000292969     
-0.000256348     -0.000146484     -0.000183105     -0.000183105     
-0.00012207     8.54492e-05     -3.66211e-05     -3.66211e-05     
9.76563e-05     2.44141e-05     8.54492e-05     3.66211e-05     
3.66211e-05     0.000109863     9.76563e-05     0.000158691     
9.76563e-05     0.000109863     0.00012207     0.000109863     
0.000109863     0.000158691     0.000158691     0.00012207     
8.54492e-05     4.88281e-05     6.10352e-05     -8.54492e-05     
-0.00020752     -6.10352e-05     -0.000280762     -0.000305176     
-0.000463867     -0.000512695     -0.000500488     -0.000512695     
-0.000598145     -0.000476074     -0.000537109     -0.000488281     
-0.000476074     -0.000378418     -0.000292969     -0.000305176     
-0.000354004     -0.000244141     -0.000231934     -0.000305176     
-0.000366211     -0.000415039     -0.000476074     -0.000561523     
-0.000671387     -0.000634766     -0.000671387     -0.000683594     
-0.000634766     -0.000622559     -0.000402832     -0.000463867     
-0.000317383     -9.76563e-05     -1.2207e-05     -2.44141e-05     
3.66211e-05     -3.66211e-05     0     -0.00012207     
-0.000109863     2.44141e-05     -8.54492e-05     -0.000134277     
-0.00020752     -7.32422e-05     -8.54492e-05     -4.88281e-05     
-6.10352e-05     9.76563e-05     0.000146484     4.88281e-05     
0.00012207     0.000158691     0.000219727     0.000146484     
8.54492e-05     0.000134277     6.10352e-05     -6.10352e-05     
-2.44141e-05     -3.66211e-05     -0.000183105     -0.000268555     
-0.000244141     -0.000244141     -0.000244141     -0.000305176     
-0.000354004     -0.000439453     -0.000549316     -0.000512695     
-0.00057373     -0.00045166     -0.000524902     -0.000500488     
-0.000512695     -0.000292969     -0.000195313     -0.000219727     
-4.88281e-05     -2.44141e-05     8.54492e-05     0.00012207     
0.00012207     0.00020752     0.000256348     0.000280762     
0.000244141     0.000366211     0.00032959     0.000366211     
0.000341797     0.000280762     0.000317383     0.000366211     
0.000256348     0.000170898     0.000183105     6.10352e-05     
0     -0.000195313     -0.000402832     -0.000476074     
-0.000598145     -0.000537109     -0.000683594     -0.000866699     
-0.00090332     -0.000927734     -0.000927734     -0.000952148     
-0.000939941     -0.000720215     -0.000720215     -0.000756836     
-0.000634766     -0.00045166     -0.00045166     -0.000415039     
-0.000439453     -0.000231934     -0.00032959     -0.000415039     
-0.000366211     -0.000402832     -0.000549316     -0.000488281     
-0.000463867     -0.000549316     -0.000390625     -0.000512695     
-0.000488281     -0.000537109     -0.000402832     -0.000366211     
-0.000390625     -0.000256348     -0.000170898     -0.000146484     
-0.000170898     -0.000134277     -4.88281e-05     -7.32422e-05     
-0.000183105     -6.10352e-05     -2.44141e-05     -0.000183105     
-0.000109863     -0.00012207     -0.000146484     -0.000195313     
-0.000219727     -0.000158691     -0.000183105     -0.000219727     
-0.000183105     -0.000183105     -0.000268555     -0.000280762     
-0.000341797     -0.000317383     -0.000390625     -0.00045166     
-0.00045166     -0.000537109     -0.000610352     -0.000598145     
-0.000634766     -0.000524902     -0.000598145     -0.000512695     
-0.000390625     -0.000256348     -0.000170898     -0.000219727     
-0.00012207     8.54492e-05     0.00012207     6.10352e-05     
9.76563e-05     8.54492e-05     0.000170898     6.10352e-05     
6.10352e-05     0.000146484     0.000244141     0.00012207     
0.00020752     0.000231934     0.000305176     0.000219727     
0.00020752     0.000268555     0.000146484     0.000219727     
0.00020752     6.10352e-05     1.2207e-05     -0.000183105     
-0.000219727     -0.000305176     -0.000390625     -0.000549316     
-0.000524902     -0.000561523     -0.000561523     -0.000634766     
-0.000585938     -0.000500488     -0.000427246     -0.000317383     
-0.000341797     -0.000292969     -0.000268555     -0.000183105     
-0.000109863     -4.88281e-05     -4.88281e-05     -4.88281e-05     
2.44141e-05     2.44141e-05     0.000109863     8.54492e-05     
-3.66211e-05     0.00012207     0.000158691     0.000109863     
0.000158691     0.000158691     0.000170898     0.000109863     
0.000109863     0.000256348     0.000134277     4.88281e-05     
7.32422e-05     0.000231934     0.000158691     0.000134277     
6.10352e-05     0.000244141     0.000366211     0.000280762     
0.000280762     0.000439453     0.000476074     0.000500488     
0.000500488     0.000683594     0.000732422     0.000634766     
0.000683594     0.000720215     0.000683594     0.000671387     
0.000634766     0.00065918     0.000585938     0.000537109     
0.000463867     0.000390625     0.000354004     0.000305176     
0.000256348     0.000427246     0.000305176     0.000256348     
0.000183105     0.000366211     0.000439453     0.000341797     
0.000378418     0.000463867     0.000500488     0.000585938     
0.000561523     0.000561523     0.000524902     0.000439453     
0.000488281     0.000378418     0.000390625     0.000256348     
0.000219727     0.000170898     0.000183105     0.00012207     
0     4.88281e-05     -1.2207e-05     0     
0     -3.66211e-05     -2.44141e-05     1.2207e-05     
1.2207e-05     0.000109863     0.000158691     0.00012207     
0.00020752     0.000268555     0.000280762     0.000170898     
8.54492e-05     0.000183105     0.000109863     0     
0     -6.10352e-05     -0.000183105     -0.000219727     
-0.000390625     -0.000219727     -0.000317383     -0.00032959     
-0.00045166     -0.000366211     -0.000317383     -0.000305176     
-0.000354004     -0.000183105     -0.00012207     -0.000109863     
-8.54492e-05     -0.000134277     -9.76563e-05     -9.76563e-05     
-0.000231934     -0.000170898     -0.000231934     -0.000390625     
-0.000463867     -0.000427246     -0.000512695     -0.000561523     
-0.000598145     -0.000476074     -0.000463867     -0.00057373     
-0.000439453     -0.000476074     -0.000415039     -0.000402832     
-0.000512695     -0.000317383     -0.000231934     -0.000390625     
-0.000354004     -0.000231934     -0.00020752     -0.000146484     
-0.000134277     1.2207e-05     0.00012207     7.32422e-05     
0.000231934     0.000366211     0.000439453     0.000427246     
0.000439453     0.000744629     0.00065918     0.000598145     
0.000585938     0.000683594     0.000585938     0.00057373     
0.000537109     0.000610352     0.000402832     0.000463867     
0.000366211     0.000378418     0.000378418     0.000402832     
0.000378418     0.000622559     0.000793457     0.000756836     
0.0010498     0.00108643     0.00131836     0.00158691     
0.00170898     0.00205078     0.00229492     0.00258789     
0.00274658     0.00302734     0.00322266     0.00355225     
0.00372314     0.0039917     0.00421143     0.00441895     
0.00460205     0.00495605     0.00518799     0.00532227     
0.00552979     0.00588379     0.00611572     0.00627441     
0.00651855     0.00681152     0.00690918     0.00714111     
0.00720215     0.00758057     0.00770264     0.00777588     
0.00797119     0.00812988     0.00826416     0.00849609     
0.00855713     0.00894775     0.0090332     0.00926514     
0.00957031     0.00975342     0.00985107     0.0101929     
0.0102661     0.0105225     0.0108032     0.0108398     
0.0109253     0.0111572     0.0113159     0.011377     
0.0114136     0.0117676     0.0118896     0.0119263     
0.0122314     0.0123291     0.0125732     0.0126953     
0.012854     0.0132935     0.0133789     0.0134888     
0.0137207     0.0139404     0.0141846     0.0142822     
0.0144165     0.0147827     0.0148315     0.0149048     
0.0151611     0.0152588     0.0153198     0.0152832     
0.0154541     0.015564     0.0155273     0.0154419     
0.015564     0.0157104     0.0157959     0.0158325     
0.0158447     0.0160034     0.0160767     0.0161133     
0.0161743     0.016272     0.0164185     0.0164673     
0.0164917     0.0166382     0.0167114     0.0168335     
0.0169678     0.0171387     0.017395     0.0175415     
0.0177979     0.0180664     0.0182739     0.0185303     
0.0187988     0.0189697     0.0191772     0.0193726     
0.019458     0.0197144     0.0198486     0.0198364     
0.0199707     0.0200806     0.0201416     0.020105     
0.0201416     0.0202026     0.0202271     0.0201904     
0.0202026     0.0201782     0.020166     0.0201294     
0.020105     0.0202148     0.0202026     0.0201904     
0.020166     0.0202393     0.0203003     0.0203125     
0.0204834     0.0206543     0.020752     0.0208374     
0.0209961     0.021167     0.0212158     0.0212402     
0.0212646     0.0214478     0.0213989     0.0213379     
0.0212769     0.0213501     0.0213135     0.0211792     
0.021167     0.0211914     0.0212402     0.0210693     
0.0211426     0.021106     0.0211304     0.0209961     
0.0209473     0.0209595     0.0208618     0.0207275     
0.0206665     0.0205444     0.02052     0.0204224     
0.0201904     0.0202637     0.0201904     0.0200684     
0.0200806     0.0199097     0.0199463     0.0199097     
0.019812     0.0200317     0.0200195     0.0199707     
0.0200439     0.0201538     0.0202148     0.020166     
0.0202637     0.0204224     0.0204346     0.0204468     
0.0204224     0.0203857     0.0205078     0.0203247     
0.020166     0.0203003     0.0201294     0.0200684     
0.0199829     0.0199219     0.0198486     0.0197632     
0.0195801     0.0197266     0.0196533     0.0195435     
0.0195313     0.0194336     0.019397     0.0193237     
0.0192383     0.0192139     0.0191528     0.0190918     
0.0190308     0.0189819     0.0189575     0.018811     
0.0187134     0.0187866     0.0187134     0.0186279     
0.0185669     0.0184448     0.0184814     0.0183716     
0.0183228     0.0182861     0.0181519     0.0180664     
0.017981     0.0180176     0.0179199     0.0177734     
0.0177124     0.0177124     0.0175171     0.0175171     
0.0174438     0.0173462     0.0172485     0.0171753     
0.017041     0.0171509     0.0170166     0.0168091     
0.0166992     0.0164795     0.0164429     0.0163452     
0.0161255     0.0161255     0.0159424     0.0158569     
0.0158203     0.0157959     0.0157349     0.0155884     
0.0156128     0.015686     0.0155396     0.0154663     
0.0154297     0.0154053     0.0153687     0.0152222     
0.0150513     0.0152222     0.0151367     0.0150391     
0.0150879     0.0150024     0.0149658     0.0149414     
0.0149658     0.014917     0.0150513     0.014917     
0.0150391     0.0149902     0.0150146     0.0148926     
0.0148071     0.0147583     0.0146362     0.0144165     
0.0144043     0.014209     0.0140991     0.0139404     
0.013916     0.0138184     0.0136475     0.0135498     
0.013562     0.0134644     0.0134155     0.0134155     
0.0133179     0.0133789     0.0132446     0.013208     
0.0131836     0.0131714     0.0130615     0.0129761     
0.0129272     0.0129395     0.0128296     0.0126831     
0.0127075     0.0125854     0.0125244     0.012439     
0.012207     0.0122314     0.0121338     0.0119751     
0.0119019     0.0117554     0.0116455     0.0115356     
0.0114624     0.0114502     0.0114624     0.011377     
0.011438     0.011377     0.0113525     0.0112915     
0.0112305     0.0112793     0.0112061     0.0110229     
0.0110474     0.0108887     0.0108154     0.0107544     
0.0106079     0.0105835     0.0105713     0.010437     
0.0103516     0.0104248     0.0103027     0.0102661     
0.0101929     0.0102051     0.0101685     0.0101807     
0.0101196     0.0100952     0.0100342     0.00997314     
0.0098877     0.00991211     0.00992432     0.0097168     
0.00974121     0.00963135     0.00965576     0.0095459     
0.00938721     0.00949707     0.00939941     0.00927734     
0.00932617     0.00928955     0.00917969     0.00915527     
0.00913086     0.00927734     0.00915527     0.00910645     
0.00914307     0.00906982     0.00915527     0.0090332     
0.00895996     0.00911865     0.00900879     0.00888672     
0.00887451     0.0088501     0.00872803     0.00859375     
0.00853271     0.00864258     0.00847168     0.00841064     
0.00844727     0.0083374     0.00830078     0.00830078     
0.00817871     0.00820313     0.00822754     0.00812988     
0.00800781     0.00802002     0.00794678     0.00799561     
0.00789795     0.00800781     0.00802002     0.00793457     
0.00812988     0.00814209     0.00828857     0.00825195     
0.00823975     0.00838623     0.00837402     0.00821533     
0.00819092     0.00810547     0.00806885     0.00797119     
0.00791016     0.00787354     0.00786133     0.00793457     
0.00793457     0.0079834     0.00819092     0.00821533     
0.00825195     0.00841064     0.00847168     0.00852051     
0.00863037     0.00855713     0.00856934     0.00856934     
0.00865479     0.00866699     0.0086792     0.00865479     
0.0086792     0.00880127     0.00875244     0.0088623     
0.00880127     0.00889893     0.00894775     0.00894775     
0.00893555     0.00910645     0.00897217     0.00898438     
0.00898438     0.00910645     0.00914307     0.00905762     
0.00916748     0.00921631     0.00925293     0.00914307     
0.00922852     0.00928955     0.00941162     0.00933838     
0.00941162     0.00936279     0.00931396     0.00935059     
0.00927734     0.00935059     0.00930176     0.00927734     
0.00930176     0.00941162     0.00946045     0.00933838     
0.009375     0.00946045     0.00960693     0.00941162     
0.00950928     0.00943604     0.00943604     0.00936279     
0.00944824     0.00963135     0.00961914     0.00961914     
0.00965576     0.00974121     0.00974121     0.00976563     
0.00986328     0.0100098     0.00997314     0.00998535     
0.00997314     0.0098999     0.00992432     0.00993652     
0.0098999     0.00998535     0.00993652     0.00991211     
0.00977783     0.00997314     0.00996094     0.00977783     
0.00980225     0.00986328     0.00979004     0.00970459     
0.00970459     0.00960693     0.00959473     0.00949707     
0.00946045     0.00953369     0.00952148     0.00952148     
0.00955811     0.00968018     0.00977783     0.00985107     
0.0098877     0.0100708     0.0101318     0.0102417     
0.0103638     0.0103271     0.0104126     0.0104248     
0.010437     0.0105225     0.010498     0.0104492     
0.0105591     0.0105225     0.0105835     0.0105713     
0.0106445     0.0108032     0.010791     0.0107788     
0.0107178     0.0107422     0.0107666     0.0105469     
0.0104126     0.0104492     0.0102661     0.0103149     
0.0102539     0.0101563     0.0101807     0.0102905     
0.0102295     0.0104126     0.0104492     0.0103882     
0.0105713     0.0105591     0.0105469     0.010498     
0.0104126     0.010437     0.0103149     0.0101074     
0.0100098     0.010083     0.010022     0.00987549     
0.00980225     0.0100952     0.0101563     0.0100708     
0.0103027     0.0103271     0.0104614     0.0104736     
0.0104858     0.0107666     0.010791     0.010791     
0.0108643     0.0109375     0.0109497     0.0108521     
0.0108154     0.0109619     0.0108643     0.0107666     
0.0108154     0.0107178     0.0106689     0.0106323     
0.0105591     0.0105713     0.0105347     0.0105347     
0.010498     0.0105957     0.0106445     0.0106689     
0.0106567     0.0108032     0.0108765     0.0108643     
0.0110229     0.0109741     0.0110352     0.0111084     
0.0111938     0.0112305     0.0112915     0.0113037     
0.0114502     0.0114746     0.0114868     0.0115601     
0.0115234     0.0114868     0.0114258     0.0113281     
0.0112549     0.0111206     0.0110718     0.0109863     
0.0108765     0.0108276     0.0107666     0.0105713     
0.0106812     0.0106323     0.0106445     0.0105713     
0.0105713     0.0106934     0.0106689     0.0105469     
0.0106201     0.0106934     0.01073     0.0105835     
0.0106689     0.0108154     0.0107178     0.0107544     
0.0107544     0.0107788     0.0107422     0.0108521     
0.0108276     0.0109863     0.0109863     0.0110107     
0.0110962     0.0111694     0.0112427     0.0111816     
0.0111938     0.0112915     0.0112427     0.0111328     
0.0111694     0.0111084     0.0110596     0.0110352     
0.0109375     0.0109863     0.0109863     0.0109619     
0.0110107     0.0109741     0.0109741     0.0109497     
0.0109131     0.0111084     0.0110962     0.0109985     
0.0110352     0.0109253     0.010791     0.0106689     
0.0104736     0.0104492     0.0102661     0.010083     
0.00994873     0.00974121     0.00968018     0.00949707     
0.00941162     0.00941162     0.00935059     0.00927734     
0.00919189     0.00925293     0.00915527     0.0092041     
0.00906982     0.00932617     0.00921631     0.00913086     
0.00910645     0.00910645     0.00914307     0.009021     
0.00898438     0.0088501     0.00869141     0.00870361     
0.00858154     0.00856934     0.00849609     0.00837402     
0.00828857     0.00839844     0.0083252     0.0081665     
0.00820313     0.00817871     0.00814209     0.00812988     
0.00802002     0.00806885     0.00812988     0.00786133     
0.00783691     0.00773926     0.00771484     0.00755615     
0.0074707     0.00755615     0.00740967     0.00732422     
0.00723877     0.00725098     0.00712891     0.00716553     
0.00703125     0.00712891     0.00709229     0.00697021     
0.00699463     0.00710449     0.00703125     0.00712891     
0.00705566     0.00721436     0.00736084     0.00734863     
0.00738525     0.00744629     0.0074585     0.00748291     
0.00743408     0.0074707     0.00755615     0.0072876     
0.00723877     0.00727539     0.00710449     0.00697021     
0.00690918     0.0069458     0.0067627     0.00675049     
0.00670166     0.00667725     0.00668945     0.00661621     
0.00666504     0.00688477     0.00683594     0.00672607     
0.00681152     0.00675049     0.00683594     0.00678711     
0.00672607     0.00683594     0.0067627     0.00665283     
0.00667725     0.00661621     0.00648193     0.00649414     
0.00634766     0.00643311     0.0064209     0.00627441     
0.00629883     0.00627441     0.0064209     0.00635986     
0.00634766     0.00649414     0.00640869     0.00644531     
0.00655518     0.00655518     0.00654297     0.00648193     
0.00648193     0.00664063     0.00651855     0.00650635     
0.00654297     0.00648193     0.00650635     0.00653076     
0.00650635     0.00651855     0.00657959     0.00651855     
0.00656738     0.00650635     0.00640869     0.00644531     
0.00640869     0.00639648     0.00640869     0.00629883     
0.00622559     0.00620117     0.00617676     0.00594482     
0.00592041     0.005896     0.00583496     0.00563965     
0.00562744     0.00550537     0.00545654     0.00532227     
0.00534668     0.00534668     0.00532227     0.00532227     
0.00533447     0.00539551     0.00540771     0.00548096     
0.00546875     0.00560303     0.00559082     0.00559082     
0.00563965     0.00568848     0.00556641     0.00566406     
0.00559082     0.00578613     0.0057251     0.0057251     
0.00577393     0.00582275     0.00598145     0.00583496     
0.00585938     0.00601807     0.00601807     0.00600586     
0.00617676     0.00612793     0.00623779     0.00634766     
0.00635986     0.00651855     0.00657959     0.00661621     
0.00654297     0.00666504     0.0065918     0.006604     
0.00654297     0.00656738     0.00649414     0.00632324     
0.00627441     0.00612793     0.00598145     0.005896     
0.00579834     0.00574951     0.00566406     0.00559082     
0.00554199     0.00563965     0.00567627     0.00556641     
0.00562744     0.00584717     0.00585938     0.00594482     
0.00609131     0.00614014     0.00614014     0.00618896     
0.00612793     0.00634766     0.00626221     0.00618896     
0.00610352     0.00612793     0.00612793     0.00601807     
0.00599365     0.00584717     0.00587158     0.00578613     
0.00576172     0.00579834     0.00574951     0.0057251     
0.00570068     0.00584717     0.00577393     0.00576172     
0.00588379     0.00598145     0.0060791     0.00609131     
0.00612793     0.00638428     0.00640869     0.00637207     
0.00646973     0.00653076     0.006604     0.00654297     
0.00655518     0.00666504     0.00662842     0.006604     
0.00664063     0.00656738     0.00654297     0.00655518     
0.00651855     0.00654297     0.00649414     0.00643311     
0.00649414     0.00640869     0.00650635     0.00645752     
0.00638428     0.00656738     0.00649414     0.00639648     
0.00637207     0.00644531     0.0064209     0.00629883     
0.00627441     0.00631104     0.00633545     0.00620117     
0.00622559     0.00623779     0.00629883     0.00626221     
0.00633545     0.00656738     0.00656738     0.00661621     
0.00675049     0.00686035     0.0069458     0.00700684     
0.00700684     0.00721436     0.00722656     0.00717773     
0.00731201     0.00720215     0.00720215     0.00718994     
0.00709229     0.00714111     0.00714111     0.00699463     
0.00709229     0.00704346     0.00704346     0.00695801     
0.00693359     0.0071167     0.00709229     0.00710449     
0.00716553     0.00715332     0.00717773     0.00726318     
0.00717773     0.00738525     0.00732422     0.00739746     
0.00727539     0.00736084     0.00727539     0.0072998     
0.00718994     0.00727539     0.00721436     0.00708008     
0.00721436     0.00705566     0.00709229     0.0071167     
0.00714111     0.00722656     0.00717773     0.00716553     
0.00718994     0.00725098     0.0072876     0.00731201     
0.0072998     0.0074585     0.00737305     0.0072876     
0.00743408     0.00740967     0.00743408     0.00731201     
0.00727539     0.00732422     0.00721436     0.00712891     
0.00704346     0.00704346     0.00698242     0.00689697     
0.00687256     0.00695801     0.00690918     0.00699463     
0.00698242     0.00706787     0.00703125     0.00708008     
0.00715332     0.0072998     0.0072998     0.0072998     
0.00734863     0.00742188     0.00739746     0.00737305     
0.0072998     0.0074585     0.00740967     0.00733643     
0.00732422     0.00725098     0.00727539     0.00718994     
0.00716553     0.00720215     0.00725098     0.00722656     
0.00723877     0.00720215     0.00714111     0.00720215     
0.0071167     0.0071167     0.00712891     0.00706787     
0.00697021     0.00698242     0.00697021     0.00688477     
0.00672607     0.0067627     0.00681152     0.0065918     
0.00656738     0.00646973     0.00645752     0.00633545     
0.00626221     0.00638428     0.00631104     0.00616455     
0.00621338     0.00632324     0.00628662     0.00627441     
0.00627441     0.00651855     0.00645752     0.0065918     
0.00661621     0.00668945     0.00682373     0.00675049     
0.00671387     0.00692139     0.0067749     0.0067749     
0.0067627     0.0067749     0.00672607     0.006604     
0.00665283     0.00670166     0.00651855     0.00644531     
0.00653076     0.00649414     0.00640869     0.00638428     
0.00635986     0.00649414     0.00646973     0.00640869     
0.00645752     0.00644531     0.00635986     0.00634766     
0.00631104     0.00634766     0.00631104     0.00621338     
0.00617676     0.00614014     0.00612793     0.00605469     
0.00609131     0.00611572     0.00614014     0.00617676     
0.00627441     0.00627441     0.00622559     0.00622559     
0.00625     0.00631104     0.00623779     0.0060791     
0.00604248     0.00595703     0.00574951     0.00562744     
0.00545654     0.00550537     0.0053833     0.00531006     
0.00528564     0.00526123     0.00531006     0.00534668     
0.00543213     0.00557861     0.00560303     0.00560303     
0.00584717     0.00578613     0.00585938     0.00595703     
0.00601807     0.00623779     0.00617676     0.00616455     
0.00626221     0.00621338     0.00623779     0.00627441     
0.00625     0.0064209     0.00632324     0.00621338     
0.00621338     0.00615234     0.00621338     0.00606689     
0.00614014     0.00618896     0.00612793     0.0060791     
0.00610352     0.00617676     0.00609131     0.00603027     
0.00598145     0.0060791     0.00585938     0.00577393     
0.0059082     0.00578613     0.00560303     0.00568848     
0.00550537     0.00544434     0.00545654     0.00540771     
0.00531006     0.00526123     0.0052124     0.0052124     
0.00513916     0.0052124     0.00516357     0.00501709     
0.00505371     0.00498047     0.00495605     0.00487061     
0.00474854     0.00482178     0.00477295     0.00477295     
0.00476074     0.0046875     0.00479736     0.00476074     
0.00474854     0.00476074     0.00483398     0.00483398     
0.00483398     0.00479736     0.00477295     0.00471191     
0.00469971     0.00461426     0.00456543     0.0045166     
0.00449219     0.00435791     0.00428467     0.00432129     
0.0041748     0.00426025     0.00421143     0.00415039     
0.00415039     0.00426025     0.00428467     0.00418701     
0.0041626     0.00445557     0.0043457     0.00437012     
0.00440674     0.00441895     0.0043335     0.0043457     
0.0043335     0.00441895     0.00432129     0.0043335     
0.00429688     0.00427246     0.0043457     0.00432129     
0.00423584     0.00422363     0.00426025     0.00419922     
0.00411377     0.00408936     0.00406494     0.00405273     
0.00390625     0.00401611     0.00393066     0.00390625     
0.00397949     0.00397949     0.00393066     0.0039917     
0.0039917     0.00411377     0.0041748     0.00400391     
0.00408936     0.00407715     0.00407715     0.00395508     
0.00390625     0.00395508     0.00389404     0.00372314     
0.00374756     0.00369873     0.00366211     0.00358887     
0.00360107     0.00360107     0.00367432     0.00367432     
0.00371094     0.00378418     0.00380859     0.00396729     
0.00390625     0.00418701     0.00421143     0.00415039     
0.00428467     0.00428467     0.00443115     0.00438232     
0.00439453     0.00447998     0.00446777     0.00454102     
0.00455322     0.00450439     0.00456543     0.00452881     
0.00450439     0.00454102     0.00466309     0.00460205     
0.00455322     0.00476074     0.00469971     0.00480957     
0.00473633     0.0048584     0.00480957     0.00479736     
0.00495605     0.00487061     0.00483398     0.00488281     
0.00482178     0.00477295     0.00480957     0.00462646     
0.00454102     0.00452881     0.0045166     0.00440674     
0.0041626     0.00430908     0.00424805     0.00407715     
0.00412598     0.00412598     0.00405273     0.00395508     
0.00397949     0.00422363     0.00412598     0.00419922     
0.00437012     0.00435791     0.00445557     0.00450439     
0.00465088     0.00480957     0.00496826     0.00494385     
0.00510254     0.0050293     0.00512695     0.00509033     
0.00498047     0.00496826     0.00493164     0.00478516     
0.00472412     0.00466309     0.0046875     0.00455322     
0.00456543     0.00469971     0.00469971     0.00465088     
0.00471191     0.00471191     0.00472412     0.00460205     
0.00455322     0.00460205     0.00455322     0.0043457     
0.0043457     0.00435791     0.00426025     0.00424805     
0.00423584     0.00432129     0.00437012     0.00440674     
0.00445557     0.00456543     0.00460205     0.00472412     
0.00477295     0.00490723     0.00491943     0.00490723     
0.00487061     0.00501709     0.00498047     0.00482178     
0.00479736     0.00484619     0.00471191     0.00465088     
0.0046875     0.00458984     0.00455322     0.00450439     
0.00446777     0.00454102     0.00449219     0.00450439     
0.00447998     0.00449219     0.00454102     0.00443115     
0.00440674     0.00444336     0.0043457     0.00432129     
0.0043457     0.00423584     0.00428467     0.00426025     
0.00437012     0.00447998     0.00440674     0.00439453     
0.00440674     0.00446777     0.00456543     0.00457764     
0.00447998     0.00461426     0.00465088     0.00466309     
0.00469971     0.00479736     0.00480957     0.00478516     
0.00476074     0.0048584     0.00487061     0.0048584     
0.00487061     0.00488281     0.00490723     0.00500488     
0.00487061     0.00498047     0.0050293     0.00509033     
0.00512695     0.00510254     0.00532227     0.00522461     
0.00526123     0.00535889     0.00533447     0.00528564     
0.00532227     0.00531006     0.00541992     0.00522461     
0.0052124     0.00540771     0.0053833     0.00529785     
0.00522461     0.0052124     0.00522461     0.00507813     
0.00510254     0.00523682     0.0052002     0.00501709     
0.00511475     0.00512695     0.00512695     0.00507813     
0.00501709     0.0052002     0.00512695     0.00507813     
0.00511475     0.00510254     0.00509033     0.00506592     
0.00507813     0.00515137     0.00509033     0.00506592     
0.00501709     0.00505371     0.00495605     0.00516357     
0.00494385     0.00501709     0.00506592     0.00500488     
0.00500488     0.0050415     0.00500488     0.00493164     
0.00506592     0.00507813     0.00517578     0.00524902     
0.0052002     0.00522461     0.00532227     0.00534668     
0.00533447     0.00548096     0.00545654     0.00537109     
0.0053833     0.00541992     0.00535889     0.00537109     
0.00533447     0.00539551     0.00537109     0.00526123     
0.00527344     0.00518799     0.00511475     0.00506592     
0.00501709     0.00501709     0.00494385     0.00483398     
0.00488281     0.00479736     0.00479736     0.00463867     
0.00463867     0.00465088     0.00458984     0.00445557     
0.00428467     0.0043335     0.0041626     0.00415039     
0.00408936     0.00410156     0.00419922     0.0041748     
0.00419922     0.00437012     0.00439453     0.00438232     
0.00439453     0.00456543     0.00467529     0.00455322     
0.00467529     0.00472412     0.00469971     0.00455322     
0.00457764     0.00473633     0.00469971     0.00463867     
0.00463867     0.00463867     0.00467529     0.00456543     
0.00455322     0.00466309     0.00463867     0.00452881     
0.00463867     0.00457764     0.00462646     0.00463867     
0.00460205     0.00463867     0.00467529     0.00466309     
0.00472412     0.00467529     0.00463867     0.00469971     
0.00457764     0.0046875     0.00458984     0.00449219     
0.00457764     0.00440674     0.00441895     0.0043335     
0.00413818     0.00427246     0.0041626     0.00407715     
0.00404053     0.00400391     0.00395508     0.00390625     
0.00386963     0.00400391     0.00400391     0.00391846     
0.0039917     0.00397949     0.00404053     0.00407715     
0.00407715     0.00423584     0.0041626     0.00419922     
0.0043335     0.0043335     0.00437012     0.00445557     
0.00440674     0.00449219     0.00449219     0.00447998     
0.00454102     0.00450439     0.0045166     0.00439453     
0.00437012     0.00429688     0.00422363     0.00422363     
0.0041626     0.00404053     0.0039917     0.00397949     
0.00390625     0.00400391     0.00397949     0.00393066     
0.00396729     0.00388184     0.00390625     0.00390625     
0.0036499     0.00373535     0.00360107     0.00352783     
0.00339355     0.00339355     0.0032959     0.00322266     
0.00324707     0.00328369     0.00332031     0.00328369     
0.00324707     0.00343018     0.003479     0.00339355     
0.00341797     0.00366211     0.00361328     0.00356445     
0.0036377     0.0036377     0.00366211     0.00369873     
0.00356445     0.00368652     0.0036499     0.00356445     
0.0036377     0.0036377     0.00366211     0.00361328     
0.0036377     0.00384521     0.00384521     0.00385742     
0.00401611     0.00390625     0.00402832     0.00400391     
0.00402832     0.00406494     0.00394287     0.00380859     
0.0038208     0.00374756     0.00361328     0.00362549     
0.00350342     0.00357666     0.00344238     0.00345459     
0.00336914     0.00344238     0.00336914     0.00335693     
0.00314941     0.00325928     0.00335693     0.00324707     
0.00310059     0.00318604     0.00313721     0.00302734     
0.00311279     0.003125     0.00316162     0.00317383     
0.00328369     0.00317383     0.00314941     0.00323486     
0.00323486     0.00340576     0.00333252     0.00327148     
0.00344238     0.0034668     0.00345459     0.00356445     
0.00358887     0.00375977     0.00388184     0.00375977     
0.00373535     0.00386963     0.00391846     0.00379639     
0.0038208     0.00401611     0.00404053     0.00395508     
0.00400391     0.00394287     0.00394287     0.00377197     
0.00379639     0.00379639     0.00377197     0.00372314     
0.00361328     0.00366211     0.00369873     0.00374756     
0.00371094     0.00391846     0.00394287     0.00380859     
0.00390625     0.00406494     0.0039917     0.00397949     
0.00389404     0.00400391     0.00390625     0.00378418     
0.00372314     0.0036377     0.00373535     0.00367432     
0.00371094     0.00372314     0.00379639     0.00386963     
0.00389404     0.00396729     0.00406494     0.00410156     
0.00404053     0.00411377     0.00418701     0.00415039     
0.00404053     0.00401611     0.0039917     0.00390625     
0.0038208     0.00390625     0.00384521     0.00380859     
0.00383301     0.0038208     0.00369873     0.0036377     
0.00360107     0.0038208     0.00369873     0.00355225     
0.00361328     0.00361328     0.00352783     0.00369873     
0.0036499     0.00377197     0.00379639     0.00377197     
0.00385742     0.00388184     0.00394287     0.0039917     
0.00388184     0.00411377     0.00408936     0.00400391     
0.00405273     0.0039917     0.00404053     0.00396729     
0.0039917     0.00406494     0.00400391     0.00395508     
0.00389404     0.00402832     0.0039917     0.00385742     
0.00375977     0.00385742     0.00379639     0.00377197     
0.00377197     0.00374756     0.0038208     0.00371094     
0.00374756     0.00380859     0.00383301     0.00377197     
0.00388184     0.00383301     0.00386963     0.00393066     
0.00375977     0.00380859     0.00372314     0.00372314     
0.00362549     0.00356445     0.0036377     0.00352783     
0.00349121     0.00357666     0.00356445     0.00352783     
0.00352783     0.00371094     0.00368652     0.00367432     
0.0036499     0.00380859     0.00378418     0.00377197     
0.00368652     0.00371094     0.00369873     0.00352783     
0.00354004     0.00373535     0.00377197     0.00368652     
0.00373535     0.00380859     0.00378418     0.00384521     
0.00391846     0.00396729     0.00404053     0.00396729     
0.00410156     0.00410156     0.00413818     0.00402832     
0.00410156     0.0041626     0.0041748     0.00400391     
0.00408936     0.00408936     0.00408936     0.00389404     
0.00386963     0.00393066     0.00379639     0.00369873     
0.00371094     0.00373535     0.00360107     0.00354004     
0.00358887     0.00358887     0.00357666     0.0036377     
0.00362549     0.00371094     0.00375977     0.00380859     
0.00378418     0.00390625     0.00394287     0.00391846     
0.00395508     0.00393066     0.00391846     0.00386963     
0.00385742     0.00386963     0.00388184     0.00379639     
0.00386963     0.00383301     0.00388184     0.00380859     
0.00372314     0.00389404     0.00389404     0.00380859     
0.00383301     0.00379639     0.00373535     0.00379639     
0.00375977     0.00380859     0.00383301     0.00374756     
0.00384521     0.00388184     0.00383301     0.00385742     
0.00377197     0.00380859     0.0038208     0.00379639     
0.00374756     0.00361328     0.00360107     0.00361328     
0.00355225     0.00361328     0.00361328     0.00355225     
0.00360107     0.00361328     0.00371094     0.00367432     
0.00371094     0.00384521     0.00379639     0.00375977     
0.00389404     0.0038208     0.00375977     0.0038208     
0.00374756     0.00385742     0.00390625     0.00368652     
0.00386963     0.0038208     0.00385742     0.00369873     
0.00368652     0.00379639     0.00368652     0.0036499     
0.00368652     0.0036499     0.00355225     0.0036499     
0.0034668     0.00373535     0.00369873     0.00351563     
0.00361328     0.00375977     0.00371094     0.00351563     
0.0034668     0.00366211     0.00372314     0.00358887     
0.00367432     0.00373535     0.00374756     0.00378418     
0.00369873     0.00390625     0.00389404     0.00384521     
0.00395508     0.00396729     0.00393066     0.00402832     
0.00391846     0.00410156     0.00405273     0.00407715     
0.00404053     0.00410156     0.00402832     0.00401611     
0.00389404     0.00404053     0.00391846     0.00383301     
0.0038208     0.00375977     0.00369873     0.0036377     
0.00352783     0.00354004     0.00356445     0.00344238     
0.00340576     0.00343018     0.003479     0.00343018     
0.00330811     0.00345459     0.00339355     0.00334473     
0.00325928     0.00325928     0.00324707     0.00317383     
0.00311279     0.00322266     0.00307617     0.00313721     
0.00314941     0.00313721     0.00313721     0.00316162     
0.00317383     0.00336914     0.00330811     0.00336914     
0.00340576     0.00352783     0.00360107     0.00362549     
0.00355225     0.00375977     0.0036377     0.00358887     
0.00357666     0.00369873     0.00356445     0.00349121     
0.00339355     0.003479     0.0034668     0.00335693     
0.00334473     0.00330811     0.00330811     0.00330811     
0.00334473     0.00335693     0.00339355     0.00336914     
0.00345459     0.00340576     0.00345459     0.00334473     
0.00341797     0.00345459     0.003479     0.00332031     
0.00333252     0.00338135     0.00339355     0.00318604     
0.00308838     0.00319824     0.00308838     0.00290527     
0.00280762     0.00274658     0.00273438     0.00270996     
0.00263672     0.00274658     0.00269775     0.00267334     
0.00273438     0.00264893     0.00290527     0.00289307     
0.00283203     0.00291748     0.00300293     0.00311279     
0.00314941     0.003125     0.00323486     0.00327148     
0.00333252     0.00345459     0.00333252     0.00338135     
0.00334473     0.00338135     0.00335693     0.00325928     
0.00328369     0.00332031     0.00330811     0.00306396     
0.00321045     0.00311279     0.00301514     0.00294189     
0.00283203     0.00296631     0.00288086     0.0027832     
0.00275879     0.00275879     0.00268555     0.00256348     
0.00264893     0.00270996     0.00268555     0.0026123     
0.00273438     0.00266113     0.0026123     0.00268555     
0.0026001     0.00268555     0.00268555     0.00255127     
0.00250244     0.00251465     0.00247803     0.00235596     
0.00227051     0.00240479     0.00238037     0.00235596     
0.00241699     0.00245361     0.00251465     0.0026001     
0.00258789     0.00274658     0.00273438     0.00275879     
0.00280762     0.00270996     0.00275879     0.00275879     
0.00268555     0.00263672     0.00275879     0.00256348     
0.0026001     0.00258789     0.00262451     0.00253906     
0.00257568     0.00262451     0.00263672     0.00252686     
0.00252686     0.00257568     0.00246582     0.00241699     
0.0024292     0.00241699     0.00252686     0.00247803     
0.00253906     0.00246582     0.00253906     0.00253906     
0.00251465     0.00270996     0.00270996     0.00264893     
0.00266113     0.00267334     0.00269775     0.00268555     
0.0026001     0.00274658     0.00266113     0.00258789     
0.00268555     0.00267334     0.00270996     0.00280762     
0.00280762     0.00299072     0.00291748     0.00294189     
0.00306396     0.003125     0.00323486     0.00321045     
0.00311279     0.00328369     0.00327148     0.00323486     
0.00333252     0.00321045     0.00318604     0.00310059     
0.00302734     0.00313721     0.00294189     0.00290527     
0.00286865     0.0029541     0.00296631     0.00292969     
0.00281982     0.00291748     0.00294189     0.00281982     
0.00288086     0.00274658     0.00269775     0.00262451     
0.00256348     0.00266113     0.00256348     0.00246582     
0.00252686     0.00263672     0.00264893     0.00267334     
0.00267334     0.00280762     0.0027832     0.00268555     
0.00264893     0.00275879     0.00274658     0.0026001     
0.00258789     0.00269775     0.00269775     0.0026001     
0.00262451     0.00273438     0.002771     0.00286865     
0.0029541     0.00302734     0.00306396     0.00314941     
0.00318604     0.00318604     0.00323486     0.00321045     
0.00319824     0.00323486     0.003125     0.00306396     
0.00305176     0.00302734     0.00310059     0.00296631     
0.00285645     0.00313721     0.00317383     0.00311279     
0.00325928     0.00327148     0.00324707     0.00333252     
0.00336914     0.00341797     0.0034668     0.0034668     
0.00345459     0.00341797     0.00345459     0.00335693     
0.00330811     0.00340576     0.00336914     0.00339355     
0.00341797     0.00344238     0.00354004     0.00351563     
0.00352783     0.00371094     0.0036499     0.00360107     
0.00362549     0.0036499     0.00355225     0.0034668     
0.00332031     0.00352783     0.00339355     0.00323486     
0.00328369     0.00327148     0.00325928     0.00328369     
0.00338135     0.003479     0.00355225     0.00358887     
0.00371094     0.00378418     0.00375977     0.00379639     
0.00386963     0.00391846     0.00388184     0.0038208     
0.00372314     0.00372314     0.00367432     0.00358887     
0.00350342     0.00356445     0.00356445     0.00344238     
0.00356445     0.00361328     0.0036499     0.00358887     
0.00374756     0.00389404     0.00391846     0.00394287     
0.00406494     0.00402832     0.00405273     0.00410156     
0.00411377     0.00401611     0.0039917     0.00390625     
0.00386963     0.00383301     0.00372314     0.00362549     
0.00355225     0.00361328     0.00354004     0.00355225     
0.003479     0.00344238     0.00330811     0.00340576     
0.00333252     0.00328369     0.00330811     0.00305176     
0.00300293     0.00300293     0.00302734     0.00286865     
0.00283203     0.00317383     0.003125     0.00311279     
0.00328369     0.00343018     0.00356445     0.00361328     
0.00360107     0.00383301     0.00396729     0.0038208     
0.00389404     0.00393066     0.00393066     0.00373535     
0.00360107     0.00366211     0.0036377     0.00345459     
0.00341797     0.00323486     0.00322266     0.003125     
0.00296631     0.00302734     0.0029541     0.00289307     
0.00286865     0.00280762     0.0027832     0.00275879     
0.00262451     0.00274658     0.00267334     0.00266113     
0.00258789     0.00256348     0.00250244     0.00253906     
0.00235596     0.00257568     0.0026123     0.00245361     
0.00257568     0.00252686     0.00263672     0.00272217     
0.00267334     0.00288086     0.00297852     0.00292969     
0.00305176     0.00310059     0.00318604     0.00321045     
0.00323486     0.00334473     0.00333252     0.00336914     
0.00339355     0.00335693     0.00349121     0.00334473     
0.00339355     0.003479     0.00344238     0.00325928     
0.00332031     0.00339355     0.00338135     0.00327148     
0.00316162     0.00322266     0.00310059     0.00300293     
0.00286865     0.00283203     0.00283203     0.00267334     
0.00249023     0.00264893     0.00262451     0.00268555     
0.00255127     0.00264893     0.0026123     0.00275879     
0.002771     0.00288086     0.00292969     0.00297852     
0.00301514     0.00306396     0.00317383     0.00302734     
0.00296631     0.00310059     0.00310059     0.00297852     
0.0029541     0.00294189     0.00299072     0.00284424     
0.002771     0.00289307     0.00290527     0.00292969     
0.00289307     0.00297852     0.00302734     0.00292969     
0.00308838     0.00313721     0.00319824     0.00321045     
0.0032959     0.00321045     0.00328369     0.00319824     
0.0032959     0.00325928     0.00327148     0.003125     
0.00307617     0.00313721     0.00316162     0.00307617     
0.00292969     0.00308838     0.00296631     0.00289307     
0.00290527     0.00286865     0.00291748     0.00290527     
0.00272217     0.00297852     0.00296631     0.00289307     
0.00297852     0.00307617     0.00316162     0.00316162     
0.003125     0.00322266     0.00324707     0.00317383     
0.00325928     0.00317383     0.00323486     0.00314941     
0.00301514     0.00321045     0.00303955     0.00306396     
0.00300293     0.00299072     0.00301514     0.00301514     
0.00289307     0.00292969     0.0029541     0.00286865     
0.00283203     0.0027832     0.00281982     0.00279541     
0.00273438     0.00274658     0.00281982     0.00273438     
0.00270996     0.00264893     0.00266113     0.00268555     
0.00255127     0.00256348     0.00251465     0.00240479     
0.00230713     0.00224609     0.00216064     0.00211182     
0.00201416     0.00209961     0.0020874     0.00202637     
0.0020752     0.00209961     0.00222168     0.00218506     
0.00220947     0.00245361     0.00255127     0.00246582     
0.00252686     0.00268555     0.00263672     0.00268555     
0.00257568     0.00256348     0.00255127     0.00241699     
0.00247803     0.00244141     0.00236816     0.00234375     
0.00234375     0.00246582     0.00255127     0.00251465     
0.00255127     0.00255127     0.00258789     0.00253906     
0.00247803     0.0026123     0.0026001     0.00250244     
0.00255127     0.00255127     0.00255127     0.00247803     
0.0026123     0.00275879     0.00274658     0.00267334     
0.00280762     0.00275879     0.00275879     0.00274658     
0.00257568     0.00267334     0.00255127     0.00239258     
0.00239258     0.00231934     0.00211182     0.00212402     
0.00198975     0.00202637     0.00195313     0.00201416     
0.00213623     0.00205078     0.0020874     0.00213623     
0.00217285     0.00224609     0.00222168     0.00211182     
0.00209961     0.00216064     0.00217285     0.00201416     
0.00189209     0.00201416     0.00200195     0.00185547     
0.00186768     0.00183105     0.00189209     0.00175781     
0.00194092     0.0020874     0.00203857     0.00211182     
0.00217285     0.00227051     0.00235596     0.00239258     
0.00249023     0.00255127     0.00255127     0.00262451     
0.00257568     0.00252686     0.00250244     0.00240479     
0.00229492     0.00246582     0.00230713     0.00213623     
0.00219727     0.00234375     0.00229492     0.00235596     
0.0024292     0.00255127     0.00257568     0.00263672     
0.00270996     0.00274658     0.00279541     0.00268555     
0.00279541     0.00279541     0.00275879     0.00264893     
0.00263672     0.0026001     0.00253906     0.00257568     
0.00236816     0.00247803     0.00246582     0.00245361     
0.00250244     0.00249023     0.00250244     0.00244141     
0.0026001     0.00257568     0.0026001     0.00241699     
0.0024292     0.00247803     0.00231934     0.00213623     
0.0020752     0.0020752     0.00202637     0.0019043     
0.00184326     0.00178223     0.00186768     0.00174561     
0.00179443     0.00183105     0.00187988     0.00203857     
0.00203857     0.00209961     0.00227051     0.0024292     
0.00241699     0.00266113     0.00275879     0.00274658     
0.002771     0.00283203     0.00279541     0.00283203     
0.00280762     0.00275879     0.00281982     0.00263672     
0.00270996     0.00275879     0.00269775     0.00272217     
0.002771     0.00289307     0.00290527     0.00296631     
0.00300293     0.00305176     0.00301514     0.00303955     
0.003125     0.00319824     0.00322266     0.00318604     
0.00332031     0.00336914     0.00345459     0.003479     
0.00336914     0.00349121     0.00354004     0.00339355     
0.00341797     0.00330811     0.00325928     0.003125     
0.00306396     0.00306396     0.00302734     0.00300293     
0.00289307     0.00288086     0.0029541     0.00285645     
0.00264893     0.00290527     0.00275879     0.00266113     
0.00256348     0.00252686     0.00244141     0.00238037     
0.00223389     0.00230713     0.00238037     0.00214844     
0.00220947     0.00224609     0.0022583     0.00220947     
0.00219727     0.00246582     0.00246582     0.00245361     
0.00249023     0.00246582     0.00251465     0.00253906     
0.00240479     0.0024292     0.00245361     0.00234375     
0.00236816     0.00235596     0.0024292     0.00241699     
0.00241699     0.00255127     0.00264893     0.00263672     
0.00274658     0.00281982     0.00285645     0.00302734     
0.00297852     0.00316162     0.00327148     0.00323486     
0.00332031     0.00323486     0.00327148     0.00335693     
0.00334473     0.00333252     0.00334473     0.0034668     
0.00341797     0.00344238     0.00334473     0.00333252     
0.00328369     0.00339355     0.00328369     0.00314941     
0.00319824     0.00321045     0.00314941     0.00310059     
0.00306396     0.00310059     0.00316162     0.00303955     
0.00302734     0.00306396     0.00300293     0.00301514     
0.00294189     0.00301514     0.00301514     0.00286865     
0.00284424     0.00279541     0.00274658     0.0026123     
0.00263672     0.00264893     0.00247803     0.00252686     
0.00251465     0.00239258     0.00252686     0.00257568     
0.00250244     0.00257568     0.00258789     0.00256348     
0.00256348     0.00255127     0.00257568     0.0026001     
0.00241699     0.00256348     0.00258789     0.00246582     
0.00250244     0.00253906     0.00262451     0.0026001     
0.00256348     0.00281982     0.00275879     0.00284424     
0.00294189     0.00299072     0.00311279     0.00303955     
0.00311279     0.00333252     0.00322266     0.00319824     
0.00328369     0.00321045     0.00319824     0.00303955     
0.00302734     0.003125     0.00294189     0.00284424     
0.002771     0.002771     0.00266113     0.00256348     
0.00240479     0.00250244     0.00249023     0.00231934     
0.00229492     0.00228271     0.00228271     0.00230713     
0.00229492     0.0024292     0.00240479     0.00241699     
0.00238037     0.00247803     0.00258789     0.00258789     
0.0026123     0.00275879     0.00292969     0.00279541     
0.00290527     0.00300293     0.00300293     0.00310059     
0.00322266     0.00318604     0.00307617     0.00303955     
0.00303955     0.00288086     0.00281982     0.00270996     
0.00270996     0.00257568     0.00251465     0.00245361     
0.00240479     0.0024292     0.00233154     0.00227051     
0.00238037     0.00239258     0.0024292     0.00240479     
0.00251465     0.00253906     0.00255127     0.00269775     
0.00279541     0.00291748     0.00297852     0.00302734     
0.00327148     0.00327148     0.00338135     0.00339355     
0.00344238     0.00356445     0.00357666     0.00344238     
0.00341797     0.00343018     0.00333252     0.00323486     
0.00305176     0.00311279     0.00302734     0.00274658     
0.00275879     0.00279541     0.002771     0.00266113     
0.00251465     0.00272217     0.0026123     0.00256348     
0.00251465     0.00267334     0.00258789     0.00249023     
0.0024292     0.00258789     0.0026001     0.00252686     
0.00257568     0.00257568     0.00263672     0.00266113     
0.00264893     0.00289307     0.00291748     0.00289307     
0.00290527     0.00300293     0.00302734     0.00303955     
0.00292969     0.00310059     0.0029541     0.0027832     
0.00288086     0.0027832     0.00268555     0.00269775     
0.00266113     0.00268555     0.00272217     0.00263672     
0.00270996     0.00267334     0.00275879     0.00275879     
0.00268555     0.00279541     0.00285645     0.00284424     
0.00279541     0.00280762     0.00286865     0.00289307     
0.00284424     0.00299072     0.00296631     0.00292969     
0.00292969     0.00308838     0.00302734     0.00291748     
0.00281982     0.00299072     0.00292969     0.00273438     
0.00283203     0.00258789     0.00262451     0.00258789     
0.00258789     0.00262451     0.00264893     0.00250244     
0.00250244     0.00253906     0.00258789     0.00256348     
0.00251465     0.0026001     0.00272217     0.00274658     
0.00283203     0.00283203     0.00292969     0.00307617     
0.00319824     0.00335693     0.00340576     0.00335693     
0.00340576     0.003479     0.00343018     0.00341797     
0.0032959     0.0032959     0.00318604     0.00302734     
0.0029541     0.00284424     0.00288086     0.00280762     
0.00258789     0.00270996     0.0026001     0.00253906     
0.0026001     0.00253906     0.00255127     0.00253906     
0.00240479     0.00256348     0.00253906     0.00251465     
0.00253906     0.00249023     0.00255127     0.00239258     
0.00245361     0.00250244     0.00247803     0.00236816     
0.00245361     0.00241699     0.00235596     0.00235596     
0.00228271     0.00235596     0.00227051     0.00220947     
0.00220947     0.00213623     0.00217285     0.00200195     
0.00198975     0.00198975     0.00202637     0.00189209     
0.00198975     0.00198975     0.00197754     0.00196533     
0.00209961     0.00219727     0.00213623     0.00213623     
0.00216064     0.00212402     0.00211182     0.00206299     
0.0020752     0.0020874     0.00214844     0.00201416     
0.0020874     0.00224609     0.00219727     0.00223389     
0.00227051     0.00251465     0.00250244     0.00252686     
0.00250244     0.00256348     0.0026123     0.00252686     
0.00258789     0.00256348     0.00251465     0.00250244     
0.00247803     0.00234375     0.00234375     0.00238037     
0.0022583     0.00240479     0.00234375     0.00231934     
0.00241699     0.00238037     0.00234375     0.00234375     
0.00230713     0.00240479     0.00244141     0.0022583     
0.00234375     0.00233154     0.00228271     0.0022583     
0.00218506     0.00239258     0.00235596     0.00228271     
0.00241699     0.00240479     0.00234375     0.00229492     
0.0022583     0.00238037     0.00231934     0.00212402     
0.00212402     0.00212402     0.0020874     0.00212402     
0.00200195     0.00217285     0.0020874     0.0020874     
0.00209961     0.0020874     0.00206299     0.00205078     
0.00198975     0.00209961     0.00211182     0.00189209     
0.00201416     0.0020752     0.0020752     0.0020874     
0.00218506     0.00227051     0.00220947     0.00223389     
0.0022583     0.00219727     0.00217285     0.0020874     
0.00201416     0.00212402     0.0020752     0.00206299     
0.00209961     0.0020752     0.00220947     0.00227051     
0.00228271     0.00252686     0.00252686     0.00253906     
0.0026123     0.00262451     0.00267334     0.00258789     
0.00264893     0.00274658     0.00270996     0.0026123     
0.00267334     0.00268555     0.00273438     0.0026123     
0.00262451     0.00270996     0.0026123     0.00255127     
0.00255127     0.00255127     0.00250244     0.00244141     
0.00234375     0.00250244     0.00238037     0.0022583     
0.00239258     0.00229492     0.00238037     0.00241699     
0.00231934     0.00247803     0.00249023     0.00244141     
0.00256348     0.00256348     0.00258789     0.00267334     
0.00268555     0.00280762     0.00275879     0.00280762     
0.00292969     0.00292969     0.00288086     0.00288086     
0.00289307     0.00300293     0.00292969     0.00288086     
0.00290527     0.00284424     0.00285645     0.0029541     
0.00288086     0.00300293     0.00303955     0.00303955     
0.00307617     0.00313721     0.00317383     0.00308838     
0.00307617     0.00317383     0.00299072     0.003125     
0.00300293     0.00288086     0.00291748     0.00285645     
0.0027832     0.00284424     0.00280762     0.00281982     
0.00274658     0.00286865     0.00290527     0.00272217     
0.00274658     0.00283203     0.00281982     0.00275879     
0.002771     0.00269775     0.00264893     0.00262451     
0.00250244     0.0026123     0.00253906     0.00244141     
0.00235596     0.00238037     0.00240479     0.00220947     
0.00224609     0.00227051     0.00224609     0.00212402     
0.00220947     0.00214844     0.00212402     0.00219727     
0.00219727     0.00231934     0.00233154     0.00229492     
0.00235596     0.00249023     0.00251465     0.00250244     
0.00253906     0.00258789     0.00251465     0.0026001     
0.00246582     0.00249023     0.00238037     0.00231934     
0.00238037     0.00240479     0.00223389     0.00217285     
0.00219727     0.00213623     0.00214844     0.00213623     
0.00228271     0.00222168     0.00234375     0.00234375     
0.00245361     0.00250244     0.00250244     0.00252686     
0.00258789     0.00279541     0.00279541     0.00279541     
0.00289307     0.00297852     0.00296631     0.00291748     
0.00284424     0.00292969     0.00289307     0.00280762     
0.00269775     0.0026123     0.00255127     0.00235596     
0.00239258     0.0024292     0.00230713     0.00233154     
0.00222168     0.00229492     0.00231934     0.00233154     
0.0022583     0.00240479     0.00247803     0.00246582     
0.00244141     0.00246582     0.0024292     0.00239258     
0.00231934     0.00251465     0.00236816     0.00239258     
0.00234375     0.00241699     0.00255127     0.00247803     
0.00240479     0.00253906     0.00252686     0.00239258     
0.00249023     0.00251465     0.0024292     0.00233154     
0.00229492     0.00230713     0.0022583     0.00223389     
0.00235596     0.00224609     0.00228271     0.00234375     
0.0022583     0.0024292     0.00240479     0.00240479     
0.00266113     0.00244141     0.0026123     0.00272217     
0.00269775     0.00285645     0.00286865     0.00289307     
0.00296631     0.00307617     0.00316162     0.00316162     
0.00319824     0.00334473     0.00330811     0.00322266     
0.00321045     0.00308838     0.00302734     0.00299072     
0.00290527     0.0029541     0.00288086     0.00283203     
0.00272217     0.00270996     0.0026123     0.00262451     
0.00257568     0.00262451     0.00253906     0.00244141     
0.00255127     0.00233154     0.00229492     0.00224609     
0.0022583     0.00224609     0.00218506     0.00209961     
0.00218506     0.00233154     0.00217285     0.00233154     
0.00241699     0.00246582     0.00240479     0.00258789     
0.00256348     0.00249023     0.00253906     0.00251465     
0.00245361     0.00249023     0.00250244     0.00238037     
0.00235596     0.00229492     0.00241699     0.00228271     
0.00234375     0.00241699     0.00241699     0.00246582     
0.00251465     0.00255127     0.00264893     0.00269775     
0.00263672     0.00286865     0.00279541     0.00266113     
0.0027832     0.00281982     0.00280762     0.0027832     
0.00267334     0.00274658     0.00272217     0.00275879     
0.00267334     0.00268555     0.00275879     0.00258789     
0.00262451     0.00275879     0.00264893     0.00257568     
0.00258789     0.00252686     0.00256348     0.00245361     
0.00234375     0.00233154     0.00224609     0.00220947     
0.0020874     0.00213623     0.00212402     0.00203857     
0.00212402     0.00217285     0.00212402     0.00211182     
0.00219727     0.00224609     0.00224609     0.00216064     
0.00220947     0.00239258     0.00238037     0.00239258     
0.00239258     0.00246582     0.00252686     0.00252686     
0.00250244     0.00255127     0.0026001     0.0026001     
0.0026123     0.00263672     0.0026001     0.00258789     
0.00250244     0.0026123     0.00262451     0.00266113     
0.0026123     0.00264893     0.00270996     0.00268555     
0.002771     0.00279541     0.00285645     0.00270996     
0.00285645     0.00286865     0.00279541     0.0027832     
0.00274658     0.00280762     0.00279541     0.00267334     
0.00273438     0.00266113     0.00258789     0.00256348     
0.00253906     0.00250244     0.00250244     0.00244141     
0.00251465     0.00240479     0.00247803     0.00244141     
0.00231934     0.00245361     0.00241699     0.00234375     
0.0022583     0.00227051     0.00214844     0.00212402     
0.0020874     0.00224609     0.00216064     0.00205078     
0.00206299     0.00214844     0.00216064     0.0020874     
0.0020874     0.00230713     0.00223389     0.00230713     
0.00244141     0.00247803     0.00253906     0.00270996     
0.00272217     0.00279541     0.00299072     0.00297852     
0.00306396     0.00308838     0.003125     0.00310059     
0.00307617     0.003125     0.00308838     0.00300293     
0.00301514     0.00291748     0.00286865     0.002771     
0.0027832     0.00288086     0.00272217     0.00258789     
0.00257568     0.00250244     0.00247803     0.00238037     
0.00231934     0.00241699     0.00238037     0.00228271     
0.00234375     0.00235596     0.00238037     0.00234375     
0.00231934     0.00253906     0.00251465     0.00244141     
0.00252686     0.00252686     0.00257568     0.00266113     
0.0026123     0.00279541     0.00281982     0.00289307     
0.00294189     0.00297852     0.00300293     0.00310059     
0.00300293     0.00327148     0.00319824     0.00314941     
0.00323486     0.00314941     0.00308838     0.00305176     
0.00292969     0.00292969     0.00290527     0.00270996     
0.00258789     0.00253906     0.00253906     0.00238037     
0.00228271     0.00234375     0.00236816     0.00231934     
0.00229492     0.0022583     0.00230713     0.00222168     
0.00218506     0.00224609     0.00228271     0.00229492     
0.00240479     0.00234375     0.0024292     0.00239258     
0.0024292     0.00256348     0.00253906     0.00250244     
0.00246582     0.00252686     0.00245361     0.00239258     
0.00234375     0.0024292     0.00235596     0.00228271     
0.00220947     0.00224609     0.00220947     0.00219727     
0.00222168     0.00236816     0.00224609     0.00229492     
0.00235596     0.00231934     0.00231934     0.00227051     
0.00228271     0.00241699     0.00223389     0.00224609     
0.00233154     0.00216064     0.00227051     0.00229492     
0.00217285     0.00228271     0.00224609     0.0020874     
0.0020752     0.00218506     0.00211182     0.0020874     
0.00202637     0.00198975     0.00196533     0.00194092     
0.00195313     0.00189209     0.0019165     0.00187988     
0.00186768     0.0020752     0.00202637     0.00202637     
0.00203857     0.00202637     0.00214844     0.0022583     
0.00218506     0.00235596     0.00236816     0.00249023     
0.00249023     0.00236816     0.00231934     0.00230713     
0.0022583     0.00235596     0.00219727     0.00211182     
0.0020752     0.00224609     0.00228271     0.00212402     
0.00230713     0.00249023     0.00253906     0.0026001     
0.00270996     0.00275879     0.002771     0.00272217     
0.00269775     0.00274658     0.00263672     0.00252686     
0.00253906     0.00249023     0.00238037     0.00239258     
0.0022583     0.00230713     0.00228271     0.00214844     
0.00223389     0.00223389     0.00223389     0.00223389     
0.00218506     0.00239258     0.00233154     0.00228271     
0.00245361     0.00249023     0.00250244     0.00251465     
0.00245361     0.00258789     0.00251465     0.00250244     
0.00234375     0.00227051     0.00214844     0.00206299     
0.00180664     0.00181885     0.00169678     0.00159912     
0.00144043     0.00140381     0.00147705     0.00153809     
0.00144043     0.00162354     0.00174561     0.00177002     
0.0019165     0.0019043     0.00192871     0.00198975     
0.00197754     0.00202637     0.00195313     0.00184326     
0.00178223     0.0019165     0.00181885     0.00175781     
0.00169678     0.00183105     0.00186768     0.00166016     
0.00179443     0.00183105     0.00195313     0.00184326     
0.00184326     0.00206299     0.00209961     0.00205078     
0.00213623     0.00219727     0.00218506     0.00213623     
0.00209961     0.00216064     0.00212402     0.00214844     
0.00223389     0.00213623     0.00211182     0.00211182     
0.00216064     0.00218506     0.00212402     0.00218506     
0.00205078     0.00216064     0.00211182     0.00206299     
0.00198975     0.00213623     0.0020874     0.00205078     
0.00224609     0.00219727     0.00233154     0.00241699     
0.00250244     0.00269775     0.00273438     0.00273438     
0.00280762     0.002771     0.00289307     0.00289307     
0.00269775     0.00280762     0.00270996     0.00267334     
0.00266113     0.00247803     0.00249023     0.00239258     
0.00239258     0.00234375     0.00229492     0.00217285     
0.00222168     0.00211182     0.00219727     0.00200195     
0.00200195     0.00213623     0.00197754     0.00200195     
0.00200195     0.00201416     0.00192871     0.0019043     
0.00177002     0.00189209     0.00175781     0.00164795     
0.00168457     0.00181885     0.00174561     0.0017334     
0.00177002     0.00197754     0.00197754     0.00211182     
0.00212402     0.00214844     0.00230713     0.00231934     
0.00231934     0.00245361     0.00234375     0.00223389     
0.00224609     0.00222168     0.00218506     0.00206299     
0.0020752     0.0020752     0.00201416     0.0019043     
0.00194092     0.00201416     0.00211182     0.00203857     
0.00212402     0.00228271     0.00236816     0.00239258     
0.0024292     0.00252686     0.00245361     0.00246582     
0.00245361     0.00249023     0.0024292     0.00231934     
0.00227051     0.00220947     0.00212402     0.00214844     
0.00216064     0.00220947     0.00212402     0.0020874     
0.00213623     0.00217285     0.00213623     0.00206299     
0.00197754     0.0020752     0.00196533     0.0019165     
0.00181885     0.00186768     0.00180664     0.00172119     
0.00178223     0.00174561     0.00175781     0.00167236     
0.00175781     0.00183105     0.00180664     0.00170898     
0.00169678     0.00181885     0.00184326     0.00169678     
0.00179443     0.00172119     0.00162354     0.00172119     
0.00178223     0.00179443     0.00180664     0.00180664     
0.00184326     0.00194092     0.00195313     0.00195313     
0.00196533     0.00198975     0.00198975     0.00195313     
0.00186768     0.00178223     0.00174561     0.00166016     
0.00157471     0.00159912     0.00147705     0.00141602     
0.00146484     0.00153809     0.00157471     0.00158691     
0.00151367     0.00183105     0.00185547     0.00189209     
0.0019043     0.00192871     0.00196533     0.00197754     
0.00194092     0.00202637     0.00212402     0.00192871     
0.00197754     0.00194092     0.00198975     0.00192871     
0.00197754     0.00200195     0.00197754     0.0019043     
0.00194092     0.00184326     0.00187988     0.00184326     
0.00177002     0.00184326     0.00186768     0.00175781     
0.00189209     0.0019165     0.00205078     0.00202637     
0.0020874     0.00228271     0.0022583     0.00231934     
0.00233154     0.00244141     0.00233154     0.00245361     
0.00236816     0.00240479     0.00235596     0.00229492     
0.00228271     0.00224609     0.00219727     0.00211182     
0.00196533     0.0020752     0.00206299     0.00200195     
0.00194092     0.00202637     0.00201416     0.00189209     
0.00186768     0.00209961     0.00203857     0.00202637     
0.00206299     0.00209961     0.00217285     0.00213623     
0.00213623     0.00229492     0.00236816     0.00238037     
0.00238037     0.00239258     0.00251465     0.00256348     
0.00257568     0.00281982     0.00267334     0.00267334     
0.00272217     0.00279541     0.00284424     0.00284424     
0.00290527     0.00302734     0.00305176     0.00305176     
0.003125     0.00317383     0.00322266     0.00330811     
0.00323486     0.003479     0.00345459     0.00352783     
0.00344238     0.00349121     0.00358887     0.00362549     
0.00350342     0.00367432     0.0036377     0.00350342     
0.00336914     0.00332031     0.00314941     0.00301514     
0.00291748     0.00283203     0.00262451     0.00247803     
0.00244141     0.00236816     0.00244141     0.00217285     
0.00218506     0.00235596     0.00240479     0.00239258     
0.00245361     0.00245361     0.00253906     0.00246582     
0.0024292     0.00273438     0.00256348     0.00247803     
0.00246582     0.0024292     0.00235596     0.00230713     
0.00228271     0.00227051     0.00229492     0.00231934     
0.00233154     0.00228271     0.00234375     0.00234375     
0.00240479     0.00256348     0.00250244     0.00241699     
0.00245361     0.00253906     0.00229492     0.00227051     
0.00228271     0.00235596     0.0022583     0.00211182     
0.00217285     0.00220947     0.00223389     0.00222168     
0.00230713     0.0024292     0.00251465     0.00255127     
0.00253906     0.00273438     0.00273438     0.00270996     
0.00274658     0.002771     0.00275879     0.00270996     
0.00270996     0.00264893     0.00256348     0.00255127     
0.0024292     0.00251465     0.00247803     0.0022583     
0.00233154     0.00218506     0.00222168     0.00213623     
0.00201416     0.00200195     0.00202637     0.0019043     
0.00192871     0.00192871     0.00194092     0.00187988     
0.00187988     0.00206299     0.00209961     0.00203857     
0.00219727     0.00214844     0.00219727     0.00233154     
0.00224609     0.00234375     0.00241699     0.00233154     
0.00233154     0.00233154     0.00230713     0.00228271     
0.0022583     0.0024292     0.00239258     0.00244141     
0.00238037     0.00266113     0.002771     0.00272217     
0.002771     0.00291748     0.00299072     0.00288086     
0.00288086     0.00284424     0.00289307     0.00269775     
0.0026123     0.00272217     0.0026001     0.00244141     
0.00235596     0.00238037     0.00230713     0.00222168     
0.00211182     0.00222168     0.00213623     0.00198975     
0.00206299     0.0019043     0.00189209     0.00181885     
0.00174561     0.00175781     0.00170898     0.00172119     
0.00169678     0.00168457     0.00164795     0.00170898     
0.00164795     0.00184326     0.00185547     0.00185547     
0.0019165     0.00187988     0.00194092     0.00196533     
0.00185547     0.00198975     0.00192871     0.00187988     
0.0019165     0.00201416     0.0019165     0.00187988     
0.00189209     0.00203857     0.00200195     0.00194092     
0.00211182     0.00198975     0.00195313     0.00205078     
0.00203857     0.00206299     0.00196533     0.00195313     
0.00185547     0.0019165     0.00174561     0.00162354     
0.00166016     0.00172119     0.00152588     0.00148926     
0.00161133     0.00146484     0.00151367     0.00140381     
0.00146484     0.00147705     0.00147705     0.00135498     
0.00142822     0.00135498     0.00125732     0.00136719     
0.00126953     0.00137939     0.00136719     0.00136719     
0.00134277     0.00136719     0.00144043     0.00137939     
0.00133057     0.00158691     0.00161133     0.0015625     
0.00164795     0.00177002     0.00186768     0.00184326     
0.00177002     0.00201416     0.00198975     0.00202637     
0.00202637     0.00198975     0.00209961     0.00200195     
0.0020874     0.00223389     0.00229492     0.0022583     
0.00230713     0.00246582     0.00247803     0.00256348     
0.00240479     0.00258789     0.00266113     0.00258789     
0.0026001     0.00273438     0.00270996     0.0026123     
0.00268555     0.00266113     0.00273438     0.00262451     
0.00264893     0.00272217     0.00267334     0.00253906     
0.00246582     0.0026123     0.00255127     0.00252686     
0.00255127     0.00258789     0.0026123     0.00257568     
0.00263672     0.00269775     0.00257568     0.00267334     
0.00258789     0.00251465     0.00252686     0.00251465     
0.00235596     0.00250244     0.00228271     0.00222168     
0.00216064     0.00197754     0.00194092     0.00196533     
0.00194092     0.00185547     0.00192871     0.00178223     
0.00185547     0.00186768     0.00194092     0.0019165     
0.00174561     0.00200195     0.00206299     0.00203857     
0.00200195     0.00205078     0.00216064     0.00219727     
0.00224609     0.00236816     0.00244141     0.0024292     
0.00250244     0.00258789     0.0026001     0.0026001     
0.00266113     0.00268555     0.00264893     0.00263672     
0.0026123     0.0026123     0.00257568     0.00249023     
0.00246582     0.00252686     0.00245361     0.00229492     
0.00234375     0.0024292     0.0022583     0.00224609     
0.00222168     0.00231934     0.00228271     0.00212402     
0.0020874     0.00209961     0.00202637     0.00200195     
0.00189209     0.00197754     0.00195313     0.00172119     
0.00174561     0.00169678     0.00164795     0.0015625     
0.00153809     0.00157471     0.0015625     0.00142822     
0.00151367     0.00142822     0.00150146     0.00150146     
0.00146484     0.00162354     0.00157471     0.00150146     
0.00158691     0.00163574     0.00168457     0.00155029     
0.00162354     0.00166016     0.0017334     0.00157471     
0.00168457     0.00157471     0.00150146     0.0013916     
0.00135498     0.0013916     0.00125732     0.00125732     
0.00123291     0.00119629     0.00114746     0.00124512     
0.00107422     0.00119629     0.00123291     0.00129395     
0.00140381     0.00152588     0.00158691     0.00169678     
0.0017334     0.00189209     0.00189209     0.00177002     
0.00184326     0.00187988     0.00184326     0.00174561     
0.00166016     0.00179443     0.00169678     0.00157471     
0.00157471     0.00161133     0.00157471     0.00145264     
0.00142822     0.00151367     0.00150146     0.00145264     
0.0015625     0.00157471     0.0015625     0.00150146     
0.00157471     0.00168457     0.00168457     0.00166016     
0.00180664     0.00179443     0.00179443     0.00175781     
0.00179443     0.00185547     0.00177002     0.00174561     
0.0017334     0.00174561     0.00179443     0.00172119     
0.00167236     0.00185547     0.00177002     0.00175781     

