Source : transient; Time : Wed Jun 14 08:23:44 2017
B0 = 3304.000000 Gauss, mw = 9.686281 GHz
 NDI-T2 sa261 20/2 42/25 523nm/1mJ
1 5000 -1.001e-06 8.997e-06 0 0
s                        V                                                 
8.54492e-05     -8.54492e-05     -3.66211e-05     6.10352e-05     
-0.00020752     -0.00020752     -9.76563e-05     -0.000158691     
-0.00012207     -0.000268555     -0.00020752     -3.66211e-05     
-0.000170898     -0.000195313     -4.88281e-05     -8.54492e-05     
6.10352e-05     -0.000170898     -1.2207e-05     0     
6.10352e-05     -0.000146484     -8.54492e-05     -8.54492e-05     
-1.2207e-05     -0.000317383     -0.000170898     -0.000268555     
-0.000378418     -0.000402832     -0.000292969     -0.000476074     
-0.000280762     -0.000598145     -0.000415039     -0.000390625     
-0.000292969     -0.000268555     -0.000256348     -0.000146484     
-3.66211e-05     -6.10352e-05     -2.44141e-05     6.10352e-05     
0.000158691     6.10352e-05     0.00020752     0.000256348     
0.000280762     0.000146484     0.000170898     0.000170898     
8.54492e-05     0.000146484     8.54492e-05     9.76563e-05     
6.10352e-05     -0.000170898     1.2207e-05     2.44141e-05     
-0.00012207     -4.88281e-05     -0.00012207     -0.000109863     
-0.00012207     -0.000305176     -9.76563e-05     -0.00020752     
-0.00020752     -0.000378418     -0.000170898     -0.000219727     
-0.000183105     -0.000415039     -0.000195313     -0.000256348     
-0.000183105     -0.000292969     -9.76563e-05     -0.000195313     
-7.32422e-05     -0.000183105     8.54492e-05     -2.44141e-05     
-1.2207e-05     0     1.2207e-05     0.000146484     
0.000146484     0.000170898     0.000256348     0.000390625     
0.000341797     0.000305176     0.000463867     0.000427246     
0.000549316     0.000476074     0.000524902     0.000549316     
0.000500488     0.000415039     0.000463867     0.000476074     
0.000366211     0.000244141     0.000231934     0.00012207     
0     -2.44141e-05     -0.000183105     -0.000158691     
-0.000292969     -0.000427246     -0.000341797     -0.00045166     
-0.00045166     -0.000524902     -0.000341797     -0.000463867     
-0.000195313     -0.00032959     -8.54492e-05     -0.000109863     
-3.66211e-05     -7.32422e-05     0.000231934     0.000109863     
0.000305176     8.54492e-05     0.000256348     0.000244141     
0.000183105     0.000158691     0.000219727     0.00020752     
0.000146484     2.44141e-05     7.32422e-05     -3.66211e-05     
-9.76563e-05     -0.000219727     -0.000146484     -0.000183105     
-0.000109863     -0.00032959     -8.54492e-05     -8.54492e-05     
-0.000146484     -0.000170898     -4.88281e-05     3.66211e-05     
0     -3.66211e-05     1.2207e-05     4.88281e-05     
7.32422e-05     -2.44141e-05     6.10352e-05     9.76563e-05     
0     4.88281e-05     9.76563e-05     0.000195313     
0.000195313     0.000219727     0.000292969     0.000280762     
0.00045166     0.000219727     0.000415039     0.000280762     
0.000146484     0.000146484     0.000219727     0.000195313     
0.000305176     3.66211e-05     0.000305176     0.000305176     
0.000402832     0.000354004     0.000537109     0.000476074     
0.000671387     0.000524902     0.000683594     0.000695801     
0.000610352     0.000537109     0.000671387     0.000683594     
0.000634766     0.00045166     0.000610352     0.000476074     
0.000415039     0.000427246     0.000268555     0.00032959     
0.000317383     0.000158691     0.00020752     0.000256348     
6.10352e-05     0.000109863     0.000244141     0.00012207     
0.000183105     8.54492e-05     8.54492e-05     0.000134277     
-7.32422e-05     -0.000109863     -8.54492e-05     -0.000244141     
-0.000158691     -0.000549316     -0.000463867     -0.000488281     
-0.00045166     -0.000708008     -0.00065918     -0.000683594     
-0.00057373     -0.000683594     -0.000500488     -0.000476074     
-0.000439453     -0.000512695     -0.000317383     -0.000292969     
-0.000231934     -0.000390625     -0.000219727     -0.000317383     
-0.000292969     -0.000354004     -0.000390625     -0.000415039     
-0.000390625     -0.000549316     -0.000500488     -0.00045166     
-0.00045166     -0.000537109     -0.000378418     -0.000378418     
-0.000280762     -0.000244141     -0.000109863     -8.54492e-05     
-6.10352e-05     7.32422e-05     1.2207e-05     6.10352e-05     
0.000219727     0.000134277     0.000256348     0.000256348     
0.000219727     0.000268555     0.000158691     0.000231934     
0.00020752     3.66211e-05     0.000292969     3.66211e-05     
2.44141e-05     -0.000158691     3.66211e-05     -0.000146484     
-0.00012207     -0.000244141     -8.54492e-05     -8.54492e-05     
-7.32422e-05     -0.000231934     -0.000109863     -9.76563e-05     
2.44141e-05     -0.000280762     0     -7.32422e-05     
-9.76563e-05     -0.000195313     -1.2207e-05     0     
-0.000134277     -0.000268555     -0.000158691     -0.000146484     
-0.000280762     -0.000317383     -0.000183105     -0.00020752     
-0.000195313     -0.000268555     -0.000292969     -0.000244141     
-0.000219727     -0.000256348     -0.000158691     -2.44141e-05     
3.66211e-05     3.66211e-05     0.000219727     0.000317383     
0.000341797     0.000317383     0.000415039     0.00057373     
0.000512695     0.000500488     0.000708008     0.000683594     
0.000732422     0.000634766     0.000805664     0.000683594     
0.000805664     0.000549316     0.000646973     0.000537109     
0.000415039     0.000366211     0.00032959     0.000195313     
0.000183105     -8.54492e-05     -4.88281e-05     -0.000170898     
-0.000158691     -0.000268555     -0.000158691     -0.000244141     
-0.000231934     -0.000244141     -0.000231934     -0.000134277     
-0.000109863     -0.000183105     -9.76563e-05     -7.32422e-05     
0.00012207     -0.000146484     2.44141e-05     4.88281e-05     
-4.88281e-05     -7.32422e-05     2.44141e-05     0     
-0.000134277     -0.00012207     -0.000158691     -0.000158691     
-0.000195313     -0.00020752     -0.000158691     -0.000170898     
-0.000268555     -0.000183105     -0.000244141     -0.000183105     
-4.88281e-05     -0.000158691     -2.44141e-05     -0.000146484     
1.2207e-05     -0.000256348     -3.66211e-05     -0.00012207     
-9.76563e-05     -0.000146484     -0.00012207     -0.000170898     
-7.32422e-05     -0.000305176     -0.000183105     -0.000305176     
-0.000268555     -0.000378418     -0.000292969     -0.000354004     
-0.000317383     -0.00045166     -0.000402832     -0.000366211     
-0.000488281     -0.000488281     -0.000390625     -0.000354004     
-0.000305176     -0.00045166     -0.00020752     -0.000195313     
-0.000109863     -0.000158691     0     0     
6.10352e-05     -7.32422e-05     -1.2207e-05     4.88281e-05     
-3.66211e-05     -1.2207e-05     4.88281e-05     7.32422e-05     
0.000195313     3.66211e-05     0.000170898     0.000366211     
0.000231934     0.00032959     0.000415039     0.000415039     
0.000500488     0.000231934     0.000378418     0.000305176     
0.000402832     0.000183105     0.000256348     0.000280762     
0.000305176     7.32422e-05     0.000305176     0.00020752     
0.000341797     0.000268555     0.000390625     0.00045166     
0.00057373     0.000390625     0.000561523     0.000634766     
0.000537109     0.000524902     0.000524902     0.000561523     
0.000549316     0.000378418     0.000341797     0.00032959     
0.000341797     0.000158691     0.000292969     0.00012207     
0.000158691     9.76563e-05     0.000183105     0.00012207     
2.44141e-05     2.44141e-05     6.10352e-05     0.00012207     
0.00012207     -1.2207e-05     0.000183105     0.000170898     
-1.2207e-05     0.00012207     2.44141e-05     -1.2207e-05     
-8.54492e-05     -0.000390625     -0.000146484     -0.000378418     
-0.000415039     -0.000488281     -0.000402832     -0.000549316     
-0.000500488     -0.000708008     -0.000524902     -0.000561523     
-0.000537109     -0.000585938     -0.000476074     -0.000439453     
-0.000268555     -0.000476074     -0.00020752     -0.000280762     
-0.000305176     -0.000280762     -0.000231934     -0.000317383     
-0.000366211     -0.000476074     -0.00045166     -0.000500488     
-0.000500488     -0.000695801     -0.000561523     -0.000671387     
-0.000537109     -0.000744629     -0.000671387     -0.000610352     
-0.000634766     -0.000634766     -0.000598145     -0.000512695     
-0.000463867     -0.000537109     -0.000378418     -0.000305176     
-0.000256348     -0.000231934     -0.000109863     -2.44141e-05     
-4.88281e-05     -3.66211e-05     0.00020752     0.000158691     
0.000219727     7.32422e-05     0.000158691     -1.2207e-05     
7.32422e-05     -0.000256348     -0.000146484     -0.000256348     
-0.000402832     -0.00057373     -0.00032959     -0.000439453     
-0.000354004     -0.000646973     -0.000378418     -0.000378418     
-0.000244141     -0.000390625     -0.000256348     -0.000134277     
-0.000134277     -0.000195313     0     3.66211e-05     
1.2207e-05     7.32422e-05     2.44141e-05     9.76563e-05     
0.000195313     -2.44141e-05     0.000109863     0.000109863     
0     -1.2207e-05     -2.44141e-05     -2.44141e-05     
0     -6.10352e-05     -0.00012207     -6.10352e-05     
-0.00020752     -0.00045166     -0.000561523     -0.000683594     
-0.000976563     -0.00131836     -0.00157471     -0.00194092     
-0.00239258     -0.00289307     -0.00307617     -0.00354004     
-0.0039917     -0.0046875     -0.00474854     -0.00529785     
-0.00574951     -0.00628662     -0.006604     -0.00716553     
-0.00748291     -0.00812988     -0.00837402     -0.00889893     
-0.00915527     -0.00960693     -0.00979004     -0.0103027     
-0.0105469     -0.0109741     -0.0112427     -0.0114624     
-0.0119629     -0.0123657     -0.0126831     -0.0131348     
-0.0135132     -0.0140991     -0.0142456     -0.0146484     
-0.0150024     -0.0153687     -0.015686     -0.0160034     
-0.0162598     -0.016687     -0.0168701     -0.0171753     
-0.0175781     -0.0178711     -0.0180908     -0.0184448     
-0.0187012     -0.0192261     -0.0195923     -0.0197998     
-0.0202759     -0.0207031     -0.0210205     -0.0213867     
-0.021582     -0.0221313     -0.0223389     -0.0226196     
-0.0228516     -0.0232422     -0.0233643     -0.0236816     
-0.0237915     -0.0242554     -0.0242676     -0.0246948     
-0.0249268     -0.0251831     -0.0253174     -0.025708     
-0.0259155     -0.0263672     -0.0263916     -0.0266724     
-0.0270386     -0.0272217     -0.0274902     -0.0277832     
-0.0279907     -0.0283569     -0.0285034     -0.0287109     
-0.0290161     -0.0294434     -0.0293945     -0.0296631     
-0.0299316     -0.0302979     -0.0303101     -0.0304077     
-0.0306763     -0.0307861     -0.0310303     -0.0310669     
-0.0312012     -0.0315308     -0.0315674     -0.0315918     
-0.031958     -0.032019     -0.0322998     -0.0325439     
-0.032666     -0.0331299     -0.0332275     -0.0335815     
-0.033728     -0.0341797     -0.0341431     -0.034436     
-0.0346436     -0.0348511     -0.0348633     -0.0350952     
-0.0351196     -0.0353149     -0.0352905     -0.035376     
-0.0353394     -0.0356689     -0.0355957     -0.0357666     
-0.0358398     -0.0360229     -0.0361084     -0.0361572     
-0.0362915     -0.0365234     -0.0365234     -0.0365601     
-0.0367188     -0.036853     -0.0367798     -0.0367798     
-0.0367432     -0.036853     -0.0366699     -0.036731     
-0.0367065     -0.0366821     -0.0366699     -0.0365967     
-0.0366577     -0.0367432     -0.0365723     -0.0367188     
-0.0366943     -0.0366821     -0.0366699     -0.0367065     
-0.0366821     -0.0367432     -0.0366821     -0.0366821     
-0.0365601     -0.0368164     -0.0366699     -0.036792     
-0.0366333     -0.0369019     -0.036792     -0.0368164     
-0.0368408     -0.0369629     -0.0368408     -0.0370117     
-0.0369873     -0.0371704     -0.0370605     -0.0370972     
-0.0371094     -0.0371582     -0.0370605     -0.0370239     
-0.0370728     -0.0370972     -0.0369873     -0.0370361     
-0.0370239     -0.0370605     -0.0370117     -0.0369507     
-0.0368896     -0.0371094     -0.0368164     -0.0366821     
-0.0367554     -0.0366089     -0.0364258     -0.0363159     
-0.0361572     -0.0362549     -0.0361206     -0.0358765     
-0.0360596     -0.0359985     -0.0358765     -0.0358643     
-0.0358276     -0.0358887     -0.0358032     -0.0357544     
-0.03573     -0.0357788     -0.0355713     -0.0355957     
-0.0353149     -0.035376     -0.0350952     -0.0350952     
-0.0349121     -0.0348755     -0.0346191     -0.0346069     
-0.0343018     -0.0344971     -0.0341309     -0.0341309     
-0.0338989     -0.0339478     -0.0337036     -0.0336304     
-0.0334961     -0.0335205     -0.0333252     -0.0331787     
-0.0331543     -0.0331299     -0.0328247     -0.0327759     
-0.0326782     -0.0326538     -0.0323608     -0.032312     
-0.0321777     -0.0321777     -0.0320923     -0.0320068     
-0.0318359     -0.0319336     -0.0318115     -0.031665     
-0.0316406     -0.0315552     -0.0314575     -0.031311     
-0.0311523     -0.0311157     -0.030896     -0.0305542     
-0.0305542     -0.0303345     -0.0302124     -0.0300903     
-0.0297485     -0.0298584     -0.029541     -0.02948     
-0.0291992     -0.0292114     -0.0289307     -0.0287964     
-0.0286743     -0.0287598     -0.0283813     -0.0283325     
-0.0282227     -0.0283203     -0.0280518     -0.0280762     
-0.0279175     -0.028064     -0.0278076     -0.0277344     
-0.0276978     -0.0276611     -0.0274658     -0.0273804     
-0.0273071     -0.0273071     -0.0269775     -0.0268677     
-0.0267944     -0.0267578     -0.0265015     -0.0263184     
-0.0262329     -0.0261719     -0.0259033     -0.0258301     
-0.0258179     -0.0257446     -0.0255737     -0.025415     
-0.0253662     -0.0253906     -0.0252319     -0.0250977     
-0.0250366     -0.0249268     -0.0248291     -0.0246948     
-0.0246216     -0.0246582     -0.0243774     -0.0244751     
-0.024292     -0.0243652     -0.0241821     -0.024231     
-0.0240479     -0.0242065     -0.0240479     -0.0239746     
-0.0238037     -0.0238892     -0.0237305     -0.023645     
-0.0234497     -0.0235718     -0.0231567     -0.0232422     
-0.0231201     -0.0230957     -0.022998     -0.0228394     
-0.0227173     -0.0228149     -0.0225952     -0.0226196     
-0.0224854     -0.022522     -0.02229     -0.0223145     
-0.0221313     -0.0221802     -0.0219727     -0.0218872     
-0.0217773     -0.0217163     -0.0216064     -0.0213257     
-0.0212891     -0.0212646     -0.0210083     -0.0208862     
-0.0208984     -0.0208984     -0.0208496     -0.0206055     
-0.020752     -0.0208496     -0.0205811     -0.0206177     
-0.0205444     -0.0206299     -0.0204468     -0.0203857     
-0.0202271     -0.0204712     -0.0202393     -0.0202271     
-0.0201172     -0.0201904     -0.0199951     -0.0199707     
-0.0198486     -0.0200806     -0.0198608     -0.0198975     
-0.0197388     -0.0199585     -0.0196899     -0.0197021     
-0.0196533     -0.0196655     -0.019519     -0.0194702     
-0.0193359     -0.0193237     -0.0193237     -0.0192139     
-0.019104     -0.0192627     -0.0190918     -0.0190674     
-0.0191528     -0.0192017     -0.0190918     -0.0191528     
-0.0192139     -0.0192627     -0.0192627     -0.0192017     
-0.0192261     -0.0192261     -0.0190796     -0.0191406     
-0.0190308     -0.0189209     -0.018811     -0.0186646     
-0.0185791     -0.0185913     -0.0183105     -0.0183228     
-0.0182373     -0.0184082     -0.0182129     -0.0182739     
-0.0182617     -0.0184082     -0.0183105     -0.0185303     
-0.0184326     -0.0187256     -0.0185791     -0.0186646     
-0.0187256     -0.0188354     -0.0187866     -0.0187988     
-0.0187134     -0.0189209     -0.0187256     -0.0187622     
-0.0186523     -0.0187744     -0.0186035     -0.0185059     
-0.0184937     -0.0186279     -0.0184448     -0.0184937     
-0.0185425     -0.0184814     -0.0185181     -0.0185303     
-0.0184692     -0.0186768     -0.0186646     -0.0185913     
-0.0187988     -0.0188232     -0.0187866     -0.0188232     
-0.0187744     -0.0187866     -0.0188232     -0.0186401     
-0.0187378     -0.0187134     -0.0185425     -0.0184937     
-0.0183105     -0.0185425     -0.0183228     -0.018396     
-0.0183472     -0.0185181     -0.0185059     -0.0186035     
-0.0185181     -0.0187866     -0.0184937     -0.0186279     
-0.0185059     -0.0185913     -0.0184448     -0.0184082     
-0.0181885     -0.018396     -0.0181885     -0.0181763     
-0.0182007     -0.0182129     -0.0181152     -0.0182129     
-0.0181885     -0.0183716     -0.0182983     -0.0184082     
-0.0184326     -0.0187012     -0.0187012     -0.01875     
-0.0188721     -0.0191406     -0.0190918     -0.0192505     
-0.0193237     -0.0193481     -0.0194824     -0.019519     
-0.0194824     -0.0195923     -0.0194824     -0.0195068     
-0.0195435     -0.0195068     -0.0195313     -0.0193604     
-0.0193115     -0.0195557     -0.0192505     -0.0193481     
-0.0193726     -0.0195313     -0.0194092     -0.0195435     
-0.0194824     -0.0196777     -0.0195801     -0.0196411     
-0.0196655     -0.0197876     -0.0196899     -0.019751     
-0.0196411     -0.0199219     -0.0197021     -0.0197021     
-0.0197754     -0.0197144     -0.0196899     -0.0196655     
-0.0197144     -0.0197632     -0.0195068     -0.019519     
-0.0195435     -0.0194946     -0.0194702     -0.019458     
-0.0193726     -0.0195923     -0.0194336     -0.0194946     
-0.019519     -0.0196045     -0.0196899     -0.0196655     
-0.0198242     -0.0199219     -0.0198364     -0.0200317     
-0.0201782     -0.0202271     -0.0202637     -0.0201904     
-0.0202637     -0.0203369     -0.0203125     -0.0203491     
-0.0200928     -0.0203369     -0.0203003     -0.0202271     
-0.0201172     -0.0203979     -0.0201294     -0.0202515     
-0.0202759     -0.0205078     -0.0203247     -0.0206177     
-0.0204834     -0.0207397     -0.0206665     -0.0207886     
-0.0207153     -0.020874     -0.0207397     -0.0206665     
-0.0206421     -0.0206177     -0.0204346     -0.0203491     
-0.0202515     -0.0202881     -0.0201538     -0.0200928     
-0.0199829     -0.0202393     -0.0200806     -0.020105     
-0.0202026     -0.0202271     -0.0202637     -0.0203003     
-0.0203369     -0.0204224     -0.0204224     -0.0202759     
-0.0203491     -0.0204346     -0.0203125     -0.0202148     
-0.0202026     -0.0202271     -0.0201294     -0.0200928     
-0.0201294     -0.0201904     -0.0199829     -0.0201294     
-0.0200439     -0.0202759     -0.020105     -0.0202271     
-0.0201904     -0.0201782     -0.0202271     -0.0202026     
-0.0200806     -0.0202759     -0.0199951     -0.0200684     
-0.0199829     -0.0202026     -0.0200806     -0.020105     
-0.0200195     -0.0201904     -0.0199951     -0.0198975     
-0.0199219     -0.0199341     -0.019751     -0.0197144     
-0.0196411     -0.0196411     -0.019458     -0.0194214     
-0.0193237     -0.0193848     -0.0192749     -0.0191284     
-0.0191772     -0.0192871     -0.0192383     -0.0191284     
-0.0192261     -0.0192749     -0.0192505     -0.0192139     
-0.0192871     -0.0193726     -0.0192505     -0.0192017     
-0.0193726     -0.0192627     -0.0191772     -0.0191895     
-0.0190186     -0.0191162     -0.0189087     -0.0189453     
-0.0187744     -0.0188354     -0.018689     -0.0185913     
-0.0185059     -0.0187012     -0.0185059     -0.0185547     
-0.0185547     -0.0186401     -0.0185303     -0.01875     
-0.0185425     -0.01875     -0.0187256     -0.0187012     
-0.018689     -0.0187622     -0.018689     -0.0186279     
-0.0185425     -0.0185669     -0.0184326     -0.0182983     
-0.0181519     -0.0181274     -0.0177612     -0.0176392     
-0.0175049     -0.0174072     -0.0171387     -0.0170288     
-0.0168823     -0.0166626     -0.016626     -0.0164429     
-0.016272     -0.0165649     -0.016333     -0.0163208     
-0.0164673     -0.0164551     -0.0165771     -0.0166504     
-0.0165771     -0.0168945     -0.0167236     -0.0168457     
-0.0167114     -0.0168701     -0.0166504     -0.0166382     
-0.0166626     -0.0166992     -0.016394     -0.0164429     
-0.0162476     -0.016333     -0.0161499     -0.0162231     
-0.0159912     -0.0160889     -0.0158203     -0.0158569     
-0.0158447     -0.0158203     -0.0157227     -0.0156372     
-0.0156494     -0.0157471     -0.0157104     -0.0156494     
-0.0156494     -0.0156006     -0.0155151     -0.0156006     
-0.0153809     -0.0155151     -0.0153687     -0.0152344     
-0.0151855     -0.0151123     -0.0150757     -0.0148682     
-0.014856     -0.0148682     -0.0147339     -0.0147217     
-0.0146484     -0.0147217     -0.0146606     -0.0145996     
-0.0146362     -0.0147461     -0.0146118     -0.0147705     
-0.0146851     -0.0148682     -0.0147461     -0.0147461     
-0.0145752     -0.0148193     -0.0146973     -0.0146606     
-0.0145996     -0.0146851     -0.0145264     -0.0146118     
-0.0143799     -0.014502     -0.0142944     -0.0142944     
-0.0141724     -0.0141479     -0.0140503     -0.0140259     
-0.0140137     -0.0140381     -0.0139526     -0.0139282     
-0.0139282     -0.0139648     -0.0138428     -0.0138916     
-0.0137939     -0.0139282     -0.0137329     -0.0136841     
-0.0137695     -0.0135986     -0.0135376     -0.0133789     
-0.0133057     -0.0134399     -0.0132935     -0.0131104     
-0.0132446     -0.0133423     -0.0132446     -0.0132568     
-0.0134766     -0.0135498     -0.013501     -0.0135498     
-0.0136719     -0.0137085     -0.013562     -0.0135498     
-0.0134033     -0.0135986     -0.0132568     -0.0131592     
-0.0130371     -0.0130737     -0.012793     -0.0128296     
-0.0127686     -0.0128418     -0.0127197     -0.0128662     
-0.012854     -0.0129761     -0.0128784     -0.0130127     
-0.0129761     -0.0131836     -0.0130493     -0.0130005     
-0.0129639     -0.0130005     -0.0129272     -0.0128784     
-0.0128296     -0.0127686     -0.0127319     -0.0127319     
-0.0126831     -0.0127319     -0.0128052     -0.0128418     
-0.012793     -0.0129028     -0.0129272     -0.0127441     
-0.0128174     -0.0126099     -0.0125     -0.0125     
-0.0123169     -0.0123291     -0.012146     -0.0120361     
-0.0121704     -0.0121826     -0.0121338     -0.0121826     
-0.0121338     -0.0125244     -0.0123901     -0.0125244     
-0.0123901     -0.0126831     -0.0125488     -0.0125732     
-0.0125     -0.0127808     -0.0124634     -0.012439     
-0.0124023     -0.0125     -0.0123779     -0.0123169     
-0.012207     -0.0124146     -0.0122437     -0.0122559     
-0.0123413     -0.0124023     -0.0124146     -0.0123413     
-0.0123413     -0.0125     -0.0124268     -0.0124634     
-0.0125122     -0.0127197     -0.0126587     -0.0126099     
-0.0126587     -0.0128906     -0.0127686     -0.0127686     
-0.0129395     -0.0130127     -0.0130371     -0.0130859     
-0.0130371     -0.013269     -0.0131226     -0.0130737     
-0.0130737     -0.0129395     -0.0129883     -0.012854     
-0.0126831     -0.012793     -0.0124634     -0.0125     
-0.0124268     -0.0124512     -0.0123169     -0.0123413     
-0.0123047     -0.0124878     -0.0122559     -0.0124634     
-0.0124634     -0.0125488     -0.0124756     -0.0125854     
-0.0126221     -0.012915     -0.0127075     -0.012854     
-0.0128296     -0.0128784     -0.0130005     -0.0128906     
-0.0128052     -0.012915     -0.0127441     -0.0126343     
-0.0125732     -0.0127319     -0.0125488     -0.0125244     
-0.0123901     -0.0126343     -0.0125854     -0.0126221     
-0.0125366     -0.0125977     -0.0125732     -0.0124878     
-0.0125122     -0.0125732     -0.0123535     -0.0123657     
-0.0124023     -0.0123657     -0.0123779     -0.0122925     
-0.0124023     -0.0125122     -0.0123901     -0.0125122     
-0.0124512     -0.0125977     -0.0125     -0.0125977     
-0.0125122     -0.0128296     -0.0126953     -0.0127197     
-0.0127441     -0.0129028     -0.0127563     -0.0128906     
-0.0127197     -0.012854     -0.0126465     -0.0127319     
-0.012561     -0.0125977     -0.0123657     -0.0125366     
-0.0124268     -0.0125244     -0.0123291     -0.0124146     
-0.012561     -0.0125854     -0.0125488     -0.0126953     
-0.0126465     -0.0128906     -0.0128052     -0.0128418     
-0.0129395     -0.0129761     -0.0129272     -0.0129761     
-0.0129883     -0.0129883     -0.012915     -0.0128052     
-0.0128174     -0.012793     -0.0127686     -0.0126831     
-0.0126465     -0.0127563     -0.0127319     -0.0126587     
-0.0127075     -0.012854     -0.012793     -0.0129272     
-0.0129639     -0.0131714     -0.0129639     -0.0131836     
-0.0130981     -0.0132446     -0.0131104     -0.0131836     
-0.0131226     -0.0132813     -0.0130371     -0.0131348     
-0.0129761     -0.0131226     -0.0130127     -0.0130493     
-0.0129761     -0.0130737     -0.0130005     -0.0129639     
-0.0130493     -0.0130737     -0.0129028     -0.0129639     
-0.012915     -0.0130981     -0.012915     -0.0129639     
-0.0128906     -0.0129639     -0.0129028     -0.0129517     
-0.0129028     -0.0129639     -0.0128784     -0.0127563     
-0.0130005     -0.0129517     -0.0127808     -0.0128296     
-0.0127441     -0.0128906     -0.0127808     -0.0126587     
-0.0126831     -0.0127441     -0.0125854     -0.0125732     
-0.0124512     -0.0126953     -0.0124634     -0.0125488     
-0.0125122     -0.0127075     -0.0126099     -0.0126221     
-0.0126465     -0.012854     -0.0126953     -0.0127441     
-0.0127197     -0.0128662     -0.012793     -0.0128784     
-0.0126831     -0.0129272     -0.0126953     -0.0126587     
-0.0126953     -0.0125854     -0.0125854     -0.0125     
-0.012439     -0.0126953     -0.012439     -0.0124634     
-0.0124878     -0.0126587     -0.0124756     -0.012561     
-0.0125732     -0.012793     -0.0126709     -0.0126587     
-0.0128052     -0.0127686     -0.012854     -0.0127563     
-0.0127075     -0.012915     -0.0128052     -0.012793     
-0.0129517     -0.0128418     -0.0128906     -0.0128296     
-0.0127808     -0.0128662     -0.0125     -0.012561     
-0.0123535     -0.0123535     -0.0120972     -0.0120483     
-0.0118774     -0.0118896     -0.0116577     -0.0115601     
-0.0114014     -0.0115234     -0.0112915     -0.0112915     
-0.0112915     -0.0115601     -0.0113525     -0.0115112     
-0.0116211     -0.0117554     -0.0116821     -0.0118774     
-0.0119141     -0.0121704     -0.012085     -0.012085     
-0.0120972     -0.0123169     -0.0121826     -0.0122559     
-0.0120605     -0.0121216     -0.0119873     -0.0119263     
-0.0118286     -0.0118774     -0.0116821     -0.0113892     
-0.0114868     -0.011499     -0.0113403     -0.0113159     
-0.0111816     -0.0111694     -0.0111206     -0.0110474     
-0.0110962     -0.011145     -0.0109985     -0.0111084     
-0.0110229     -0.0112183     -0.0111084     -0.0112305     
-0.011145     -0.0115479     -0.0113525     -0.011499     
-0.0115967     -0.0118286     -0.011731     -0.0117798     
-0.0117065     -0.0118774     -0.0116211     -0.0116455     
-0.0114868     -0.011438     -0.0112061     -0.011145     
-0.0109741     -0.0109131     -0.0107422     -0.0105957     
-0.0105347     -0.0104736     -0.0104614     -0.0103882     
-0.0103149     -0.0105347     -0.0103638     -0.0103882     
-0.010498     -0.0105591     -0.0105225     -0.0105835     
-0.0105225     -0.0106812     -0.0107056     -0.0106689     
-0.0107544     -0.0108521     -0.01073     -0.01073     
-0.0108887     -0.0108765     -0.0109741     -0.0109497     
-0.0109741     -0.0110474     -0.0108276     -0.0109985     
-0.0108276     -0.0111084     -0.0108032     -0.0108521     
-0.0107178     -0.01073     -0.0106567     -0.0106689     
-0.010498     -0.0106689     -0.0104736     -0.0105103     
-0.0105103     -0.0105469     -0.0105103     -0.0105835     
-0.0104736     -0.0105713     -0.0104736     -0.010376     
-0.0104248     -0.0104004     -0.0102417     -0.0102295     
-0.0101563     -0.0101807     -0.00999756     -0.0100098     
-0.00999756     -0.00997314     -0.00992432     -0.00992432     
-0.00982666     -0.010022     -0.00992432     -0.00977783     
-0.00994873     -0.00983887     -0.00969238     -0.00964355     
-0.0095459     -0.00955811     -0.00947266     -0.00922852     
-0.00930176     -0.00925293     -0.00917969     -0.00933838     
-0.00924072     -0.00947266     -0.00944824     -0.00964355     
-0.00960693     -0.00985107     -0.00982666     -0.00980225     
-0.00983887     -0.0100586     -0.00980225     -0.00983887     
-0.00980225     -0.00987549     -0.00974121     -0.00974121     
-0.00958252     -0.00961914     -0.00957031     -0.00949707     
-0.00952148     -0.00958252     -0.00960693     -0.00957031     
-0.00963135     -0.009729     -0.00968018     -0.00957031     
-0.0095459     -0.00966797     -0.00950928     -0.00938721     
-0.00939941     -0.00944824     -0.0092041     -0.00919189     
-0.00921631     -0.00909424     -0.00919189     -0.00913086     
-0.00905762     -0.00930176     -0.00910645     -0.00911865     
-0.00919189     -0.00906982     -0.00905762     -0.009021     
-0.00900879     -0.00906982     -0.00875244     -0.00894775     
-0.00882568     -0.00897217     -0.00892334     -0.00895996     
-0.00889893     -0.00911865     -0.00906982     -0.00910645     
-0.00910645     -0.00935059     -0.00916748     -0.00911865     
-0.00898438     -0.00917969     -0.00894775     -0.00892334     
-0.00872803     -0.00872803     -0.00861816     -0.00852051     
-0.00845947     -0.00849609     -0.00843506     -0.00831299     
-0.00830078     -0.00842285     -0.00837402     -0.00844727     
-0.00836182     -0.00858154     -0.00853271     -0.00859375     
-0.00872803     -0.00875244     -0.00888672     -0.0088623     
-0.00893555     -0.00915527     -0.00910645     -0.00924072     
-0.00931396     -0.009375     -0.00943604     -0.00942383     
-0.00944824     -0.00964355     -0.00961914     -0.00959473     
-0.00958252     -0.0097168     -0.00959473     -0.009729     
-0.0095459     -0.00968018     -0.00938721     -0.00950928     
-0.00948486     -0.00957031     -0.00936279     -0.00944824     
-0.00941162     -0.00955811     -0.00926514     -0.00936279     
-0.00930176     -0.009375     -0.00919189     -0.00924072     
-0.00905762     -0.00913086     -0.00898438     -0.0088623     
-0.00878906     -0.00887451     -0.0086792     -0.00859375     
-0.00852051     -0.00866699     -0.00847168     -0.00836182     
-0.00847168     -0.00853271     -0.00844727     -0.00838623     
-0.00858154     -0.00863037     -0.00871582     -0.00882568     
-0.00889893     -0.00913086     -0.00908203     -0.00913086     
-0.00939941     -0.00947266     -0.00949707     -0.00955811     
-0.00965576     -0.00977783     -0.00958252     -0.00979004     
-0.00957031     -0.00982666     -0.00958252     -0.00961914     
-0.00958252     -0.00952148     -0.00942383     -0.00932617     
-0.00919189     -0.00926514     -0.0090332     -0.00904541     
-0.00897217     -0.00895996     -0.00881348     -0.00887451     
-0.00875244     -0.0088623     -0.00882568     -0.00878906     
-0.00882568     -0.00893555     -0.00887451     -0.00900879     
-0.00897217     -0.00910645     -0.0090332     -0.00909424     
-0.00921631     -0.00931396     -0.00936279     -0.00936279     
-0.00946045     -0.00968018     -0.00961914     -0.00965576     
-0.00987549     -0.00994873     -0.00998535     -0.00998535     
-0.00996094     -0.0101318     -0.0101685     -0.0100586     
-0.0101563     -0.0101563     -0.010083     -0.0101074     
-0.010022     -0.010144     -0.00999756     -0.010083     
-0.010022     -0.010083     -0.00999756     -0.010022     
-0.00993652     -0.0101318     -0.00997314     -0.00999756     
-0.00994873     -0.00998535     -0.00983887     -0.00983887     
-0.00966797     -0.0098877     -0.00955811     -0.00955811     
-0.00961914     -0.00960693     -0.00942383     -0.00946045     
-0.00938721     -0.00949707     -0.00944824     -0.00944824     
-0.009375     -0.00957031     -0.00942383     -0.00949707     
-0.00953369     -0.00965576     -0.00953369     -0.00959473     
-0.00968018     -0.00959473     -0.00964355     -0.00947266     
-0.00936279     -0.00953369     -0.00942383     -0.00931396     
-0.00943604     -0.00936279     -0.00947266     -0.00933838     
-0.00943604     -0.00957031     -0.00943604     -0.00952148     
-0.00952148     -0.00961914     -0.00947266     -0.00952148     
-0.00936279     -0.00950928     -0.00933838     -0.00922852     
-0.00915527     -0.00922852     -0.00892334     -0.00899658     
-0.0088623     -0.0090332     -0.00877686     -0.00883789     
-0.00882568     -0.00880127     -0.00878906     -0.00875244     
-0.00871582     -0.00897217     -0.0088623     -0.00880127     
-0.00880127     -0.00894775     -0.00872803     -0.00878906     
-0.00872803     -0.00883789     -0.00874023     -0.00861816     
-0.00870361     -0.00880127     -0.00877686     -0.00869141     
-0.00893555     -0.00899658     -0.00887451     -0.00908203     
-0.00922852     -0.00913086     -0.00921631     -0.00919189     
-0.00928955     -0.00935059     -0.00917969     -0.00916748     
-0.00908203     -0.00921631     -0.0090332     -0.0090332     
-0.00887451     -0.009021     -0.00882568     -0.00876465     
-0.00881348     -0.00893555     -0.00869141     -0.00877686     
-0.00869141     -0.00892334     -0.00870361     -0.00874023     
-0.00871582     -0.00878906     -0.00861816     -0.00865479     
-0.00858154     -0.00861816     -0.00855713     -0.00845947     
-0.00839844     -0.00849609     -0.00839844     -0.00831299     
-0.00831299     -0.00844727     -0.00823975     -0.00827637     
-0.00837402     -0.00844727     -0.00838623     -0.00830078     
-0.00839844     -0.00844727     -0.00838623     -0.00826416     
-0.00841064     -0.00841064     -0.00827637     -0.00831299     
-0.00836182     -0.00839844     -0.0083252     -0.00820313     
-0.00827637     -0.0083252     -0.00819092     -0.00826416     
-0.0081543     -0.00834961     -0.00819092     -0.00823975     
-0.00828857     -0.00836182     -0.00823975     -0.00842285     
-0.00836182     -0.00849609     -0.00828857     -0.0083252     
-0.00830078     -0.00839844     -0.00814209     -0.00817871     
-0.00797119     -0.00810547     -0.00803223     -0.00795898     
-0.00797119     -0.00819092     -0.00819092     -0.00809326     
-0.00820313     -0.00843506     -0.00836182     -0.00843506     
-0.00834961     -0.00845947     -0.00836182     -0.00828857     
-0.00820313     -0.0083374     -0.00825195     -0.00803223     
-0.00819092     -0.0079834     -0.00793457     -0.00788574     
-0.00782471     -0.00794678     -0.00783691     -0.00769043     
-0.00777588     -0.00776367     -0.00770264     -0.00784912     
-0.00766602     -0.00793457     -0.00783691     -0.00795898     
-0.00789795     -0.00811768     -0.00802002     -0.00810547     
-0.00803223     -0.00821533     -0.00802002     -0.00800781     
-0.00800781     -0.00809326     -0.00786133     -0.00791016     
-0.00778809     -0.00799561     -0.00782471     -0.00773926     
-0.00776367     -0.00780029     -0.00778809     -0.00778809     
-0.00773926     -0.00791016     -0.00777588     -0.0078125     
-0.00788574     -0.00804443     -0.00775146     -0.00784912     
-0.00788574     -0.00794678     -0.00787354     -0.00780029     
-0.00787354     -0.00776367     -0.00780029     -0.00762939     
-0.00754395     -0.00766602     -0.0074707     -0.00738525     
-0.00751953     -0.00740967     -0.0074707     -0.0072998     
-0.00738525     -0.00761719     -0.00743408     -0.00766602     
-0.00769043     -0.00777588     -0.00767822     -0.00784912     
-0.00775146     -0.00799561     -0.00792236     -0.00802002     
-0.00792236     -0.00811768     -0.00802002     -0.00814209     
-0.00808105     -0.0083252     -0.00810547     -0.00808105     
-0.0081543     -0.00820313     -0.00802002     -0.00803223     
-0.00788574     -0.00792236     -0.00773926     -0.00760498     
-0.00762939     -0.00756836     -0.00738525     -0.0074585     
-0.0072876     -0.00736084     -0.00727539     -0.00722656     
-0.00720215     -0.00727539     -0.0072876     -0.00723877     
-0.00731201     -0.00732422     -0.00718994     -0.00736084     
-0.00739746     -0.00740967     -0.0074707     -0.00743408     
-0.00755615     -0.00773926     -0.00771484     -0.00788574     
-0.0078125     -0.0079834     -0.00783691     -0.00797119     
-0.00786133     -0.00812988     -0.00793457     -0.00789795     
-0.00789795     -0.00802002     -0.00783691     -0.00784912     
-0.00762939     -0.00782471     -0.00756836     -0.00765381     
-0.00755615     -0.00773926     -0.00761719     -0.00748291     
-0.00749512     -0.00770264     -0.00758057     -0.00760498     
-0.00762939     -0.00778809     -0.00783691     -0.00788574     
-0.00803223     -0.00821533     -0.00814209     -0.00820313     
-0.00830078     -0.00839844     -0.00828857     -0.00825195     
-0.00823975     -0.00830078     -0.00821533     -0.00806885     
-0.00799561     -0.00803223     -0.00784912     -0.00773926     
-0.00769043     -0.00771484     -0.00753174     -0.00750732     
-0.00754395     -0.00756836     -0.00740967     -0.00748291     
-0.00736084     -0.00759277     -0.00737305     -0.00755615     
-0.0074585     -0.00748291     -0.0074707     -0.00756836     
-0.0074707     -0.00769043     -0.0074585     -0.00761719     
-0.00758057     -0.00771484     -0.00751953     -0.00770264     
-0.00760498     -0.00775146     -0.00760498     -0.00744629     
-0.00751953     -0.00754395     -0.00742188     -0.00737305     
-0.00732422     -0.00754395     -0.00734863     -0.0074585     
-0.00739746     -0.00754395     -0.00758057     -0.00760498     
-0.00758057     -0.00786133     -0.00782471     -0.00776367     
-0.00795898     -0.00788574     -0.00788574     -0.0079834     
-0.00791016     -0.00800781     -0.0079834     -0.00783691     
-0.00787354     -0.00787354     -0.00767822     -0.00778809     
-0.00754395     -0.00784912     -0.00758057     -0.00761719     
-0.00749512     -0.00769043     -0.00753174     -0.00748291     
-0.00740967     -0.00761719     -0.00740967     -0.00750732     
-0.0072998     -0.00750732     -0.00740967     -0.00743408     
-0.00726318     -0.00749512     -0.00727539     -0.00739746     
-0.00742188     -0.00737305     -0.00737305     -0.00749512     
-0.00754395     -0.00771484     -0.00766602     -0.0076416     
-0.00767822     -0.00782471     -0.00767822     -0.00766602     
-0.00759277     -0.00772705     -0.00750732     -0.0074707     
-0.00738525     -0.0072876     -0.00721436     -0.00706787     
-0.00699463     -0.00717773     -0.00710449     -0.00705566     
-0.00721436     -0.00718994     -0.00733643     -0.00739746     
-0.00736084     -0.0076416     -0.00744629     -0.00758057     
-0.0076416     -0.00773926     -0.0076416     -0.00782471     
-0.00767822     -0.00789795     -0.00778809     -0.00791016     
-0.00786133     -0.00794678     -0.00786133     -0.00784912     
-0.00770264     -0.00799561     -0.00780029     -0.00784912     
-0.00775146     -0.00786133     -0.00775146     -0.00766602     
-0.00778809     -0.00777588     -0.00762939     -0.00761719     
-0.00769043     -0.00766602     -0.00754395     -0.00760498     
-0.00750732     -0.00760498     -0.00750732     -0.00749512     
-0.00756836     -0.00765381     -0.00770264     -0.00760498     
-0.00769043     -0.00784912     -0.00769043     -0.00772705     
-0.00765381     -0.00769043     -0.00762939     -0.00753174     
-0.00740967     -0.00748291     -0.00736084     -0.00722656     
-0.00722656     -0.00744629     -0.0072876     -0.00733643     
-0.00727539     -0.00760498     -0.00751953     -0.00756836     
-0.00766602     -0.00792236     -0.00776367     -0.00793457     
-0.00797119     -0.00809326     -0.00784912     -0.00799561     
-0.00792236     -0.00799561     -0.00786133     -0.00788574     
-0.00776367     -0.00787354     -0.00788574     -0.00783691     
-0.00783691     -0.00794678     -0.00787354     -0.00793457     
-0.00788574     -0.00810547     -0.00799561     -0.00799561     
-0.00808105     -0.00808105     -0.00802002     -0.00794678     
-0.00789795     -0.00787354     -0.00770264     -0.00751953     
-0.00750732     -0.00756836     -0.00743408     -0.00748291     
-0.00758057     -0.00743408     -0.00737305     -0.00742188     
-0.00751953     -0.00755615     -0.00731201     -0.00748291     
-0.00736084     -0.00758057     -0.0072998     -0.0074707     
-0.00744629     -0.00756836     -0.00749512     -0.00754395     
-0.0074707     -0.00776367     -0.00755615     -0.00767822     
-0.00770264     -0.00788574     -0.00773926     -0.00787354     
-0.00780029     -0.00793457     -0.00794678     -0.00789795     
-0.00786133     -0.00788574     -0.00777588     -0.00776367     
-0.00771484     -0.00778809     -0.00758057     -0.00760498     
-0.00753174     -0.00760498     -0.00743408     -0.00739746     
-0.0072998     -0.00744629     -0.00737305     -0.00722656     
-0.00736084     -0.00732422     -0.00736084     -0.00736084     
-0.00734863     -0.0074585     -0.00751953     -0.0074707     
-0.00759277     -0.00767822     -0.00759277     -0.00767822     
-0.00743408     -0.00770264     -0.00748291     -0.0074707     
-0.00731201     -0.00732422     -0.00718994     -0.0071167     
-0.0069458     -0.00709229     -0.00678711     -0.00678711     
-0.00686035     -0.00688477     -0.00665283     -0.00678711     
-0.00673828     -0.00700684     -0.00687256     -0.00705566     
-0.00710449     -0.00718994     -0.00726318     -0.0074585     
-0.0074707     -0.00766602     -0.00766602     -0.00773926     
-0.00780029     -0.00793457     -0.00788574     -0.00784912     
-0.00778809     -0.00800781     -0.00782471     -0.00772705     
-0.00780029     -0.00767822     -0.00766602     -0.00743408     
-0.00733643     -0.00744629     -0.00727539     -0.00716553     
-0.0071167     -0.00701904     -0.00698242     -0.00687256     
-0.00681152     -0.00692139     -0.00665283     -0.00672607     
-0.0065918     -0.00668945     -0.00645752     -0.00656738     
-0.00651855     -0.00664063     -0.00653076     -0.00667725     
-0.006604     -0.00682373     -0.00673828     -0.00678711     
-0.00683594     -0.00705566     -0.00673828     -0.00673828     
-0.00671387     -0.00681152     -0.00670166     -0.00675049     
-0.00671387     -0.00682373     -0.00668945     -0.0067627     
-0.00679932     -0.00679932     -0.00671387     -0.00679932     
-0.00664063     -0.00672607     -0.00675049     -0.00667725     
-0.006604     -0.00657959     -0.00651855     -0.00637207     
-0.00635986     -0.00639648     -0.00629883     -0.00633545     
-0.00640869     -0.00638428     -0.00634766     -0.00627441     
-0.00637207     -0.00649414     -0.00629883     -0.00646973     
-0.0064209     -0.00662842     -0.00654297     -0.00656738     
-0.00645752     -0.00682373     -0.00671387     -0.00668945     
-0.00664063     -0.00682373     -0.00653076     -0.0065918     
-0.00648193     -0.00664063     -0.00643311     -0.00650635     
-0.00644531     -0.00646973     -0.00644531     -0.00638428     
-0.00640869     -0.00655518     -0.00651855     -0.00645752     
-0.006604     -0.006604     -0.00668945     -0.0067627     
-0.00666504     -0.00699463     -0.00678711     -0.00682373     
-0.00693359     -0.0069458     -0.00687256     -0.00703125     
-0.00701904     -0.00699463     -0.00704346     -0.00692139     
-0.00704346     -0.00712891     -0.00701904     -0.00705566     
-0.00723877     -0.00726318     -0.0072876     -0.00727539     
-0.00736084     -0.00744629     -0.0072876     -0.00749512     
-0.0072876     -0.00734863     -0.00709229     -0.00712891     
-0.00697021     -0.00690918     -0.00666504     -0.0065918     
-0.00638428     -0.00650635     -0.00615234     -0.00618896     
-0.00604248     -0.00621338     -0.00601807     -0.00606689     
-0.00596924     -0.00615234     -0.00601807     -0.0060791     
-0.00626221     -0.00618896     -0.00622559     -0.00625     
-0.00631104     -0.00634766     -0.00618896     -0.00627441     
-0.00614014     -0.00621338     -0.00625     -0.00628662     
-0.00620117     -0.00638428     -0.00637207     -0.00640869     
-0.00654297     -0.00657959     -0.0065918     -0.0065918     
-0.00656738     -0.00664063     -0.006604     -0.00646973     
-0.00655518     -0.00657959     -0.0064209     -0.00650635     
-0.00637207     -0.0065918     -0.00638428     -0.00631104     
-0.00627441     -0.00645752     -0.00625     -0.00623779     
-0.00615234     -0.00628662     -0.00616455     -0.00618896     
-0.00620117     -0.00637207     -0.00617676     -0.00638428     
-0.00633545     -0.00666504     -0.00649414     -0.00646973     
-0.00653076     -0.00657959     -0.00645752     -0.0064209     
-0.00632324     -0.00650635     -0.00635986     -0.00637207     
-0.00628662     -0.00651855     -0.00639648     -0.0064209     
-0.00649414     -0.00662842     -0.00654297     -0.00657959     
-0.00665283     -0.006604     -0.00675049     -0.00671387     
-0.00671387     -0.00686035     -0.0067749     -0.00673828     
-0.00686035     -0.00684814     -0.00689697     -0.00684814     
-0.00684814     -0.00695801     -0.00675049     -0.00689697     
-0.00678711     -0.00688477     -0.00664063     -0.00686035     
-0.00668945     -0.00675049     -0.00665283     -0.00672607     
-0.00666504     -0.00679932     -0.00665283     -0.00664063     
-0.00661621     -0.00678711     -0.00654297     -0.00653076     
-0.00643311     -0.00650635     -0.00640869     -0.00634766     
-0.00635986     -0.00649414     -0.0064209     -0.00648193     
-0.00654297     -0.00670166     -0.00665283     -0.00678711     
-0.00670166     -0.00699463     -0.00687256     -0.0069458     
-0.00697021     -0.00703125     -0.00704346     -0.00686035     
-0.00692139     -0.0069458     -0.00686035     -0.00667725     
-0.0065918     -0.006604     -0.00665283     -0.00644531     
-0.0064209     -0.00654297     -0.00644531     -0.00645752     
-0.00634766     -0.006604     -0.006604     -0.00666504     
-0.006604     -0.00688477     -0.00686035     -0.00687256     
-0.00681152     -0.00717773     -0.00706787     -0.0071167     
-0.0069458     -0.00723877     -0.00714111     -0.00715332     
-0.00720215     -0.00732422     -0.00726318     -0.00725098     
-0.00723877     -0.00731201     -0.00731201     -0.00731201     
-0.0072876     -0.00727539     -0.00725098     -0.00718994     
-0.00709229     -0.00717773     -0.00697021     -0.00683594     
-0.00687256     -0.00679932     -0.00664063     -0.006604     
-0.00654297     -0.00646973     -0.00656738     -0.00649414     
-0.00653076     -0.00672607     -0.00675049     -0.00672607     
-0.00681152     -0.00690918     -0.00692139     -0.00682373     
-0.00686035     -0.00689697     -0.00667725     -0.00675049     
-0.00664063     -0.00675049     -0.00651855     -0.0065918     
-0.00656738     -0.006604     -0.00646973     -0.00646973     
-0.00643311     -0.00657959     -0.00644531     -0.00643311     
-0.0064209     -0.00664063     -0.00638428     -0.00638428     
-0.00634766     -0.00649414     -0.00637207     -0.00631104     
-0.00629883     -0.00625     -0.00614014     -0.00610352     
-0.00603027     -0.00611572     -0.00595703     -0.0059082     
-0.00592041     -0.00599365     -0.00594482     -0.00603027     
-0.00601807     -0.00627441     -0.00628662     -0.00626221     
-0.00640869     -0.00650635     -0.00648193     -0.00643311     
-0.00634766     -0.00638428     -0.00628662     -0.00605469     
-0.00601807     -0.00601807     -0.00588379     -0.00582275     
-0.00577393     -0.00603027     -0.00576172     -0.00593262     
-0.00595703     -0.00615234     -0.00606689     -0.00617676     
-0.00620117     -0.00635986     -0.00621338     -0.00633545     
-0.00626221     -0.00635986     -0.00623779     -0.00634766     
-0.00614014     -0.00638428     -0.00631104     -0.00625     
-0.00623779     -0.00633545     -0.00628662     -0.00621338     
-0.00622559     -0.00631104     -0.00626221     -0.00623779     
-0.00623779     -0.00640869     -0.00631104     -0.00634766     
-0.00633545     -0.00656738     -0.00639648     -0.00648193     
-0.00661621     -0.00662842     -0.00666504     -0.00668945     
-0.00673828     -0.0069458     -0.00697021     -0.00695801     
-0.00706787     -0.00709229     -0.00712891     -0.00704346     
-0.00699463     -0.00715332     -0.00681152     -0.00682373     
-0.00661621     -0.0065918     -0.00637207     -0.00643311     
-0.00617676     -0.00628662     -0.00616455     -0.00623779     
-0.00626221     -0.00644531     -0.00621338     -0.00638428     
-0.00632324     -0.0065918     -0.00635986     -0.00648193     
-0.00645752     -0.00638428     -0.00632324     -0.00632324     
-0.00617676     -0.00620117     -0.00599365     -0.00595703     
-0.00592041     -0.0059082     -0.00571289     -0.00579834     
-0.00566406     -0.00585938     -0.00583496     -0.005896     
-0.00598145     -0.00610352     -0.00615234     -0.00609131     
-0.00627441     -0.00644531     -0.00637207     -0.00633545     
-0.00638428     -0.00633545     -0.00633545     -0.00618896     
-0.00617676     -0.00620117     -0.00595703     -0.00596924     
-0.00579834     -0.00585938     -0.00570068     -0.00570068     
-0.00552979     -0.00579834     -0.00561523     -0.00556641     
-0.00556641     -0.00571289     -0.00550537     -0.00548096     
-0.00541992     -0.00563965     -0.00535889     -0.00551758     
-0.00548096     -0.00557861     -0.00539551     -0.00546875     
-0.00556641     -0.00566406     -0.00551758     -0.00562744     
-0.0057251     -0.00570068     -0.00560303     -0.00557861     
-0.00560303     -0.005896     -0.00557861     -0.00560303     
-0.00577393     -0.00582275     -0.00578613     -0.005896     
-0.00585938     -0.00604248     -0.00606689     -0.00616455     
-0.00617676     -0.00638428     -0.00633545     -0.00627441     
-0.00639648     -0.00638428     -0.00643311     -0.0064209     
-0.00646973     -0.00662842     -0.00640869     -0.00643311     
-0.00645752     -0.00655518     -0.00628662     -0.00627441     
-0.00626221     -0.00623779     -0.00601807     -0.0060791     
-0.005896     -0.00594482     -0.00567627     -0.00570068     
-0.00552979     -0.00551758     -0.0053833     -0.00524902     
-0.00505371     -0.00522461     -0.00501709     -0.00477295     
-0.00488281     -0.00488281     -0.00479736     -0.00474854     
-0.00472412     -0.00498047     -0.00491943     -0.00505371     
-0.00511475     -0.00533447     -0.00541992     -0.00554199     
-0.0055542     -0.00593262     -0.00588379     -0.00588379     
-0.00620117     -0.00620117     -0.00615234     -0.00616455     
-0.00606689     -0.00620117     -0.00612793     -0.00596924     
-0.00600586     -0.00594482     -0.00585938     -0.00571289     
-0.00550537     -0.00571289     -0.00544434     -0.00539551     
-0.00518799     -0.00546875     -0.00522461     -0.0052002     
-0.00512695     -0.00534668     -0.00517578     -0.00537109     
-0.00528564     -0.00541992     -0.00540771     -0.00546875     
-0.00544434     -0.00565186     -0.00560303     -0.0057373     
-0.00579834     -0.00584717     -0.00594482     -0.00600586     
-0.00593262     -0.00609131     -0.00611572     -0.00621338     
-0.00612793     -0.00631104     -0.00626221     -0.00632324     
-0.00638428     -0.00650635     -0.00640869     -0.0064209     
-0.00649414     -0.0064209     -0.00633545     -0.00634766     
-0.00631104     -0.00632324     -0.0060791     -0.00594482     
-0.00599365     -0.00582275     -0.00577393     -0.00570068     
-0.00557861     -0.00570068     -0.0053833     -0.00559082     
-0.00560303     -0.00567627     -0.00556641     -0.00582275     
-0.00584717     -0.00595703     -0.00596924     -0.00612793     
-0.00601807     -0.00635986     -0.00626221     -0.00627441     
-0.00609131     -0.00639648     -0.00614014     -0.00614014     
-0.0060791     -0.00615234     -0.00601807     -0.00593262     
-0.005896     -0.00599365     -0.00583496     -0.00579834     
-0.00585938     -0.00583496     -0.00584717     -0.00588379     
-0.0057251     -0.00605469     -0.00600586     -0.005896     
-0.00601807     -0.00616455     -0.00612793     -0.00595703     
-0.00599365     -0.00599365     -0.00578613     -0.00582275     
-0.00576172     -0.00561523     -0.00561523     -0.00541992     
-0.00543213     -0.00546875     -0.00548096     -0.00545654     
-0.00541992     -0.00565186     -0.00574951     -0.00578613     
-0.00566406     -0.00606689     -0.00600586     -0.00609131     
-0.00606689     -0.00623779     -0.00609131     -0.00628662     
-0.00614014     -0.00634766     -0.00620117     -0.00628662     
-0.00627441     -0.00629883     -0.00617676     -0.00616455     
-0.00605469     -0.00612793     -0.00601807     -0.005896     
-0.00592041     -0.00592041     -0.00584717     -0.0057251     
-0.00570068     -0.00579834     -0.00560303     -0.00560303     
-0.00566406     -0.00576172     -0.00578613     -0.00565186     
-0.00561523     -0.00571289     -0.00578613     -0.00565186     
-0.00571289     -0.00583496     -0.0057251     -0.00574951     
-0.00576172     -0.00577393     -0.00561523     -0.00563965     
-0.00565186     -0.00570068     -0.00546875     -0.00563965     
-0.00554199     -0.00565186     -0.00529785     -0.00550537     
-0.00545654     -0.00546875     -0.00537109     -0.00540771     
-0.00537109     -0.00556641     -0.00524902     -0.00539551     
-0.00531006     -0.00546875     -0.00528564     -0.00540771     
-0.00528564     -0.00552979     -0.00533447     -0.00526123     
-0.00535889     -0.00546875     -0.00546875     -0.00544434     
-0.00549316     -0.00570068     -0.00559082     -0.00562744     
-0.00571289     -0.00576172     -0.00567627     -0.00566406     
-0.00556641     -0.00582275     -0.00565186     -0.0055542     
-0.00567627     -0.00571289     -0.00561523     -0.00568848     
-0.0057251     -0.00587158     -0.00592041     -0.00579834     
-0.00609131     -0.00611572     -0.0060791     -0.00615234     
-0.00598145     -0.00626221     -0.00604248     -0.00609131     
-0.00596924     -0.00599365     -0.00600586     -0.00598145     
-0.00585938     -0.00610352     -0.00601807     -0.00609131     
-0.00609131     -0.00625     -0.00611572     -0.00632324     
-0.00626221     -0.00650635     -0.00634766     -0.00640869     
-0.00645752     -0.00645752     -0.00645752     -0.00635986     
-0.00626221     -0.00625     -0.00606689     -0.00603027     
-0.00595703     -0.00596924     -0.0057373     -0.00563965     
-0.00563965     -0.00570068     -0.00557861     -0.00556641     
-0.00560303     -0.0055542     -0.00548096     -0.0055542     
-0.00545654     -0.00557861     -0.00544434     -0.00541992     
-0.00561523     -0.00550537     -0.00557861     -0.00557861     
-0.00551758     -0.00577393     -0.00559082     -0.00574951     
-0.00577393     -0.00587158     -0.0057373     -0.00585938     
-0.00583496     -0.00605469     -0.0059082     -0.00599365     
-0.00594482     -0.00611572     -0.00601807     -0.00611572     
-0.00599365     -0.00626221     -0.00611572     -0.00621338     
-0.00614014     -0.00626221     -0.00617676     -0.00610352     
-0.00609131     -0.00622559     -0.00610352     -0.00603027     
-0.00605469     -0.00609131     -0.00594482     -0.00588379     
-0.00587158     -0.00596924     -0.00593262     -0.00587158     
-0.00582275     -0.00593262     -0.00588379     -0.00576172     
-0.00570068     -0.00574951     -0.00562744     -0.00559082     
-0.00554199     -0.00546875     -0.00546875     -0.00533447     
-0.00532227     -0.00544434     -0.00526123     -0.00523682     
-0.00509033     -0.00531006     -0.00516357     -0.0052124     
-0.00513916     -0.00551758     -0.0053833     -0.00541992     
-0.00559082     -0.00577393     -0.00578613     -0.00596924     
-0.00585938     -0.00622559     -0.00615234     -0.00626221     
-0.00615234     -0.00635986     -0.00622559     -0.00629883     
-0.00635986     -0.00646973     -0.00629883     -0.00623779     
-0.00626221     -0.00622559     -0.00617676     -0.00604248     
-0.00588379     -0.0060791     -0.00579834     -0.00566406     
-0.00571289     -0.00571289     -0.00566406     -0.00560303     
-0.00559082     -0.00570068     -0.00562744     -0.00570068     
-0.00574951     -0.00578613     -0.00581055     -0.00581055     
-0.00584717     -0.005896     -0.00585938     -0.00582275     
-0.00571289     -0.00581055     -0.0055542     -0.00562744     
-0.00541992     -0.00565186     -0.00534668     -0.0053833     
-0.00535889     -0.00540771     -0.00528564     -0.00531006     
-0.0052124     -0.00541992     -0.00515137     -0.00523682     
-0.00517578     -0.00531006     -0.00516357     -0.00518799     
-0.00506592     -0.00517578     -0.00517578     -0.00518799     
-0.0052124     -0.00535889     -0.00533447     -0.00537109     
-0.00540771     -0.00574951     -0.00556641     -0.0057251     
-0.00576172     -0.00594482     -0.00611572     -0.00604248     
-0.00617676     -0.00640869     -0.00631104     -0.00631104     
-0.00648193     -0.00644531     -0.00631104     -0.00631104     
-0.00631104     -0.00622559     -0.00614014     -0.00604248     
-0.00600586     -0.00582275     -0.00578613     -0.00566406     
-0.00557861     -0.00571289     -0.00549316     -0.00561523     
-0.00546875     -0.00560303     -0.00546875     -0.00554199     
-0.00561523     -0.00579834     -0.00565186     -0.00567627     
-0.00563965     -0.00579834     -0.00568848     -0.0057251     
-0.00563965     -0.00585938     -0.00556641     -0.00550537     
-0.00561523     -0.0055542     -0.00556641     -0.00552979     
-0.00545654     -0.00551758     -0.00532227     -0.00528564     
-0.00527344     -0.00540771     -0.0052002     -0.00522461     
-0.00518799     -0.0052124     -0.00513916     -0.00513916     
-0.00529785     -0.00532227     -0.00539551     -0.00539551     
-0.00540771     -0.00561523     -0.00552979     -0.00539551     
-0.0055542     -0.00544434     -0.00545654     -0.00544434     
-0.00529785     -0.00551758     -0.00526123     -0.00532227     
-0.00537109     -0.00554199     -0.00539551     -0.00545654     
-0.00535889     -0.00562744     -0.00540771     -0.00540771     
-0.00539551     -0.0055542     -0.00537109     -0.00546875     
-0.00534668     -0.00551758     -0.00543213     -0.00545654     
-0.00557861     -0.00566406     -0.00556641     -0.00561523     
-0.00574951     -0.00583496     -0.0057251     -0.00568848     
-0.00574951     -0.00594482     -0.00582275     -0.00578613     
-0.00566406     -0.005896     -0.0057251     -0.00566406     
-0.0057251     -0.00574951     -0.00559082     -0.00551758     
-0.00557861     -0.00568848     -0.00541992     -0.00554199     
-0.00560303     -0.00550537     -0.00552979     -0.00562744     
-0.00566406     -0.00579834     -0.00552979     -0.00570068     
-0.00568848     -0.00574951     -0.00562744     -0.00563965     
-0.00557861     -0.0057251     -0.00563965     -0.00554199     
-0.0055542     -0.00567627     -0.00540771     -0.00546875     
-0.00532227     -0.00546875     -0.00517578     -0.00513916     
-0.00499268     -0.00506592     -0.0048584     -0.00473633     
-0.00484619     -0.00501709     -0.00489502     -0.00490723     
-0.00507813     -0.00516357     -0.00524902     -0.00528564     
-0.00537109     -0.00561523     -0.00563965     -0.00583496     
-0.00587158     -0.00604248     -0.00610352     -0.0060791     
-0.00623779     -0.00625     -0.00627441     -0.00626221     
-0.00625     -0.00629883     -0.00621338     -0.00609131     
-0.00611572     -0.00609131     -0.0060791     -0.00609131     
-0.00604248     -0.00617676     -0.00598145     -0.00610352     
-0.00614014     -0.00628662     -0.00617676     -0.00643311     
-0.00646973     -0.00661621     -0.00639648     -0.00661621     
-0.00656738     -0.00678711     -0.00649414     -0.006604     
-0.00656738     -0.00656738     -0.00621338     -0.00622559     
-0.00600586     -0.00600586     -0.00596924     -0.0057373     
-0.00571289     -0.00568848     -0.00559082     -0.0055542     
-0.00561523     -0.00570068     -0.00548096     -0.00563965     
-0.00556641     -0.00563965     -0.00563965     -0.00560303     
-0.00556641     -0.00568848     -0.00566406     -0.00548096     
-0.00559082     -0.00552979     -0.00534668     -0.00545654     
-0.00541992     -0.00539551     -0.00550537     -0.0053833     
-0.00544434     -0.00557861     -0.00550537     -0.00556641     
-0.00557861     -0.00579834     -0.00563965     -0.00576172     
-0.00557861     -0.00577393     -0.00570068     -0.00562744     
-0.00548096     -0.00571289     -0.00544434     -0.00549316     
-0.00545654     -0.00551758     -0.00551758     -0.00560303     
-0.00549316     -0.00583496     -0.00579834     -0.00581055     
-0.00593262     -0.00592041     -0.005896     -0.00588379     
-0.00588379     -0.00592041     -0.00582275     -0.00583496     
-0.00585938     -0.005896     -0.00574951     -0.00574951     
-0.00574951     -0.00585938     -0.00567627     -0.0055542     
-0.00563965     -0.00556641     -0.00551758     -0.00533447     
-0.00526123     -0.00544434     -0.00522461     -0.00516357     
-0.00534668     -0.00540771     -0.00537109     -0.00541992     
-0.00546875     -0.00567627     -0.00559082     -0.00566406     
-0.00565186     -0.00574951     -0.00560303     -0.0057251     
-0.00559082     -0.00577393     -0.00549316     -0.00556641     
-0.00546875     -0.00559082     -0.0053833     -0.00552979     
-0.00540771     -0.00567627     -0.00551758     -0.00561523     
-0.00552979     -0.00559082     -0.00551758     -0.00543213     
-0.00537109     -0.00552979     -0.00523682     -0.00518799     
-0.00518799     -0.00523682     -0.00507813     -0.00515137     
-0.00501709     -0.00518799     -0.00507813     -0.00517578     
-0.0052124     -0.00524902     -0.00526123     -0.00524902     
-0.00539551     -0.00546875     -0.00535889     -0.00539551     
-0.00551758     -0.00541992     -0.00537109     -0.00524902     
-0.00531006     -0.00535889     -0.00518799     -0.00512695     
-0.00511475     -0.00535889     -0.00518799     -0.0052124     
-0.00513916     -0.00543213     -0.00522461     -0.00524902     
-0.00533447     -0.00552979     -0.0053833     -0.00544434     
-0.00528564     -0.00554199     -0.00535889     -0.00531006     
-0.00526123     -0.00539551     -0.00516357     -0.00522461     
-0.00527344     -0.00524902     -0.00511475     -0.00511475     
-0.00517578     -0.00512695     -0.00505371     -0.00510254     
-0.00506592     -0.00524902     -0.00510254     -0.00506592     
-0.0052002     -0.00523682     -0.00518799     -0.00522461     
-0.00513916     -0.00517578     -0.0052124     -0.00507813     
-0.00498047     -0.00515137     -0.00505371     -0.0050293     
-0.00500488     -0.0050293     -0.00507813     -0.00499268     
-0.0050415     -0.00510254     -0.00491943     -0.00511475     
-0.00496826     -0.00522461     -0.00490723     -0.00512695     
-0.0050415     -0.00509033     -0.00507813     -0.00510254     
-0.0050415     -0.0052124     -0.00510254     -0.00526123     
-0.00526123     -0.00539551     -0.00522461     -0.00539551     
-0.00539551     -0.00552979     -0.0053833     -0.00541992     
-0.00549316     -0.00552979     -0.00550537     -0.00549316     
-0.00549316     -0.00563965     -0.00548096     -0.0055542     
-0.00556641     -0.00563965     -0.00560303     -0.00552979     
-0.00557861     -0.0055542     -0.00549316     -0.00537109     
-0.00550537     -0.00554199     -0.00541992     -0.00541992     
-0.00540771     -0.00546875     -0.00543213     -0.00523682     
-0.00527344     -0.00531006     -0.00496826     -0.00487061     
-0.00469971     -0.00489502     -0.00450439     -0.00439453     
-0.0043457     -0.00437012     -0.00426025     -0.00422363     
-0.0041748     -0.00428467     -0.00418701     -0.0043457     
-0.00446777     -0.00460205     -0.00452881     -0.00466309     
-0.00469971     -0.00494385     -0.00473633     -0.00483398     
-0.00496826     -0.00496826     -0.00498047     -0.00495605     
-0.00493164     -0.00506592     -0.00489502     -0.00487061     
-0.00480957     -0.00496826     -0.00473633     -0.00474854     
-0.00478516     -0.00496826     -0.00479736     -0.00473633     
-0.00490723     -0.00495605     -0.0050293     -0.0050415     
-0.00496826     -0.0052124     -0.00507813     -0.0050415     
-0.00507813     -0.00509033     -0.00498047     -0.00490723     
-0.00471191     -0.00476074     -0.0045166     -0.00454102     
-0.00441895     -0.00450439     -0.00423584     -0.00424805     
-0.00427246     -0.00430908     -0.00421143     -0.00428467     
-0.00426025     -0.00443115     -0.00438232     -0.0045166     
-0.00444336     -0.00466309     -0.00463867     -0.00478516     
-0.00474854     -0.00495605     -0.0050415     -0.00496826     
-0.00509033     -0.00528564     -0.00524902     -0.00522461     
-0.00526123     -0.0053833     -0.00534668     -0.00540771     
-0.0053833     -0.00549316     -0.00540771     -0.00539551     
-0.00548096     -0.00552979     -0.00549316     -0.00535889     
-0.00548096     -0.00551758     -0.00532227     -0.00522461     
-0.00516357     -0.00516357     -0.00499268     -0.0048584     
-0.00480957     -0.0048584     -0.00460205     -0.00472412     
-0.00463867     -0.00477295     -0.0046875     -0.00483398     
-0.00478516     -0.00509033     -0.00498047     -0.00516357     
-0.0052124     -0.00535889     -0.00526123     -0.00541992     
-0.00529785     -0.00539551     -0.00534668     -0.00535889     
-0.00511475     -0.0052124     -0.00496826     -0.00487061     
-0.00476074     -0.00469971     -0.00452881     -0.00430908     
-0.0043335     -0.00427246     -0.00421143     -0.00429688     
-0.00426025     -0.00450439     -0.00445557     -0.00457764     
-0.00474854     -0.00494385     -0.00501709     -0.00507813     
-0.00518799     -0.0052002     -0.0053833     -0.00529785     
-0.00535889     -0.00533447     -0.0052124     -0.00515137     
-0.00523682     -0.00518799     -0.0050415     -0.00499268     
-0.00500488     -0.00496826     -0.00466309     -0.00483398     
-0.00466309     -0.00478516     -0.00458984     -0.00471191     
-0.00457764     -0.00465088     -0.0046875     -0.00477295     
-0.00461426     -0.00490723     -0.00466309     -0.00482178     
-0.00483398     -0.00491943     -0.00466309     -0.00479736     
-0.00476074     -0.00489502     -0.00474854     -0.00479736     
-0.0048584     -0.00491943     -0.00493164     -0.00500488     
-0.00507813     -0.00523682     -0.0052002     -0.00524902     
-0.00532227     -0.00537109     -0.00531006     -0.00533447     
-0.00529785     -0.00537109     -0.00526123     -0.00510254     
-0.00518799     -0.00512695     -0.00506592     -0.00506592     
-0.0050415     -0.00505371     -0.00509033     -0.00499268     
-0.00509033     -0.00510254     -0.00506592     -0.0052124     
-0.00500488     -0.0052124     -0.0050415     -0.00509033     
-0.00489502     -0.00505371     -0.00491943     -0.00480957     
-0.00466309     -0.00490723     -0.00465088     -0.00473633     
-0.00471191     -0.00483398     -0.00471191     -0.00480957     
-0.00474854     -0.00511475     -0.00495605     -0.00515137     
-0.00528564     -0.00529785     -0.00548096     -0.00559082     
-0.00560303     -0.00583496     -0.00571289     -0.00579834     
-0.00579834     -0.00592041     -0.00566406     -0.00567627     
-0.00563965     -0.00570068     -0.00544434     -0.00534668     
-0.00535889     -0.0052124     -0.00513916     -0.00507813     
-0.00505371     -0.00512695     -0.00480957     -0.00479736     
-0.00490723     -0.00494385     -0.00491943     -0.00490723     
-0.00488281     -0.00515137     -0.00496826     -0.00509033     
-0.00507813     -0.00518799     -0.00500488     -0.00506592     
-0.00510254     -0.00512695     -0.00499268     -0.00498047     
-0.00488281     -0.00499268     -0.0048584     -0.00489502     
-0.00472412     -0.00487061     -0.00466309     -0.00461426     
-0.00455322     -0.00455322     -0.00457764     -0.00449219     
-0.00450439     -0.0046875     -0.00455322     -0.00469971     
-0.00483398     -0.00498047     -0.00487061     -0.0050293     
-0.00512695     -0.00523682     -0.00517578     -0.00523682     
-0.00526123     -0.00526123     -0.0052124     -0.0052124     
-0.0052002     -0.00526123     -0.00511475     -0.00512695     
-0.00515137     -0.00512695     -0.00518799     -0.00501709     
-0.00511475     -0.00533447     -0.00517578     -0.00518799     
-0.00517578     -0.00552979     -0.00532227     -0.00544434     
-0.00539551     -0.00560303     -0.00540771     -0.00549316     
-0.00546875     -0.00549316     -0.00522461     -0.0053833     
-0.00523682     -0.00529785     -0.00513916     -0.0052002     
-0.00510254     -0.00518799     -0.00500488     -0.00500488     
-0.00506592     -0.00517578     -0.00509033     -0.00506592     
-0.00515137     -0.00524902     -0.00515137     -0.00510254     
-0.00515137     -0.00531006     -0.00500488     -0.00507813     
-0.00517578     -0.00518799     -0.00490723     -0.0050293     
-0.0050415     -0.00496826     -0.00495605     -0.00500488     
-0.00510254     -0.00517578     -0.00522461     -0.00532227     
-0.00544434     -0.00551758     -0.00559082     -0.00565186     
-0.00567627     -0.0057373     -0.00561523     -0.00578613     
-0.00560303     -0.00566406     -0.0053833     -0.00544434     
-0.00526123     -0.00512695     -0.00494385     -0.00474854     
-0.00465088     -0.00482178     -0.00466309     -0.00450439     
-0.00439453     -0.00454102     -0.00437012     -0.00447998     
-0.00432129     -0.00439453     -0.00429688     -0.00428467     
-0.00437012     -0.00432129     -0.00423584     -0.00426025     
-0.00427246     -0.0045166     -0.00435791     -0.00438232     
-0.00439453     -0.00450439     -0.00455322     -0.00458984     
-0.00458984     -0.00473633     -0.00477295     -0.00466309     
-0.00484619     -0.00479736     -0.00484619     -0.00482178     
-0.00479736     -0.0050293     -0.00496826     -0.00490723     
-0.00506592     -0.00506592     -0.00499268     -0.00517578     
-0.00507813     -0.00523682     -0.00516357     -0.00522461     
-0.00517578     -0.00533447     -0.00506592     -0.00518799     
-0.00501709     -0.00510254     -0.00489502     -0.00498047     
-0.00483398     -0.00496826     -0.00473633     -0.00476074     
-0.00462646     -0.00489502     -0.00474854     -0.00466309     
-0.00472412     -0.0048584     -0.00474854     -0.00473633     
-0.00473633     -0.00489502     -0.00483398     -0.00479736     
-0.00477295     -0.00493164     -0.00487061     -0.00483398     
-0.00484619     -0.00489502     -0.00479736     -0.00482178     
-0.00483398     -0.00463867     -0.00467529     -0.00454102     
-0.00454102     -0.00472412     -0.00458984     -0.00446777     
-0.00457764     -0.00461426     -0.00460205     -0.00465088     
-0.0045166     -0.00476074     -0.00460205     -0.00465088     
-0.00467529     -0.00482178     -0.00469971     -0.00479736     
-0.0046875     -0.00495605     -0.00480957     -0.00479736     
-0.00474854     -0.00476074     -0.00476074     -0.00479736     
-0.0045166     -0.00462646     -0.00441895     -0.00449219     
-0.00444336     -0.00428467     -0.00426025     -0.00426025     
-0.00415039     -0.00426025     -0.0041748     -0.00412598     
-0.00419922     -0.00429688     -0.00426025     -0.00432129     
-0.00426025     -0.00446777     -0.00446777     -0.00447998     
-0.00449219     -0.00463867     -0.00457764     -0.00446777     
-0.00460205     -0.00473633     -0.00457764     -0.00457764     
-0.00471191     -0.00458984     -0.00471191     -0.00462646     
-0.00460205     -0.00479736     -0.00469971     -0.00471191     
-0.00466309     -0.00482178     -0.00472412     -0.00472412     
-0.00460205     -0.00484619     -0.00465088     -0.00463867     
-0.00462646     -0.00465088     -0.00450439     -0.00457764     
-0.00447998     -0.00463867     -0.00446777     -0.00449219     
-0.00449219     -0.00460205     -0.00438232     -0.00438232     
-0.00443115     -0.00455322     -0.00446777     -0.00450439     
-0.00447998     -0.00452881     -0.00450439     -0.00457764     
-0.00455322     -0.00482178     -0.00473633     -0.00483398     
-0.00501709     -0.00500488     -0.00498047     -0.00513916     
-0.0052124     -0.00529785     -0.00534668     -0.00528564     
-0.00539551     -0.00534668     -0.00528564     -0.00528564     
-0.00531006     -0.00528564     -0.00526123     -0.0052002     
-0.00518799     -0.00529785     -0.0052124     -0.00531006     
-0.00518799     -0.00533447     -0.00511475     -0.00528564     
-0.00527344     -0.00529785     -0.00513916     -0.00517578     
-0.00507813     -0.00529785     -0.00499268     -0.0050415     
-0.00496826     -0.00509033     -0.00483398     -0.00487061     
-0.00474854     -0.00488281     -0.00477295     -0.0046875     
-0.00465088     -0.00471191     -0.00463867     -0.00454102     
-0.00449219     -0.00462646     -0.00437012     -0.00438232     
-0.00426025     -0.00423584     -0.00423584     -0.00418701     
-0.00410156     -0.00418701     -0.00423584     -0.00411377     
-0.00422363     -0.00426025     -0.00435791     -0.00443115     
-0.00449219     -0.00462646     -0.00463867     -0.00473633     
-0.00484619     -0.00493164     -0.00487061     -0.00491943     
-0.00480957     -0.00512695     -0.00498047     -0.00496826     
-0.00476074     -0.00500488     -0.00489502     -0.0048584     
-0.00471191     -0.00494385     -0.00458984     -0.00466309     
-0.00466309     -0.0046875     -0.00445557     -0.00450439     
-0.00440674     -0.00462646     -0.00439453     -0.00432129     
-0.00441895     -0.00446777     -0.00437012     -0.00441895     
-0.00444336     -0.00457764     -0.00445557     -0.00457764     
-0.00450439     -0.0046875     -0.00452881     -0.00444336     
-0.00449219     -0.00449219     -0.0043335     -0.00428467     
-0.0043335     -0.00428467     -0.00428467     -0.00423584     
-0.00421143     -0.00440674     -0.00426025     -0.00424805     
-0.00437012     -0.00435791     -0.00432129     -0.00432129     
-0.00430908     -0.00445557     -0.00413818     -0.00426025     
-0.00424805     -0.00432129     -0.00421143     -0.00426025     
-0.00428467     -0.00446777     -0.00428467     -0.00427246     
-0.00430908     -0.00439453     -0.00418701     -0.0043335     
-0.0041626     -0.00440674     -0.00426025     -0.00430908     
-0.00427246     -0.00439453     -0.0043335     -0.0043335     
-0.0043457     -0.00446777     -0.00432129     -0.00424805     
-0.00430908     -0.00438232     -0.00415039     -0.00408936     
-0.00405273     -0.00410156     -0.00396729     -0.00391846     
-0.00397949     -0.00397949     -0.00400391     -0.00391846     
-0.00402832     -0.00411377     -0.00406494     -0.00411377     
-0.00424805     -0.00422363     -0.0043457     -0.0041626     
-0.00423584     -0.00437012     -0.00423584     -0.00428467     
-0.00427246     -0.00430908     -0.00421143     -0.00430908     
-0.0041626     -0.00455322     -0.00445557     -0.00449219     
-0.00456543     -0.0046875     -0.00458984     -0.00472412     
-0.00452881     -0.00484619     -0.00462646     -0.00462646     
-0.00457764     -0.00473633     -0.00455322     -0.00458984     
-0.00458984     -0.00456543     -0.00447998     -0.00455322     
-0.00454102     -0.00450439     -0.00438232     -0.00443115     
-0.00441895     -0.0045166     -0.00429688     -0.00423584     
-0.00426025     -0.00426025     -0.0041626     -0.00405273     
-0.00402832     -0.00411377     -0.00404053     -0.00401611     
-0.00404053     -0.00412598     -0.00410156     -0.00411377     
-0.00430908     -0.00435791     -0.0043457     -0.00429688     
-0.00435791     -0.00449219     -0.00432129     -0.00441895     
-0.00428467     -0.00445557     -0.00426025     -0.00430908     
-0.00432129     -0.00429688     -0.00437012     -0.00440674     
-0.00427246     -0.00456543     -0.00446777     -0.00449219     
-0.00446777     -0.00471191     -0.00458984     -0.00471191     
-0.00458984     -0.00483398     -0.00473633     -0.00466309     
-0.00482178     -0.00489502     -0.00479736     -0.00469971     
-0.00467529     -0.00474854     -0.00446777     -0.00449219     
-0.00438232     -0.00430908     -0.00412598     -0.00410156     
-0.00401611     -0.00406494     -0.0039917     -0.00394287     
-0.0039917     -0.00408936     -0.00410156     -0.00412598     
-0.00419922     -0.0043457     -0.00441895     -0.00432129     
-0.00447998     -0.0045166     -0.00447998     -0.00461426     
-0.00450439     -0.00473633     -0.00455322     -0.00460205     
-0.00455322     -0.00471191     -0.00467529     -0.00466309     
-0.00458984     -0.00480957     -0.00462646     -0.00465088     
-0.00446777     -0.00457764     -0.00445557     -0.00446777     
-0.0043457     -0.00445557     -0.00421143     -0.00428467     
-0.00435791     -0.00426025     -0.00423584     -0.00426025     
-0.00426025     -0.00439453     -0.00430908     -0.00427246     
-0.00422363     -0.0043457     -0.00427246     -0.00424805     
-0.00430908     -0.0043457     -0.0041626     -0.00430908     
-0.0043457     -0.0041748     -0.00435791     -0.00438232     
-0.00429688     -0.00449219     -0.00440674     -0.00441895     
-0.00450439     -0.00445557     -0.00444336     -0.00438232     
-0.00445557     -0.00465088     -0.00429688     -0.0045166     
-0.00452881     -0.00467529     -0.00439453     -0.00457764     
-0.00444336     -0.00466309     -0.00456543     -0.00460205     
-0.00456543     -0.00474854     -0.00463867     -0.00462646     
-0.00460205     -0.00482178     -0.00466309     -0.00478516     
-0.00474854     -0.00488281     -0.00493164     -0.00479736     
-0.00488281     -0.00512695     -0.00496826     -0.00493164     
-0.00507813     -0.00512695     -0.00493164     -0.00511475     
-0.00495605     -0.00500488     -0.00490723     -0.00487061     
-0.00476074     -0.0048584     -0.00476074     -0.00450439     
-0.00455322     -0.00454102     -0.00444336     -0.0043335     
-0.00428467     -0.00429688     -0.00422363     -0.00411377     
-0.00415039     -0.00428467     -0.00405273     -0.00413818     
-0.0041748     -0.0043335     -0.00419922     -0.00435791     
-0.00423584     -0.00446777     -0.00441895     -0.00437012     
-0.00432129     -0.00440674     -0.00423584     -0.00423584     
-0.0041626     -0.00430908     -0.00410156     -0.00419922     
-0.00421143     -0.00435791     -0.00426025     -0.00438232     
-0.00439453     -0.00452881     -0.0045166     -0.00462646     
-0.00460205     -0.00471191     -0.00479736     -0.00471191     
-0.00463867     -0.00490723     -0.00473633     -0.00460205     
-0.00476074     -0.00473633     -0.00463867     -0.00461426     
-0.00457764     -0.00454102     -0.00446777     -0.00435791     
-0.00440674     -0.00444336     -0.00424805     -0.00428467     
-0.00429688     -0.00435791     -0.00424805     -0.00429688     
-0.00440674     -0.00454102     -0.0043457     -0.00456543     
-0.00450439     -0.00472412     -0.00454102     -0.00467529     
-0.00472412     -0.0046875     -0.00465088     -0.00467529     
-0.00447998     -0.00472412     -0.00447998     -0.00435791     
-0.00441895     -0.00456543     -0.00437012     -0.00439453     
-0.00435791     -0.00446777     -0.00449219     -0.00438232     
-0.00455322     -0.00462646     -0.00457764     -0.00460205     
-0.00466309     -0.00490723     -0.0046875     -0.00489502     
-0.00483398     -0.00501709     -0.00491943     -0.00490723     

