Source : transient; Time : Wed Jun 14 04:55:25 2017
B0 = 3804.000000 Gauss, mw = 9.686280 GHz
 NDI-T2 sa261 20/2 42/25 523nm/1mJ
1 5000 -1.001e-06 8.997e-06 0 0
s                        V                                                 
0.0010376     0.00108643     0.0010376     0.00108643     
0.00107422     0.00117188     0.00117188     0.0012207     
0.00131836     0.00136719     0.00134277     0.00134277     
0.00140381     0.00145264     0.00137939     0.00135498     
0.00137939     0.00126953     0.00130615     0.00129395     
0.0012085     0.00113525     0.00112305     0.00106201     
0.00106201     0.0010498     0.00109863     0.00106201     
0.00109863     0.0010376     0.00098877     0.0010498     
0.00109863     0.00109863     0.00109863     0.000976563     
0.00107422     0.00113525     0.000952148     0.00101318     
0.000964355     0.000939941     0.000866699     0.00090332     
0.000878906     0.000891113     0.000927734     0.000915527     
0.000878906     0.000927734     0.000976563     0.0010498     
0.00098877     0.00106201     0.0010498     0.00107422     
0.0010498     0.00098877     0.0010376     0.00102539     
0.000915527     0.00098877     0.000927734     0.000915527     
0.00098877     0.00090332     0.000793457     0.00090332     
0.000891113     0.000878906     0.000830078     0.000915527     
0.000964355     0.000830078     0.000915527     0.000939941     
0.000976563     0.00100098     0.00100098     0.000927734     
0.00098877     0.000964355     0.00101318     0.0010376     
0.00107422     0.00100098     0.00102539     0.00102539     
0.0010498     0.00108643     0.0010376     0.00108643     
0.00111084     0.0010376     0.000866699     0.000915527     
0.000866699     0.000720215     0.000634766     0.000646973     
0.000476074     0.000488281     0.000402832     0.000463867     
0.000463867     0.000512695     0.000561523     0.000549316     
0.00065918     0.000769043     0.000830078     0.000793457     
0.000939941     0.000939941     0.0010376     0.00108643     
0.00109863     0.00112305     0.00113525     0.00117188     
0.0012207     0.00117188     0.0012085     0.0012207     
0.00125732     0.00130615     0.00137939     0.0013916     
0.00155029     0.00146484     0.00155029     0.0015625     
0.00162354     0.00159912     0.00161133     0.00153809     
0.00157471     0.00158691     0.00141602     0.00129395     
0.00125732     0.00124512     0.0010498     0.0010376     
0.00098877     0.0010376     0.000952148     0.000866699     
0.000915527     0.00102539     0.00101318     0.00100098     
0.000952148     0.00101318     0.000976563     0.00109863     
0.00100098     0.000952148     0.00100098     0.00098877     
0.00100098     0.000976563     0.000927734     0.000927734     
0.00098877     0.000927734     0.000878906     0.000964355     
0.00107422     0.00108643     0.00111084     0.00117188     
0.00123291     0.00117188     0.00117188     0.00118408     
0.00130615     0.00118408     0.00111084     0.000964355     
0.00100098     0.000830078     0.000695801     0.000610352     
0.000646973     0.000476074     0.000427246     0.000427246     
0.000354004     0.00045166     0.000341797     0.000415039     
0.000524902     0.000646973     0.00057373     0.00078125     
0.00100098     0.00107422     0.00111084     0.00128174     
0.00146484     0.00155029     0.00146484     0.00161133     
0.00159912     0.00161133     0.00159912     0.00145264     
0.00147705     0.00148926     0.00130615     0.00123291     
0.00136719     0.0012085     0.0010498     0.00113525     
0.00109863     0.00108643     0.000915527     0.000927734     
0.000939941     0.000793457     0.000854492     0.000646973     
0.000646973     0.000549316     0.000439453     0.000402832     
0.000402832     0.000378418     0.000317383     0.000305176     
0.000305176     0.000366211     0.000415039     0.000366211     
0.000476074     0.000488281     0.000500488     0.000634766     
0.000610352     0.000769043     0.000805664     0.000756836     
0.000720215     0.000891113     0.000854492     0.000830078     
0.00098877     0.000976563     0.000842285     0.00098877     
0.000891113     0.000939941     0.000927734     0.000952148     
0.00101318     0.00102539     0.00098877     0.00107422     
0.0010376     0.00102539     0.00108643     0.00107422     
0.00112305     0.00118408     0.00108643     0.00107422     
0.00111084     0.00100098     0.00106201     0.00102539     
0.00111084     0.00109863     0.00111084     0.00109863     
0.00118408     0.00118408     0.00114746     0.00117188     
0.00124512     0.00128174     0.00118408     0.0012085     
0.00131836     0.00114746     0.00117188     0.0012207     
0.00126953     0.00124512     0.00115967     0.00124512     
0.00133057     0.00128174     0.00134277     0.00144043     
0.00147705     0.00153809     0.00151367     0.00167236     
0.0015625     0.00153809     0.00153809     0.00168457     
0.00162354     0.00169678     0.00161133     0.00148926     
0.00155029     0.00151367     0.00145264     0.0013916     
0.0013916     0.00133057     0.00125732     0.00126953     
0.00114746     0.00113525     0.00107422     0.000927734     
0.000964355     0.000939941     0.00098877     0.000915527     
0.00100098     0.00101318     0.00113525     0.00115967     
0.00125732     0.00130615     0.00123291     0.00123291     
0.00126953     0.00128174     0.00118408     0.00112305     
0.00114746     0.00106201     0.00102539     0.00101318     
0.000878906     0.0010376     0.000952148     0.00106201     
0.00108643     0.00128174     0.00136719     0.00144043     
0.00146484     0.00159912     0.00141602     0.00155029     
0.00167236     0.00168457     0.00155029     0.00150146     
0.00155029     0.00148926     0.00128174     0.00126953     
0.00130615     0.00113525     0.0010376     0.00106201     
0.00098877     0.000915527     0.000952148     0.00098877     
0.00090332     0.000927734     0.00107422     0.00107422     
0.0010498     0.0010498     0.00113525     0.0010376     
0.00113525     0.00108643     0.00106201     0.00101318     
0.00102539     0.000952148     0.000976563     0.000939941     
0.00100098     0.000805664     0.000805664     0.000878906     
0.000817871     0.000891113     0.000830078     0.00100098     
0.0010376     0.00113525     0.00114746     0.00135498     
0.00148926     0.00148926     0.00146484     0.00163574     
0.00157471     0.00157471     0.00152588     0.0013916     
0.0013916     0.00135498     0.00117188     0.00111084     
0.0010376     0.000976563     0.000830078     0.000878906     
0.000866699     0.000756836     0.000756836     0.000891113     
0.000866699     0.000891113     0.0010376     0.00102539     
0.00112305     0.0012085     0.00128174     0.00130615     
0.00144043     0.0013916     0.00145264     0.00148926     
0.00147705     0.00141602     0.0013916     0.00137939     
0.00137939     0.00137939     0.00133057     0.00126953     
0.0013916     0.00135498     0.00134277     0.00145264     
0.00137939     0.0013916     0.00153809     0.00155029     
0.00150146     0.00150146     0.00158691     0.00151367     
0.00151367     0.00153809     0.00136719     0.00145264     
0.00134277     0.00152588     0.00144043     0.00152588     
0.00157471     0.00158691     0.00168457     0.00172119     
0.00174561     0.00180664     0.00174561     0.00187988     
0.00186768     0.00179443     0.0017334     0.00179443     
0.00174561     0.00170898     0.00172119     0.00169678     
0.00161133     0.00162354     0.00162354     0.0015625     
0.00152588     0.00146484     0.00133057     0.00137939     
0.00137939     0.00125732     0.00113525     0.00114746     
0.00112305     0.0010498     0.00098877     0.000976563     
0.000964355     0.000964355     0.000878906     0.000964355     
0.000964355     0.000915527     0.00090332     0.00090332     
0.00090332     0.000964355     0.000830078     0.000939941     
0.000891113     0.000915527     0.000830078     0.000915527     
0.000878906     0.000976563     0.000976563     0.000927734     
0.000939941     0.000915527     0.000830078     0.000793457     
0.000817871     0.00078125     0.000634766     0.000671387     
0.000695801     0.000634766     0.00065918     0.000622559     
0.000744629     0.000756836     0.000793457     0.000769043     
0.000891113     0.000817871     0.000866699     0.000866699     
0.00090332     0.00090332     0.000927734     0.000939941     
0.000891113     0.000927734     0.000854492     0.000878906     
0.000915527     0.00098877     0.000878906     0.0010376     
0.0010376     0.00108643     0.00098877     0.0010376     
0.00107422     0.00106201     0.00100098     0.00106201     
0.00100098     0.00112305     0.000939941     0.00108643     
0.00115967     0.00118408     0.0012085     0.00134277     
0.00152588     0.00157471     0.00185547     0.0020752     
0.00245361     0.00275879     0.00313721     0.00336914     
0.00383301     0.00421143     0.0045166     0.00491943     
0.0052124     0.00548096     0.00584717     0.00612793     
0.00646973     0.00662842     0.00684814     0.00718994     
0.00750732     0.00776367     0.0079834     0.00837402     
0.00875244     0.00911865     0.009375     0.00977783     
0.0102905     0.0105103     0.0109619     0.0113281     
0.0115967     0.0119019     0.0121094     0.0125122     
0.0128662     0.0131104     0.0133423     0.0137085     
0.0141846     0.0143555     0.0145996     0.0151001     
0.0154175     0.0157837     0.0161133     0.0164673     
0.0167725     0.0171631     0.0174561     0.017749     
0.0181274     0.0183594     0.0185181     0.0186768     
0.0188843     0.0190186     0.0191895     0.0194458     
0.0196045     0.019812     0.0199829     0.0202148     
0.0205078     0.0207031     0.0209595     0.021167     
0.0215454     0.0217773     0.021936     0.0220825     
0.0223755     0.0224854     0.0227539     0.022937     
0.0230835     0.0232788     0.0235718     0.023645     
0.0239136     0.0240479     0.0241821     0.0244385     
0.0246704     0.0249146     0.0250854     0.0252686     
0.025354     0.0256836     0.0258423     0.0259888     
0.0262329     0.0264038     0.0265625     0.0268555     
0.0270142     0.0273315     0.0274414     0.0276367     
0.0279175     0.0280762     0.0283081     0.0284546     
0.0287109     0.028833     0.0290527     0.029248     
0.0293823     0.0295044     0.0296509     0.029834     
0.0299316     0.0299316     0.0300415     0.0301636     
0.0302612     0.0301758     0.0302124     0.0302246     
0.030249     0.0302734     0.030188     0.0303833     
0.0303589     0.0305176     0.0305298     0.0306519     
0.0308228     0.0309082     0.0310059     0.0312134     
0.0314087     0.0315796     0.0316284     0.0317749     
0.0317993     0.0319214     0.0319214     0.0319458     
0.0319214     0.0318481     0.0318604     0.0319092     
0.0317871     0.0319214     0.0317261     0.0318359     
0.0317383     0.0319702     0.0319336     0.0319824     
0.0321411     0.0322754     0.0323364     0.0324341     
0.0326172     0.0326904     0.0327515     0.0328247     
0.0328613     0.0328491     0.0327759     0.0326782     
0.0326904     0.0325439     0.0324585     0.0322998     
0.0322144     0.032019     0.0318359     0.0316772     
0.0316162     0.0315186     0.031311     0.0312988     
0.03125     0.0310913     0.0310181     0.0309326     
0.030835     0.030835     0.0307251     0.0307007     
0.0306763     0.0307129     0.0305908     0.030603     
0.0307007     0.0307007     0.0307007     0.0306885     
0.0306885     0.0307251     0.0305542     0.030542     
0.0305054     0.0305542     0.0303101     0.0302734     
0.0302979     0.0301514     0.0300415     0.0300781     
0.0300781     0.0300537     0.0299438     0.0299194     
0.0298462     0.0296753     0.0295898     0.0294922     
0.0293701     0.0290894     0.0288818     0.028772     
0.0286011     0.0282837     0.0281982     0.0279907     
0.0278564     0.0276978     0.0275269     0.0274902     
0.027356     0.0272949     0.0273071     0.0271729     
0.0271606     0.0271484     0.027124     0.0269409     
0.0268311     0.0267334     0.0264404     0.0263306     
0.0262207     0.0260742     0.0257568     0.0256836     
0.0256592     0.0254395     0.0252441     0.0253906     
0.025354     0.0252563     0.0251343     0.0252075     
0.0251831     0.0251709     0.025     0.024939     
0.024939     0.024707     0.0244995     0.0243408     
0.0241699     0.023938     0.0237671     0.0235474     
0.0234253     0.023291     0.0231812     0.0229736     
0.0229614     0.0228638     0.022876     0.0227417     
0.0227417     0.0227417     0.0226074     0.022583     
0.0225586     0.0224609     0.0223511     0.0222412     
0.0221436     0.0221069     0.0218994     0.0217529     
0.0216431     0.0214844     0.0213379     0.0212158     
0.0210693     0.0210205     0.020874     0.0206909     
0.0206177     0.0204468     0.0204468     0.0203003     
0.0202026     0.0201538     0.0200195     0.0200317     
0.0198242     0.019751     0.0195435     0.0195068     
0.019397     0.0191162     0.0190186     0.0189087     
0.0187744     0.0185913     0.018457     0.018396     
0.0184326     0.0182007     0.0181396     0.018042     
0.0180542     0.0179077     0.0177856     0.0177612     
0.0177612     0.0175903     0.0175537     0.0174683     
0.0174927     0.017395     0.0171997     0.0171021     
0.0171875     0.017041     0.0169189     0.0168213     
0.0167358     0.0165527     0.0164917     0.0163818     
0.0162476     0.0161499     0.0160034     0.0159668     
0.0158081     0.0156616     0.0155029     0.0154907     
0.0155518     0.0154419     0.0153931     0.0153931     
0.015332     0.0153809     0.0151489     0.0152222     
0.01521     0.0152344     0.0151123     0.0150391     
0.0149414     0.0148926     0.0148193     0.0147339     
0.0146973     0.0146606     0.0145142     0.0143677     
0.0143555     0.01427     0.0141724     0.0140869     
0.0141357     0.0139771     0.0140381     0.0139893     
0.0140625     0.0139282     0.0139404     0.0138916     
0.0139526     0.0139282     0.0138428     0.0137451     
0.0137329     0.013623     0.0135864     0.0135254     
0.0134277     0.013501     0.0134033     0.0133423     
0.0133179     0.0133789     0.0133423     0.0133667     
0.0134399     0.013562     0.0134644     0.0134521     
0.013501     0.0134766     0.0134155     0.0134399     
0.0132935     0.0133179     0.0131836     0.0132324     
0.013147     0.0130981     0.0131104     0.0130371     
0.0132202     0.013147     0.0131714     0.0133301     
0.0134155     0.0134644     0.0134521     0.0135376     
0.0136963     0.0136597     0.013623     0.0135742     
0.0135986     0.0134766     0.0134644     0.0133057     
0.0133423     0.0132813     0.0131714     0.0130981     
0.0130859     0.0130859     0.0130859     0.0130737     
0.013269     0.0131714     0.0132324     0.0134033     
0.0134766     0.0135254     0.0135132     0.0136353     
0.0136963     0.0137695     0.0136475     0.0137695     
0.0139282     0.0138062     0.0136719     0.0137939     
0.0137451     0.0139038     0.0137939     0.0138428     
0.0138794     0.0138672     0.0138306     0.0137939     
0.0139404     0.0140137     0.0139893     0.0139404     
0.0140991     0.0141357     0.0140625     0.0139648     
0.0140869     0.0141235     0.0141724     0.014209     
0.0141846     0.0141968     0.014209     0.0141968     
0.0142578     0.0143066     0.0143799     0.0143555     
0.0144043     0.0144043     0.0144775     0.0145508     
0.0145752     0.0145508     0.014563     0.014563     
0.0145264     0.014502     0.0143921     0.0143921     
0.0144165     0.0145264     0.0145874     0.0145874     
0.0146118     0.0148682     0.0148926     0.0149414     
0.0151123     0.0152832     0.0152344     0.0153442     
0.0153564     0.0153931     0.0152588     0.0153442     
0.0153076     0.015332     0.0152588     0.015271     
0.0153564     0.0153809     0.0154297     0.0154785     
0.0155762     0.0156006     0.0156128     0.0157837     
0.0158936     0.0158325     0.0157837     0.0158691     
0.0160034     0.0158691     0.0158203     0.0158569     
0.0157959     0.0157104     0.0156006     0.0154541     
0.0155029     0.0154663     0.0154297     0.0154175     
0.0154907     0.0155396     0.0156006     0.015625     
0.0157959     0.0158203     0.0157959     0.0159668     
0.0160767     0.0161133     0.0161377     0.016272     
0.0163818     0.0164917     0.0164551     0.0165039     
0.0165161     0.0165894     0.0164795     0.0165527     
0.0164673     0.0165649     0.0165161     0.0163574     
0.0164673     0.0164185     0.016333     0.0162598     
0.0163086     0.0163574     0.016272     0.0162476     
0.0162109     0.0161377     0.0161255     0.0162109     
0.0163208     0.0161743     0.0161865     0.01604     
0.0161621     0.0160767     0.0161011     0.0159546     
0.0160278     0.0159912     0.0159424     0.0159668     
0.0160156     0.0160156     0.0159912     0.015979     
0.015979     0.0160522     0.0160034     0.0160034     
0.015918     0.01604     0.015979     0.0159912     
0.01604     0.0160767     0.0161133     0.0160889     
0.0160767     0.016333     0.0161743     0.0163574     
0.0163818     0.0164307     0.0164185     0.0165894     
0.0165405     0.0165527     0.0166016     0.016626     
0.016748     0.0166626     0.0167969     0.016748     
0.016687     0.0167236     0.0166504     0.0166504     
0.016626     0.0165283     0.0164673     0.0163086     
0.0163086     0.0161621     0.0160889     0.0159668     
0.0160645     0.0159302     0.0157837     0.0157349     
0.0157227     0.015625     0.0155884     0.0155273     
0.0156494     0.0156006     0.0154907     0.0156494     
0.0156982     0.0158081     0.0157837     0.0160034     
0.0160522     0.0161377     0.0160278     0.0161987     
0.0162964     0.0162109     0.0160767     0.0161987     
0.0161255     0.0160522     0.015918     0.0158691     
0.0157959     0.0157715     0.015686     0.0156128     
0.0156494     0.0155762     0.0155273     0.0155273     
0.0155151     0.0155029     0.0154297     0.0154175     
0.0154053     0.0153809     0.0152954     0.015271     
0.0152466     0.0151733     0.0150879     0.0149658     
0.0150757     0.0149658     0.0148804     0.0148438     
0.0147339     0.0146484     0.0145508     0.014624     
0.014563     0.0144897     0.014502     0.0144287     
0.0144897     0.0145386     0.0144165     0.0145508     
0.0144653     0.0144287     0.0143555     0.0143066     
0.0142212     0.0140503     0.013916     0.0137207     
0.0136719     0.0134644     0.0132935     0.0132813     
0.0130737     0.013147     0.0130249     0.0131104     
0.0131714     0.0130859     0.0130371     0.0131592     
0.0131958     0.0131714     0.0131348     0.0131714     
0.0130493     0.0130493     0.0129883     0.0129395     
0.012793     0.0125488     0.0125244     0.0123901     
0.0123169     0.0121582     0.0120728     0.0119263     
0.0119751     0.0117676     0.0116333     0.0115601     
0.0115479     0.0114258     0.0114014     0.0112915     
0.0114014     0.0113037     0.0113647     0.0114014     
0.011438     0.0115356     0.0114746     0.0114746     
0.0115479     0.0115723     0.0114258     0.0114136     
0.0113892     0.011377     0.0112915     0.0111938     
0.0110229     0.0110474     0.0108154     0.0108521     
0.0107788     0.0107178     0.0106323     0.0105347     
0.0105835     0.0104858     0.0103149     0.0102783     
0.0104004     0.0102051     0.010144     0.0101685     
0.010083     0.0101196     0.0101074     0.010022     
0.0101196     0.010083     0.0101196     0.0100464     
0.0101074     0.0101074     0.0101318     0.0100708     
0.0101074     0.0102173     0.0102051     0.0101929     
0.0101929     0.0103638     0.0103394     0.0102539     
0.0104004     0.0104736     0.0103149     0.0104248     
0.0104004     0.0104492     0.0102783     0.0102905     
0.0101929     0.0101563     0.0101563     0.010144     
0.010022     0.00998535     0.00993652     0.0098999     
0.00981445     0.00992432     0.00969238     0.00974121     
0.00975342     0.00966797     0.00966797     0.009729     
0.00976563     0.00968018     0.00976563     0.00964355     
0.00970459     0.00974121     0.0097168     0.00980225     
0.0098999     0.00977783     0.00974121     0.00981445     
0.00981445     0.00960693     0.00969238     0.0095459     
0.00959473     0.00947266     0.00931396     0.00926514     
0.00916748     0.00905762     0.00899658     0.00887451     
0.00888672     0.00881348     0.00871582     0.00865479     
0.00875244     0.00864258     0.00853271     0.00861816     
0.00863037     0.00866699     0.00858154     0.00865479     
0.00870361     0.00861816     0.00856934     0.00863037     
0.00861816     0.00860596     0.00849609     0.00858154     
0.00847168     0.00855713     0.00864258     0.00853271     
0.00861816     0.00871582     0.00865479     0.00871582     
0.00889893     0.00892334     0.00893555     0.00900879     
0.00911865     0.00913086     0.00922852     0.00924072     
0.00925293     0.00935059     0.00936279     0.00931396     
0.00946045     0.00948486     0.0095459     0.00947266     
0.00953369     0.00939941     0.009375     0.00935059     
0.00946045     0.00931396     0.00930176     0.00915527     
0.00909424     0.00904541     0.00893555     0.009021     
0.00898438     0.00888672     0.00887451     0.0088501     
0.00882568     0.0088623     0.00893555     0.0088501     
0.0090332     0.00916748     0.00911865     0.00919189     
0.00925293     0.00944824     0.00936279     0.00947266     
0.00960693     0.00957031     0.0095459     0.00952148     
0.00959473     0.00953369     0.00953369     0.00958252     
0.00959473     0.00958252     0.00952148     0.00958252     
0.00958252     0.00953369     0.00950928     0.00950928     
0.00961914     0.00950928     0.00953369     0.00953369     
0.00963135     0.00958252     0.00955811     0.0095459     
0.00961914     0.00952148     0.00948486     0.00955811     
0.00961914     0.00955811     0.00955811     0.00959473     
0.00955811     0.00958252     0.00950928     0.00964355     
0.00960693     0.00959473     0.0095459     0.00961914     
0.00968018     0.00965576     0.00966797     0.00970459     
0.00965576     0.00976563     0.00961914     0.00974121     
0.00977783     0.00985107     0.00979004     0.00974121     
0.00985107     0.00983887     0.00977783     0.00979004     
0.0098877     0.00994873     0.00991211     0.00999756     
0.0101074     0.0100952     0.010144     0.0100586     
0.0102295     0.0102539     0.0101196     0.010144     
0.0101074     0.0100342     0.010083     0.0100342     
0.0100098     0.0100952     0.0101196     0.0100342     
0.0100952     0.0101685     0.0101563     0.0102295     
0.0102783     0.0103271     0.0102417     0.0102173     
0.0102173     0.0103516     0.0102051     0.0101807     
0.0101685     0.0101929     0.0101074     0.0100342     
0.0100342     0.0100098     0.00991211     0.0100342     
0.0100098     0.0101074     0.0100342     0.0101685     
0.0101807     0.0101807     0.0103271     0.0104126     
0.0103638     0.0104004     0.010376     0.0104736     
0.010498     0.010498     0.0104858     0.010498     
0.0106323     0.0105591     0.0105835     0.0106445     
0.0106812     0.0106079     0.0105713     0.01073     
0.010791     0.0108398     0.0107788     0.0108276     
0.0109497     0.0109131     0.0109253     0.0109497     
0.011145     0.011145     0.0110718     0.0111816     
0.0111206     0.0111206     0.011084     0.0111206     
0.0110107     0.0110352     0.0109375     0.0109497     
0.0108643     0.01073     0.0106323     0.0105591     
0.010498     0.0104614     0.0102539     0.0102661     
0.0101807     0.0102417     0.0101074     0.0101685     
0.0101318     0.0101929     0.0102661     0.0102417     
0.0102417     0.0102661     0.0101929     0.0102783     
0.0103271     0.0103882     0.0103638     0.0103149     
0.0102539     0.0102173     0.0102173     0.0101685     
0.0102173     0.0100952     0.0100342     0.00996094     
0.010022     0.0100342     0.00996094     0.010022     
0.0100586     0.0101196     0.0100952     0.010083     
0.0102783     0.0102661     0.0101563     0.0102051     
0.0101929     0.0102539     0.0101196     0.0101074     
0.0100708     0.0100342     0.00998535     0.00997314     
0.00991211     0.00986328     0.00983887     0.00977783     
0.00964355     0.00965576     0.00953369     0.00946045     
0.00933838     0.00926514     0.00936279     0.00938721     
0.00936279     0.00928955     0.00938721     0.00944824     
0.00948486     0.0095459     0.00952148     0.00957031     
0.00959473     0.00955811     0.00958252     0.00965576     
0.00960693     0.00947266     0.00946045     0.00939941     
0.00936279     0.00916748     0.00916748     0.00908203     
0.00911865     0.00910645     0.00909424     0.0090332     
0.00905762     0.00904541     0.0090332     0.009021     
0.009021     0.00908203     0.00881348     0.00898438     
0.00892334     0.00888672     0.00870361     0.00870361     
0.00877686     0.00865479     0.00863037     0.00869141     
0.00869141     0.00870361     0.00858154     0.00876465     
0.00876465     0.00883789     0.00871582     0.00856934     
0.00852051     0.00847168     0.00831299     0.00823975     
0.00820313     0.00803223     0.00794678     0.00778809     
0.00775146     0.00780029     0.00767822     0.00760498     
0.00755615     0.00761719     0.00771484     0.00756836     
0.00756836     0.00759277     0.00760498     0.00750732     
0.00766602     0.00759277     0.00750732     0.0074707     
0.00748291     0.00753174     0.00749512     0.00749512     
0.00760498     0.00765381     0.00750732     0.00762939     
0.00766602     0.00771484     0.00762939     0.00777588     
0.00765381     0.00778809     0.00782471     0.00771484     
0.00770264     0.00787354     0.00777588     0.00788574     
0.00791016     0.00803223     0.00794678     0.00808105     
0.00814209     0.00804443     0.00812988     0.0081665     
0.00809326     0.00809326     0.00804443     0.00791016     
0.00799561     0.00793457     0.00776367     0.00772705     
0.00766602     0.00755615     0.00748291     0.00749512     
0.00748291     0.00732422     0.00733643     0.00726318     
0.00722656     0.00721436     0.00710449     0.00700684     
0.00698242     0.00697021     0.00682373     0.00688477     
0.00693359     0.00687256     0.00679932     0.00684814     
0.00679932     0.0067627     0.00667725     0.00681152     
0.00679932     0.00679932     0.00667725     0.00671387     
0.00682373     0.0067749     0.00667725     0.00688477     
0.00675049     0.0067627     0.00684814     0.00684814     
0.00682373     0.00682373     0.00679932     0.0067749     
0.00683594     0.0069458     0.00695801     0.00689697     
0.00706787     0.00706787     0.00720215     0.00714111     
0.00723877     0.00736084     0.00734863     0.00726318     
0.0072876     0.00731201     0.00731201     0.00715332     
0.00731201     0.00716553     0.00720215     0.00699463     
0.00705566     0.00703125     0.00705566     0.00705566     
0.00716553     0.00715332     0.00712891     0.00717773     
0.00720215     0.00721436     0.00716553     0.00722656     
0.00712891     0.00727539     0.00715332     0.0071167     
0.00708008     0.00705566     0.00701904     0.00698242     
0.00692139     0.00695801     0.00688477     0.00688477     
0.0067627     0.00683594     0.00667725     0.00667725     
0.00666504     0.00653076     0.00644531     0.0064209     
0.00646973     0.00638428     0.00625     0.00620117     
0.00621338     0.00633545     0.00620117     0.00626221     
0.00632324     0.00627441     0.00618896     0.00623779     
0.00629883     0.00627441     0.00629883     0.00626221     
0.00632324     0.00620117     0.00618896     0.00621338     
0.00612793     0.00614014     0.00610352     0.00604248     
0.00610352     0.00595703     0.00606689     0.00603027     
0.00604248     0.00614014     0.00610352     0.00618896     
0.00626221     0.00645752     0.0064209     0.00653076     
0.00667725     0.00668945     0.00671387     0.00679932     
0.00681152     0.00692139     0.00681152     0.00697021     
0.00693359     0.00701904     0.00697021     0.00688477     
0.0069458     0.00688477     0.00688477     0.00682373     
0.0069458     0.00693359     0.00697021     0.00698242     
0.00703125     0.00708008     0.00715332     0.00718994     
0.0072876     0.00736084     0.00732422     0.00738525     
0.00749512     0.00750732     0.00749512     0.0074585     
0.00748291     0.0074707     0.00744629     0.00740967     
0.00749512     0.00738525     0.00732422     0.00726318     
0.00736084     0.00731201     0.00726318     0.0072998     
0.00722656     0.00731201     0.00723877     0.00726318     
0.00731201     0.00726318     0.00727539     0.00723877     
0.00725098     0.00721436     0.00722656     0.00733643     
0.00722656     0.00736084     0.00734863     0.00742188     
0.00750732     0.00750732     0.00753174     0.00766602     
0.00762939     0.00760498     0.00758057     0.00755615     
0.00755615     0.00750732     0.00749512     0.00743408     
0.00744629     0.00737305     0.00731201     0.00732422     
0.00734863     0.00720215     0.0072998     0.0072998     
0.00726318     0.00722656     0.00722656     0.00722656     
0.00731201     0.0072876     0.00721436     0.00723877     
0.00732422     0.00718994     0.00725098     0.00723877     
0.00714111     0.00717773     0.00709229     0.00722656     
0.00722656     0.00725098     0.00725098     0.0072876     
0.0072876     0.00723877     0.00721436     0.0072876     
0.0072998     0.00733643     0.00725098     0.00744629     
0.00740967     0.00751953     0.00750732     0.00766602     
0.00782471     0.00793457     0.00792236     0.00804443     
0.00821533     0.00819092     0.00819092     0.00828857     
0.00831299     0.0083374     0.00826416     0.00817871     
0.0081665     0.0081665     0.00804443     0.00795898     
0.00800781     0.00793457     0.00795898     0.00787354     
0.00786133     0.00789795     0.00792236     0.00780029     
0.0078125     0.00791016     0.00783691     0.00776367     
0.00775146     0.00773926     0.0076416     0.00762939     
0.00750732     0.00751953     0.00734863     0.00739746     
0.00734863     0.00738525     0.00733643     0.00732422     
0.00733643     0.00732422     0.00723877     0.00733643     
0.00721436     0.00736084     0.0072998     0.00740967     
0.00754395     0.00740967     0.00750732     0.00750732     
0.00753174     0.00755615     0.00744629     0.00753174     
0.00749512     0.00738525     0.00733643     0.00732422     
0.00734863     0.0072998     0.0072998     0.00734863     
0.00739746     0.00738525     0.00740967     0.00743408     
0.0074707     0.0074707     0.00732422     0.00731201     
0.00732422     0.00721436     0.00714111     0.00701904     
0.0071167     0.0069458     0.00679932     0.00688477     
0.00689697     0.00692139     0.00675049     0.00686035     
0.00686035     0.00682373     0.00668945     0.00672607     
0.00690918     0.00681152     0.00665283     0.0067627     
0.00671387     0.00671387     0.00664063     0.00668945     
0.00670166     0.0067749     0.00672607     0.00665283     
0.00679932     0.00686035     0.00678711     0.00681152     
0.00699463     0.00704346     0.00709229     0.00717773     
0.0072876     0.00740967     0.00742188     0.00744629     
0.00748291     0.00744629     0.00739746     0.00738525     
0.00740967     0.00727539     0.00721436     0.00714111     
0.00717773     0.00700684     0.0069458     0.00678711     
0.00679932     0.00671387     0.0065918     0.00651855     
0.00656738     0.00655518     0.00637207     0.0064209     
0.00637207     0.00632324     0.00618896     0.00627441     
0.00621338     0.00628662     0.00628662     0.00623779     
0.00622559     0.00639648     0.00625     0.00638428     
0.00644531     0.006604     0.0065918     0.00657959     
0.00666504     0.006604     0.00665283     0.00666504     
0.00670166     0.00671387     0.00665283     0.0065918     
0.006604     0.006604     0.00654297     0.00655518     
0.00653076     0.00651855     0.00648193     0.0064209     
0.00653076     0.00644531     0.00644531     0.00640869     
0.00654297     0.00649414     0.00645752     0.00640869     
0.00653076     0.00646973     0.00645752     0.00643311     
0.00650635     0.00645752     0.00638428     0.00637207     
0.00639648     0.00634766     0.00618896     0.00626221     
0.00620117     0.00621338     0.00612793     0.00606689     
0.00614014     0.00606689     0.00595703     0.00594482     
0.00601807     0.00603027     0.00588379     0.00598145     
0.005896     0.00593262     0.00587158     0.00579834     
0.005896     0.00581055     0.00576172     0.00571289     
0.00574951     0.0057373     0.00561523     0.00549316     
0.00554199     0.00546875     0.00548096     0.00534668     
0.00537109     0.0053833     0.00529785     0.00526123     
0.00532227     0.00522461     0.0052124     0.00509033     
0.00509033     0.00510254     0.00509033     0.00494385     
0.00506592     0.00518799     0.0052002     0.00509033     
0.00532227     0.00535889     0.00526123     0.00552979     
0.00551758     0.00560303     0.00554199     0.00563965     
0.00561523     0.00565186     0.00559082     0.00561523     
0.00560303     0.0057373     0.00560303     0.00570068     
0.00563965     0.00568848     0.00550537     0.00554199     
0.0055542     0.00554199     0.0055542     0.00544434     
0.0053833     0.00528564     0.00523682     0.00515137     
0.00511475     0.0050415     0.0050293     0.00493164     
0.0050293     0.00490723     0.00488281     0.00501709     
0.00507813     0.00496826     0.0050415     0.0052002     
0.00529785     0.00523682     0.00537109     0.00535889     
0.00548096     0.0055542     0.00550537     0.0055542     
0.0055542     0.0055542     0.00565186     0.00567627     
0.00556641     0.0057251     0.00565186     0.00568848     
0.00570068     0.00571289     0.00566406     0.00556641     
0.0057251     0.00576172     0.00576172     0.00581055     
0.00582275     0.005896     0.00585938     0.00611572     
0.00611572     0.00618896     0.00615234     0.00618896     
0.00629883     0.00622559     0.00617676     0.00620117     
0.00612793     0.00595703     0.0059082     0.00579834     
0.00566406     0.00559082     0.00544434     0.00522461     
0.0052002     0.0050415     0.00493164     0.00477295     
0.00477295     0.00455322     0.00446777     0.00435791     
0.00439453     0.00446777     0.00443115     0.00439453     
0.00449219     0.00456543     0.00462646     0.00465088     
0.00491943     0.0050415     0.00511475     0.0052124     
0.00537109     0.00545654     0.00549316     0.00559082     
0.00565186     0.00576172     0.00584717     0.00581055     
0.00578613     0.00587158     0.00582275     0.005896     
0.00593262     0.00592041     0.005896     0.00598145     
0.00588379     0.0059082     0.00593262     0.00582275     
0.0059082     0.00592041     0.005896     0.00582275     
0.00582275     0.00568848     0.00567627     0.00567627     
0.00565186     0.00551758     0.0055542     0.00556641     
0.00557861     0.00549316     0.00552979     0.00552979     
0.00554199     0.00554199     0.00557861     0.0055542     
0.00559082     0.0055542     0.00554199     0.00556641     
0.00571289     0.00559082     0.00560303     0.00567627     
0.00574951     0.00571289     0.00565186     0.00578613     
0.00584717     0.00588379     0.00585938     0.00600586     
0.00615234     0.00622559     0.00626221     0.00638428     
0.00650635     0.006604     0.00651855     0.00662842     
0.00656738     0.00656738     0.00646973     0.00631104     
0.00629883     0.00616455     0.00596924     0.00579834     
0.00570068     0.00552979     0.00540771     0.00532227     
0.00529785     0.00540771     0.00535889     0.00531006     
0.00545654     0.00548096     0.0055542     0.00567627     
0.00581055     0.00581055     0.00604248     0.00600586     
0.00605469     0.00606689     0.00616455     0.00611572     
0.00620117     0.00616455     0.00609131     0.00603027     
0.00601807     0.00609131     0.00584717     0.005896     
0.005896     0.00584717     0.00578613     0.00581055     
0.00582275     0.00588379     0.00576172     0.00576172     
0.00578613     0.005896     0.00583496     0.00583496     
0.00579834     0.00595703     0.00587158     0.00600586     
0.00600586     0.00599365     0.00603027     0.00609131     
0.00612793     0.00618896     0.00615234     0.00610352     
0.00616455     0.00620117     0.00625     0.00621338     
0.00628662     0.00634766     0.00631104     0.00633545     
0.00648193     0.00643311     0.00640869     0.00638428     
0.00637207     0.00629883     0.00618896     0.00610352     
0.00615234     0.00612793     0.0060791     0.00605469     
0.00605469     0.00600586     0.00604248     0.00612793     
0.00620117     0.00628662     0.00616455     0.00621338     
0.00629883     0.00621338     0.00606689     0.00610352     
0.0060791     0.00588379     0.00578613     0.00563965     
0.00549316     0.00546875     0.00532227     0.00534668     
0.00531006     0.00533447     0.00528564     0.00531006     
0.00543213     0.00554199     0.00560303     0.00565186     
0.00587158     0.00595703     0.00596924     0.00600586     
0.00600586     0.00604248     0.00599365     0.0059082     
0.00595703     0.00594482     0.00584717     0.00565186     
0.00560303     0.00541992     0.0053833     0.00526123     
0.00523682     0.00517578     0.00511475     0.00510254     
0.00510254     0.00511475     0.00512695     0.00511475     
0.00524902     0.00529785     0.00522461     0.00534668     
0.00539551     0.00554199     0.00548096     0.0055542     
0.0057251     0.00577393     0.00581055     0.00579834     
0.00587158     0.00598145     0.00583496     0.00581055     
0.00584717     0.005896     0.0059082     0.00601807     
0.00593262     0.00585938     0.00600586     0.0059082     
0.00595703     0.00596924     0.00593262     0.00595703     
0.00595703     0.00588379     0.0059082     0.00588379     
0.00595703     0.00584717     0.00583496     0.00582275     
0.0059082     0.00579834     0.00579834     0.00574951     
0.00579834     0.00571289     0.00574951     0.00571289     
0.00570068     0.00570068     0.00560303     0.00570068     
0.00585938     0.00598145     0.00594482     0.00604248     
0.00611572     0.00623779     0.00618896     0.00623779     
0.00626221     0.00628662     0.00626221     0.00618896     
0.00634766     0.00621338     0.00617676     0.00615234     
0.00614014     0.00609131     0.00594482     0.0060791     
0.00599365     0.00600586     0.00583496     0.00581055     
0.00578613     0.00578613     0.00566406     0.00563965     
0.00566406     0.00551758     0.00549316     0.00548096     
0.00549316     0.00560303     0.0055542     0.00562744     
0.0057373     0.00568848     0.00576172     0.0057373     
0.00585938     0.00584717     0.00577393     0.00574951     
0.00566406     0.00557861     0.00545654     0.00537109     
0.00531006     0.00523682     0.00510254     0.0050293     
0.00493164     0.00487061     0.00473633     0.00469971     
0.00458984     0.00454102     0.00454102     0.00444336     
0.00424805     0.00437012     0.00435791     0.00430908     
0.00437012     0.00439453     0.0043457     0.00444336     
0.00441895     0.00450439     0.00438232     0.00443115     
0.00450439     0.00444336     0.00443115     0.00450439     
0.00461426     0.00467529     0.0046875     0.00467529     
0.00482178     0.00493164     0.00487061     0.00487061     
0.00495605     0.00488281     0.00478516     0.00471191     
0.00473633     0.00460205     0.00458984     0.00449219     
0.00446777     0.00439453     0.00445557     0.00447998     
0.00456543     0.00462646     0.0046875     0.00487061     
0.00493164     0.00490723     0.00495605     0.00513916     
0.00517578     0.00517578     0.0050293     0.00505371     
0.00500488     0.00493164     0.00467529     0.00467529     
0.00467529     0.00454102     0.00440674     0.00427246     
0.00415039     0.0041626     0.00402832     0.00402832     
0.00402832     0.00413818     0.00406494     0.00410156     
0.00423584     0.00422363     0.00429688     0.00428467     
0.0045166     0.00457764     0.00449219     0.00461426     
0.00471191     0.00466309     0.00469971     0.00462646     
0.00469971     0.00469971     0.00476074     0.00458984     
0.00466309     0.00462646     0.00454102     0.00439453     
0.00439453     0.00429688     0.00427246     0.00422363     
0.00413818     0.00411377     0.00408936     0.00406494     
0.00407715     0.00412598     0.00405273     0.00413818     
0.0041626     0.00432129     0.00432129     0.00432129     
0.00429688     0.00439453     0.00443115     0.00437012     
0.0043335     0.00441895     0.00419922     0.00428467     
0.00423584     0.00432129     0.0041748     0.00426025     
0.00432129     0.00424805     0.00432129     0.00449219     
0.00447998     0.00457764     0.0046875     0.00469971     
0.00487061     0.00495605     0.00499268     0.00501709     
0.00510254     0.00505371     0.00505371     0.0050293     
0.00510254     0.00489502     0.00483398     0.00479736     
0.0048584     0.00465088     0.00450439     0.00444336     
0.00446777     0.00435791     0.00421143     0.00419922     
0.00429688     0.00422363     0.00418701     0.00422363     
0.00426025     0.00428467     0.00430908     0.00446777     
0.00456543     0.00461426     0.00461426     0.00471191     
0.00480957     0.00479736     0.00476074     0.00489502     
0.00490723     0.0050293     0.00493164     0.00500488     
0.0050415     0.00509033     0.00505371     0.00505371     
0.00506592     0.00498047     0.00495605     0.00500488     
0.00495605     0.00488281     0.0048584     0.00478516     
0.00477295     0.00482178     0.00480957     0.0048584     
0.00488281     0.00498047     0.00507813     0.00511475     
0.00515137     0.00516357     0.00518799     0.00515137     
0.00518799     0.00506592     0.00501709     0.00490723     
0.00489502     0.00490723     0.0048584     0.0046875     
0.00471191     0.00469971     0.00456543     0.00460205     
0.00460205     0.00457764     0.00455322     0.00466309     
0.00466309     0.00477295     0.00477295     0.00479736     
0.00490723     0.00494385     0.00488281     0.00489502     
0.00489502     0.00495605     0.00483398     0.00487061     
0.00484619     0.00484619     0.00487061     0.00474854     
0.00469971     0.00471191     0.00469971     0.00471191     
0.00471191     0.00462646     0.00467529     0.00469971     
0.00472412     0.00457764     0.00465088     0.00471191     
0.00476074     0.00469971     0.00476074     0.00484619     
0.00500488     0.00498047     0.00496826     0.00507813     
0.00518799     0.00523682     0.0052124     0.00529785     
0.00548096     0.00534668     0.00532227     0.0053833     
0.00550537     0.00540771     0.00526123     0.00528564     
0.00533447     0.00534668     0.00517578     0.00526123     
0.00516357     0.00507813     0.00490723     0.00483398     
0.00472412     0.0046875     0.00445557     0.00447998     
0.00444336     0.00445557     0.00438232     0.00438232     
0.00445557     0.00447998     0.00445557     0.00454102     
0.00466309     0.0046875     0.00461426     0.00467529     
0.00477295     0.00483398     0.00472412     0.00469971     
0.00479736     0.00479736     0.00490723     0.00478516     
0.00499268     0.00501709     0.00499268     0.00505371     
0.00517578     0.00516357     0.00517578     0.00512695     
0.00526123     0.00517578     0.00527344     0.00516357     
0.00527344     0.00529785     0.00516357     0.0052124     
0.00517578     0.00511475     0.00509033     0.0050415     
0.00500488     0.00506592     0.0050293     0.00505371     
0.00507813     0.00505371     0.00507813     0.00513916     
0.00515137     0.00528564     0.00540771     0.00545654     
0.00551758     0.00552979     0.00557861     0.00556641     
0.00562744     0.00570068     0.00568848     0.00557861     
0.00561523     0.00556641     0.00548096     0.00543213     
0.00541992     0.00527344     0.0052002     0.00507813     
0.00499268     0.00490723     0.00484619     0.00477295     
0.0048584     0.00483398     0.00477295     0.00482178     
0.00493164     0.00498047     0.00500488     0.00506592     
0.00513916     0.00513916     0.00506592     0.00501709     
0.00496826     0.00498047     0.00474854     0.00480957     
0.00483398     0.00480957     0.00477295     0.00489502     
0.00500488     0.00505371     0.00501709     0.00526123     
0.00529785     0.00540771     0.00533447     0.00550537     
0.00549316     0.00544434     0.00540771     0.00534668     
0.00532227     0.00523682     0.00506592     0.0050293     
0.00501709     0.00489502     0.00474854     0.00478516     
0.00476074     0.00457764     0.00455322     0.00449219     
0.00444336     0.00445557     0.00444336     0.00432129     
0.00440674     0.0043335     0.00423584     0.00421143     
0.00422363     0.00405273     0.00402832     0.00404053     
0.00402832     0.00401611     0.00401611     0.00394287     
0.00397949     0.00395508     0.00394287     0.00394287     
0.00402832     0.00413818     0.00412598     0.0041748     
0.00423584     0.00438232     0.00437012     0.00439453     
0.00447998     0.00463867     0.00456543     0.00461426     
0.00457764     0.00474854     0.00458984     0.00480957     
0.0048584     0.00488281     0.00489502     0.00488281     
0.00495605     0.00490723     0.00483398     0.00479736     
0.00484619     0.00471191     0.00466309     0.00462646     
0.00458984     0.00449219     0.00443115     0.00449219     
0.00457764     0.00446777     0.00447998     0.00450439     
0.00463867     0.00454102     0.00452881     0.00454102     
0.00458984     0.00443115     0.00439453     0.00435791     
0.0043335     0.00429688     0.00423584     0.00426025     
0.00421143     0.00421143     0.00411377     0.00418701     
0.0041626     0.00421143     0.00401611     0.00407715     
0.00413818     0.00411377     0.00407715     0.00406494     
0.00412598     0.00422363     0.00407715     0.00415039     
0.00440674     0.00439453     0.00437012     0.00441895     
0.00450439     0.00461426     0.00449219     0.00457764     
0.00452881     0.0045166     0.00440674     0.00435791     
0.0043457     0.00435791     0.00421143     0.00423584     
0.00426025     0.00428467     0.0043457     0.00423584     
0.00439453     0.00445557     0.00456543     0.00452881     
0.00465088     0.00465088     0.00471191     0.00471191     
0.00476074     0.00476074     0.00477295     0.00471191     
0.00469971     0.0046875     0.00457764     0.00454102     
0.00446777     0.00439453     0.00432129     0.00435791     
0.00422363     0.00428467     0.0041748     0.00405273     
0.00408936     0.00411377     0.00397949     0.00405273     
0.00397949     0.00408936     0.00405273     0.00413818     
0.00415039     0.00418701     0.00419922     0.00423584     
0.00432129     0.00427246     0.00432129     0.0043335     
0.00427246     0.00418701     0.0041748     0.00415039     
0.00413818     0.00415039     0.00408936     0.00404053     
0.00408936     0.00411377     0.00410156     0.00412598     
0.00407715     0.00405273     0.00401611     0.00396729     
0.00396729     0.00386963     0.00379639     0.0038208     
0.00383301     0.00390625     0.00390625     0.00396729     
0.00400391     0.00412598     0.00407715     0.00423584     
0.00430908     0.00435791     0.00428467     0.00437012     
0.00446777     0.00441895     0.00435791     0.00445557     
0.00443115     0.00446777     0.00439453     0.00447998     
0.00443115     0.00456543     0.00443115     0.00444336     
0.00455322     0.00446777     0.00447998     0.00437012     
0.00450439     0.00443115     0.00441895     0.00446777     
0.00457764     0.00460205     0.00458984     0.00452881     
0.00447998     0.00443115     0.00438232     0.00426025     
0.00429688     0.00418701     0.00407715     0.00402832     
0.00404053     0.00395508     0.00388184     0.00378418     
0.00390625     0.00395508     0.00388184     0.0038208     
0.00395508     0.00404053     0.00412598     0.00413818     
0.00429688     0.0043457     0.00439453     0.00447998     
0.00452881     0.00454102     0.00463867     0.00456543     
0.0045166     0.00452881     0.00437012     0.00435791     
0.00427246     0.00424805     0.00410156     0.00423584     
0.00424805     0.00407715     0.00418701     0.0041626     
0.00415039     0.00419922     0.00427246     0.00426025     
0.0043335     0.00435791     0.00428467     0.00446777     
0.00445557     0.00446777     0.00449219     0.00458984     
0.00466309     0.00465088     0.00463867     0.00455322     
0.00466309     0.00463867     0.00461426     0.00457764     
0.00471191     0.00457764     0.00447998     0.00458984     
0.00458984     0.00439453     0.00440674     0.00446777     
0.0043457     0.0043335     0.00421143     0.00438232     
0.00427246     0.00428467     0.00426025     0.0043335     
0.00447998     0.00443115     0.0043335     0.00446777     
0.00446777     0.00446777     0.0043335     0.0045166     
0.00439453     0.00445557     0.00446777     0.00429688     
0.00444336     0.00437012     0.00428467     0.00429688     
0.0043335     0.00426025     0.0043335     0.00415039     
0.00415039     0.0041748     0.00421143     0.00418701     
0.00423584     0.00423584     0.00422363     0.00430908     
0.00430908     0.00430908     0.00427246     0.00423584     
0.00430908     0.00424805     0.00407715     0.00410156     
0.00415039     0.00401611     0.00397949     0.00400391     
0.00393066     0.00397949     0.0039917     0.0039917     
0.00406494     0.00407715     0.00405273     0.00410156     
0.00411377     0.00419922     0.00424805     0.0041626     
0.00423584     0.00428467     0.0041748     0.00421143     
0.00422363     0.00432129     0.00418701     0.0043335     
0.0043457     0.00426025     0.00426025     0.00424805     
0.00432129     0.00408936     0.00412598     0.00410156     
0.00405273     0.00394287     0.00388184     0.00388184     
0.00396729     0.00385742     0.00394287     0.00389404     
0.00402832     0.00404053     0.00402832     0.00407715     
0.00428467     0.0043457     0.00439453     0.00446777     
0.00462646     0.00458984     0.00472412     0.00479736     
0.00487061     0.00490723     0.00499268     0.00506592     
0.00505371     0.00516357     0.00500488     0.00506592     
0.00510254     0.00522461     0.00500488     0.00498047     
0.00506592     0.00482178     0.00483398     0.0048584     
0.00471191     0.00465088     0.00452881     0.00458984     
0.00446777     0.00449219     0.00458984     0.00446777     
0.00450439     0.00457764     0.00463867     0.00458984     
0.00471191     0.00465088     0.00469971     0.00478516     
0.00482178     0.00484619     0.00482178     0.00471191     
0.00484619     0.00474854     0.00461426     0.00446777     
0.00449219     0.00446777     0.0043457     0.00423584     
0.00427246     0.00427246     0.00415039     0.00412598     
0.00419922     0.00424805     0.00422363     0.00427246     
0.00440674     0.00446777     0.00447998     0.00457764     
0.00471191     0.00473633     0.00467529     0.00482178     
0.00484619     0.00483398     0.00482178     0.00465088     
0.00469971     0.0046875     0.00457764     0.00458984     
0.00444336     0.00450439     0.00429688     0.00439453     
0.00444336     0.00437012     0.00432129     0.00424805     
0.00432129     0.00438232     0.00435791     0.00440674     
0.0043457     0.0043335     0.00426025     0.00427246     
0.0043335     0.00424805     0.00421143     0.00410156     
0.00419922     0.0041626     0.00415039     0.0041626     
0.00415039     0.00418701     0.00421143     0.00413818     
0.00415039     0.00408936     0.00415039     0.00401611     
0.00413818     0.00405273     0.00400391     0.00397949     
0.00402832     0.00395508     0.0038208     0.00401611     
0.00397949     0.00408936     0.00405273     0.00413818     
0.00424805     0.00423584     0.00432129     0.00438232     
0.0043457     0.00447998     0.00435791     0.00444336     
0.00450439     0.00446777     0.00446777     0.00429688     
0.00435791     0.00435791     0.00426025     0.00422363     
0.00429688     0.00426025     0.0041626     0.00419922     
0.00412598     0.00418701     0.00419922     0.00413818     
0.00419922     0.00419922     0.00419922     0.00411377     
0.00421143     0.00430908     0.00427246     0.00423584     
0.00427246     0.00430908     0.00427246     0.00422363     
0.00428467     0.00421143     0.0041748     0.00408936     
0.00410156     0.00407715     0.00402832     0.00408936     
0.00397949     0.00395508     0.0039917     0.00396729     
0.0039917     0.00402832     0.00400391     0.00394287     
0.00400391     0.00396729     0.00390625     0.00396729     
0.00395508     0.00411377     0.00396729     0.00406494     
0.00408936     0.00408936     0.00405273     0.00406494     
0.0041748     0.00415039     0.00421143     0.00418701     
0.00419922     0.00419922     0.00413818     0.00408936     
0.00426025     0.00429688     0.00429688     0.00424805     
0.00438232     0.00426025     0.00440674     0.00441895     
0.00446777     0.00439453     0.00443115     0.00440674     
0.00445557     0.0043457     0.00429688     0.0041626     
0.0041626     0.00401611     0.00391846     0.00380859     
0.00377197     0.00378418     0.00350342     0.00352783     
0.00355225     0.00349121     0.00345459     0.003479     
0.00355225     0.00345459     0.00345459     0.00354004     
0.00352783     0.00358887     0.003479     0.00355225     
0.00357666     0.0036377     0.00344238     0.00343018     
0.00352783     0.00356445     0.0034668     0.00339355     
0.00355225     0.00350342     0.00345459     0.00350342     
0.00356445     0.00358887     0.00351563     0.0034668     
0.00356445     0.00354004     0.00350342     0.0034668     
0.00355225     0.00355225     0.00362549     0.00358887     
0.00375977     0.00371094     0.00368652     0.00375977     
0.00389404     0.00391846     0.00394287     0.00391846     
0.00397949     0.00395508     0.00394287     0.00397949     
0.00405273     0.00405273     0.00408936     0.0041626     
0.00407715     0.00422363     0.00418701     0.00412598     
0.00418701     0.00422363     0.00407715     0.00405273     
0.00397949     0.00395508     0.00379639     0.00374756     
0.00369873     0.0036499     0.0034668     0.00351563     
0.00355225     0.00338135     0.00339355     0.003479     
0.00351563     0.00341797     0.00341797     0.00352783     
0.0036499     0.00356445     0.00368652     0.00368652     
0.00385742     0.00377197     0.00383301     0.00386963     
0.00396729     0.00384521     0.00377197     0.00369873     
0.00373535     0.00366211     0.00354004     0.00345459     
0.00349121     0.00349121     0.0034668     0.00344238     
0.00345459     0.00357666     0.00350342     0.0036499     
0.00374756     0.00380859     0.00379639     0.00389404     
0.0039917     0.00405273     0.00401611     0.00408936     
0.00404053     0.00419922     0.00413818     0.00422363     
0.00430908     0.00429688     0.00428467     0.0043335     
0.0043335     0.00437012     0.00438232     0.00432129     
0.00441895     0.00435791     0.00423584     0.00422363     
0.0043457     0.00427246     0.00432129     0.00428467     
0.00440674     0.0043335     0.00446777     0.00447998     
0.00455322     0.00456543     0.00449219     0.00456543     
0.00447998     0.00446777     0.00444336     0.00428467     
0.00428467     0.00424805     0.00410156     0.00406494     
0.00421143     0.00422363     0.00415039     0.00427246     
0.00435791     0.00435791     0.00441895     0.00446777     
0.00450439     0.00462646     0.00456543     0.00454102     
0.00460205     0.0046875     0.00450439     0.00456543     
0.00466309     0.00463867     0.00456543     0.00461426     
0.00472412     0.00462646     0.00460205     0.00469971     
0.00466309     0.00471191     0.00466309     0.00458984     
0.00458984     0.00449219     0.00438232     0.00437012     
0.00427246     0.00421143     0.00412598     0.00405273     
0.00405273     0.00388184     0.00393066     0.00391846     
0.00390625     0.00389404     0.00397949     0.00393066     
0.00401611     0.00404053     0.00401611     0.00401611     
0.00413818     0.00411377     0.00411377     0.00411377     
0.00410156     0.00426025     0.00422363     0.00427246     
0.00444336     0.00447998     0.00438232     0.0043457     
0.00449219     0.00437012     0.0043457     0.00422363     
0.00412598     0.00410156     0.00396729     0.00404053     
0.00390625     0.00384521     0.00377197     0.00375977     
0.00388184     0.00384521     0.00394287     0.00393066     
0.00402832     0.0041626     0.00411377     0.0041748     
0.00426025     0.00429688     0.00415039     0.00405273     
0.00400391     0.00397949     0.00386963     0.00367432     
0.00366211     0.00354004     0.00352783     0.00336914     
0.00341797     0.00333252     0.00327148     0.00333252     
0.00344238     0.003479     0.00360107     0.00369873     
0.00380859     0.00386963     0.00388184     0.00397949     
0.00402832     0.00402832     0.00393066     0.00394287     
0.00393066     0.00391846     0.00394287     0.00396729     
0.00393066     0.00402832     0.00396729     0.00407715     
0.00402832     0.00415039     0.00406494     0.00402832     
0.00401611     0.00401611     0.0039917     0.00390625     
0.00397949     0.00386963     0.00383301     0.00377197     
0.00379639     0.00384521     0.00377197     0.00369873     
0.00386963     0.00385742     0.00385742     0.00391846     
0.00397949     0.00393066     0.00394287     0.0039917     
0.00405273     0.00401611     0.00395508     0.00400391     
0.00404053     0.0039917     0.0039917     0.00395508     
0.00397949     0.00389404     0.00393066     0.00391846     
0.00389404     0.00388184     0.00379639     0.00380859     
0.00378418     0.0038208     0.00367432     0.00372314     
0.00366211     0.00369873     0.0036377     0.00371094     
0.00368652     0.00374756     0.00360107     0.00372314     
0.00374756     0.00384521     0.00379639     0.00380859     
0.00397949     0.00411377     0.00401611     0.0041626     
0.00432129     0.00441895     0.00439453     0.00443115     
0.00456543     0.00454102     0.00450439     0.00449219     
0.00452881     0.0045166     0.00444336     0.00438232     
0.00435791     0.00428467     0.00413818     0.00410156     
0.00402832     0.00394287     0.00386963     0.00379639     
0.00383301     0.00378418     0.00375977     0.00371094     
0.00390625     0.00389404     0.00388184     0.00405273     
0.00407715     0.00418701     0.00419922     0.00427246     
0.00426025     0.00435791     0.00430908     0.0041626     
0.00419922     0.00415039     0.00400391     0.00401611     
0.00395508     0.00401611     0.00380859     0.00388184     
0.00385742     0.00377197     0.00389404     0.00379639     
0.00388184     0.00389404     0.00396729     0.00397949     
0.00411377     0.00407715     0.00404053     0.00411377     
0.00422363     0.00405273     0.00402832     0.00411377     
0.00408936     0.0039917     0.00396729     0.00397949     
0.00406494     0.00405273     0.00413818     0.00411377     
0.00423584     0.0041626     0.00418701     0.0043335     
0.00438232     0.00435791     0.00437012     0.00439453     
0.0043457     0.00432129     0.00422363     0.00422363     
0.00411377     0.00408936     0.00393066     0.00385742     
0.00390625     0.00368652     0.00362549     0.00378418     
0.00372314     0.00373535     0.00360107     0.00373535     
0.00374756     0.00374756     0.00369873     0.00373535     
0.00380859     0.00383301     0.00378418     0.00372314     
0.00384521     0.00378418     0.00371094     0.00374756     
0.00384521     0.00385742     0.00379639     0.00385742     
0.00391846     0.00395508     0.00393066     0.00389404     
0.00400391     0.00400391     0.00410156     0.00397949     
0.00402832     0.00408936     0.0039917     0.0039917     
0.00404053     0.00397949     0.00396729     0.00373535     
0.00383301     0.00383301     0.0036499     0.00383301     
0.00377197     0.00385742     0.00378418     0.00384521     
0.00383301     0.00389404     0.00380859     0.0038208     
0.0038208     0.00391846     0.00384521     0.00394287     
0.00390625     0.00395508     0.00390625     0.00397949     
0.00404053     0.00397949     0.00400391     0.00397949     
0.00408936     0.00397949     0.0039917     0.00391846     
0.00401611     0.00385742     0.00389404     0.00389404     
0.00396729     0.00397949     0.00396729     0.00404053     
0.0041748     0.00405273     0.00407715     0.00404053     
0.00407715     0.00406494     0.00395508     0.00383301     
0.00394287     0.00390625     0.00386963     0.00380859     
0.00384521     0.00377197     0.00384521     0.00391846     
0.00388184     0.00394287     0.00386963     0.00393066     
0.00396729     0.00394287     0.00383301     0.00391846     
0.00396729     0.00385742     0.00377197     0.00384521     
0.00380859     0.00380859     0.00373535     0.0038208     
0.00375977     0.00386963     0.00379639     0.00378418     
0.00383301     0.00374756     0.00361328     0.00356445     
0.00358887     0.00354004     0.0034668     0.00340576     
0.00344238     0.00340576     0.00343018     0.00344238     
0.003479     0.00362549     0.00361328     0.00361328     
0.00384521     0.00396729     0.00394287     0.0039917     
0.00412598     0.00413818     0.00410156     0.00422363     
0.00424805     0.0041626     0.00418701     0.00408936     
0.00410156     0.00405273     0.00396729     0.00395508     
0.00394287     0.00391846     0.00385742     0.00394287     
0.00393066     0.0039917     0.00395508     0.00391846     
0.00391846     0.00390625     0.00378418     0.00379639     
0.00367432     0.00358887     0.003479     0.00352783     
0.00340576     0.0032959     0.00336914     0.0032959     
0.00333252     0.0032959     0.00338135     0.0034668     
0.00343018     0.00344238     0.00344238     0.003479     
0.00356445     0.003479     0.00349121     0.00354004     
0.00375977     0.00362549     0.0036499     0.00362549     
0.00377197     0.00369873     0.00366211     0.0036499     
0.00368652     0.0036377     0.0036499     0.00372314     
0.00375977     0.0038208     0.00389404     0.00404053     
0.00406494     0.00423584     0.0041748     0.00438232     
0.00439453     0.00440674     0.00444336     0.00450439     
0.00458984     0.0045166     0.00441895     0.00437012     
0.00429688     0.00437012     0.00413818     0.00415039     
0.00415039     0.0041626     0.00396729     0.00388184     
0.00405273     0.00397949     0.00394287     0.00396729     
0.00396729     0.00400391     0.00397949     0.00413818     
0.00422363     0.00424805     0.00418701     0.00422363     
0.00428467     0.00432129     0.00435791     0.00432129     
0.00430908     0.00438232     0.00435791     0.00429688     
0.00438232     0.00432129     0.00424805     0.00419922     
0.00419922     0.00412598     0.00407715     0.00404053     
0.0039917     0.00395508     0.0038208     0.00377197     
0.00373535     0.00379639     0.0038208     0.00368652     
0.00369873     0.00372314     0.00362549     0.00368652     
0.00368652     0.00366211     0.00352783     0.00362549     
0.00358887     0.00367432     0.003479     0.0036377     
0.00367432     0.00368652     0.00356445     0.00358887     
0.00372314     0.00366211     0.00361328     0.00354004     
0.00355225     0.00355225     0.00344238     0.00338135     
0.00341797     0.00332031     0.00336914     0.00334473     
0.00341797     0.00332031     0.00344238     0.00330811     
0.00344238     0.00355225     0.00343018     0.0034668     
0.00355225     0.00355225     0.00358887     0.00362549     
0.00378418     0.00368652     0.00375977     0.00380859     
0.00388184     0.00393066     0.00386963     0.00393066     
0.00394287     0.00391846     0.00377197     0.00373535     
0.00368652     0.00358887     0.0034668     0.00340576     
0.0032959     0.00324707     0.00322266     0.00321045     
0.00319824     0.0032959     0.00328369     0.00330811     
0.003479     0.00350342     0.00351563     0.00358887     
0.00368652     0.00371094     0.00358887     0.00355225     
0.00356445     0.0034668     0.00336914     0.00327148     
0.00328369     0.00324707     0.00313721     0.00310059     
0.00311279     0.00307617     0.00310059     0.00311279     
0.00321045     0.00318604     0.00332031     0.0032959     
0.00334473     0.00336914     0.0034668     0.00336914     
0.00358887     0.00367432     0.00356445     0.00357666     
0.00361328     0.00366211     0.00372314     0.00378418     
0.00372314     0.00390625     0.00396729     0.00394287     
0.00401611     0.00421143     0.0041626     0.00426025     
0.00429688     0.00427246     0.00423584     0.00418701     
0.00418701     0.0041626     0.00412598     0.00397949     
0.00406494     0.00397949     0.00404053     0.00395508     
0.00393066     0.00406494     0.00402832     0.00406494     
0.0041748     0.00411377     0.00419922     0.00421143     
0.00418701     0.00415039     0.0041748     0.00408936     
0.00404053     0.00405273     0.00390625     0.00389404     
0.00378418     0.00366211     0.00372314     0.00360107     
0.00373535     0.00357666     0.0034668     0.0034668     
0.00343018     0.00341797     0.00332031     0.00340576     
0.00344238     0.00340576     0.00328369     0.00336914     
0.00339355     0.00334473     0.00333252     0.00338135     
0.00340576     0.0034668     0.00343018     0.00351563     
0.003479     0.00360107     0.00345459     0.00351563     
0.00351563     0.00360107     0.00360107     0.00360107     
0.00367432     0.00355225     0.0036499     0.0036377     
0.00369873     0.00372314     0.00358887     0.00358887     
0.00368652     0.00366211     0.00375977     0.00375977     
0.00383301     0.00383301     0.00389404     0.00390625     
0.00385742     0.00386963     0.00389404     0.00388184     
0.00395508     0.00393066     0.00389404     0.00384521     
0.00391846     0.00385742     0.00371094     0.00374756     
0.00368652     0.00378418     0.00360107     0.00358887     
0.00361328     0.00360107     0.00362549     0.00356445     
0.00367432     0.00368652     0.00366211     0.00366211     
0.00371094     0.00378418     0.00367432     0.00379639     
0.00375977     0.00371094     0.0036499     0.00358887     
0.0036377     0.00357666     0.00352783     0.00339355     
0.00343018     0.003479     0.00334473     0.00333252     
0.00328369     0.00328369     0.00336914     0.00333252     
0.00343018     0.00350342     0.00350342     0.00357666     
0.00368652     0.0036499     0.00362549     0.00367432     
0.00380859     0.00386963     0.00368652     0.00368652     
0.00379639     0.00369873     0.0036499     0.00358887     
0.00358887     0.00357666     0.00341797     0.00339355     
0.00334473     0.00332031     0.00316162     0.00313721     
0.00314941     0.00306396     0.00301514     0.00308838     
0.00303955     0.00303955     0.00292969     0.00313721     
0.00307617     0.00317383     0.0032959     0.00324707     
0.00336914     0.00350342     0.00345459     0.00351563     
0.0036377     0.0036377     0.00362549     0.00366211     
0.0036499     0.00368652     0.00372314     0.00362549     
0.00368652     0.00362549     0.00366211     0.00356445     
0.00362549     0.00362549     0.00352783     0.00354004     
0.00354004     0.00354004     0.00343018     0.00336914     
0.00334473     0.00333252     0.00328369     0.00323486     
0.00328369     0.00325928     0.00328369     0.00335693     
0.00340576     0.00344238     0.00350342     0.00355225     
0.00355225     0.00366211     0.00374756     0.00367432     
0.00375977     0.00378418     0.00358887     0.00380859     
0.00369873     0.0038208     0.0036377     0.00372314     
0.00369873     0.00361328     0.00362549     0.00356445     
0.00366211     0.00358887     0.0034668     0.00344238     
0.00354004     0.00336914     0.00334473     0.00324707     
0.00339355     0.0032959     0.00327148     0.00334473     
0.00336914     0.00333252     0.00344238     0.00336914     
0.00345459     0.00356445     0.0034668     0.00343018     
0.00355225     0.00352783     0.00349121     0.00355225     
0.00369873     0.00358887     0.00356445     0.00358887     
0.00357666     0.0036377     0.00341797     0.00354004     
0.00349121     0.00344238     0.00340576     0.00336914     
0.00333252     0.00319824     0.00318604     0.00323486     
0.00316162     0.00324707     0.00318604     0.0032959     
0.00323486     0.00343018     0.003479     0.00336914     
0.00357666     0.00362549     0.00356445     0.00357666     
0.00372314     0.00375977     0.00378418     0.00374756     
0.0038208     0.00380859     0.00375977     0.00377197     
0.00380859     0.00375977     0.00372314     0.00366211     
0.00377197     0.00379639     0.00380859     0.00373535     
0.00375977     0.00375977     0.00375977     0.00371094     
0.00373535     0.00385742     0.00390625     0.0038208     
0.00391846     0.00402832     0.00389404     0.00405273     
0.00415039     0.00430908     0.00422363     0.00419922     
0.00428467     0.00432129     0.00430908     0.00426025     
0.00418701     0.00422363     0.00404053     0.00413818     
0.00396729     0.00401611     0.00391846     0.00388184     
0.00395508     0.00389404     0.00383301     0.00383301     
0.00391846     0.0038208     0.00384521     0.00377197     
0.00383301     0.00375977     0.00371094     0.00386963     
0.00368652     0.00360107     0.00362549     0.00357666     
0.0036377     0.00360107     0.00352783     0.00351563     
0.00360107     0.00351563     0.00344238     0.00344238     
0.00357666     0.00350342     0.00343018     0.00350342     
0.00371094     0.00362549     0.00358887     0.00357666     
0.00361328     0.00366211     0.00351563     0.00355225     
0.00350342     0.00339355     0.00330811     0.00334473     
0.00323486     0.00314941     0.00313721     0.00322266     
0.00310059     0.003125     0.00297852     0.00311279     
0.00306396     0.00319824     0.003125     0.00296631     
0.00302734     0.00307617     0.00292969     0.00285645     
0.00296631     0.00294189     0.00289307     0.00288086     
0.00299072     0.00311279     0.00319824     0.00325928     
0.00339355     0.00351563     0.00369873     0.0036499     
0.00378418     0.00391846     0.00402832     0.0039917     
0.00408936     0.00408936     0.00407715     0.00408936     
0.00400391     0.00395508     0.00394287     0.00378418     
0.00380859     0.00371094     0.00356445     0.00360107     
0.00350342     0.00340576     0.00328369     0.00319824     
0.00299072     0.00305176     0.00292969     0.002771     
0.00269775     0.00266113     0.00253906     0.00253906     
0.00255127     0.00264893     0.00270996     0.00279541     
0.00286865     0.0029541     0.00302734     0.00311279     
0.00323486     0.00325928     0.0032959     0.00334473     
0.00343018     0.00336914     0.00333252     0.00335693     
0.0034668     0.00338135     0.00324707     0.00332031     
0.00335693     0.0032959     0.00330811     0.0032959     
0.00336914     0.00335693     0.00324707     0.00330811     
0.00333252     0.00333252     0.00339355     0.00336914     
0.00351563     0.00351563     0.00351563     0.00358887     
0.00358887     0.00357666     0.00352783     0.00355225     
0.00357666     0.00362549     0.0034668     0.00351563     
0.00356445     0.00343018     0.00338135     0.0034668     
0.00332031     0.00335693     0.00319824     0.00322266     
0.00325928     0.00336914     0.00334473     0.00328369     
0.00340576     0.00355225     0.00349121     0.00349121     
0.00371094     0.00367432     0.00357666     0.00358887     
0.00358887     0.00352783     0.003479     0.0034668     
0.00350342     0.00338135     0.00335693     0.00325928     
0.00327148     0.00323486     0.00322266     0.00316162     
0.00311279     0.00307617     0.00307617     0.00297852     
0.00308838     0.00302734     0.00307617     0.00303955     
0.00307617     0.00323486     0.00307617     0.00316162     
0.00319824     0.00325928     0.00318604     0.00328369     
0.00327148     0.00330811     0.00332031     0.00325928     
0.00325928     0.0032959     0.00323486     0.00316162     
0.00321045     0.00323486     0.00316162     0.00317383     
0.00322266     0.00316162     0.00316162     0.00317383     
0.003125     0.00311279     0.00313721     0.00301514     
0.003125     0.00296631     0.00297852     0.00291748     
0.00291748     0.00279541     0.00290527     0.00273438     
0.0027832     0.00280762     0.00284424     0.00281982     
0.00285645     0.00284424     0.00299072     0.00299072     
0.00314941     0.00321045     0.00333252     0.00332031     
0.00349121     0.00344238     0.00351563     0.00351563     
0.00358887     0.00362549     0.00350342     0.00354004     
0.00366211     0.00354004     0.00345459     0.00351563     
0.00360107     0.00360107     0.00351563     0.00371094     
0.0036499     0.0036377     0.00369873     0.00379639     
0.00373535     0.00371094     0.0036377     0.0036377     
0.00373535     0.0036499     0.00358887     0.0036377     
0.00369873     0.0036499     0.00371094     0.00368652     
0.00383301     0.00390625     0.00383301     0.00395508     
0.00405273     0.0041748     0.00415039     0.00415039     
0.0041626     0.00421143     0.00430908     0.00407715     
0.00412598     0.00405273     0.00404053     0.00388184     
0.00394287     0.0038208     0.00375977     0.00369873     
0.00375977     0.00366211     0.00356445     0.00354004     
0.00352783     0.00361328     0.00354004     0.00358887     
0.00358887     0.00369873     0.00377197     0.00373535     
0.00385742     0.00400391     0.00389404     0.00407715     
0.00397949     0.00415039     0.00410156     0.00411377     
0.00411377     0.00407715     0.00408936     0.00406494     
0.0041748     0.00413818     0.00413818     0.00404053     
0.00408936     0.0039917     0.00393066     0.00385742     
0.00383301     0.00375977     0.00369873     0.00369873     
0.00380859     0.00375977     0.00372314     0.00371094     
0.00391846     0.00397949     0.00388184     0.00401611     
0.00407715     0.00404053     0.00407715     0.00408936     
0.00419922     0.00415039     0.00412598     0.00404053     
0.00400391     0.00404053     0.00390625     0.00393066     
0.00383301     0.00375977     0.00368652     0.00371094     
0.00360107     0.00361328     0.00350342     0.00354004     

