Source : transient; Time : Wed Jun 14 07:59:45 2017
B0 = 3280.000000 Gauss, mw = 9.686280 GHz
 NDI-T2 sa261 20/2 42/25 523nm/1mJ
1 5000 -1.001e-06 8.997e-06 0 0
s                        V                                                 
0.00065918     0.000598145     0.000439453     0.000463867     
0.000317383     0.000268555     0.000256348     0.000305176     
0.000231934     0.000317383     0.000183105     0.000292969     
0.000256348     9.76563e-05     0.000109863     0.000109863     
3.66211e-05     -0.000170898     -8.54492e-05     -0.000195313     
-0.000378418     -0.000292969     -0.00032959     -0.000244141     
-0.000390625     -0.000341797     -0.00045166     -0.000292969     
-0.000305176     -0.000402832     -0.000219727     -8.54492e-05     
-4.88281e-05     -6.10352e-05     1.2207e-05     6.10352e-05     
0.000146484     0.000170898     0.000231934     0.000341797     
0.000427246     0.000378418     0.000390625     0.000317383     
0.000292969     0.000317383     0.000231934     0.000280762     
0.000390625     0.000317383     0.000390625     0.000500488     
0.000415039     0.000561523     0.000585938     0.000683594     
0.000732422     0.000756836     0.000610352     0.000708008     
0.00065918     0.000598145     0.000537109     0.000598145     
0.000512695     0.00045166     0.000402832     0.000378418     
0.000476074     0.000341797     0.000390625     0.000537109     
0.000378418     0.000500488     0.000341797     0.000415039     
0.000439453     0.000463867     0.000292969     0.000402832     
0.000390625     0.000280762     0.000219727     0.000354004     
0.000146484     0.000195313     0.000244141     0.000292969     
0.000354004     0.000366211     0.00032959     0.000463867     
0.000549316     0.00057373     0.000561523     0.000671387     
0.000708008     0.000720215     0.000769043     0.00078125     
0.000805664     0.000830078     0.000793457     0.000830078     
0.000744629     0.000720215     0.000598145     0.000646973     
0.000476074     0.000488281     0.00045166     0.000476074     
0.000402832     0.000390625     0.000439453     0.000512695     
0.000463867     0.000415039     0.000708008     0.000769043     
0.000830078     0.000756836     0.000720215     0.000891113     
0.000769043     0.000817871     0.00078125     0.000915527     
0.000817871     0.000646973     0.000671387     0.000695801     
0.000610352     0.000439453     0.000488281     0.000598145     
0.000537109     0.000354004     0.000305176     0.000390625     
0.000280762     0.000146484     0.000219727     0.000280762     
0.000305176     0.000231934     0.000134277     0.000183105     
0.000134277     7.32422e-05     0.000183105     0.000231934     
0.000146484     0.000109863     -3.66211e-05     -3.66211e-05     
9.76563e-05     4.88281e-05     -3.66211e-05     0.00012207     
0     9.76563e-05     4.88281e-05     0.000134277     
0.000158691     4.88281e-05     0.000158691     0.000256348     
0.000280762     0.000134277     0.00020752     0.000341797     
0.000244141     0.000219727     0.000195313     0.000341797     
0.000170898     0.000231934     0.000195313     0.000256348     
0.000244141     0.000280762     0.000354004     0.000354004     
0.000280762     0.00032959     0.000439453     0.000463867     
0.000524902     0.000598145     0.000646973     0.000720215     
0.000854492     0.000732422     0.000744629     0.000854492     
0.000744629     0.000708008     0.000756836     0.000830078     
0.00078125     0.000732422     0.000610352     0.000708008     
0.000683594     0.000598145     0.000646973     0.000830078     
0.000708008     0.00090332     0.000878906     0.000927734     
0.000866699     0.000891113     0.000927734     0.000964355     
0.000927734     0.000891113     0.000805664     0.000830078     
0.000756836     0.00078125     0.000683594     0.000866699     
0.000805664     0.000708008     0.000646973     0.000805664     
0.000683594     0.000646973     0.000671387     0.000756836     
0.00065918     0.000598145     0.000512695     0.00057373     
0.000476074     0.000463867     0.000488281     0.000561523     
0.000524902     0.00045166     0.000561523     0.000585938     
0.000561523     0.00057373     0.000610352     0.000732422     
0.000683594     0.000537109     0.000512695     0.000561523     
0.000524902     0.00045166     0.000415039     0.000463867     
0.000402832     0.000476074     0.000256348     0.000354004     
0.000354004     0.000305176     0.000256348     0.000292969     
0.00045166     0.000439453     0.000402832     0.000500488     
0.00057373     0.000463867     0.000561523     0.000683594     
0.000695801     0.000671387     0.000634766     0.000708008     
0.000646973     0.000683594     0.000646973     0.000622559     
0.000622559     0.000488281     0.000427246     0.000439453     
0.000402832     0.000366211     0.000292969     0.000378418     
0.000402832     0.000341797     0.000354004     0.000415039     
0.00045166     0.000402832     0.000634766     0.000598145     
0.00057373     0.000537109     0.000561523     0.000585938     
0.000512695     0.000488281     0.000415039     0.000646973     
0.000512695     0.000439453     0.00045166     0.000524902     
0.000402832     0.000463867     0.000463867     0.000671387     
0.000585938     0.000439453     0.000561523     0.00057373     
0.000524902     0.000488281     0.000585938     0.000500488     
0.000512695     0.000537109     0.000488281     0.00057373     
0.000378418     0.000378418     0.000378418     0.000427246     
0.000427246     0.000390625     0.000305176     0.000439453     
0.000390625     0.000317383     0.00032959     0.000427246     
0.000402832     0.000244141     0.000280762     0.000305176     
0.000109863     6.10352e-05     0.000134277     -2.44141e-05     
0.00012207     2.44141e-05     -0.000170898     -9.76563e-05     
-9.76563e-05     -0.000134277     -0.000146484     7.32422e-05     
-1.2207e-05     7.32422e-05     6.10352e-05     0.00012207     
0.000219727     0.000292969     0.000183105     0.000427246     
0.000341797     0.000439453     0.000354004     0.000354004     
0.00032959     0.000305176     0.000244141     0.000134277     
0.000195313     9.76563e-05     3.66211e-05     7.32422e-05     
-2.44141e-05     1.2207e-05     -1.2207e-05     7.32422e-05     
0.000134277     0.000170898     0.000109863     9.76563e-05     
0.000231934     0.000195313     0.00012207     0.000244141     
0.000244141     0.000195313     0.00012207     0.000146484     
0.000158691     0.000158691     0.000219727     0.000305176     
0.00032959     0.000244141     0.000317383     0.000463867     
0.00045166     0.000439453     0.000512695     0.00057373     
0.000634766     0.000634766     0.000512695     0.000634766     
0.000524902     0.000439453     0.000512695     0.000646973     
0.00045166     0.000561523     0.000549316     0.000561523     
0.000415039     0.000390625     0.000439453     0.000463867     
0.000366211     0.000256348     0.000268555     9.76563e-05     
2.44141e-05     1.2207e-05     -4.88281e-05     9.76563e-05     
1.2207e-05     -7.32422e-05     -0.000134277     9.76563e-05     
-4.88281e-05     -0.00012207     -2.44141e-05     0     
-2.44141e-05     -0.000109863     -0.000109863     -2.44141e-05     
-0.00012207     -0.000146484     -8.54492e-05     9.76563e-05     
8.54492e-05     9.76563e-05     0.000219727     0.00032959     
0.000585938     0.000561523     0.000646973     0.000939941     
0.00102539     0.00102539     0.00114746     0.00126953     
0.00117188     0.00123291     0.0012085     0.00131836     
0.00125732     0.00123291     0.000927734     0.00102539     
0.000817871     0.000585938     0.000476074     0.000415039     
0.00020752     0.000109863     4.88281e-05     -0.000146484     
-4.88281e-05     -0.000219727     -0.000146484     -7.32422e-05     
0     8.54492e-05     6.10352e-05     0.000134277     
0.000183105     0.000390625     0.000341797     0.000512695     
0.000695801     0.000744629     0.000744629     0.000891113     
0.000964355     0.000927734     0.00102539     0.00112305     
0.00115967     0.00117188     0.00111084     0.0010376     
0.0010376     0.000891113     0.00101318     0.00100098     
0.000878906     0.000866699     0.000793457     0.000817871     
0.000622559     0.000671387     0.000622559     0.000683594     
0.00057373     0.000439453     0.000415039     0.000476074     
0.000390625     0.000476074     0.000415039     0.000500488     
0.00045166     0.000537109     0.000463867     0.00065918     
0.000622559     0.000598145     0.000646973     0.000695801     
0.000598145     0.000622559     0.000427246     0.00057373     
0.00045166     0.000390625     0.000402832     0.000524902     
0.00045166     0.000390625     0.000463867     0.000585938     
0.000512695     0.000549316     0.00057373     0.000695801     
0.000695801     0.000561523     0.000622559     0.00065918     
0.000683594     0.000476074     0.000561523     0.000500488     
0.000598145     0.000512695     0.000256348     0.00045166     
0.000390625     0.000341797     0.000317383     0.000390625     
0.000195313     0.00012207     -1.2207e-05     -0.00012207     
-0.000244141     -0.000354004     -0.000744629     -0.000891113     
-0.00117188     -0.00150146     -0.00192871     -0.00227051     
-0.00273438     -0.00308838     -0.00354004     -0.00400391     
-0.00430908     -0.00482178     -0.00540771     -0.00587158     
-0.00629883     -0.0067749     -0.00726318     -0.00758057     
-0.00805664     -0.0085083     -0.00898438     -0.00938721     
-0.00977783     -0.0102905     -0.0106567     -0.0110107     
-0.0115601     -0.0119507     -0.0124146     -0.0128174     
-0.0132935     -0.0136597     -0.0140869     -0.0144409     
-0.0148071     -0.0151855     -0.0154785     -0.0157471     
-0.0162476     -0.0165283     -0.016687     -0.01698     
-0.0174194     -0.0177246     -0.0181274     -0.0183472     
-0.0188721     -0.0192871     -0.0196411     -0.0200073     
-0.0205566     -0.0208374     -0.0214478     -0.0218506     
-0.0224243     -0.0229126     -0.023291     -0.0236084     
-0.0240234     -0.0244141     -0.0246826     -0.0251221     
-0.0253784     -0.0256592     -0.0258789     -0.0260742     
-0.0263794     -0.0266357     -0.0270752     -0.027124     
-0.0275879     -0.0277954     -0.0280518     -0.0282349     
-0.0285767     -0.028894     -0.0291748     -0.0293335     
-0.0295776     -0.0298706     -0.0300781     -0.030188     
-0.0304077     -0.0307007     -0.0309204     -0.0312012     
-0.0313477     -0.0316528     -0.0319214     -0.032019     
-0.0322388     -0.0325317     -0.0327881     -0.0328369     
-0.0331421     -0.0332764     -0.0335449     -0.033667     
-0.0337646     -0.0339111     -0.0342163     -0.0342896     
-0.0345093     -0.0346924     -0.0349121     -0.0349854     
-0.0353027     -0.0355469     -0.0358643     -0.036084     
-0.0361328     -0.0365112     -0.0365723     -0.0367188     
-0.0369263     -0.0369995     -0.0372314     -0.0373413     
-0.0374512     -0.037439     -0.0376343     -0.0377441     
-0.0378174     -0.0378662     -0.0380371     -0.0380493     
-0.0381958     -0.0382324     -0.0383667     -0.0383423     
-0.038501     -0.0385864     -0.0386963     -0.0388062     
-0.0389893     -0.0391357     -0.0391479     -0.03927     
-0.0394897     -0.0396484     -0.0397949     -0.0398804     
-0.0399658     -0.0400269     -0.0401733     -0.0400757     
-0.0401489     -0.0402466     -0.0402344     -0.0400513     
-0.0401245     -0.0400635     -0.0401001     -0.0398804     
-0.0398926     -0.0398315     -0.0397949     -0.0397095     
-0.0398071     -0.0399414     -0.0397949     -0.0398193     
-0.0398315     -0.0398926     -0.0400269     -0.0399292     
-0.0401978     -0.0401001     -0.0402344     -0.0401489     
-0.0402222     -0.040271     -0.0402344     -0.0401367     
-0.0400879     -0.0400391     -0.039978     -0.0398315     
-0.0397339     -0.0396973     -0.039856     -0.0396484     
-0.0397095     -0.0397339     -0.0395996     -0.0395996     
-0.0395142     -0.0395508     -0.0396118     -0.0395142     
-0.0395142     -0.0395264     -0.0394287     -0.0392456     
-0.0391602     -0.0391113     -0.0390625     -0.0388916     
-0.0387085     -0.0385864     -0.0384766     -0.0381104     
-0.0380127     -0.0378784     -0.0379028     -0.0376221     
-0.0375854     -0.0375732     -0.0374512     -0.0373169     
-0.0372314     -0.0372803     -0.0371948     -0.0370972     
-0.0371216     -0.0369507     -0.0368408     -0.0366577     
-0.0366333     -0.0363892     -0.0363281     -0.0362671     
-0.0361206     -0.0359863     -0.0359619     -0.0358521     
-0.0357666     -0.0357666     -0.0357178     -0.0356445     
-0.0356567     -0.0355713     -0.0355591     -0.0354004     
-0.0352905     -0.0352905     -0.0351196     -0.0349243     
-0.0348633     -0.0347168     -0.0345825     -0.0342163     
-0.034082     -0.0338623     -0.0337646     -0.0334839     
-0.0334595     -0.0333374     -0.0330566     -0.0328491     
-0.0328613     -0.032605     -0.032605     -0.0323608     
-0.0322388     -0.0321289     -0.0319702     -0.0316772     
-0.0315918     -0.0315918     -0.0313354     -0.0312744     
-0.0311279     -0.0311035     -0.0310425     -0.0307617     
-0.030835     -0.0307739     -0.030835     -0.0307251     
-0.0307007     -0.0306274     -0.0305542     -0.0304688     
-0.0303955     -0.0303101     -0.0302856     -0.0300903     
-0.0300293     -0.0298462     -0.0296631     -0.0293579     
-0.0292236     -0.0290894     -0.0288452     -0.0286621     
-0.0284912     -0.0284058     -0.0282715     -0.0281616     
-0.0279175     -0.0279663     -0.0279663     -0.0277832     
-0.0278076     -0.0277832     -0.027771     -0.0277466     
-0.0275146     -0.027478     -0.0276489     -0.0273315     
-0.0272583     -0.0271973     -0.0271606     -0.0268677     
-0.0267334     -0.0265747     -0.0264526     -0.0263916     
-0.0261108     -0.0260254     -0.0258301     -0.0256348     
-0.0255737     -0.0254761     -0.0254272     -0.0253052     
-0.0252075     -0.0250854     -0.0250854     -0.025     
-0.0248657     -0.0248779     -0.0248047     -0.0246582     
-0.024585     -0.0245117     -0.0244019     -0.0242065     
-0.0241333     -0.0240356     -0.0240234     -0.0239502     
-0.0238281     -0.0238525     -0.0237305     -0.0236206     
-0.0237427     -0.0236816     -0.0236206     -0.0236572     
-0.0235474     -0.0233765     -0.0233398     -0.0231812     
-0.0231079     -0.0229248     -0.0228638     -0.0226196     
-0.0226196     -0.0223877     -0.0223633     -0.0220947     
-0.0220581     -0.0219971     -0.021936     -0.0217773     
-0.0217041     -0.0216553     -0.0214478     -0.0214111     
-0.0214233     -0.0214233     -0.02146     -0.0213379     
-0.0215088     -0.0214111     -0.0214844     -0.0213867     
-0.0213867     -0.0212891     -0.0212036     -0.0211792     
-0.021228     -0.0212036     -0.0211548     -0.0210938     
-0.0210693     -0.0210815     -0.0212036     -0.0210083     
-0.0209961     -0.0211792     -0.0210205     -0.0210083     
-0.0209106     -0.0209473     -0.0209473     -0.0207397     
-0.0206543     -0.0206543     -0.02052     -0.0202881     
-0.0202637     -0.0202148     -0.0202271     -0.0201172     
-0.0200684     -0.0199829     -0.0201294     -0.0198242     
-0.019873     -0.0199585     -0.0199951     -0.0199219     
-0.0199463     -0.0200684     -0.0200073     -0.0199951     
-0.0199463     -0.0201904     -0.020105     -0.0199829     
-0.0201782     -0.0200806     -0.0201782     -0.0199951     
-0.0200562     -0.020105     -0.0201416     -0.0201172     
-0.0200928     -0.0202393     -0.0202148     -0.0201172     
-0.020166     -0.0201172     -0.0201538     -0.020105     
-0.0201172     -0.0199707     -0.0199341     -0.0198242     
-0.0197144     -0.0197632     -0.0196289     -0.0196045     
-0.019751     -0.0196411     -0.0196289     -0.0196655     
-0.0196289     -0.0196655     -0.0198364     -0.0197754     
-0.0199219     -0.0200684     -0.0200806     -0.0200073     
-0.0200928     -0.0200562     -0.0202026     -0.0200439     
-0.020105     -0.020166     -0.0200806     -0.0199707     
-0.0200317     -0.0202026     -0.0200806     -0.0201416     
-0.0201416     -0.0202148     -0.0202393     -0.0202026     
-0.0202393     -0.0202637     -0.0202759     -0.0202148     
-0.0202881     -0.0202271     -0.0201416     -0.0199707     
-0.0200317     -0.0199707     -0.0199707     -0.0199341     
-0.0199707     -0.0199951     -0.0200439     -0.0198975     
-0.019873     -0.0199585     -0.0200073     -0.0200195     
-0.0199585     -0.0200073     -0.0199341     -0.0198853     
-0.0199219     -0.0199463     -0.0201294     -0.0199463     
-0.0200562     -0.0200684     -0.0200317     -0.0199829     
-0.0200195     -0.0200073     -0.0201172     -0.0200928     
-0.0202271     -0.0202881     -0.0204224     -0.0204224     
-0.0204956     -0.0206055     -0.020752     -0.0209595     
-0.0208496     -0.0211182     -0.0210571     -0.0210571     
-0.0211548     -0.0211304     -0.0211548     -0.021167     
-0.021167     -0.0210083     -0.0210449     -0.0208984     
-0.0207397     -0.0207642     -0.0207886     -0.0206543     
-0.0205811     -0.0205933     -0.0205566     -0.02052     
-0.0205566     -0.02052     -0.0206543     -0.0206421     
-0.0206909     -0.0208862     -0.020752     -0.020752     
-0.0208496     -0.0209351     -0.0209595     -0.0209473     
-0.0210571     -0.0210327     -0.0211914     -0.0211304     
-0.0212891     -0.0214233     -0.0214722     -0.0213867     
-0.0217163     -0.0217041     -0.0217773     -0.0217041     
-0.0218384     -0.0218628     -0.021875     -0.0218384     
-0.0218628     -0.0219604     -0.0217773     -0.021814     
-0.0217651     -0.0217407     -0.0217773     -0.0217529     
-0.0217773     -0.0217285     -0.0217651     -0.0216064     
-0.0216309     -0.0217651     -0.0217285     -0.0217285     
-0.0218262     -0.0219238     -0.0219238     -0.0218872     
-0.0218872     -0.0219116     -0.0219727     -0.0218384     
-0.0218994     -0.021875     -0.0217041     -0.0217163     
-0.0216309     -0.0216675     -0.0216064     -0.0215942     
-0.0215088     -0.0214966     -0.0215088     -0.0213135     
-0.0214111     -0.021228     -0.0213135     -0.0211914     
-0.021106     -0.0210693     -0.0210083     -0.020752     
-0.0207886     -0.0207153     -0.0207031     -0.0205811     
-0.0205444     -0.0206299     -0.0206543     -0.0206787     
-0.0206787     -0.020874     -0.0209106     -0.0210205     
-0.0212036     -0.0212036     -0.0213135     -0.0212158     
-0.0214111     -0.0213745     -0.0214722     -0.0214478     
-0.0213501     -0.0213989     -0.0213989     -0.0212402     
-0.0211548     -0.0211426     -0.0211426     -0.0211182     
-0.0210449     -0.0210571     -0.0209473     -0.0208984     
-0.0208008     -0.0208374     -0.0207764     -0.0206909     
-0.0206787     -0.0205933     -0.0205078     -0.0203735     
-0.0203857     -0.0202881     -0.0203003     -0.0200806     
-0.0201294     -0.0200684     -0.0199951     -0.0197144     
-0.0198486     -0.0195923     -0.0196777     -0.019458     
-0.0195068     -0.019397     -0.0192505     -0.0190796     
-0.0189941     -0.0190308     -0.0189087     -0.0188965     
-0.0188599     -0.0188599     -0.0188965     -0.0187012     
-0.0187866     -0.0187866     -0.0189087     -0.0187866     
-0.0188354     -0.0187988     -0.01875     -0.0186768     
-0.0187622     -0.0187012     -0.0187744     -0.0187134     
-0.0187256     -0.0187378     -0.0188232     -0.0187378     
-0.0186523     -0.01875     -0.0187622     -0.0187866     
-0.0187012     -0.018689     -0.0187256     -0.0185547     
-0.0185059     -0.0185425     -0.0184814     -0.0183228     
-0.0183838     -0.0183105     -0.0182861     -0.0181763     
-0.0180786     -0.0179443     -0.0180908     -0.0177979     
-0.0178345     -0.0177368     -0.0177246     -0.0175781     
-0.0175781     -0.0174194     -0.0175415     -0.0175415     
-0.0174805     -0.0174683     -0.0174683     -0.0172485     
-0.0173584     -0.0172241     -0.0172607     -0.0171387     
-0.0172241     -0.0170532     -0.0170532     -0.0169678     
-0.0169312     -0.0169067     -0.01698     -0.0169189     
-0.0169312     -0.0168213     -0.0167603     -0.0168091     
-0.0167358     -0.0167847     -0.016748     -0.0166382     
-0.016626     -0.0167236     -0.0166016     -0.0165527     
-0.0166382     -0.0166138     -0.0165894     -0.0166382     
-0.0167236     -0.0166748     -0.0167236     -0.0165771     
-0.016626     -0.0166504     -0.0165894     -0.0164063     
-0.0165161     -0.0163574     -0.0162598     -0.0160278     
-0.0160034     -0.0159302     -0.0158569     -0.0157349     
-0.0156616     -0.0157104     -0.0155029     -0.0154541     
-0.0153564     -0.015332     -0.0153931     -0.0151367     
-0.0151001     -0.0150879     -0.0151245     -0.0148071     
-0.0148926     -0.014917     -0.0147095     -0.0146118     
-0.0147095     -0.0146118     -0.0146362     -0.0144775     
-0.0144775     -0.0145874     -0.0145752     -0.0144775     
-0.0146118     -0.0144531     -0.0144043     -0.0143433     
-0.0141602     -0.0141357     -0.0141724     -0.0140259     
-0.0139404     -0.0139648     -0.0138916     -0.0137451     
-0.0137817     -0.0138428     -0.013916     -0.0137939     
-0.0137695     -0.0137573     -0.013855     -0.0137085     
-0.0137329     -0.0136841     -0.0138428     -0.0137451     
-0.0137573     -0.0137573     -0.0137451     -0.0137573     
-0.0136108     -0.0136719     -0.0137451     -0.0136841     
-0.0136597     -0.0135254     -0.0136963     -0.0135742     
-0.0135254     -0.0135132     -0.0136353     -0.0135742     
-0.013623     -0.0136475     -0.0137329     -0.0135254     
-0.013623     -0.0135986     -0.0136475     -0.0135986     
-0.0134888     -0.0134521     -0.0133667     -0.0132202     
-0.0130981     -0.0130615     -0.0129395     -0.012915     
-0.012915     -0.0127808     -0.0126953     -0.0126953     
-0.0126221     -0.0125854     -0.0126221     -0.0124878     
-0.0125     -0.0124146     -0.0124268     -0.0122314     
-0.0122803     -0.0122925     -0.0123779     -0.0123535     
-0.0124756     -0.0125122     -0.0125977     -0.0126099     
-0.0126221     -0.0128662     -0.0127808     -0.0129028     
-0.0129395     -0.0129517     -0.0129395     -0.0127197     
-0.0128418     -0.0128174     -0.0127686     -0.0126343     
-0.0127319     -0.0125732     -0.0124146     -0.0124268     
-0.0125366     -0.0124512     -0.0125122     -0.0124146     
-0.0125244     -0.0125366     -0.0125732     -0.0125488     
-0.0126343     -0.0127686     -0.0128296     -0.0129395     
-0.0129517     -0.0130859     -0.0131104     -0.0130127     
-0.0129883     -0.0130859     -0.0130737     -0.012854     
-0.0128418     -0.012793     -0.0127686     -0.0126099     
-0.0124756     -0.0125122     -0.0125244     -0.0123413     
-0.0124268     -0.0124023     -0.0124512     -0.0123169     
-0.012439     -0.012439     -0.0125     -0.0126343     
-0.0125366     -0.0127197     -0.0127563     -0.0127686     
-0.0128296     -0.0128784     -0.0130493     -0.0129883     
-0.013147     -0.0131104     -0.0132813     -0.0131348     
-0.0131836     -0.0132446     -0.0133667     -0.0132813     
-0.0132813     -0.013269     -0.0132324     -0.013208     
-0.0130859     -0.0130249     -0.0130005     -0.0127808     
-0.0127441     -0.0127319     -0.012439     -0.0123535     
-0.0123413     -0.0123047     -0.0121704     -0.0122192     
-0.0122559     -0.0121216     -0.0121948     -0.0121338     
-0.0121704     -0.0122925     -0.0122437     -0.0123047     
-0.0125244     -0.0124023     -0.0125     -0.0123657     
-0.0125122     -0.0125122     -0.0125488     -0.0124878     
-0.0125732     -0.0126831     -0.012561     -0.0125977     
-0.0126221     -0.0125854     -0.0127075     -0.0125366     
-0.0126709     -0.0126831     -0.0126343     -0.0124634     
-0.0125732     -0.0125366     -0.0125244     -0.0124634     
-0.0124146     -0.0123169     -0.0123413     -0.012207     
-0.0120605     -0.0121216     -0.0121338     -0.0120972     
-0.0121094     -0.012146     -0.0121216     -0.0121338     
-0.0121704     -0.0123291     -0.0125244     -0.0123657     
-0.012439     -0.0126221     -0.0127197     -0.0126343     
-0.0127563     -0.0127808     -0.0129761     -0.0130249     
-0.0130615     -0.0130371     -0.013208     -0.0130249     
-0.0130981     -0.0132568     -0.0133789     -0.0131226     
-0.0131348     -0.0131714     -0.0131714     -0.0130737     
-0.0129272     -0.0130493     -0.012915     -0.0128784     
-0.0130371     -0.0129395     -0.0129395     -0.012915     
-0.0130371     -0.0130371     -0.0132446     -0.0132813     
-0.013269     -0.0133301     -0.0134277     -0.0133423     
-0.0133545     -0.0134033     -0.0133545     -0.0133423     
-0.0133545     -0.0133301     -0.0133179     -0.0130859     
-0.0130737     -0.0131104     -0.0130127     -0.0129028     
-0.012854     -0.0128296     -0.0126709     -0.0126221     
-0.0125244     -0.0123413     -0.0124512     -0.0123413     
-0.0122803     -0.0123291     -0.0123047     -0.0122314     
-0.0123535     -0.0123779     -0.0125     -0.0124268     
-0.0125244     -0.0126953     -0.0127808     -0.0126709     
-0.012915     -0.0131226     -0.0130127     -0.0131592     
-0.0133301     -0.0134155     -0.0134766     -0.0133545     
-0.013562     -0.0134033     -0.013562     -0.0133667     
-0.0133789     -0.0133667     -0.0131714     -0.0130981     
-0.0128662     -0.0129639     -0.0129028     -0.0127075     
-0.0126709     -0.0126831     -0.0125854     -0.0124146     
-0.0122925     -0.0124268     -0.0123413     -0.0122925     
-0.0123047     -0.0123413     -0.012439     -0.012439     
-0.0124634     -0.012561     -0.0126953     -0.0126831     
-0.0128418     -0.0128906     -0.0128906     -0.0127808     
-0.0127197     -0.0127319     -0.012854     -0.0125854     
-0.0125977     -0.0125122     -0.0124878     -0.0122803     
-0.0121826     -0.0121338     -0.012085     -0.0121338     
-0.0119995     -0.012146     -0.0121094     -0.0120117     
-0.0121216     -0.0121582     -0.0123413     -0.0122681     
-0.0124023     -0.0124023     -0.0124878     -0.0125366     
-0.012439     -0.012439     -0.0124756     -0.0123535     
-0.0124268     -0.0122925     -0.0121582     -0.012146     
-0.0120361     -0.0119141     -0.0119751     -0.0119385     
-0.0118164     -0.0118896     -0.0118774     -0.011731     
-0.011792     -0.0119019     -0.0118652     -0.0119019     
-0.0119263     -0.0118774     -0.0119019     -0.0117798     
-0.0117798     -0.0118774     -0.0118042     -0.0116455     
-0.0118286     -0.0116821     -0.0115967     -0.0114014     
-0.0113525     -0.0114258     -0.0114258     -0.0112793     
-0.0113037     -0.0113281     -0.0112061     -0.0112305     
-0.0111938     -0.0112427     -0.0113403     -0.0112183     
-0.0113037     -0.011377     -0.0113525     -0.0112305     
-0.0112305     -0.0113525     -0.0113281     -0.0113159     
-0.0113647     -0.0113525     -0.0113892     -0.0112183     
-0.0113281     -0.0112793     -0.0113403     -0.011145     
-0.0111572     -0.0112671     -0.0110962     -0.0109497     
-0.0109375     -0.0109009     -0.0109741     -0.0108643     
-0.0108643     -0.0108765     -0.0108032     -0.0106567     
-0.01073     -0.0106323     -0.0107788     -0.0106567     
-0.0105225     -0.0105469     -0.0106567     -0.010437     
-0.010376     -0.0103149     -0.010376     -0.0103394     
-0.0102783     -0.0102417     -0.010144     -0.0101563     
-0.0098877     -0.00998535     -0.0098877     -0.00975342     
-0.00981445     -0.00960693     -0.00963135     -0.00955811     
-0.00953369     -0.00947266     -0.00955811     -0.00953369     
-0.00950928     -0.00952148     -0.00947266     -0.00935059     
-0.00941162     -0.00935059     -0.00931396     -0.00932617     
-0.00932617     -0.00925293     -0.00928955     -0.00928955     
-0.00915527     -0.00930176     -0.00925293     -0.00932617     
-0.00941162     -0.00946045     -0.00944824     -0.00944824     
-0.00950928     -0.00955811     -0.00968018     -0.0095459     
-0.00970459     -0.00980225     -0.00969238     -0.00961914     
-0.00981445     -0.00970459     -0.0097168     -0.0095459     
-0.00960693     -0.00957031     -0.00944824     -0.00941162     
-0.00941162     -0.00939941     -0.00942383     -0.0095459     
-0.00955811     -0.00957031     -0.00975342     -0.00961914     
-0.00976563     -0.00986328     -0.00987549     -0.00976563     
-0.00981445     -0.00991211     -0.00987549     -0.00969238     
-0.00976563     -0.00968018     -0.009729     -0.00959473     
-0.0095459     -0.00948486     -0.00952148     -0.00931396     
-0.00922852     -0.00936279     -0.00922852     -0.00919189     
-0.00917969     -0.00928955     -0.00924072     -0.00908203     
-0.009021     -0.00910645     -0.00911865     -0.00899658     
-0.0090332     -0.00893555     -0.00897217     -0.0088623     
-0.00875244     -0.00880127     -0.00895996     -0.0088623     
-0.00891113     -0.00904541     -0.00916748     -0.00913086     
-0.00911865     -0.00925293     -0.00928955     -0.00942383     
-0.00926514     -0.00939941     -0.00930176     -0.00922852     
-0.00915527     -0.00908203     -0.00913086     -0.00899658     
-0.009021     -0.0088501     -0.00878906     -0.00865479     
-0.00855713     -0.00843506     -0.00841064     -0.00828857     
-0.00822754     -0.0081543     -0.00808105     -0.00810547     
-0.00811768     -0.00822754     -0.00828857     -0.00837402     
-0.00837402     -0.00864258     -0.00866699     -0.00872803     
-0.00888672     -0.00894775     -0.00904541     -0.00899658     
-0.00909424     -0.00906982     -0.00921631     -0.00906982     
-0.00897217     -0.00913086     -0.00914307     -0.00895996     
-0.00909424     -0.009021     -0.00906982     -0.00891113     
-0.00900879     -0.009021     -0.00910645     -0.00909424     
-0.0092041     -0.00922852     -0.00913086     -0.00904541     
-0.00899658     -0.0090332     -0.00911865     -0.00898438     
-0.00900879     -0.0090332     -0.00910645     -0.00892334     
-0.00899658     -0.00895996     -0.00894775     -0.00897217     
-0.009021     -0.00906982     -0.00914307     -0.00915527     
-0.00911865     -0.00916748     -0.00924072     -0.00916748     
-0.00919189     -0.00925293     -0.0092041     -0.00910645     
-0.00904541     -0.00917969     -0.00911865     -0.00906982     
-0.00916748     -0.00921631     -0.00922852     -0.00917969     
-0.00924072     -0.00927734     -0.00958252     -0.00957031     
-0.00963135     -0.00964355     -0.0097168     -0.0095459     
-0.00955811     -0.00961914     -0.00959473     -0.00942383     
-0.00939941     -0.009375     -0.00935059     -0.00910645     
-0.00895996     -0.00909424     -0.00900879     -0.00877686     
-0.00878906     -0.0086792     -0.00863037     -0.00861816     
-0.0085083     -0.00842285     -0.00858154     -0.00843506     
-0.00843506     -0.00852051     -0.00858154     -0.00847168     
-0.00853271     -0.00861816     -0.00865479     -0.00871582     
-0.0088623     -0.0088623     -0.00882568     -0.00888672     
-0.00898438     -0.009021     -0.00914307     -0.0092041     
-0.00924072     -0.00936279     -0.00935059     -0.00935059     
-0.00952148     -0.00946045     -0.00957031     -0.00949707     
-0.0095459     -0.00955811     -0.009375     -0.00925293     
-0.00930176     -0.00927734     -0.00931396     -0.00916748     
-0.00931396     -0.0092041     -0.00925293     -0.00909424     
-0.0092041     -0.00928955     -0.0092041     -0.00921631     
-0.00921631     -0.00922852     -0.00935059     -0.00914307     
-0.00916748     -0.00928955     -0.00936279     -0.00921631     
-0.00927734     -0.00936279     -0.00922852     -0.00916748     
-0.00919189     -0.00915527     -0.00914307     -0.00908203     
-0.0090332     -0.00904541     -0.009021     -0.00892334     
-0.00898438     -0.00897217     -0.0090332     -0.00911865     
-0.00915527     -0.00914307     -0.00927734     -0.00910645     
-0.00908203     -0.00910645     -0.00910645     -0.00910645     
-0.00914307     -0.00904541     -0.00900879     -0.00891113     
-0.0088623     -0.00883789     -0.00892334     -0.00874023     
-0.00877686     -0.00881348     -0.00876465     -0.0086792     
-0.00865479     -0.00861816     -0.00866699     -0.00872803     
-0.00864258     -0.0086792     -0.00865479     -0.00859375     
-0.00865479     -0.00859375     -0.00870361     -0.00869141     
-0.00874023     -0.00877686     -0.00897217     -0.00887451     
-0.00899658     -0.00915527     -0.00910645     -0.00917969     
-0.00919189     -0.00933838     -0.00928955     -0.0092041     
-0.00926514     -0.00924072     -0.00926514     -0.00916748     
-0.00915527     -0.0092041     -0.00906982     -0.00900879     
-0.00893555     -0.00900879     -0.00888672     -0.00874023     
-0.00878906     -0.00875244     -0.00874023     -0.00855713     
-0.00860596     -0.00876465     -0.00869141     -0.00853271     
-0.00875244     -0.00864258     -0.00871582     -0.00849609     
-0.00860596     -0.00854492     -0.00854492     -0.00854492     
-0.00852051     -0.00858154     -0.00843506     -0.00843506     
-0.0085083     -0.00848389     -0.00858154     -0.00843506     
-0.00849609     -0.00837402     -0.00847168     -0.00828857     
-0.00823975     -0.00822754     -0.00822754     -0.00820313     
-0.00826416     -0.00827637     -0.00839844     -0.00836182     
-0.00848389     -0.00866699     -0.00878906     -0.00882568     
-0.0090332     -0.00922852     -0.00921631     -0.00932617     
-0.00935059     -0.00930176     -0.00935059     -0.00928955     
-0.00928955     -0.00930176     -0.00915527     -0.00904541     
-0.00909424     -0.00891113     -0.00898438     -0.00883789     
-0.00883789     -0.00864258     -0.00878906     -0.00870361     
-0.00869141     -0.00872803     -0.00894775     -0.00888672     
-0.009021     -0.00905762     -0.00904541     -0.00908203     
-0.00900879     -0.00909424     -0.009021     -0.00883789     
-0.00874023     -0.00845947     -0.00843506     -0.00814209     
-0.00808105     -0.00793457     -0.0079834     -0.00784912     
-0.00767822     -0.00773926     -0.0078125     -0.00775146     
-0.00782471     -0.00793457     -0.00802002     -0.0079834     
-0.00811768     -0.00806885     -0.00811768     -0.00812988     
-0.00794678     -0.00793457     -0.00784912     -0.00786133     
-0.00787354     -0.00777588     -0.00770264     -0.00762939     
-0.00759277     -0.00750732     -0.00759277     -0.00750732     
-0.00755615     -0.00759277     -0.00756836     -0.00750732     
-0.00762939     -0.00743408     -0.00755615     -0.00758057     
-0.00762939     -0.00769043     -0.00772705     -0.00762939     
-0.00765381     -0.00778809     -0.00777588     -0.00771484     
-0.00769043     -0.00767822     -0.00766602     -0.0074707     
-0.00756836     -0.00756836     -0.00756836     -0.00749512     
-0.00750732     -0.00754395     -0.00742188     -0.00737305     
-0.00725098     -0.00725098     -0.00727539     -0.00708008     
-0.00700684     -0.00709229     -0.00692139     -0.00684814     
-0.00687256     -0.00689697     -0.00688477     -0.00697021     
-0.00695801     -0.00708008     -0.00708008     -0.00708008     
-0.00715332     -0.00717773     -0.00721436     -0.00717773     
-0.00723877     -0.00710449     -0.00709229     -0.0069458     
-0.0067749     -0.00664063     -0.00670166     -0.00644531     
-0.00649414     -0.00640869     -0.00643311     -0.00621338     
-0.00621338     -0.00634766     -0.00646973     -0.00654297     
-0.0064209     -0.00667725     -0.00667725     -0.00665283     
-0.00681152     -0.00686035     -0.00706787     -0.00705566     
-0.00720215     -0.00718994     -0.00717773     -0.00718994     
-0.00709229     -0.00717773     -0.00723877     -0.00712891     
-0.00705566     -0.0071167     -0.00703125     -0.00692139     
-0.00701904     -0.00698242     -0.00690918     -0.00689697     
-0.00686035     -0.00692139     -0.00681152     -0.00675049     
-0.00678711     -0.0067749     -0.00679932     -0.0067627     
-0.00668945     -0.00665283     -0.00675049     -0.00654297     
-0.006604     -0.00666504     -0.00665283     -0.00661621     
-0.00687256     -0.00682373     -0.0069458     -0.00689697     
-0.00705566     -0.00722656     -0.00733643     -0.00726318     
-0.00740967     -0.00760498     -0.00753174     -0.00756836     
-0.00749512     -0.00739746     -0.00756836     -0.00744629     
-0.00748291     -0.00749512     -0.00750732     -0.00737305     
-0.00750732     -0.00767822     -0.00765381     -0.00767822     
-0.00786133     -0.00792236     -0.00797119     -0.00788574     
-0.00791016     -0.0079834     -0.00803223     -0.00802002     
-0.00786133     -0.00784912     -0.00773926     -0.00767822     
-0.00740967     -0.00740967     -0.00758057     -0.0072876     
-0.00722656     -0.0072876     -0.00734863     -0.00715332     
-0.00722656     -0.0072876     -0.00742188     -0.00734863     
-0.00733643     -0.00738525     -0.00758057     -0.00734863     
-0.00738525     -0.0074707     -0.00750732     -0.00739746     
-0.00739746     -0.00739746     -0.00737305     -0.0072998     
-0.00706787     -0.00712891     -0.00700684     -0.00690918     
-0.00689697     -0.00670166     -0.00675049     -0.00664063     
-0.00662842     -0.00653076     -0.00667725     -0.00661621     
-0.00662842     -0.00682373     -0.00686035     -0.00690918     
-0.00688477     -0.00701904     -0.00708008     -0.00712891     
-0.00720215     -0.00718994     -0.00718994     -0.00715332     
-0.0071167     -0.00726318     -0.00717773     -0.00710449     
-0.00716553     -0.00709229     -0.0071167     -0.00700684     
-0.00709229     -0.00704346     -0.00714111     -0.00718994     
-0.0072998     -0.00740967     -0.00739746     -0.00731201     
-0.0076416     -0.00754395     -0.00754395     -0.00733643     
-0.00738525     -0.00742188     -0.00731201     -0.00704346     
-0.0069458     -0.00692139     -0.00684814     -0.00686035     
-0.00687256     -0.00690918     -0.00699463     -0.00688477     
-0.00699463     -0.00734863     -0.00750732     -0.00749512     
-0.00776367     -0.00791016     -0.00782471     -0.00788574     
-0.00794678     -0.0079834     -0.00799561     -0.00789795     
-0.00782471     -0.00786133     -0.00780029     -0.00753174     
-0.00756836     -0.00754395     -0.00754395     -0.00738525     
-0.00732422     -0.00736084     -0.0074585     -0.00726318     
-0.00714111     -0.00723877     -0.00715332     -0.00695801     
-0.00695801     -0.00686035     -0.0067749     -0.00664063     
-0.00646973     -0.00649414     -0.00665283     -0.00646973     
-0.00654297     -0.006604     -0.00681152     -0.00675049     
-0.00684814     -0.0069458     -0.0071167     -0.00717773     
-0.00718994     -0.00734863     -0.00733643     -0.00721436     
-0.00725098     -0.00721436     -0.00727539     -0.00716553     
-0.00718994     -0.00708008     -0.00708008     -0.00701904     
-0.00700684     -0.00705566     -0.00714111     -0.00716553     
-0.00738525     -0.00748291     -0.00755615     -0.00758057     
-0.00767822     -0.00786133     -0.00795898     -0.00797119     
-0.00792236     -0.00800781     -0.00787354     -0.00778809     
-0.00778809     -0.00773926     -0.00766602     -0.00767822     
-0.00765381     -0.00759277     -0.00758057     -0.00749512     
-0.00740967     -0.00753174     -0.0074707     -0.00732422     
-0.00739746     -0.00734863     -0.00734863     -0.00715332     
-0.00727539     -0.00720215     -0.00727539     -0.00720215     
-0.00723877     -0.00734863     -0.00721436     -0.00732422     
-0.00723877     -0.00738525     -0.00748291     -0.00734863     
-0.00760498     -0.00744629     -0.0074707     -0.00748291     
-0.00753174     -0.00755615     -0.00751953     -0.00754395     
-0.00760498     -0.00756836     -0.00766602     -0.00756836     
-0.00756836     -0.00758057     -0.00776367     -0.00750732     
-0.00758057     -0.00771484     -0.00767822     -0.00751953     
-0.00750732     -0.00758057     -0.00762939     -0.00750732     
-0.00758057     -0.00761719     -0.0076416     -0.00743408     
-0.00759277     -0.00754395     -0.00772705     -0.00759277     
-0.00742188     -0.00750732     -0.00770264     -0.00734863     
-0.00732422     -0.00731201     -0.00739746     -0.00725098     
-0.00727539     -0.00734863     -0.00722656     -0.00732422     
-0.00720215     -0.0072998     -0.00737305     -0.00727539     
-0.00733643     -0.00727539     -0.0072998     -0.00732422     
-0.00731201     -0.00721436     -0.00731201     -0.00738525     
-0.00731201     -0.00736084     -0.00744629     -0.0072998     
-0.00734863     -0.00743408     -0.0074585     -0.00738525     
-0.00726318     -0.00718994     -0.00722656     -0.0069458     
-0.00678711     -0.00683594     -0.0065918     -0.00646973     
-0.00655518     -0.00644531     -0.00631104     -0.00620117     
-0.00625     -0.00621338     -0.00634766     -0.00631104     
-0.00645752     -0.00645752     -0.00654297     -0.00649414     
-0.006604     -0.006604     -0.00662842     -0.00662842     
-0.00682373     -0.00675049     -0.0067749     -0.00681152     
-0.00683594     -0.00704346     -0.00695801     -0.00704346     
-0.00701904     -0.00706787     -0.00705566     -0.00690918     
-0.00693359     -0.00698242     -0.00695801     -0.0067627     
-0.00683594     -0.00678711     -0.00666504     -0.00664063     
-0.0065918     -0.00657959     -0.00657959     -0.00651855     
-0.00644531     -0.00644531     -0.00645752     -0.00637207     
-0.00631104     -0.00638428     -0.00638428     -0.00635986     
-0.00638428     -0.00643311     -0.00646973     -0.00644531     
-0.00651855     -0.00655518     -0.00657959     -0.00654297     
-0.00661621     -0.00665283     -0.00671387     -0.00664063     
-0.00657959     -0.0065918     -0.00664063     -0.00645752     
-0.00644531     -0.00632324     -0.00627441     -0.00609131     
-0.00598145     -0.00578613     -0.00578613     -0.0057373     
-0.00561523     -0.0057251     -0.00550537     -0.00552979     
-0.00561523     -0.00560303     -0.00581055     -0.00582275     
-0.00603027     -0.00594482     -0.00617676     -0.00622559     
-0.00620117     -0.00627441     -0.0064209     -0.00637207     
-0.00637207     -0.00633545     -0.00627441     -0.00614014     
-0.00614014     -0.00598145     -0.00600586     -0.00609131     
-0.00592041     -0.00600586     -0.00587158     -0.00585938     
-0.00595703     -0.00593262     -0.00599365     -0.00599365     
-0.00612793     -0.00600586     -0.00616455     -0.00603027     
-0.00609131     -0.00616455     -0.00615234     -0.0060791     
-0.00627441     -0.00612793     -0.00621338     -0.00599365     
-0.00615234     -0.00614014     -0.00612793     -0.00610352     
-0.00614014     -0.00620117     -0.00610352     -0.00609131     
-0.00606689     -0.0060791     -0.00627441     -0.00603027     
-0.00622559     -0.00627441     -0.00622559     -0.00601807     
-0.00614014     -0.00622559     -0.00622559     -0.00609131     
-0.00616455     -0.00606689     -0.00610352     -0.00604248     
-0.00609131     -0.00623779     -0.00634766     -0.00620117     
-0.00643311     -0.00648193     -0.00656738     -0.00661621     
-0.00664063     -0.0067627     -0.00692139     -0.00684814     
-0.00684814     -0.0069458     -0.00699463     -0.00689697     
-0.00686035     -0.00687256     -0.00699463     -0.00690918     
-0.00673828     -0.00671387     -0.00681152     -0.00649414     
-0.00643311     -0.00639648     -0.00649414     -0.00627441     
-0.00614014     -0.00610352     -0.00599365     -0.005896     
-0.0057251     -0.00577393     -0.00571289     -0.00557861     
-0.00568848     -0.00557861     -0.00559082     -0.00546875     
-0.00562744     -0.00556641     -0.00560303     -0.00568848     
-0.00560303     -0.00577393     -0.00574951     -0.00568848     
-0.00585938     -0.00587158     -0.00596924     -0.00593262     
-0.00610352     -0.00609131     -0.00609131     -0.00610352     
-0.00609131     -0.00618896     -0.00625     -0.00612793     
-0.00615234     -0.00600586     -0.00593262     -0.00593262     
-0.00584717     -0.00566406     -0.00578613     -0.00556641     
-0.00559082     -0.00559082     -0.00552979     -0.0053833     
-0.00560303     -0.00549316     -0.00567627     -0.00565186     
-0.00576172     -0.00582275     -0.00588379     -0.00582275     
-0.005896     -0.00595703     -0.00585938     -0.00605469     
-0.00596924     -0.0059082     -0.00601807     -0.00579834     
-0.00592041     -0.00582275     -0.00587158     -0.00578613     
-0.00583496     -0.00587158     -0.0059082     -0.00585938     
-0.00592041     -0.0060791     -0.00601807     -0.00606689     
-0.0060791     -0.00618896     -0.00622559     -0.00612793     
-0.00618896     -0.00628662     -0.00623779     -0.00631104     
-0.00628662     -0.00632324     -0.00631104     -0.00631104     
-0.00610352     -0.00615234     -0.00626221     -0.00612793     
-0.00617676     -0.00604248     -0.0060791     -0.00599365     
-0.00596924     -0.00593262     -0.00614014     -0.00596924     
-0.00604248     -0.00605469     -0.00614014     -0.00614014     
-0.00604248     -0.00627441     -0.00628662     -0.00631104     
-0.00620117     -0.00627441     -0.00632324     -0.00603027     
-0.00611572     -0.00600586     -0.00603027     -0.00588379     
-0.0059082     -0.00574951     -0.00577393     -0.00566406     
-0.0055542     -0.00561523     -0.00567627     -0.0055542     
-0.00562744     -0.00563965     -0.00571289     -0.00559082     
-0.00561523     -0.00554199     -0.00571289     -0.00563965     
-0.00566406     -0.00570068     -0.00568848     -0.0057373     
-0.00576172     -0.00577393     -0.00588379     -0.00579834     
-0.00593262     -0.00595703     -0.0059082     -0.00577393     
-0.00588379     -0.0059082     -0.0059082     -0.00582275     
-0.0059082     -0.00582275     -0.00593262     -0.0057251     
-0.00578613     -0.00584717     -0.00583496     -0.00584717     
-0.005896     -0.00596924     -0.00581055     -0.00581055     
-0.00581055     -0.00578613     -0.00584717     -0.00560303     
-0.00581055     -0.00578613     -0.00594482     -0.00581055     
-0.00592041     -0.00609131     -0.00610352     -0.00609131     
-0.00632324     -0.00632324     -0.00631104     -0.00627441     
-0.00631104     -0.00633545     -0.00635986     -0.00625     
-0.00625     -0.00631104     -0.00623779     -0.00617676     
-0.00609131     -0.00627441     -0.00617676     -0.00618896     
-0.00628662     -0.00628662     -0.00631104     -0.00627441     
-0.00638428     -0.00639648     -0.00644531     -0.00639648     
-0.00639648     -0.00632324     -0.00649414     -0.00627441     
-0.00633545     -0.00625     -0.00627441     -0.00615234     
-0.00611572     -0.00617676     -0.00611572     -0.00599365     
-0.00585938     -0.00609131     -0.00606689     -0.005896     
-0.00605469     -0.00593262     -0.00598145     -0.00594482     
-0.00592041     -0.00588379     -0.00603027     -0.00601807     
-0.00601807     -0.00618896     -0.00615234     -0.00603027     
-0.00611572     -0.00617676     -0.00621338     -0.00615234     
-0.00614014     -0.0060791     -0.00614014     -0.00603027     
-0.00614014     -0.00616455     -0.00614014     -0.00618896     
-0.00628662     -0.00626221     -0.00626221     -0.00620117     
-0.00626221     -0.00616455     -0.00617676     -0.00612793     
-0.00612793     -0.00618896     -0.00615234     -0.00599365     
-0.00618896     -0.00609131     -0.00618896     -0.00614014     
-0.00637207     -0.00632324     -0.00629883     -0.00617676     
-0.00621338     -0.00627441     -0.0060791     -0.00600586     
-0.00594482     -0.00577393     -0.0057373     -0.00539551     
-0.00526123     -0.00529785     -0.00524902     -0.00506592     
-0.00511475     -0.00513916     -0.0050415     -0.00494385     
-0.00501709     -0.0050293     -0.00513916     -0.00510254     
-0.00524902     -0.00535889     -0.00539551     -0.00543213     
-0.00551758     -0.00567627     -0.00577393     -0.00581055     
-0.00571289     -0.00588379     -0.00582275     -0.00565186     
-0.00562744     -0.00568848     -0.00565186     -0.00549316     
-0.0055542     -0.00545654     -0.00548096     -0.00544434     
-0.00551758     -0.0055542     -0.00576172     -0.00578613     
-0.00593262     -0.0060791     -0.00617676     -0.00604248     
-0.00616455     -0.00625     -0.00629883     -0.00626221     
-0.00626221     -0.00631104     -0.00622559     -0.00611572     
-0.00616455     -0.00612793     -0.00625     -0.00616455     
-0.00627441     -0.00623779     -0.00634766     -0.00638428     
-0.00628662     -0.00634766     -0.00651855     -0.00643311     
-0.00635986     -0.00629883     -0.00617676     -0.00600586     
-0.00593262     -0.0057373     -0.00563965     -0.00554199     
-0.00534668     -0.00535889     -0.0052124     -0.00507813     
-0.00513916     -0.00516357     -0.00515137     -0.00526123     
-0.00524902     -0.00533447     -0.00543213     -0.00533447     
-0.00541992     -0.0055542     -0.00552979     -0.00549316     
-0.00570068     -0.00563965     -0.00560303     -0.00549316     
-0.00546875     -0.00545654     -0.00539551     -0.00512695     
-0.00518799     -0.00522461     -0.00505371     -0.00505371     
-0.00494385     -0.00499268     -0.00500488     -0.00487061     
-0.00526123     -0.00516357     -0.00510254     -0.0052124     
-0.00534668     -0.00540771     -0.00549316     -0.00554199     
-0.00563965     -0.00563965     -0.00577393     -0.0057373     
-0.00571289     -0.00571289     -0.005896     -0.00574951     
-0.00581055     -0.00583496     -0.00581055     -0.005896     
-0.00584717     -0.00588379     -0.00603027     -0.00599365     
-0.00606689     -0.00611572     -0.00599365     -0.00594482     
-0.00605469     -0.00592041     -0.00594482     -0.00584717     
-0.00582275     -0.00570068     -0.00570068     -0.00541992     
-0.00544434     -0.0053833     -0.00543213     -0.00528564     
-0.00524902     -0.0052002     -0.00516357     -0.00515137     
-0.00505371     -0.00510254     -0.00505371     -0.0050293     
-0.00515137     -0.0050293     -0.00513916     -0.00510254     
-0.00501709     -0.0050293     -0.00516357     -0.00512695     
-0.00500488     -0.00506592     -0.00517578     -0.00500488     
-0.00488281     -0.00496826     -0.00495605     -0.00484619     
-0.00491943     -0.00482178     -0.00467529     -0.00461426     
-0.00458984     -0.00473633     -0.00463867     -0.00466309     
-0.00472412     -0.00482178     -0.0048584     -0.00498047     
-0.00505371     -0.0050415     -0.00529785     -0.00524902     
-0.00537109     -0.00531006     -0.00529785     -0.0050293     
-0.00512695     -0.00498047     -0.00494385     -0.00474854     
-0.00461426     -0.00460205     -0.00460205     -0.00443115     
-0.00444336     -0.00455322     -0.00447998     -0.00456543     
-0.00456543     -0.00479736     -0.00473633     -0.00471191     
-0.00483398     -0.00484619     -0.00494385     -0.0048584     
-0.00498047     -0.00499268     -0.00482178     -0.00479736     
-0.00488281     -0.00487061     -0.00489502     -0.00498047     
-0.0050293     -0.00505371     -0.00507813     -0.00510254     
-0.00524902     -0.00524902     -0.00531006     -0.00540771     
-0.00540771     -0.00548096     -0.00541992     -0.00522461     
-0.00522461     -0.0052002     -0.00517578     -0.0050415     
-0.00522461     -0.00501709     -0.0050293     -0.00499268     
-0.00510254     -0.00510254     -0.00531006     -0.00524902     
-0.00543213     -0.00540771     -0.00556641     -0.00545654     
-0.00565186     -0.00561523     -0.005896     -0.00595703     
-0.00592041     -0.00605469     -0.00614014     -0.00612793     
-0.00616455     -0.00615234     -0.00632324     -0.00614014     
-0.00623779     -0.00611572     -0.00614014     -0.0059082     
-0.005896     -0.00577393     -0.00567627     -0.00560303     
-0.00559082     -0.00541992     -0.00539551     -0.00531006     
-0.00529785     -0.00527344     -0.00532227     -0.00532227     
-0.00528564     -0.00537109     -0.00531006     -0.0052124     
-0.00527344     -0.00527344     -0.00518799     -0.00522461     
-0.00528564     -0.0052124     -0.00524902     -0.00523682     
-0.00526123     -0.00529785     -0.00535889     -0.00529785     
-0.00546875     -0.00537109     -0.00533447     -0.00526123     
-0.00533447     -0.00529785     -0.00523682     -0.00518799     
-0.00518799     -0.00531006     -0.00515137     -0.00512695     
-0.00509033     -0.00516357     -0.00533447     -0.00524902     
-0.00541992     -0.00550537     -0.00556641     -0.00549316     
-0.00576172     -0.0059082     -0.00583496     -0.00592041     
-0.00599365     -0.00593262     -0.0059082     -0.00582275     
-0.00567627     -0.00571289     -0.00563965     -0.0053833     
-0.00546875     -0.00545654     -0.00533447     -0.00526123     
-0.00515137     -0.00518799     -0.00537109     -0.00539551     
-0.00541992     -0.00549316     -0.00561523     -0.00556641     
-0.00562744     -0.00570068     -0.00584717     -0.00579834     
-0.00568848     -0.00566406     -0.00579834     -0.00556641     
-0.00554199     -0.00545654     -0.00554199     -0.00545654     
-0.00540771     -0.00541992     -0.00534668     -0.00541992     
-0.00531006     -0.00541992     -0.00545654     -0.00529785     
-0.00546875     -0.00543213     -0.00552979     -0.00540771     
-0.00546875     -0.00554199     -0.00563965     -0.00557861     
-0.00565186     -0.00560303     -0.0055542     -0.00544434     
-0.00541992     -0.00540771     -0.00541992     -0.00537109     
-0.00531006     -0.00535889     -0.00524902     -0.00524902     
-0.00515137     -0.00518799     -0.00523682     -0.00531006     
-0.00531006     -0.00528564     -0.00533447     -0.00526123     
-0.00532227     -0.0053833     -0.00544434     -0.00523682     
-0.00535889     -0.00534668     -0.00524902     -0.00510254     
-0.00526123     -0.0052002     -0.00516357     -0.00509033     
-0.00522461     -0.00531006     -0.00523682     -0.00515137     
-0.00527344     -0.00534668     -0.00531006     -0.00549316     
-0.00557861     -0.00554199     -0.00570068     -0.00556641     
-0.00565186     -0.00562744     -0.0057251     -0.00562744     
-0.00571289     -0.0057251     -0.0055542     -0.0055542     
-0.00549316     -0.00551758     -0.00549316     -0.0053833     
-0.00541992     -0.0053833     -0.00534668     -0.00528564     
-0.00523682     -0.00532227     -0.00534668     -0.00545654     
-0.00541992     -0.00546875     -0.00556641     -0.00541992     
-0.00548096     -0.00551758     -0.00559082     -0.00541992     
-0.00544434     -0.00548096     -0.00543213     -0.00543213     
-0.00549316     -0.00541992     -0.00565186     -0.00554199     
-0.00559082     -0.00552979     -0.00567627     -0.00568848     
-0.00563965     -0.00557861     -0.00566406     -0.00561523     
-0.00546875     -0.00556641     -0.0055542     -0.00534668     
-0.00539551     -0.00534668     -0.00531006     -0.00524902     
-0.00535889     -0.00524902     -0.00533447     -0.00523682     
-0.00526123     -0.00533447     -0.00552979     -0.00545654     
-0.00552979     -0.00562744     -0.00562744     -0.00565186     
-0.00566406     -0.00565186     -0.00566406     -0.00570068     
-0.00565186     -0.00570068     -0.00549316     -0.00554199     
-0.00545654     -0.00540771     -0.00540771     -0.00533447     
-0.00534668     -0.0053833     -0.00532227     -0.00526123     
-0.00531006     -0.00537109     -0.00534668     -0.00526123     
-0.00543213     -0.00541992     -0.00543213     -0.00534668     
-0.00543213     -0.00548096     -0.00543213     -0.00533447     
-0.00554199     -0.00556641     -0.0055542     -0.00561523     
-0.00552979     -0.00559082     -0.00587158     -0.00574951     
-0.00584717     -0.00593262     -0.00601807     -0.00599365     
-0.00599365     -0.00604248     -0.00595703     -0.00593262     
-0.00596924     -0.00598145     -0.00596924     -0.00588379     
-0.00588379     -0.00600586     -0.00599365     -0.00592041     
-0.00604248     -0.00603027     -0.00604248     -0.005896     
-0.005896     -0.00596924     -0.00601807     -0.00592041     
-0.0059082     -0.00574951     -0.00577393     -0.00561523     
-0.00548096     -0.00544434     -0.00551758     -0.00544434     
-0.00527344     -0.00529785     -0.00529785     -0.00493164     
-0.00500488     -0.0050293     -0.00489502     -0.00478516     
-0.00484619     -0.00482178     -0.00477295     -0.00482178     
-0.0046875     -0.00473633     -0.00461426     -0.00466309     
-0.00480957     -0.00461426     -0.00461426     -0.00456543     
-0.00465088     -0.00457764     -0.00461426     -0.00460205     
-0.00465088     -0.00462646     -0.00469971     -0.00452881     
-0.0046875     -0.00466309     -0.00466309     -0.00480957     
-0.00484619     -0.00478516     -0.00488281     -0.00484619     
-0.00496826     -0.00500488     -0.00499268     -0.00510254     
-0.00516357     -0.00527344     -0.00523682     -0.0052002     
-0.00518799     -0.00512695     -0.00524902     -0.00512695     
-0.0052002     -0.00512695     -0.00499268     -0.00479736     
-0.00489502     -0.00472412     -0.0048584     -0.00472412     
-0.00482178     -0.00472412     -0.00469971     -0.00455322     
-0.00463867     -0.00471191     -0.00458984     -0.0046875     
-0.00466309     -0.00457764     -0.00463867     -0.00446777     
-0.00455322     -0.00455322     -0.00449219     -0.00438232     
-0.00445557     -0.0045166     -0.00445557     -0.00432129     
-0.00441895     -0.00452881     -0.00447998     -0.00449219     
-0.00446777     -0.00466309     -0.00450439     -0.00439453     
-0.00450439     -0.00463867     -0.00457764     -0.00458984     
-0.00458984     -0.00465088     -0.00477295     -0.00471191     
-0.0046875     -0.00490723     -0.00495605     -0.00483398     
-0.00498047     -0.0050293     -0.0050293     -0.00491943     
-0.00487061     -0.00500488     -0.00506592     -0.00490723     
-0.00495605     -0.00491943     -0.00490723     -0.00480957     
-0.00493164     -0.00490723     -0.00495605     -0.00495605     
-0.00491943     -0.00500488     -0.00496826     -0.00484619     
-0.00493164     -0.00487061     -0.00484619     -0.00477295     
-0.00469971     -0.00455322     -0.00449219     -0.00430908     
-0.0041748     -0.00412598     -0.00413818     -0.00408936     
-0.0041748     -0.00424805     -0.00422363     -0.00424805     
-0.0043457     -0.00445557     -0.00450439     -0.00465088     
-0.00467529     -0.00482178     -0.00479736     -0.00473633     
-0.00482178     -0.00488281     -0.00480957     -0.00483398     
-0.00490723     -0.00480957     -0.00489502     -0.00471191     
-0.00477295     -0.00487061     -0.00480957     -0.00472412     
-0.00490723     -0.00483398     -0.00498047     -0.00482178     
-0.00493164     -0.00505371     -0.0050293     -0.00509033     
-0.00509033     -0.00517578     -0.00505371     -0.00507813     
-0.00493164     -0.00500488     -0.00498047     -0.00483398     
-0.00482178     -0.00476074     -0.00482178     -0.00462646     
-0.00455322     -0.00467529     -0.00465088     -0.00456543     
-0.00466309     -0.00476074     -0.00478516     -0.00473633     
-0.00484619     -0.0048584     -0.00496826     -0.00496826     
-0.00495605     -0.00507813     -0.00505371     -0.0050415     
-0.00500488     -0.00505371     -0.00515137     -0.00495605     
-0.00496826     -0.00511475     -0.00496826     -0.00487061     
-0.00490723     -0.00480957     -0.00490723     -0.00484619     
-0.00477295     -0.00477295     -0.00491943     -0.00478516     
-0.00479736     -0.00484619     -0.0050415     -0.0050293     
-0.0050293     -0.0050415     -0.00515137     -0.00511475     
-0.00498047     -0.00512695     -0.00507813     -0.00493164     
-0.00495605     -0.00488281     -0.00494385     -0.00474854     
-0.00477295     -0.00479736     -0.00487061     -0.00491943     
-0.00489502     -0.00493164     -0.00499268     -0.0048584     
-0.00488281     -0.00494385     -0.00495605     -0.0048584     
-0.00488281     -0.00483398     -0.00474854     -0.00471191     
-0.00457764     -0.00462646     -0.00456543     -0.00458984     
-0.00461426     -0.00463867     -0.0045166     -0.00463867     
-0.00467529     -0.00467529     -0.00487061     -0.00487061     
-0.00498047     -0.00499268     -0.00516357     -0.00523682     
-0.00527344     -0.0052124     -0.00541992     -0.00540771     
-0.00549316     -0.00554199     -0.00554199     -0.00544434     
-0.00548096     -0.00545654     -0.00531006     -0.00534668     
-0.0052002     -0.00513916     -0.0050293     -0.00461426     
-0.00463867     -0.00447998     -0.00440674     -0.00429688     
-0.00428467     -0.00427246     -0.00406494     -0.00413818     
-0.00418701     -0.00429688     -0.00440674     -0.0043335     
-0.00441895     -0.00454102     -0.00463867     -0.00446777     
-0.00449219     -0.00456543     -0.00452881     -0.00461426     
-0.00440674     -0.00441895     -0.00450439     -0.00428467     
-0.0043335     -0.00435791     -0.00441895     -0.00439453     
-0.00460205     -0.00465088     -0.00482178     -0.00474854     
-0.00489502     -0.00494385     -0.00515137     -0.0050415     
-0.0052002     -0.0052124     -0.00526123     -0.0052124     
-0.00522461     -0.00516357     -0.0052124     -0.00518799     
-0.00509033     -0.00515137     -0.00510254     -0.00494385     
-0.00501709     -0.00494385     -0.0050415     -0.00506592     
-0.00513916     -0.00510254     -0.00517578     -0.00523682     
-0.00523682     -0.00533447     -0.00552979     -0.00557861     
-0.00563965     -0.00567627     -0.00574951     -0.00562744     
-0.00560303     -0.00559082     -0.00557861     -0.00548096     
-0.00537109     -0.00539551     -0.0052124     -0.00500488     
-0.00500488     -0.00491943     -0.00482178     -0.00479736     
-0.00476074     -0.00457764     -0.00465088     -0.0045166     
-0.0045166     -0.00460205     -0.00449219     -0.00449219     
-0.00466309     -0.00456543     -0.00461426     -0.0045166     
-0.00456543     -0.00463867     -0.0046875     -0.00457764     
-0.00463867     -0.00471191     -0.0046875     -0.00460205     
-0.00455322     -0.00456543     -0.0046875     -0.00454102     
-0.00471191     -0.00465088     -0.00474854     -0.00466309     
-0.00472412     -0.00487061     -0.00478516     -0.00480957     
-0.00483398     -0.00482178     -0.0048584     -0.00476074     
-0.00474854     -0.00480957     -0.00488281     -0.00472412     
-0.00489502     -0.00494385     -0.00491943     -0.00493164     
-0.00490723     -0.0050293     -0.00524902     -0.00513916     
-0.00523682     -0.00527344     -0.00526123     -0.00513916     
-0.00526123     -0.00524902     -0.00526123     -0.00523682     
-0.00518799     -0.00516357     -0.00515137     -0.00494385     
-0.00498047     -0.00496826     -0.0050293     -0.00491943     
-0.00493164     -0.00493164     -0.00498047     -0.00496826     
-0.00488281     -0.00494385     -0.00491943     -0.00494385     
-0.00499268     -0.00477295     -0.00478516     -0.00466309     
-0.00465088     -0.00452881     -0.00458984     -0.00455322     
-0.00440674     -0.00437012     -0.00443115     -0.00427246     
-0.00423584     -0.00427246     -0.00432129     -0.0043457     
-0.00443115     -0.00437012     -0.00449219     -0.00449219     
-0.00458984     -0.00473633     -0.00483398     -0.00484619     
-0.00487061     -0.00488281     -0.00480957     -0.00484619     
-0.00476074     -0.00462646     -0.00469971     -0.00455322     
-0.00462646     -0.0046875     -0.00460205     -0.00447998     
-0.00465088     -0.00449219     -0.00466309     -0.00461426     
-0.00463867     -0.00478516     -0.00466309     -0.00457764     
-0.00472412     -0.00473633     -0.00458984     -0.0046875     
-0.00469971     -0.00467529     -0.0046875     -0.00450439     
-0.00465088     -0.00457764     -0.00469971     -0.00455322     
-0.00455322     -0.00467529     -0.00456543     -0.00446777     
-0.00449219     -0.00449219     -0.00456543     -0.00450439     
-0.00452881     -0.00465088     -0.00455322     -0.00447998     
-0.00452881     -0.00465088     -0.00476074     -0.00479736     
-0.00476074     -0.00478516     -0.00487061     -0.00482178     
-0.00460205     -0.00480957     -0.00480957     -0.00480957     
-0.00477295     -0.00477295     -0.00482178     -0.00479736     
-0.00471191     -0.00473633     -0.00490723     -0.00479736     
-0.00490723     -0.00490723     -0.00509033     -0.00494385     
-0.00484619     -0.00487061     -0.0048584     -0.0048584     
-0.00461426     -0.00456543     -0.0045166     -0.0043457     
-0.00423584     -0.00413818     -0.00411377     -0.00405273     
-0.00401611     -0.00393066     -0.00404053     -0.00394287     
-0.0038208     -0.00385742     -0.00395508     -0.00383301     
-0.0039917     -0.00400391     -0.00390625     -0.00400391     
-0.00411377     -0.00401611     -0.00419922     -0.00423584     
-0.00426025     -0.00435791     -0.00438232     -0.00441895     
-0.00443115     -0.00443115     -0.00441895     -0.00447998     
-0.00445557     -0.00441895     -0.00435791     -0.00423584     
-0.00423584     -0.00432129     -0.00426025     -0.00413818     
-0.00427246     -0.00427246     -0.00429688     -0.00419922     
-0.00427246     -0.00429688     -0.00430908     -0.00422363     
-0.00435791     -0.0043335     -0.00423584     -0.00418701     
-0.00418701     -0.0041626     -0.00422363     -0.00410156     
-0.00404053     -0.00405273     -0.00413818     -0.00402832     
-0.00394287     -0.00404053     -0.00407715     -0.00412598     
-0.00404053     -0.00415039     -0.0041748     -0.0041748     
-0.00407715     -0.00418701     -0.00419922     -0.00408936     
-0.00411377     -0.00418701     -0.00415039     -0.00407715     
-0.00410156     -0.00405273     -0.00421143     -0.00421143     
-0.00426025     -0.00437012     -0.00440674     -0.00428467     
-0.00443115     -0.00435791     -0.00449219     -0.00447998     
-0.00452881     -0.00443115     -0.00467529     -0.00458984     
-0.00460205     -0.00462646     -0.00477295     -0.00476074     
-0.00480957     -0.0048584     -0.00490723     -0.00487061     
-0.00478516     -0.00501709     -0.00500488     -0.00498047     
-0.00501709     -0.0050293     -0.00516357     -0.00505371     
-0.0050415     -0.00495605     -0.0050415     -0.00501709     
-0.00488281     -0.0048584     -0.00487061     -0.00476074     
-0.00472412     -0.00477295     -0.00474854     -0.00477295     
-0.00479736     -0.00476074     -0.00480957     -0.00471191     
-0.00457764     -0.00467529     -0.00465088     -0.0045166     
-0.00444336     -0.00447998     -0.00421143     -0.0041748     
-0.00412598     -0.00404053     -0.00405273     -0.00393066     
-0.00391846     -0.00391846     -0.00390625     -0.00372314     
-0.00377197     -0.00375977     -0.00374756     -0.00368652     
-0.00375977     -0.00374756     -0.00372314     -0.00367432     
-0.00375977     -0.00389404     -0.00394287     -0.00393066     
-0.00407715     -0.00419922     -0.00428467     -0.00418701     
-0.00426025     -0.00432129     -0.00444336     -0.00444336     
-0.00440674     -0.00449219     -0.0043335     -0.0043457     
-0.00432129     -0.0043457     -0.00428467     -0.00426025     
-0.00423584     -0.00419922     -0.00429688     -0.00408936     
-0.00411377     -0.00426025     -0.00411377     -0.00422363     
-0.0041626     -0.00428467     -0.00427246     -0.00430908     
-0.00435791     -0.00439453     -0.00452881     -0.00443115     
-0.00450439     -0.00449219     -0.00454102     -0.00441895     
-0.00437012     -0.00429688     -0.00449219     -0.00427246     
-0.00427246     -0.00426025     -0.00428467     -0.00418701     
-0.0041748     -0.00423584     -0.00443115     -0.00439453     
-0.0043335     -0.0045166     -0.00452881     -0.00460205     
-0.00467529     -0.00463867     -0.00483398     -0.0048584     
-0.00491943     -0.00491943     -0.00499268     -0.00498047     
-0.00487061     -0.00487061     -0.00495605     -0.00483398     
-0.00482178     -0.00474854     -0.00474854     -0.00466309     
-0.00462646     -0.00467529     -0.00471191     -0.00480957     
-0.00478516     -0.00490723     -0.00488281     -0.00494385     
-0.00496826     -0.00498047     -0.00505371     -0.00509033     
-0.00511475     -0.0050415     -0.00511475     -0.00495605     
-0.00493164     -0.0050415     -0.00491943     -0.00469971     
-0.00480957     -0.00460205     -0.00461426     -0.00438232     
-0.00443115     -0.00439453     -0.00443115     -0.00430908     
-0.00444336     -0.00454102     -0.00440674     -0.00443115     
-0.0045166     -0.00461426     -0.00477295     -0.00460205     
-0.00479736     -0.0048584     -0.00482178     -0.00489502     
-0.00480957     -0.00493164     -0.0050293     -0.00496826     
-0.0050415     -0.00498047     -0.00509033     -0.00498047     
-0.00494385     -0.00495605     -0.00509033     -0.00500488     
-0.00510254     -0.00506592     -0.00496826     -0.00490723     
-0.00494385     -0.00495605     -0.00495605     -0.00491943     
-0.00483398     -0.00483398     -0.00488281     -0.00465088     
-0.00469971     -0.00465088     -0.00466309     -0.00457764     
-0.00467529     -0.00446777     -0.00460205     -0.0043457     
-0.00437012     -0.00439453     -0.00438232     -0.0043335     
-0.00426025     -0.00430908     -0.00422363     -0.00429688     
-0.00404053     -0.00419922     -0.00428467     -0.00421143     
-0.00432129     -0.00426025     -0.00437012     -0.00438232     
-0.00437012     -0.00439453     -0.00439453     -0.00435791     
-0.00430908     -0.00422363     -0.00422363     -0.00406494     
-0.00404053     -0.00391846     -0.00385742     -0.00384521     
-0.00384521     -0.00383301     -0.00385742     -0.00378418     
-0.00379639     -0.00389404     -0.0039917     -0.00401611     
-0.00413818     -0.0041748     -0.00423584     -0.00418701     
-0.00428467     -0.00440674     -0.0045166     -0.00452881     
-0.00469971     -0.00479736     -0.00478516     -0.00472412     
-0.00491943     -0.00491943     -0.00505371     -0.00501709     
-0.00510254     -0.0050415     -0.00500488     -0.00478516     
-0.00480957     -0.00482178     -0.00465088     -0.00466309     
-0.00454102     -0.00447998     -0.00439453     -0.00415039     
-0.00424805     -0.0041748     -0.00426025     -0.0041626     
-0.00412598     -0.0043335     -0.00444336     -0.00439453     
-0.00450439     -0.00466309     -0.00484619     -0.0048584     
-0.00498047     -0.00522461     -0.0052124     -0.00513916     
-0.00527344     -0.00537109     -0.00541992     -0.00543213     
-0.00541992     -0.0055542     -0.00551758     -0.00537109     
-0.00528564     -0.00532227     -0.00534668     -0.00516357     
-0.00515137     -0.00512695     -0.00507813     -0.00493164     
-0.00480957     -0.00469971     -0.00487061     -0.00465088     
-0.00460205     -0.00462646     -0.00466309     -0.00456543     
-0.00456543     -0.00457764     -0.00458984     -0.00458984     
-0.00452881     -0.00452881     -0.00444336     -0.00441895     
-0.00443115     -0.00439453     -0.00456543     -0.00447998     
-0.00457764     -0.00457764     -0.00461426     -0.00454102     
-0.00452881     -0.00456543     -0.00458984     -0.00441895     
-0.00449219     -0.00445557     -0.00422363     -0.00426025     
-0.0041748     -0.00406494     -0.00412598     -0.00401611     
-0.00395508     -0.00396729     -0.00395508     -0.00394287     
-0.00394287     -0.00402832     -0.00407715     -0.00412598     
-0.00413818     -0.00424805     -0.00430908     -0.00422363     
-0.00419922     -0.00435791     -0.00437012     -0.00430908     
-0.00447998     -0.0043457     -0.00440674     -0.0043335     
-0.00443115     -0.00446777     -0.00438232     -0.00435791     
-0.00443115     -0.00443115     -0.00429688     -0.00428467     
-0.00437012     -0.00426025     -0.00438232     -0.00424805     
-0.00440674     -0.00430908     -0.00438232     -0.00426025     
-0.00424805     -0.00430908     -0.00418701     -0.00412598     
-0.00413818     -0.00406494     -0.00401611     -0.00394287     
-0.00390625     -0.00400391     -0.00397949     -0.00396729     
-0.00402832     -0.00408936     -0.00410156     -0.00415039     
-0.0041626     -0.00423584     -0.00437012     -0.00423584     
-0.00440674     -0.00456543     -0.00457764     -0.00443115     
-0.00458984     -0.00455322     -0.00466309     -0.00452881     
-0.00441895     -0.00449219     -0.00455322     -0.00428467     
-0.00418701     -0.0041626     -0.00421143     -0.00408936     
-0.00407715     -0.00404053     -0.00401611     -0.00395508     
-0.00385742     -0.0039917     -0.00400391     -0.00391846     
-0.00408936     -0.00390625     -0.0039917     -0.00394287     
-0.00390625     -0.00383301     -0.00395508     -0.0038208     
-0.00362549     -0.00361328     -0.0036377     -0.00328369     
-0.00328369     -0.00324707     -0.00318604     -0.00308838     
-0.003125     -0.003125     -0.003125     -0.00317383     
-0.00316162     -0.00332031     -0.00332031     -0.00340576     
-0.00356445     -0.00362549     -0.00362549     -0.00374756     
-0.00391846     -0.00388184     -0.00407715     -0.00404053     
-0.00408936     -0.00415039     -0.00415039     -0.0039917     
-0.00418701     -0.00411377     -0.0041626     -0.00410156     
-0.00427246     -0.00422363     -0.00422363     -0.0041626     
-0.00424805     -0.0043457     -0.00424805     -0.00443115     
-0.00440674     -0.00432129     -0.00447998     -0.0043335     
-0.0043457     -0.00437012     -0.00439453     -0.00438232     
-0.00439453     -0.00444336     -0.00441895     -0.00430908     
-0.00435791     -0.00437012     -0.00444336     -0.0043457     
-0.00430908     -0.00437012     -0.00432129     -0.00423584     
-0.00423584     -0.0041748     -0.00419922     -0.00424805     
-0.00410156     -0.0041748     -0.00410156     -0.0039917     
-0.00390625     -0.00391846     -0.00390625     -0.00380859     
-0.00383301     -0.00379639     -0.00393066     -0.00372314     
-0.00371094     -0.0036499     -0.00372314     -0.00351563     
-0.00355225     -0.00350342     -0.00340576     -0.00332031     
-0.00330811     -0.00335693     -0.00334473     -0.00341797     
-0.0034668     -0.00355225     -0.00360107     -0.00374756     
-0.00390625     -0.00389404     -0.00408936     -0.0041626     
-0.00422363     -0.00427246     -0.0043335     -0.00429688     
-0.00419922     -0.00422363     -0.00426025     -0.00408936     
-0.00413818     -0.00410156     -0.00396729     -0.00390625     
-0.00389404     -0.00377197     -0.00385742     -0.00377197     
-0.00373535     -0.00386963     -0.00385742     -0.00378418     
-0.00384521     -0.00396729     -0.0039917     -0.00402832     
-0.00407715     -0.00405273     -0.00410156     -0.00393066     
-0.00388184     -0.00385742     -0.00384521     -0.00369873     
-0.00385742     -0.00367432     -0.0036499     -0.00362549     
-0.00372314     -0.00373535     -0.00384521     -0.00384521     
-0.0039917     -0.00415039     -0.00418701     -0.0043335     
-0.00423584     -0.00430908     -0.00447998     -0.00424805     
-0.0043335     -0.0043457     -0.00424805     -0.00402832     
-0.00404053     -0.0039917     -0.00391846     -0.00383301     
-0.00388184     -0.00371094     -0.00372314     -0.00355225     
-0.0034668     -0.00356445     -0.00361328     -0.0034668     
-0.00349121     -0.00361328     -0.00345459     -0.00340576     
-0.00338135     -0.00336914     -0.00341797     -0.00343018     
-0.00344238     -0.00349121     -0.00355225     -0.00351563     
-0.00354004     -0.00367432     -0.00378418     -0.00372314     
-0.00374756     -0.00377197     -0.00397949     -0.00377197     
-0.00377197     -0.0038208     -0.00395508     -0.00384521     
-0.00393066     -0.00395508     -0.00396729     -0.00390625     
-0.00393066     -0.00397949     -0.00400391     -0.00388184     
-0.00395508     -0.00390625     -0.00391846     -0.00383301     
-0.0038208     -0.0038208     -0.00393066     -0.00379639     
-0.00371094     -0.00384521     -0.0038208     -0.00367432     
-0.00374756     -0.0038208     -0.00369873     -0.00373535     
-0.00383301     -0.00386963     -0.0038208     -0.00386963     
-0.00386963     -0.0039917     -0.00391846     -0.00393066     
-0.00400391     -0.00400391     -0.00400391     -0.00385742     
-0.00391846     -0.00379639     -0.00396729     -0.00379639     
-0.00388184     -0.00396729     -0.00384521     -0.00374756     
-0.00389404     -0.00386963     -0.0038208     -0.00375977     
-0.00385742     -0.00383301     -0.00377197     -0.00368652     
-0.00374756     -0.00383301     -0.00371094     -0.0038208     
-0.00384521     -0.00393066     -0.00394287     -0.00383301     
-0.00397949     -0.00406494     -0.00411377     -0.00396729     
-0.00408936     -0.00406494     -0.00390625     -0.0038208     
-0.00390625     -0.00388184     -0.00383301     -0.00375977     
-0.00378418     -0.00378418     -0.00362549     -0.00356445     
-0.00360107     -0.00371094     -0.00368652     -0.00369873     
-0.00369873     -0.0038208     -0.00388184     -0.00379639     
-0.00385742     -0.0039917     -0.0039917     -0.00395508     
-0.00408936     -0.00405273     -0.00410156     -0.00393066     
-0.00386963     -0.00380859     -0.00394287     -0.00369873     
-0.00373535     -0.0036377     -0.00367432     -0.00345459     
-0.00336914     -0.00328369     -0.00334473     -0.00327148     
-0.00313721     -0.00319824     -0.00317383     -0.00318604     
-0.00321045     -0.00317383     -0.00336914     -0.00328369     
-0.00328369     -0.00335693     -0.00339355     -0.00334473     
-0.00332031     -0.00335693     -0.00338135     -0.0032959     
-0.00340576     -0.00344238     -0.00344238     -0.00343018     
-0.003479     -0.00360107     -0.00372314     -0.00379639     
-0.00375977     -0.00385742     -0.00391846     -0.00386963     
-0.00390625     -0.00402832     -0.00400391     -0.0041626     
-0.00424805     -0.00421143     -0.00428467     -0.00421143     
-0.00429688     -0.00440674     -0.00447998     -0.00429688     
-0.00449219     -0.00438232     -0.00435791     -0.00412598     
-0.00418701     -0.00405273     -0.00389404     -0.00374756     
-0.00373535     -0.00374756     -0.00354004     -0.00344238     
-0.00334473     -0.00345459     -0.003479     -0.00327148     
-0.00336914     -0.00338135     -0.00339355     -0.00333252     
-0.00344238     -0.003479     -0.00340576     -0.00340576     
-0.003479     -0.00341797     -0.00344238     -0.00335693     
-0.00330811     -0.00350342     -0.00355225     -0.00345459     
-0.00350342     -0.00362549     -0.00362549     -0.00354004     
-0.00351563     -0.00355225     -0.0036499     -0.00351563     
-0.00358887     -0.00362549     -0.00351563     -0.00335693     
-0.00356445     -0.0034668     -0.00352783     -0.0034668     
-0.00356445     -0.00352783     -0.00366211     -0.00345459     
-0.00358887     -0.00358887     -0.00369873     -0.00362549     
-0.00360107     -0.00362549     -0.00372314     -0.00361328     
-0.00352783     -0.00361328     -0.0036499     -0.00354004     
-0.0036499     -0.00340576     -0.00344238     -0.00339355     
-0.00338135     -0.00332031     -0.00340576     -0.00344238     
-0.00336914     -0.00341797     -0.0034668     -0.00335693     
-0.00358887     -0.00366211     -0.00371094     -0.00379639     
-0.00396729     -0.00391846     -0.00406494     -0.00400391     
-0.00393066     -0.00412598     -0.00407715     -0.00411377     
-0.00419922     -0.0041626     -0.00410156     -0.00408936     

