Source : transient; Time : Wed Jun 14 08:53:18 2017
B0 = 3568.000000 Gauss, mw = 9.686281 GHz
 NDI-T2 sa261 20/2 42/25 523nm/1mJ
1 5000 -1.001e-06 8.997e-06 0 0
s                        V                                                 
-0.000219727     -8.54492e-05     1.2207e-05     0.000109863     
9.76563e-05     0.000183105     0.00020752     0.000268555     
0.000292969     0.000244141     0.000268555     0.000317383     
0.000183105     0.000219727     0.000158691     0.000231934     
1.2207e-05     0.000134277     9.76563e-05     0.000146484     
4.88281e-05     0.000170898     0.000183105     0.000195313     
0.000109863     0.000305176     0.000170898     0.000341797     
0.000195313     0.00020752     0.000292969     0.00012207     
4.88281e-05     0.00012207     -6.10352e-05     2.44141e-05     
-0.000109863     -0.000158691     -0.000134277     -0.000170898     
-0.000244141     -0.000195313     -0.000219727     -0.000219727     
-0.000244141     -0.000183105     -0.000109863     -9.76563e-05     
-0.000109863     -7.32422e-05     0.000109863     0.000158691     
2.44141e-05     0.000158691     0.000244141     0.000158691     
0.000170898     0.000256348     0.000317383     0.00032959     
0.000317383     0.000402832     0.000488281     0.00045166     
0.00020752     0.000378418     0.000195313     0.000170898     
0     -1.2207e-05     -0.000109863     -0.000170898     
-0.000305176     -0.000366211     -0.000512695     -0.000488281     
-0.000683594     -0.000683594     -0.000744629     -0.000866699     
-0.000927734     -0.000891113     -0.000976563     -0.000866699     
-0.000976563     -0.000891113     -0.000732422     -0.000732422     
-0.000634766     -0.000500488     -0.000390625     -0.000268555     
-0.000268555     -0.000244141     -0.000134277     -0.000170898     
-0.000256348     -0.000170898     -0.000317383     -0.00020752     
-0.000292969     -0.000341797     -0.000244141     -0.000183105     
-0.000354004     -0.000317383     -0.000244141     -0.000292969     
-0.00032959     -0.000427246     -0.000378418     -0.000341797     
-0.000500488     -0.000415039     -0.000488281     -0.000500488     
-0.000537109     -0.000463867     -0.000488281     -0.000427246     
-0.000549316     -0.000390625     -0.000378418     -0.000354004     
-0.000500488     -0.000354004     -0.000305176     -0.000280762     
-0.000317383     -0.000341797     -0.000354004     -0.000170898     
-0.000170898     -0.000109863     -0.000146484     -0.00020752     
-0.000183105     -0.000354004     -0.000341797     -0.000256348     
-0.000317383     -0.000354004     -0.000280762     -0.000415039     
-0.000390625     -0.000378418     -0.000317383     -0.000292969     
-0.000256348     -0.00020752     -0.000219727     -9.76563e-05     
-0.00020752     -6.10352e-05     -0.000134277     -6.10352e-05     
-7.32422e-05     0     7.32422e-05     0.000134277     
6.10352e-05     0.000183105     0.000134277     0.00032959     
0.00020752     0.000378418     0.000292969     0.000390625     
0.000244141     0.000366211     0.000268555     0.000378418     
0.000341797     0.000354004     0.000256348     0.00020752     
4.88281e-05     0.000134277     -8.54492e-05     -7.32422e-05     
-0.000219727     -0.00012207     -0.000195313     -0.000292969     
-0.000256348     -0.000170898     -0.000256348     -0.000219727     
-0.000256348     -0.000134277     -9.76563e-05     -0.000109863     
-0.000146484     -0.000280762     -0.00020752     -0.000170898     
-0.00032959     -0.000390625     -0.000378418     -0.000427246     
-0.000439453     -0.000439453     -0.00057373     -0.00045166     
-0.000463867     -0.000366211     -0.000305176     -0.000268555     
-0.00020752     -0.000146484     -6.10352e-05     2.44141e-05     
-6.10352e-05     1.2207e-05     -0.00012207     1.2207e-05     
-8.54492e-05     -0.000158691     -0.000244141     -0.000244141     
-0.000305176     -0.000354004     -0.000219727     -0.000231934     
-0.000439453     -0.000256348     -0.00020752     -3.66211e-05     
-2.44141e-05     1.2207e-05     9.76563e-05     0.000158691     
0.000183105     0.000244141     0.000134277     0.000244141     
0.000268555     0.00012207     7.32422e-05     6.10352e-05     
-9.76563e-05     -7.32422e-05     -0.00012207     -3.66211e-05     
-0.000183105     -0.000244141     -0.000183105     -0.00012207     
-0.000158691     -7.32422e-05     -9.76563e-05     -7.32422e-05     
-7.32422e-05     3.66211e-05     2.44141e-05     8.54492e-05     
1.2207e-05     7.32422e-05     0.000146484     0.000170898     
0.000146484     0.000219727     0.000231934     0.000317383     
0.000158691     0.000231934     0.000244141     0.000292969     
0.000183105     0.000256348     0.00020752     0.000231934     
1.2207e-05     2.44141e-05     4.88281e-05     0.00012207     
0     3.66211e-05     4.88281e-05     0.000109863     
1.2207e-05     4.88281e-05     0.00020752     0.000134277     
1.2207e-05     0.000170898     0.000158691     4.88281e-05     
-8.54492e-05     -4.88281e-05     -0.000219727     -0.000231934     
-0.000415039     -0.000427246     -0.000378418     -0.000427246     
-0.000488281     -0.000390625     -0.000292969     -0.000146484     
-0.000170898     4.88281e-05     0.00012207     0.000231934     
0.000280762     0.000390625     0.000500488     0.000549316     
0.000622559     0.000671387     0.00078125     0.000769043     
0.000769043     0.00078125     0.000610352     0.000683594     
0.000500488     0.000476074     0.000366211     0.000317383     
0.00012207     3.66211e-05     -6.10352e-05     0     
-0.00012207     -9.76563e-05     -3.66211e-05     4.88281e-05     
-6.10352e-05     7.32422e-05     0.000109863     0.000292969     
0.000231934     0.000292969     0.000268555     0.000158691     
0.00012207     0.000158691     2.44141e-05     0     
-8.54492e-05     -0.000195313     -0.000305176     -0.000378418     
-0.00045166     -0.00057373     -0.000610352     -0.000610352     
-0.000732422     -0.000683594     -0.000561523     -0.000756836     
-0.000793457     -0.000744629     -0.000793457     -0.000805664     
-0.000817871     -0.000744629     -0.000744629     -0.000695801     
-0.000708008     -0.00065918     -0.000683594     -0.000549316     
-0.000671387     -0.000561523     -0.000598145     -0.000585938     
-0.000634766     -0.00057373     -0.00065918     -0.000610352     
-0.000769043     -0.000744629     -0.000744629     -0.000854492     
-0.00106201     -0.000866699     -0.000927734     -0.000878906     
-0.000939941     -0.000891113     -0.000793457     -0.000744629     
-0.000830078     -0.000769043     -0.000610352     -0.000537109     
-0.000561523     -0.000524902     -0.00045166     -0.000439453     
-0.000427246     -0.000427246     -0.000268555     -0.000317383     
-0.000366211     -0.000256348     -0.00032959     -0.000317383     
-0.000256348     -0.00032959     -0.000292969     -0.000244141     
-0.000317383     -0.000280762     -0.000305176     -0.000317383     
-0.000378418     -0.000537109     -0.000537109     -0.000488281     
-0.000549316     -0.000585938     -0.000622559     -0.000549316     
-0.000720215     -0.000646973     -0.000622559     -0.000585938     
-0.000708008     -0.000683594     -0.000720215     -0.000720215     
-0.000830078     -0.000695801     -0.000793457     -0.000756836     
-0.000817871     -0.000683594     -0.000744629     -0.000634766     
-0.000769043     -0.000622559     -0.000622559     -0.000524902     
-0.000524902     -0.000415039     -0.000439453     -0.000341797     
-0.000354004     -0.000256348     -0.000183105     -9.76563e-05     
-4.88281e-05     -4.88281e-05     1.2207e-05     9.76563e-05     
9.76563e-05     9.76563e-05     0.000134277     0.000256348     
7.32422e-05     0.000146484     0.000183105     0.000195313     
0.000146484     0.00012207     0.000195313     0.000170898     
0.000170898     0.000280762     0.000183105     0.00020752     
0.00012207     0.000170898     4.88281e-05     0.00020752     
1.2207e-05     1.2207e-05     0     -8.54492e-05     
-0.000170898     -0.000256348     -0.000280762     -0.000402832     
-0.000488281     -0.000415039     -0.00045166     -0.00045166     
-0.000537109     -0.000537109     -0.000512695     -0.000415039     
-0.000488281     -0.000427246     -0.000280762     -0.000256348     
-0.000354004     -0.00020752     -0.000146484     -7.32422e-05     
-3.66211e-05     8.54492e-05     0.000183105     0.000109863     
9.76563e-05     0.000280762     0.00032959     0.000341797     
0.000305176     0.000390625     0.000341797     0.000402832     
0.00032959     0.000341797     0.000305176     0.000341797     
0.000280762     0.00032959     0.00032959     0.000378418     
0.000183105     0.000292969     0.000231934     0.000378418     
0.000195313     0.000292969     0.000231934     0.00032959     
0.000268555     0.000292969     0.000256348     0.000341797     
0.000195313     0.000244141     0.000183105     0.000109863     
-2.44141e-05     4.88281e-05     -2.44141e-05     -3.66211e-05     
-8.54492e-05     -1.2207e-05     -0.000109863     -2.44141e-05     
-8.54492e-05     -2.44141e-05     -2.44141e-05     -2.44141e-05     
-0.000158691     -0.000183105     -0.000109863     -0.000219727     
-0.00032959     -0.000427246     -0.000390625     -0.000415039     
-0.000610352     -0.000549316     -0.00057373     -0.000585938     
-0.000585938     -0.000537109     -0.000524902     -0.000292969     
-0.000305176     -7.32422e-05     0.000183105     0.000317383     
0.000415039     0.000854492     0.00102539     0.00146484     
0.00151367     0.00198975     0.00224609     0.00251465     
0.00256348     0.00290527     0.003125     0.00344238     
0.003479     0.00377197     0.00397949     0.00426025     
0.00432129     0.00452881     0.0046875     0.0050293     
0.00511475     0.00524902     0.00543213     0.00576172     
0.00581055     0.00598145     0.00623779     0.00649414     
0.00665283     0.00688477     0.00715332     0.00733643     
0.00743408     0.00772705     0.00794678     0.00817871     
0.0083252     0.00856934     0.00883789     0.00908203     
0.00924072     0.00946045     0.00968018     0.00994873     
0.00998535     0.0102539     0.0104858     0.0106079     
0.0107178     0.0108398     0.0110352     0.011145     
0.0111206     0.0114136     0.0113892     0.0115601     
0.0116455     0.0117676     0.0117432     0.0120728     
0.012146     0.0123657     0.0124146     0.012561     
0.0125854     0.0128052     0.0129761     0.013208     
0.0132568     0.0134521     0.0135742     0.0137817     
0.0138306     0.0140503     0.0141968     0.0143311     
0.0144409     0.0146851     0.0147461     0.014978     
0.0150269     0.0151855     0.0154175     0.0154175     
0.0155762     0.0155884     0.0157227     0.0158325     
0.0157349     0.0158325     0.015918     0.01604     
0.0158813     0.0160645     0.0160767     0.0161255     
0.0160889     0.0161865     0.0162231     0.0162231     
0.0163086     0.0163452     0.0163208     0.0164795     
0.016394     0.0164673     0.0164795     0.0166016     
0.0165894     0.0168091     0.0168579     0.0170532     
0.0170532     0.0172852     0.0174316     0.0175659     
0.0176514     0.0179321     0.0179688     0.0180664     
0.0181274     0.018335     0.018396     0.0185425     
0.0185425     0.0187134     0.0189087     0.0189087     
0.0188599     0.0189209     0.0189575     0.0190552     
0.0188721     0.0189575     0.0190552     0.0189087     
0.0188843     0.0189087     0.01875     0.0187622     
0.0186523     0.0186523     0.0186035     0.0186279     
0.0183472     0.0182983     0.0182861     0.0183472     
0.0182861     0.0181396     0.0181641     0.0181152     
0.0180664     0.0182495     0.0181519     0.0182739     
0.0182617     0.018335     0.0184082     0.0184326     
0.0183716     0.0184814     0.0185181     0.0185669     
0.0184082     0.0184937     0.0183228     0.0184204     
0.0183228     0.0182739     0.0183105     0.0182251     
0.0182129     0.0181519     0.0181641     0.0181519     
0.0180298     0.0180664     0.0179443     0.0180176     
0.0178467     0.0178345     0.0177856     0.0177368     
0.017627     0.017627     0.0175659     0.0176147     
0.0174805     0.0175415     0.0176025     0.0175293     
0.0174683     0.0175781     0.0175903     0.0175537     
0.0175171     0.0175049     0.0175659     0.0175903     
0.0174561     0.0174805     0.0173462     0.0174072     
0.0171021     0.0171997     0.0170898     0.0169556     
0.0167114     0.0166382     0.0165161     0.0164307     
0.0163452     0.0162476     0.0161255     0.0162354     
0.0160034     0.0161011     0.0160278     0.0160522     
0.015979     0.0160645     0.01604     0.0160034     
0.0158447     0.015918     0.0158325     0.0157959     
0.0156616     0.0156006     0.0154663     0.0154541     
0.0152466     0.0151245     0.0150513     0.0148926     
0.0147583     0.0146729     0.0145752     0.014502     
0.0143555     0.0142212     0.0141479     0.0141357     
0.0140259     0.0139526     0.0139282     0.0137085     
0.0136597     0.0134033     0.0133301     0.0134155     
0.0131348     0.0131958     0.012915     0.0129395     
0.0127563     0.0127441     0.0125732     0.0125854     
0.0125244     0.012561     0.0125366     0.0124512     
0.0123047     0.0123779     0.0123413     0.0123901     
0.0122925     0.0122437     0.0121338     0.0120972     
0.0119751     0.0119263     0.0118042     0.0117676     
0.0116577     0.0116211     0.0114502     0.0114502     
0.0113037     0.0112183     0.0111694     0.0110718     
0.0111084     0.0110962     0.0110229     0.0108887     
0.0108032     0.01073     0.0106445     0.010498     
0.0103027     0.0103271     0.0101074     0.00999756     
0.00980225     0.00958252     0.00953369     0.00933838     
0.00919189     0.00921631     0.00898438     0.00898438     
0.00872803     0.0088623     0.00877686     0.00875244     
0.00869141     0.00883789     0.00881348     0.00887451     
0.00888672     0.00888672     0.00877686     0.0088501     
0.00874023     0.0088501     0.0088623     0.00887451     
0.00872803     0.00870361     0.00877686     0.0088501     
0.00878906     0.00878906     0.00883789     0.00883789     
0.0086792     0.00875244     0.0086792     0.00859375     
0.00854492     0.00843506     0.00830078     0.0081543     
0.00793457     0.00786133     0.00771484     0.00770264     
0.00750732     0.00750732     0.00740967     0.00744629     
0.00726318     0.0072998     0.00738525     0.00740967     
0.00740967     0.00731201     0.00738525     0.00734863     
0.00720215     0.00731201     0.00720215     0.00731201     
0.00720215     0.00715332     0.00710449     0.00727539     
0.00705566     0.00705566     0.00697021     0.00695801     
0.00682373     0.00690918     0.00667725     0.00670166     
0.00643311     0.0064209     0.00640869     0.00632324     
0.00628662     0.00628662     0.00618896     0.00616455     
0.00611572     0.00616455     0.00604248     0.00606689     
0.00603027     0.00595703     0.00595703     0.00593262     
0.00585938     0.00585938     0.00588379     0.00594482     
0.00593262     0.00598145     0.00601807     0.00606689     
0.00601807     0.00612793     0.00612793     0.00610352     
0.00612793     0.00603027     0.00609131     0.0059082     
0.00587158     0.00578613     0.00561523     0.00565186     
0.00552979     0.00549316     0.00539551     0.00534668     
0.00529785     0.0053833     0.0053833     0.00539551     
0.00543213     0.00549316     0.00549316     0.00550537     
0.00535889     0.00551758     0.00549316     0.00543213     
0.00535889     0.00533447     0.00529785     0.0052002     
0.00501709     0.00493164     0.00491943     0.00494385     
0.0048584     0.00491943     0.00491943     0.00495605     
0.00493164     0.00493164     0.00512695     0.00515137     
0.00515137     0.00524902     0.00516357     0.0052002     
0.0052124     0.00522461     0.00517578     0.0052124     
0.00498047     0.0050415     0.00498047     0.00491943     
0.00483398     0.00472412     0.00476074     0.00487061     
0.00476074     0.00484619     0.00482178     0.00494385     
0.00478516     0.00506592     0.00494385     0.00511475     
0.00517578     0.00527344     0.00529785     0.00537109     
0.00546875     0.00548096     0.00550537     0.00570068     
0.00552979     0.00560303     0.00568848     0.00557861     
0.00548096     0.00550537     0.00549316     0.00549316     
0.00540771     0.00549316     0.00548096     0.00549316     
0.00544434     0.00554199     0.00550537     0.0055542     
0.00565186     0.00557861     0.00560303     0.00562744     
0.00562744     0.00565186     0.00561523     0.00571289     
0.00557861     0.00567627     0.00565186     0.00571289     
0.00560303     0.00570068     0.00576172     0.00574951     
0.00578613     0.00588379     0.00585938     0.00594482     
0.005896     0.00601807     0.00596924     0.0060791     
0.00603027     0.00603027     0.00605469     0.00595703     
0.00587158     0.00588379     0.00585938     0.00581055     
0.00561523     0.00561523     0.00559082     0.00556641     
0.00554199     0.00557861     0.00551758     0.00560303     
0.00562744     0.0055542     0.00567627     0.0057251     
0.00559082     0.00574951     0.00574951     0.00583496     
0.00583496     0.00600586     0.00603027     0.00601807     
0.00609131     0.00615234     0.00610352     0.00626221     
0.00622559     0.00623779     0.00631104     0.00633545     
0.00620117     0.00629883     0.00637207     0.00635986     
0.00639648     0.00640869     0.00640869     0.00649414     
0.00639648     0.00639648     0.00637207     0.00656738     
0.00653076     0.00649414     0.0065918     0.00665283     
0.00649414     0.00662842     0.00661621     0.00666504     
0.00651855     0.00661621     0.00646973     0.00650635     
0.00628662     0.00622559     0.00605469     0.00606689     
0.00593262     0.005896     0.00581055     0.00574951     
0.00570068     0.00568848     0.00568848     0.00571289     
0.00577393     0.00584717     0.00585938     0.00584717     
0.00593262     0.00598145     0.00612793     0.00616455     
0.00616455     0.00628662     0.00635986     0.00632324     
0.00627441     0.00627441     0.00625     0.00620117     
0.00604248     0.00596924     0.00588379     0.00574951     
0.00567627     0.00563965     0.00551758     0.00563965     
0.00554199     0.00566406     0.00566406     0.0057251     
0.00562744     0.00588379     0.0059082     0.005896     
0.00592041     0.00604248     0.0059082     0.00600586     
0.00596924     0.00605469     0.00606689     0.0060791     
0.00606689     0.00621338     0.00627441     0.00638428     
0.00623779     0.00640869     0.0064209     0.00639648     
0.00634766     0.00625     0.00623779     0.00614014     
0.00600586     0.00587158     0.00585938     0.00568848     
0.00556641     0.00561523     0.00557861     0.00543213     
0.00537109     0.00539551     0.00537109     0.00551758     
0.00539551     0.00545654     0.0055542     0.00545654     
0.00544434     0.00544434     0.00549316     0.00548096     
0.00535889     0.00551758     0.00535889     0.00533447     
0.00524902     0.00524902     0.00512695     0.00523682     
0.00518799     0.00506592     0.00506592     0.00505371     
0.00505371     0.00499268     0.00489502     0.0050293     
0.00483398     0.00479736     0.00479736     0.00467529     
0.00449219     0.00454102     0.00430908     0.00435791     
0.00429688     0.00427246     0.00427246     0.0041626     
0.0041748     0.00424805     0.0041626     0.0041748     
0.00419922     0.0041748     0.00413818     0.00413818     
0.00404053     0.00391846     0.00389404     0.00397949     
0.00375977     0.00373535     0.00375977     0.0036499     
0.00356445     0.00349121     0.00351563     0.00338135     
0.00340576     0.00343018     0.00334473     0.00336914     
0.00306396     0.00318604     0.00311279     0.00317383     
0.00310059     0.00317383     0.00306396     0.00302734     
0.00311279     0.00301514     0.00301514     0.00306396     
0.00286865     0.00290527     0.00289307     0.00283203     
0.00268555     0.00275879     0.00258789     0.00274658     
0.00245361     0.00240479     0.00236816     0.00230713     
0.00214844     0.00211182     0.00203857     0.00202637     
0.00189209     0.00195313     0.00201416     0.00187988     
0.00187988     0.00201416     0.00201416     0.00211182     
0.00209961     0.00220947     0.00220947     0.00236816     
0.00224609     0.00233154     0.00245361     0.00249023     
0.00251465     0.00251465     0.00256348     0.00253906     
0.00247803     0.00249023     0.00233154     0.00246582     
0.00217285     0.00211182     0.00196533     0.00192871     
0.00177002     0.00174561     0.00161133     0.00164795     
0.00148926     0.0015625     0.00152588     0.00148926     
0.00134277     0.00140381     0.00142822     0.00145264     
0.00130615     0.00140381     0.00135498     0.00134277     
0.00137939     0.00145264     0.00150146     0.00148926     
0.00157471     0.00159912     0.00167236     0.00163574     
0.00169678     0.00164795     0.00162354     0.00163574     
0.00140381     0.00135498     0.00133057     0.0012085     
0.0010498     0.000939941     0.000793457     0.000878906     
0.000842285     0.000805664     0.000854492     0.000854492     
0.000952148     0.0010498     0.00107422     0.0012207     
0.00117188     0.00136719     0.00126953     0.00125732     
0.0012207     0.00130615     0.00114746     0.00123291     
0.0012085     0.00107422     0.00108643     0.00102539     
0.000769043     0.000952148     0.000793457     0.000866699     
0.00078125     0.000769043     0.000683594     0.000732422     
0.000610352     0.000695801     0.000598145     0.00057373     
0.000561523     0.000561523     0.000512695     0.000512695     
0.00032959     0.000256348     0.00032959     0.000244141     
0.000280762     0.000219727     0.000317383     0.000378418     
0.000305176     0.000439453     0.000524902     0.00057373     
0.000537109     0.000683594     0.00078125     0.000683594     
0.00057373     0.000500488     0.000585938     0.00057373     
0.000427246     0.000500488     0.000402832     0.000512695     
0.000476074     0.00057373     0.00057373     0.000683594     
0.000744629     0.000817871     0.000878906     0.000866699     
0.000756836     0.000842285     0.000817871     0.000842285     
0.000708008     0.000744629     0.000744629     0.000671387     
0.000598145     0.000744629     0.000708008     0.000830078     
0.00078125     0.000793457     0.000878906     0.000891113     
0.000744629     0.000854492     0.000842285     0.000915527     
0.000927734     0.000805664     0.000891113     0.000878906     
0.000805664     0.000939941     0.000915527     0.000952148     
0.000854492     0.000952148     0.00100098     0.000952148     
0.000927734     0.00090332     0.000952148     0.0010498     
0.00090332     0.00102539     0.000964355     0.00108643     
0.00078125     0.00109863     0.00102539     0.00102539     
0.000964355     0.00098877     0.000952148     0.00102539     
0.000854492     0.000878906     0.000817871     0.000915527     
0.000793457     0.000805664     0.000817871     0.000817871     
0.000842285     0.000854492     0.00090332     0.00090332     
0.00090332     0.000891113     0.000927734     0.000927734     
0.000769043     0.000817871     0.000817871     0.000793457     
0.000671387     0.000585938     0.000585938     0.00045166     
0.00045166     0.000427246     0.000317383     0.000317383     
0.000280762     0.000366211     0.000439453     0.000488281     
0.000402832     0.000524902     0.000683594     0.000671387     
0.000732422     0.000769043     0.000817871     0.000878906     
0.000854492     0.000854492     0.000854492     0.000964355     
0.000830078     0.000891113     0.000769043     0.000805664     
0.000720215     0.000805664     0.000720215     0.000830078     
0.00078125     0.000854492     0.000805664     0.000952148     
0.000842285     0.000830078     0.00100098     0.00109863     
0.00106201     0.0012207     0.00123291     0.0013916     
0.00142822     0.00145264     0.00152588     0.00169678     
0.00168457     0.00178223     0.00179443     0.00175781     
0.00168457     0.00157471     0.00155029     0.00146484     
0.00128174     0.00124512     0.00117188     0.00101318     
0.000842285     0.000866699     0.000805664     0.000891113     
0.000927734     0.000854492     0.00100098     0.00102539     
0.00101318     0.0010498     0.00114746     0.00115967     
0.00101318     0.0012085     0.00113525     0.0012207     
0.00108643     0.00113525     0.00111084     0.0012085     
0.00125732     0.00128174     0.00126953     0.00130615     
0.00126953     0.00130615     0.00135498     0.00137939     
0.00123291     0.0012207     0.00117188     0.00108643     
0.000939941     0.000866699     0.00078125     0.000891113     
0.000720215     0.000805664     0.000830078     0.000830078     
0.000817871     0.000927734     0.000927734     0.0010498     
0.0010498     0.00107422     0.00113525     0.00114746     
0.00107422     0.00106201     0.00106201     0.00109863     
0.000964355     0.00100098     0.00102539     0.00107422     
0.00107422     0.000964355     0.00107422     0.00126953     
0.0012085     0.00136719     0.00129395     0.00146484     
0.0013916     0.00144043     0.00146484     0.00162354     
0.00146484     0.00155029     0.00148926     0.00141602     
0.00144043     0.0013916     0.00137939     0.00145264     
0.00125732     0.00135498     0.00134277     0.00128174     
0.00114746     0.00114746     0.00106201     0.00108643     
0.00101318     0.000964355     0.000842285     0.000805664     
0.000634766     0.00065918     0.000524902     0.000610352     
0.000561523     0.00057373     0.000537109     0.000610352     
0.000561523     0.000598145     0.00078125     0.000854492     
0.000756836     0.000878906     0.000964355     0.0010376     
0.00100098     0.000927734     0.000976563     0.00102539     
0.000915527     0.000976563     0.000964355     0.0010498     
0.000854492     0.00106201     0.000915527     0.00098877     
0.000976563     0.00109863     0.00108643     0.00113525     
0.00112305     0.00113525     0.00111084     0.00119629     
0.00107422     0.00118408     0.00117188     0.00102539     
0.000805664     0.000805664     0.000683594     0.000695801     
0.000537109     0.000463867     0.000390625     0.00032959     
0.000231934     0.000256348     0.000231934     0.000268555     
0.000158691     0.000158691     0.00020752     0.000183105     
0.000146484     0.00020752     0.000158691     0.00020752     
0.000134277     0.000146484     0.000134277     0.00020752     
9.76563e-05     0.000134277     0.000158691     0.000146484     
0.000134277     9.76563e-05     7.32422e-05     8.54492e-05     
2.44141e-05     3.66211e-05     -0.00012207     1.2207e-05     
-8.54492e-05     -4.88281e-05     -6.10352e-05     -3.66211e-05     
-0.000134277     -9.76563e-05     -7.32422e-05     -1.2207e-05     
-0.000158691     -4.88281e-05     -1.2207e-05     0.000146484     
0     7.32422e-05     0.000134277     0.000292969     
0.000109863     0.000317383     0.000158691     0.00020752     
0.000317383     0.000268555     0.000134277     8.54492e-05     
6.10352e-05     -1.2207e-05     -0.000134277     -0.000244141     
-0.000378418     -0.000512695     -0.000708008     -0.000634766     
-0.000891113     -0.00098877     -0.0010376     -0.00107422     
-0.00123291     -0.00119629     -0.00125732     -0.00125732     
-0.00134277     -0.00112305     -0.00106201     -0.0010498     
-0.00111084     -0.000952148     -0.00090332     -0.000671387     
-0.000854492     -0.000622559     -0.000622559     -0.000524902     
-0.000549316     -0.000488281     -0.000488281     -0.000354004     
-0.000341797     -0.000292969     -0.000341797     -0.000341797     
-0.000378418     -0.00032959     -0.000439453     -0.000439453     
-0.000500488     -0.00057373     -0.000708008     -0.000720215     
-0.000866699     -0.00090332     -0.00090332     -0.000927734     
-0.0010376     -0.000927734     -0.000939941     -0.000952148     
-0.000976563     -0.000927734     -0.000854492     -0.000708008     
-0.000866699     -0.000817871     -0.000756836     -0.000769043     
-0.00078125     -0.000769043     -0.000854492     -0.000878906     
-0.000964355     -0.00109863     -0.00113525     -0.00126953     
-0.00142822     -0.00150146     -0.00161133     -0.00163574     
-0.00186768     -0.00170898     -0.00174561     -0.00157471     
-0.00177002     -0.00158691     -0.0015625     -0.00141602     
-0.00146484     -0.00133057     -0.00131836     -0.00126953     
-0.00136719     -0.00134277     -0.00142822     -0.00129395     
-0.00134277     -0.00137939     -0.00131836     -0.00133057     
-0.00131836     -0.00119629     -0.0012207     -0.00109863     
-0.00107422     -0.000927734     -0.000927734     -0.000805664     
-0.000842285     -0.00078125     -0.000695801     -0.00065918     
-0.000646973     -0.000756836     -0.000793457     -0.000744629     
-0.000854492     -0.000854492     -0.00078125     -0.000891113     
-0.00107422     -0.000952148     -0.000964355     -0.00098877     
-0.00109863     -0.0010376     -0.00114746     -0.000976563     
-0.00108643     -0.00107422     -0.00102539     -0.00106201     
-0.00118408     -0.00108643     -0.00111084     -0.000976563     
-0.0012207     -0.00114746     -0.00109863     -0.00117188     
-0.00135498     -0.00126953     -0.00137939     -0.00129395     
-0.00146484     -0.00146484     -0.00150146     -0.00146484     
-0.00162354     -0.0015625     -0.00142822     -0.00147705     
-0.0015625     -0.00153809     -0.00136719     -0.00141602     
-0.00161133     -0.00152588     -0.00155029     -0.00155029     
-0.00167236     -0.00163574     -0.0015625     -0.0015625     
-0.00159912     -0.00151367     -0.00146484     -0.00134277     
-0.00135498     -0.0012085     -0.00117188     -0.00109863     
-0.00117188     -0.00118408     -0.00106201     -0.00113525     
-0.00119629     -0.0012207     -0.00118408     -0.00119629     
-0.00128174     -0.00123291     -0.00125732     -0.00112305     
-0.00125732     -0.00118408     -0.00114746     -0.00109863     
-0.00119629     -0.00109863     -0.00100098     -0.000939941     
-0.0010376     -0.00098877     -0.00107422     -0.000915527     
-0.000927734     -0.00098877     -0.00098877     -0.000927734     
-0.000915527     -0.00090332     -0.000927734     -0.000866699     
-0.00090332     -0.000854492     -0.000927734     -0.000793457     
-0.000854492     -0.000805664     -0.000793457     -0.000891113     
-0.000842285     -0.000976563     -0.00098877     -0.00108643     
-0.0012207     -0.0012085     -0.00115967     -0.0012207     
-0.00140381     -0.00142822     -0.00136719     -0.00129395     
-0.00135498     -0.00130615     -0.00118408     -0.00108643     
-0.00112305     -0.00107422     -0.000964355     -0.00078125     
-0.000878906     -0.000805664     -0.000817871     -0.000683594     
-0.000866699     -0.000878906     -0.000976563     -0.000927734     
-0.00117188     -0.00113525     -0.00124512     -0.00133057     
-0.00153809     -0.00148926     -0.00153809     -0.00153809     
-0.00162354     -0.00162354     -0.00153809     -0.00145264     
-0.00148926     -0.00147705     -0.00137939     -0.0012085     
-0.00119629     -0.00107422     -0.00102539     -0.000878906     
-0.000805664     -0.000805664     -0.000549316     -0.000488281     
-0.000537109     -0.000415039     -0.000341797     -0.000390625     
-0.000341797     -0.000256348     -0.000280762     -9.76563e-05     
-0.000170898     -9.76563e-05     0     8.54492e-05     
0.000183105     0.000158691     0.000231934     0.000292969     
0.000292969     0.00032959     0.000244141     0.000280762     
8.54492e-05     6.10352e-05     -8.54492e-05     -7.32422e-05     
-0.000292969     -0.00045166     -0.000463867     -0.000427246     
-0.000646973     -0.000683594     -0.000695801     -0.000598145     
-0.000769043     -0.000634766     -0.000585938     -0.000549316     
-0.00065918     -0.000634766     -0.000634766     -0.000524902     
-0.000585938     -0.00065918     -0.000720215     -0.00065918     
-0.000854492     -0.000927734     -0.000854492     -0.000878906     
-0.000854492     -0.000952148     -0.000842285     -0.000805664     
-0.000866699     -0.000866699     -0.000842285     -0.000744629     
-0.000866699     -0.000769043     -0.000805664     -0.000769043     
-0.000842285     -0.000769043     -0.000732422     -0.000720215     
-0.000695801     -0.000622559     -0.000598145     -0.000622559     
-0.000793457     -0.00065918     -0.000769043     -0.000805664     
-0.00100098     -0.000952148     -0.0010498     -0.00102539     
-0.00114746     -0.00117188     -0.00115967     -0.00107422     
-0.00112305     -0.000939941     -0.000891113     -0.000842285     
-0.00090332     -0.000793457     -0.000646973     -0.000537109     
-0.000598145     -0.000524902     -0.000427246     -0.000354004     
-0.000488281     -0.000378418     -0.00032959     -0.000292969     
-0.000415039     -0.000476074     -0.000378418     -0.000537109     
-0.00065918     -0.00065918     -0.000744629     -0.000830078     
-0.000939941     -0.00098877     -0.0010498     -0.00109863     
-0.00136719     -0.00130615     -0.00137939     -0.0013916     
-0.00151367     -0.00157471     -0.00150146     -0.00148926     
-0.00164795     -0.00161133     -0.00177002     -0.00163574     
-0.00180664     -0.00181885     -0.00195313     -0.00186768     
-0.00205078     -0.00201416     -0.00216064     -0.00211182     
-0.00218506     -0.00206299     -0.00212402     -0.00200195     
-0.0020874     -0.00200195     -0.00200195     -0.00192871     
-0.00184326     -0.00181885     -0.00187988     -0.00183105     
-0.00183105     -0.00167236     -0.00174561     -0.0015625     
-0.00162354     -0.00150146     -0.00136719     -0.00137939     
-0.00130615     -0.00131836     -0.0012207     -0.00111084     
-0.00115967     -0.00118408     -0.00118408     -0.0012207     
-0.00140381     -0.00137939     -0.00137939     -0.00144043     
-0.00153809     -0.00150146     -0.00141602     -0.00162354     
-0.00159912     -0.00152588     -0.00148926     -0.00142822     
-0.00142822     -0.00126953     -0.00118408     -0.00113525     
-0.00126953     -0.00114746     -0.00107422     -0.00106201     
-0.00111084     -0.000976563     -0.00098877     -0.00101318     
-0.00113525     -0.00098877     -0.00112305     -0.00109863     
-0.00119629     -0.0012085     -0.00118408     -0.00108643     
-0.00130615     -0.00123291     -0.00115967     -0.00115967     
-0.00128174     -0.00113525     -0.00113525     -0.00113525     
-0.00109863     -0.00111084     -0.000964355     -0.000964355     
-0.00101318     -0.000878906     -0.000830078     -0.000830078     
-0.000830078     -0.000927734     -0.000927734     -0.00090332     
-0.00109863     -0.00117188     -0.00115967     -0.00131836     
-0.0015625     -0.00162354     -0.00168457     -0.00178223     
-0.00196533     -0.00186768     -0.0020752     -0.00189209     
-0.00196533     -0.00186768     -0.00184326     -0.00169678     
-0.00172119     -0.00166016     -0.00155029     -0.00150146     
-0.00158691     -0.00151367     -0.00145264     -0.00117188     
-0.00140381     -0.00134277     -0.00117188     -0.00117188     
-0.00126953     -0.00117188     -0.00113525     -0.00117188     
-0.00117188     -0.00114746     -0.00108643     -0.00108643     
-0.00119629     -0.00115967     -0.0012207     -0.00123291     
-0.00113525     -0.00131836     -0.00134277     -0.00142822     
-0.0015625     -0.00158691     -0.00167236     -0.00169678     
-0.00179443     -0.00180664     -0.00186768     -0.00194092     
-0.00197754     -0.0019043     -0.00184326     -0.00195313     
-0.00184326     -0.00175781     -0.00183105     -0.00170898     
-0.00166016     -0.00166016     -0.00159912     -0.00150146     
-0.00157471     -0.00144043     -0.00147705     -0.00141602     
-0.00155029     -0.0015625     -0.00153809     -0.00150146     
-0.00166016     -0.00161133     -0.00166016     -0.00169678     
-0.00181885     -0.00183105     -0.00189209     -0.00184326     
-0.00192871     -0.0019165     -0.00189209     -0.00180664     
-0.00189209     -0.00186768     -0.00178223     -0.00163574     
-0.00167236     -0.00172119     -0.00155029     -0.0015625     
-0.00148926     -0.00147705     -0.00146484     -0.00137939     
-0.00144043     -0.00137939     -0.00147705     -0.00133057     
-0.00142822     -0.00150146     -0.0013916     -0.00133057     
-0.0013916     -0.00145264     -0.00141602     -0.00137939     
-0.00146484     -0.00144043     -0.00161133     -0.00150146     
-0.00163574     -0.00169678     -0.00179443     -0.00169678     
-0.00186768     -0.00178223     -0.00184326     -0.00187988     
-0.00186768     -0.00185547     -0.00187988     -0.00170898     
-0.00183105     -0.00180664     -0.00180664     -0.00170898     
-0.00174561     -0.00166016     -0.00162354     -0.00158691     
-0.00162354     -0.00161133     -0.00161133     -0.0015625     
-0.00162354     -0.0015625     -0.00155029     -0.00152588     
-0.00150146     -0.00153809     -0.00148926     -0.00145264     
-0.00152588     -0.00152588     -0.00148926     -0.00148926     
-0.00155029     -0.00148926     -0.00159912     -0.00153809     
-0.00170898     -0.00170898     -0.00162354     -0.00180664     
-0.00187988     -0.00194092     -0.00192871     -0.00179443     
-0.00206299     -0.0019165     -0.00185547     -0.00184326     
-0.00202637     -0.00189209     -0.00187988     -0.0017334     
-0.00178223     -0.00169678     -0.00164795     -0.00150146     
-0.00161133     -0.0015625     -0.00151367     -0.00137939     
-0.00144043     -0.00147705     -0.00145264     -0.00147705     
-0.00169678     -0.00152588     -0.00151367     -0.00155029     
-0.00159912     -0.00148926     -0.00153809     -0.00140381     
-0.00155029     -0.00159912     -0.0013916     -0.00150146     
-0.00159912     -0.00146484     -0.00142822     -0.00147705     
-0.0015625     -0.00159912     -0.00161133     -0.00153809     
-0.00166016     -0.00159912     -0.00159912     -0.00166016     
-0.00172119     -0.00177002     -0.00166016     -0.00167236     
-0.00183105     -0.00158691     -0.00166016     -0.00157471     
-0.00163574     -0.00155029     -0.00159912     -0.00142822     
-0.00152588     -0.00142822     -0.00140381     -0.00128174     
-0.00128174     -0.00128174     -0.00123291     -0.0010498     
-0.00130615     -0.00111084     -0.00112305     -0.00115967     
-0.00123291     -0.00113525     -0.00115967     -0.00117188     
-0.00112305     -0.00109863     -0.00131836     -0.00130615     
-0.00136719     -0.00136719     -0.00146484     -0.00151367     
-0.00146484     -0.00155029     -0.00159912     -0.00155029     
-0.00164795     -0.00163574     -0.00152588     -0.0015625     
-0.00162354     -0.00155029     -0.00155029     -0.00159912     
-0.00158691     -0.00159912     -0.00161133     -0.00162354     
-0.00172119     -0.00169678     -0.00169678     -0.00159912     
-0.00183105     -0.00169678     -0.0017334     -0.00172119     
-0.00187988     -0.00177002     -0.00178223     -0.00178223     
-0.00183105     -0.00175781     -0.00183105     -0.00186768     
-0.0019043     -0.00189209     -0.0019165     -0.00196533     
-0.00203857     -0.00195313     -0.00194092     -0.0019165     
-0.00197754     -0.00194092     -0.00178223     -0.00175781     
-0.00183105     -0.00180664     -0.00177002     -0.00175781     
-0.00169678     -0.00169678     -0.0015625     -0.00157471     
-0.00166016     -0.00150146     -0.00157471     -0.00151367     
-0.00153809     -0.00151367     -0.00151367     -0.0013916     
-0.00147705     -0.00148926     -0.00147705     -0.00146484     
-0.00142822     -0.00140381     -0.0013916     -0.00136719     
-0.00137939     -0.00124512     -0.00129395     -0.00111084     
-0.00115967     -0.00109863     -0.0010376     -0.00098877     
-0.00100098     -0.00101318     -0.00106201     -0.000927734     
-0.00112305     -0.00108643     -0.00118408     -0.00106201     
-0.00128174     -0.00128174     -0.00115967     -0.00112305     
-0.00126953     -0.00118408     -0.00115967     -0.00118408     
-0.00112305     -0.0010498     -0.00111084     -0.00101318     
-0.00101318     -0.00100098     -0.00102539     -0.00107422     
-0.00114746     -0.00114746     -0.00119629     -0.00118408     
-0.00137939     -0.00150146     -0.00151367     -0.00164795     
-0.00172119     -0.00170898     -0.00181885     -0.00186768     
-0.00189209     -0.00174561     -0.00157471     -0.00170898     
-0.00170898     -0.00159912     -0.00157471     -0.00144043     
-0.00151367     -0.00144043     -0.00141602     -0.00141602     
-0.00158691     -0.00159912     -0.00155029     -0.00151367     
-0.00167236     -0.00158691     -0.00164795     -0.00164795     
-0.00181885     -0.00180664     -0.00186768     -0.00186768     
-0.00205078     -0.00206299     -0.00211182     -0.00211182     
-0.00233154     -0.0022583     -0.00231934     -0.00228271     
-0.00249023     -0.00229492     -0.00229492     -0.00219727     
-0.00218506     -0.00217285     -0.00200195     -0.00197754     
-0.00198975     -0.00189209     -0.00186768     -0.00177002     
-0.00178223     -0.00184326     -0.00185547     -0.00179443     
-0.00185547     -0.00189209     -0.0019043     -0.00192871     
-0.00197754     -0.00202637     -0.00206299     -0.00196533     
-0.00213623     -0.0020874     -0.0020874     -0.00196533     
-0.00214844     -0.00192871     -0.00200195     -0.00183105     
-0.00187988     -0.00183105     -0.00172119     -0.00166016     
-0.00174561     -0.00162354     -0.00166016     -0.00141602     
-0.00157471     -0.00164795     -0.00159912     -0.00157471     
-0.00166016     -0.00157471     -0.00161133     -0.00151367     
-0.00144043     -0.00150146     -0.00147705     -0.00135498     
-0.0013916     -0.00130615     -0.00125732     -0.00115967     
-0.00119629     -0.0012207     -0.00113525     -0.00115967     
-0.00125732     -0.00115967     -0.00129395     -0.0012207     
-0.00135498     -0.00123291     -0.00125732     -0.00140381     
-0.00151367     -0.00151367     -0.00146484     -0.00140381     
-0.00151367     -0.00130615     -0.0013916     -0.00133057     
-0.00144043     -0.00131836     -0.0013916     -0.00130615     
-0.00155029     -0.00147705     -0.00147705     -0.0015625     
-0.00164795     -0.00168457     -0.00178223     -0.00177002     
-0.00192871     -0.00186768     -0.00181885     -0.00184326     
-0.00197754     -0.00185547     -0.00180664     -0.00178223     
-0.00179443     -0.00174561     -0.00162354     -0.00157471     
-0.00175781     -0.00163574     -0.00168457     -0.00159912     
-0.00168457     -0.00183105     -0.00166016     -0.00178223     
-0.00192871     -0.00194092     -0.00189209     -0.00192871     
-0.00195313     -0.00187988     -0.0019165     -0.00194092     
-0.00201416     -0.00194092     -0.00192871     -0.00189209     
-0.00192871     -0.00201416     -0.00194092     -0.00205078     
-0.00206299     -0.00198975     -0.00209961     -0.00202637     
-0.00216064     -0.00212402     -0.00212402     -0.00206299     
-0.00228271     -0.0022583     -0.00223389     -0.00216064     
-0.00234375     -0.00228271     -0.00229492     -0.00219727     
-0.00223389     -0.00216064     -0.00212402     -0.00187988     
-0.00195313     -0.00183105     -0.00177002     -0.00167236     
-0.00162354     -0.00163574     -0.00168457     -0.00155029     
-0.00172119     -0.00169678     -0.00184326     -0.00184326     
-0.00194092     -0.0020752     -0.0020752     -0.0020752     
-0.00219727     -0.00214844     -0.00214844     -0.00223389     
-0.00233154     -0.0022583     -0.00235596     -0.00228271     
-0.00238037     -0.00245361     -0.00234375     -0.00239258     
-0.00228271     -0.00223389     -0.00228271     -0.00203857     
-0.0020752     -0.00187988     -0.0019043     -0.00181885     
-0.00180664     -0.00163574     -0.00167236     -0.00159912     
-0.00161133     -0.00163574     -0.00162354     -0.00172119     
-0.00185547     -0.00181885     -0.0019165     -0.00195313     
-0.00217285     -0.00214844     -0.0022583     -0.00227051     
-0.00246582     -0.00231934     -0.00223389     -0.00216064     
-0.00219727     -0.00205078     -0.00189209     -0.00183105     
-0.00172119     -0.0015625     -0.00147705     -0.00147705     
-0.00140381     -0.0013916     -0.00130615     -0.00128174     
-0.00142822     -0.00148926     -0.0015625     -0.00150146     
-0.00170898     -0.00174561     -0.00169678     -0.00180664     
-0.00189209     -0.00194092     -0.00194092     -0.00186768     
-0.00196533     -0.00178223     -0.0019043     -0.00174561     
-0.00186768     -0.00179443     -0.00181885     -0.00179443     
-0.00186768     -0.00196533     -0.00203857     -0.00202637     
-0.00214844     -0.00216064     -0.00220947     -0.00213623     
-0.00229492     -0.00233154     -0.00236816     -0.00239258     
-0.00240479     -0.00231934     -0.00236816     -0.00230713     
-0.00235596     -0.00229492     -0.00230713     -0.00222168     
-0.00211182     -0.00212402     -0.00200195     -0.00201416     
-0.00194092     -0.00187988     -0.00181885     -0.00178223     
-0.00180664     -0.00168457     -0.00163574     -0.00157471     
-0.0015625     -0.00152588     -0.00153809     -0.00145264     
-0.00142822     -0.00147705     -0.00137939     -0.00145264     
-0.00150146     -0.0013916     -0.00151367     -0.00147705     
-0.00167236     -0.00153809     -0.00172119     -0.00172119     
-0.00183105     -0.0017334     -0.00183105     -0.00179443     
-0.00186768     -0.00175781     -0.0017334     -0.00174561     
-0.00174561     -0.00164795     -0.00162354     -0.00167236     
-0.00181885     -0.00183105     -0.00183105     -0.00185547     
-0.00201416     -0.00198975     -0.00201416     -0.00203857     
-0.0020752     -0.0020752     -0.00203857     -0.00187988     
-0.00195313     -0.00189209     -0.00179443     -0.00183105     
-0.00185547     -0.00179443     -0.00179443     -0.0017334     
-0.00181885     -0.00183105     -0.00186768     -0.00186768     
-0.00195313     -0.00202637     -0.00192871     -0.00198975     
-0.00205078     -0.00200195     -0.0019165     -0.00183105     
-0.00211182     -0.00183105     -0.00194092     -0.00183105     
-0.00196533     -0.00178223     -0.00186768     -0.00187988     
-0.00195313     -0.00202637     -0.00201416     -0.00202637     
-0.00217285     -0.00212402     -0.00218506     -0.00209961     
-0.00229492     -0.00218506     -0.00217285     -0.00214844     
-0.00219727     -0.00206299     -0.00200195     -0.00209961     
-0.0020874     -0.00205078     -0.00211182     -0.0020752     
-0.00219727     -0.0020874     -0.00203857     -0.00201416     
-0.00194092     -0.00203857     -0.00205078     -0.00185547     
-0.00184326     -0.00184326     -0.00175781     -0.00183105     
-0.00181885     -0.00187988     -0.00186768     -0.00183105     
-0.00185547     -0.0019165     -0.00187988     -0.0019043     
-0.00187988     -0.00179443     -0.00177002     -0.00178223     
-0.00195313     -0.00172119     -0.00184326     -0.00181885     
-0.0020874     -0.00196533     -0.00205078     -0.0020752     
-0.00223389     -0.00218506     -0.00217285     -0.00223389     
-0.00249023     -0.00238037     -0.00238037     -0.00241699     
-0.00250244     -0.0024292     -0.00249023     -0.00250244     
-0.00262451     -0.00257568     -0.00249023     -0.00253906     
-0.00251465     -0.00238037     -0.00236816     -0.00234375     
-0.00234375     -0.00230713     -0.00214844     -0.00219727     
-0.00214844     -0.0020874     -0.00197754     -0.00212402     
-0.00213623     -0.00206299     -0.0020874     -0.00192871     
-0.00205078     -0.00196533     -0.00187988     -0.00178223     
-0.00179443     -0.00185547     -0.00167236     -0.00161133     
-0.0017334     -0.00158691     -0.00167236     -0.00159912     
-0.00179443     -0.00179443     -0.00189209     -0.00184326     
-0.00197754     -0.00201416     -0.00200195     -0.00212402     
-0.00229492     -0.00219727     -0.00220947     -0.00224609     
-0.00230713     -0.00230713     -0.00236816     -0.00230713     
-0.00239258     -0.0024292     -0.00238037     -0.00245361     
-0.00238037     -0.00238037     -0.00229492     -0.00230713     
-0.00236816     -0.00233154     -0.0022583     -0.0022583     
-0.00220947     -0.00223389     -0.00224609     -0.00220947     
-0.00229492     -0.00227051     -0.00229492     -0.00228271     
-0.00238037     -0.00230713     -0.00227051     -0.0024292     
-0.00236816     -0.00235596     -0.00234375     -0.00231934     
-0.00233154     -0.00217285     -0.00222168     -0.0020752     
-0.00223389     -0.00216064     -0.00218506     -0.00209961     
-0.00222168     -0.00219727     -0.00212402     -0.00219727     
-0.00233154     -0.00239258     -0.00244141     -0.0024292     
-0.00264893     -0.00258789     -0.00256348     -0.00251465     
-0.0026123     -0.00253906     -0.00246582     -0.00236816     
-0.00240479     -0.00230713     -0.00231934     -0.00220947     
-0.00229492     -0.00229492     -0.00223389     -0.00216064     
-0.00223389     -0.00220947     -0.00206299     -0.00211182     
-0.00214844     -0.00203857     -0.00198975     -0.00192871     
-0.0019165     -0.00192871     -0.00185547     -0.00181885     
-0.00200195     -0.00198975     -0.00194092     -0.00197754     
-0.00206299     -0.00216064     -0.00214844     -0.00223389     
-0.00235596     -0.00228271     -0.00245361     -0.0024292     
-0.00246582     -0.00238037     -0.00244141     -0.00238037     
-0.00236816     -0.0022583     -0.00214844     -0.00200195     
-0.00196533     -0.00180664     -0.00178223     -0.00166016     
-0.00175781     -0.00167236     -0.00162354     -0.00167236     
-0.00172119     -0.00172119     -0.00174561     -0.00174561     
-0.00192871     -0.0019043     -0.00198975     -0.00196533     
-0.00205078     -0.00205078     -0.0020874     -0.00202637     
-0.00198975     -0.00203857     -0.00205078     -0.00186768     
-0.00187988     -0.00180664     -0.00169678     -0.00164795     
-0.0019165     -0.00164795     -0.00161133     -0.00152588     
-0.00161133     -0.00153809     -0.00141602     -0.00151367     
-0.00153809     -0.00136719     -0.00135498     -0.0012207     
-0.0013916     -0.00117188     -0.00125732     -0.0012207     
-0.00136719     -0.00136719     -0.00144043     -0.00141602     
-0.0015625     -0.00169678     -0.00166016     -0.00170898     
-0.0019043     -0.00183105     -0.0019043     -0.00185547     
-0.00192871     -0.00185547     -0.0019043     -0.00180664     
-0.0019043     -0.00179443     -0.00179443     -0.00180664     
-0.00180664     -0.00183105     -0.00184326     -0.00178223     
-0.0019043     -0.00187988     -0.00183105     -0.00186768     
-0.00192871     -0.0019165     -0.0019165     -0.0019043     
-0.00203857     -0.0020752     -0.00201416     -0.00192871     
-0.0020874     -0.0020874     -0.00209961     -0.00209961     
-0.00228271     -0.00236816     -0.0022583     -0.00227051     
-0.00235596     -0.00219727     -0.00235596     -0.00220947     
-0.00233154     -0.00217285     -0.00218506     -0.00206299     
-0.00211182     -0.00196533     -0.0019165     -0.00179443     
-0.00186768     -0.00179443     -0.00164795     -0.00166016     
-0.00187988     -0.00178223     -0.00177002     -0.00179443     
-0.00203857     -0.00192871     -0.00205078     -0.00206299     
-0.00218506     -0.00214844     -0.00219727     -0.00206299     
-0.00216064     -0.00202637     -0.00197754     -0.00186768     
-0.0017334     -0.00175781     -0.00151367     -0.00142822     
-0.00155029     -0.00147705     -0.00136719     -0.0013916     
-0.00155029     -0.00141602     -0.00146484     -0.00150146     
-0.00163574     -0.00162354     -0.00152588     -0.00169678     
-0.00169678     -0.00164795     -0.00174561     -0.00153809     
-0.00178223     -0.00172119     -0.00169678     -0.00158691     
-0.00178223     -0.00177002     -0.00184326     -0.00170898     
-0.00184326     -0.0019165     -0.00194092     -0.00187988     
-0.00200195     -0.0019043     -0.00200195     -0.00195313     
-0.00201416     -0.00202637     -0.00195313     -0.00185547     
-0.00200195     -0.00201416     -0.00195313     -0.00192871     
-0.00203857     -0.00187988     -0.00194092     -0.00183105     
-0.00175781     -0.00175781     -0.00164795     -0.00153809     
-0.0015625     -0.00142822     -0.00141602     -0.0013916     
-0.00135498     -0.00142822     -0.00147705     -0.00137939     
-0.00146484     -0.00152588     -0.00152588     -0.00148926     
-0.00145264     -0.00144043     -0.00144043     -0.00131836     
-0.00137939     -0.00119629     -0.00129395     -0.00107422     
-0.00118408     -0.00114746     -0.0012207     -0.00125732     
-0.00133057     -0.00144043     -0.00142822     -0.00153809     
-0.00168457     -0.00162354     -0.00169678     -0.00174561     
-0.00185547     -0.00170898     -0.00168457     -0.00172119     
-0.0017334     -0.00164795     -0.00168457     -0.00159912     
-0.00169678     -0.00170898     -0.00187988     -0.00183105     
-0.00186768     -0.00194092     -0.00201416     -0.00206299     
-0.00211182     -0.0020752     -0.00205078     -0.00209961     
-0.00214844     -0.00206299     -0.00203857     -0.00203857     
-0.00217285     -0.00212402     -0.00213623     -0.00213623     
-0.00214844     -0.00213623     -0.00201416     -0.00205078     
-0.0020752     -0.00198975     -0.0019165     -0.00172119     
-0.00189209     -0.00175781     -0.00172119     -0.0017334     
-0.0019043     -0.00187988     -0.00196533     -0.00195313     
-0.00206299     -0.00200195     -0.00201416     -0.00198975     
-0.00212402     -0.0019165     -0.0019043     -0.00184326     
-0.00185547     -0.0019043     -0.00184326     -0.00179443     
-0.00196533     -0.00203857     -0.00201416     -0.00209961     
-0.00227051     -0.00227051     -0.00222168     -0.00228271     
-0.00246582     -0.00241699     -0.00230713     -0.00228271     
-0.00218506     -0.00212402     -0.00216064     -0.00197754     
-0.0020874     -0.00203857     -0.00196533     -0.00181885     
-0.00185547     -0.00180664     -0.00169678     -0.00180664     
-0.00178223     -0.00172119     -0.00168457     -0.00163574     
-0.00175781     -0.0017334     -0.00183105     -0.00167236     
-0.00189209     -0.00187988     -0.00201416     -0.00186768     
-0.00200195     -0.00197754     -0.0019165     -0.0019043     
-0.00196533     -0.0019165     -0.00185547     -0.00174561     
-0.00179443     -0.0017334     -0.0017334     -0.00180664     
-0.00185547     -0.00175781     -0.00181885     -0.00180664     
-0.0019043     -0.00181885     -0.00194092     -0.00197754     
-0.00201416     -0.0020752     -0.00206299     -0.00209961     
-0.00216064     -0.0022583     -0.00224609     -0.00234375     
-0.00234375     -0.00241699     -0.00244141     -0.00247803     
-0.00267334     -0.00251465     -0.00255127     -0.00256348     
-0.00272217     -0.00268555     -0.0026001     -0.00262451     
-0.00257568     -0.00251465     -0.0026001     -0.00247803     
-0.00255127     -0.00238037     -0.00230713     -0.00220947     
-0.00229492     -0.00211182     -0.00216064     -0.0020752     
-0.00214844     -0.00211182     -0.00209961     -0.00196533     
-0.00211182     -0.00203857     -0.00212402     -0.00206299     
-0.00223389     -0.00223389     -0.00227051     -0.00227051     
-0.00239258     -0.00246582     -0.00241699     -0.00255127     
-0.00279541     -0.0027832     -0.0027832     -0.00284424     
-0.0029541     -0.00296631     -0.00288086     -0.00297852     
-0.00294189     -0.00290527     -0.00291748     -0.00288086     
-0.00289307     -0.00280762     -0.00281982     -0.002771     
-0.00289307     -0.00289307     -0.00273438     -0.00273438     
-0.00286865     -0.00280762     -0.00262451     -0.00273438     
-0.00270996     -0.00251465     -0.0026001     -0.00247803     
-0.00250244     -0.00231934     -0.00235596     -0.00227051     
-0.00238037     -0.00219727     -0.00228271     -0.00228271     
-0.00220947     -0.00228271     -0.00220947     -0.00213623     
-0.00218506     -0.00214844     -0.00223389     -0.00217285     
-0.00214844     -0.00222168     -0.00228271     -0.00229492     
-0.00236816     -0.0024292     -0.00249023     -0.00245361     
-0.00251465     -0.0024292     -0.00246582     -0.00239258     
-0.00235596     -0.00233154     -0.00217285     -0.00209961     
-0.00216064     -0.0020752     -0.00189209     -0.00201416     
-0.00212402     -0.0020752     -0.00206299     -0.00209961     
-0.00220947     -0.00234375     -0.00227051     -0.00235596     
-0.00245361     -0.00245361     -0.00250244     -0.00249023     
-0.00272217     -0.00258789     -0.00266113     -0.00257568     
-0.00283203     -0.00264893     -0.0026123     -0.00264893     
-0.00268555     -0.0026001     -0.00258789     -0.00255127     
-0.00272217     -0.00263672     -0.00272217     -0.00267334     
-0.00275879     -0.00263672     -0.0026001     -0.00263672     
-0.00280762     -0.00270996     -0.00266113     -0.00250244     
-0.00255127     -0.0026123     -0.00244141     -0.0022583     
-0.00229492     -0.00219727     -0.00211182     -0.00209961     
-0.0020874     -0.00201416     -0.0020752     -0.00214844     
-0.0022583     -0.00219727     -0.00227051     -0.00235596     
-0.00247803     -0.0024292     -0.00241699     -0.00238037     
-0.00244141     -0.00234375     -0.00230713     -0.00217285     
-0.00220947     -0.00206299     -0.00211182     -0.00198975     
-0.00209961     -0.00201416     -0.0020874     -0.00214844     
-0.00214844     -0.00222168     -0.00217285     -0.00223389     
-0.00228271     -0.00228271     -0.00240479     -0.00224609     
-0.00236816     -0.00220947     -0.00229492     -0.00224609     
-0.00229492     -0.00216064     -0.00220947     -0.00213623     
-0.00217285     -0.00214844     -0.00216064     -0.00217285     
-0.00223389     -0.00227051     -0.00230713     -0.00233154     
-0.00233154     -0.00246582     -0.00244141     -0.00252686     
-0.00269775     -0.00268555     -0.00268555     -0.00270996     
-0.00279541     -0.00269775     -0.00267334     -0.00272217     
-0.00262451     -0.00253906     -0.00257568     -0.00244141     
-0.00223389     -0.00222168     -0.00212402     -0.00192871     
-0.00209961     -0.0019043     -0.0019043     -0.00169678     
-0.00189209     -0.00183105     -0.00187988     -0.00186768     
-0.00200195     -0.00205078     -0.0020874     -0.00206299     
-0.00223389     -0.0022583     -0.00233154     -0.0022583     
-0.00245361     -0.00245361     -0.00246582     -0.00240479     
-0.00266113     -0.00246582     -0.00239258     -0.00241699     
-0.00240479     -0.00235596     -0.00228271     -0.00209961     
-0.00217285     -0.00202637     -0.00186768     -0.00183105     
-0.00189209     -0.00179443     -0.00183105     -0.00174561     
-0.0019043     -0.00187988     -0.00187988     -0.00187988     
-0.00209961     -0.0020752     -0.0020752     -0.00211182     
-0.0020874     -0.00214844     -0.00217285     -0.00209961     
-0.00228271     -0.00211182     -0.00218506     -0.00198975     
-0.00213623     -0.00206299     -0.00206299     -0.00194092     
-0.00197754     -0.00200195     -0.00201416     -0.00181885     
-0.0019043     -0.00183105     -0.00189209     -0.00183105     
-0.00184326     -0.00181885     -0.00183105     -0.00168457     
-0.00180664     -0.00178223     -0.00180664     -0.0019165     
-0.00197754     -0.00194092     -0.00213623     -0.00205078     
-0.00218506     -0.00211182     -0.00200195     -0.00203857     
-0.00212402     -0.00203857     -0.00198975     -0.0019165     
-0.00194092     -0.00197754     -0.0019043     -0.00194092     
-0.0020874     -0.00198975     -0.0020874     -0.00218506     
-0.00224609     -0.00223389     -0.00219727     -0.00227051     
-0.00236816     -0.00224609     -0.00222168     -0.00213623     
-0.00228271     -0.00195313     -0.0019165     -0.00192871     
-0.00214844     -0.0019043     -0.00187988     -0.0019043     
-0.00201416     -0.00202637     -0.00206299     -0.00203857     
-0.00229492     -0.00216064     -0.0022583     -0.00217285     
-0.00217285     -0.00220947     -0.00213623     -0.00200195     
-0.00209961     -0.0020874     -0.00205078     -0.0019165     
-0.00194092     -0.00184326     -0.00192871     -0.0019043     
-0.00201416     -0.00186768     -0.00189209     -0.0019165     
-0.00200195     -0.0020874     -0.00212402     -0.00214844     
-0.00230713     -0.00241699     -0.00238037     -0.0024292     
-0.00266113     -0.00253906     -0.0026123     -0.00258789     
-0.00263672     -0.00268555     -0.00250244     -0.00233154     
-0.00234375     -0.00218506     -0.00229492     -0.00202637     
-0.00214844     -0.00202637     -0.00201416     -0.0019043     
-0.0019165     -0.00196533     -0.0019043     -0.00205078     
-0.00211182     -0.0020874     -0.00230713     -0.00219727     
-0.00236816     -0.00227051     -0.00222168     -0.00235596     
-0.00231934     -0.00213623     -0.00223389     -0.00212402     
-0.00202637     -0.00203857     -0.00200195     -0.00198975     
-0.00206299     -0.00200195     -0.00198975     -0.00194092     
-0.00209961     -0.00219727     -0.00220947     -0.00224609     
-0.00231934     -0.00234375     -0.00240479     -0.00241699     
-0.00252686     -0.00238037     -0.00246582     -0.00256348     
-0.00268555     -0.00266113     -0.00267334     -0.00268555     
-0.00274658     -0.00275879     -0.00280762     -0.00269775     
-0.00286865     -0.00273438     -0.00284424     -0.00273438     
-0.0027832     -0.00262451     -0.00267334     -0.00256348     
-0.00267334     -0.00258789     -0.00252686     -0.00247803     
-0.00253906     -0.00252686     -0.00250244     -0.00249023     
-0.00263672     -0.00249023     -0.00257568     -0.00241699     
-0.00257568     -0.00252686     -0.00245361     -0.00247803     
-0.00252686     -0.00247803     -0.00245361     -0.00234375     
-0.00246582     -0.00244141     -0.00233154     -0.00236816     
-0.00240479     -0.00236816     -0.00238037     -0.00213623     
-0.00228271     -0.00222168     -0.0020874     -0.00205078     
-0.00214844     -0.00201416     -0.0019165     -0.00184326     
-0.00195313     -0.00197754     -0.00200195     -0.0019165     
-0.00203857     -0.00202637     -0.00223389     -0.00211182     
-0.00219727     -0.00228271     -0.00228271     -0.00227051     
-0.0024292     -0.00236816     -0.00233154     -0.00229492     
-0.00240479     -0.00230713     -0.00241699     -0.00233154     
-0.00236816     -0.00227051     -0.0024292     -0.00231934     
-0.00231934     -0.00228271     -0.00218506     -0.00216064     
-0.00218506     -0.00219727     -0.00205078     -0.00196533     
-0.00200195     -0.00196533     -0.00196533     -0.00206299     
-0.00205078     -0.00206299     -0.00212402     -0.00218506     
-0.00217285     -0.00213623     -0.00230713     -0.00223389     
-0.00223389     -0.00224609     -0.00224609     -0.00212402     
-0.00209961     -0.0020752     -0.00206299     -0.00201416     
-0.00216064     -0.0020874     -0.00222168     -0.00213623     
-0.00229492     -0.00214844     -0.00217285     -0.00218506     
-0.00229492     -0.00216064     -0.00218506     -0.00211182     
-0.00217285     -0.00217285     -0.00214844     -0.00214844     
-0.00227051     -0.00228271     -0.00231934     -0.00229492     
-0.00245361     -0.00247803     -0.00245361     -0.00249023     
-0.00273438     -0.00272217     -0.00272217     -0.00272217     
-0.00285645     -0.00279541     -0.002771     -0.00273438     
-0.00286865     -0.00284424     -0.00267334     -0.00269775     
-0.00262451     -0.00249023     -0.00246582     -0.0024292     
-0.00241699     -0.00234375     -0.0022583     -0.00217285     
-0.00227051     -0.00230713     -0.00219727     -0.00217285     
-0.00223389     -0.00230713     -0.00224609     -0.00218506     
-0.00236816     -0.00229492     -0.00235596     -0.00234375     
-0.00246582     -0.00245361     -0.00251465     -0.00250244     
-0.0026001     -0.00263672     -0.00264893     -0.00252686     
-0.00264893     -0.0026001     -0.00263672     -0.00255127     
-0.00256348     -0.00251465     -0.00244141     -0.00236816     
-0.00245361     -0.00239258     -0.00229492     -0.00219727     
-0.00230713     -0.00227051     -0.00223389     -0.00217285     
-0.00220947     -0.00206299     -0.00211182     -0.00205078     
-0.0019043     -0.0019043     -0.00185547     -0.00174561     
-0.00181885     -0.00170898     -0.00172119     -0.00153809     
-0.00151367     -0.00146484     -0.00151367     -0.00142822     
-0.0015625     -0.00162354     -0.00161133     -0.00172119     
-0.00184326     -0.00181885     -0.00196533     -0.00195313     
-0.00219727     -0.00201416     -0.00213623     -0.00201416     
-0.00214844     -0.00200195     -0.00203857     -0.00195313     
-0.00198975     -0.00196533     -0.0019165     -0.00187988     
-0.00197754     -0.00181885     -0.0019043     -0.00196533     
-0.00197754     -0.00194092     -0.00201416     -0.00196533     
-0.00212402     -0.0020874     -0.00196533     -0.00201416     
-0.00200195     -0.00192871     -0.00186768     -0.00174561     
-0.00183105     -0.00175781     -0.00163574     -0.00175781     
-0.0017334     -0.00185547     -0.0019165     -0.00197754     
-0.00213623     -0.00227051     -0.00239258     -0.0024292     
-0.00266113     -0.00275879     -0.002771     -0.00288086     
-0.00292969     -0.00284424     -0.00279541     -0.002771     
-0.00285645     -0.00266113     -0.00275879     -0.00251465     
-0.00266113     -0.00251465     -0.00250244     -0.00251465     
-0.00251465     -0.00258789     -0.00258789     -0.00250244     
-0.00262451     -0.00244141     -0.00251465     -0.00233154     
-0.00239258     -0.00217285     -0.00219727     -0.0020874     
-0.0020874     -0.00205078     -0.00212402     -0.00203857     
-0.00206299     -0.0020874     -0.00213623     -0.00213623     
-0.00219727     -0.00206299     -0.00217285     -0.00209961     
-0.00205078     -0.00198975     -0.0019043     -0.00174561     
-0.00175781     -0.00161133     -0.00153809     -0.00152588     
-0.00147705     -0.00150146     -0.00153809     -0.00152588     
-0.00159912     -0.00168457     -0.00166016     -0.00178223     
-0.00187988     -0.00194092     -0.00195313     -0.00185547     
-0.00209961     -0.00201416     -0.00201416     -0.00198975     
-0.00200195     -0.00194092     -0.00196533     -0.00185547     
-0.00197754     -0.00194092     -0.00185547     -0.00192871     
-0.00213623     -0.0020874     -0.00214844     -0.00224609     
-0.00228271     -0.00230713     -0.00233154     -0.00234375     
-0.00235596     -0.00240479     -0.00233154     -0.00231934     
-0.00228271     -0.00227051     -0.00219727     -0.00218506     
-0.00218506     -0.00213623     -0.00205078     -0.00205078     
-0.00212402     -0.00205078     -0.00200195     -0.00205078     
-0.0020752     -0.00216064     -0.00217285     -0.00222168     
-0.00245361     -0.00244141     -0.00256348     -0.00264893     
-0.002771     -0.0027832     -0.00270996     -0.00274658     
-0.00275879     -0.00266113     -0.002771     -0.00258789     
-0.00255127     -0.0024292     -0.00241699     -0.00222168     
-0.00230713     -0.00220947     -0.00201416     -0.0020874     
-0.00213623     -0.00205078     -0.0020874     -0.0019043     
-0.00202637     -0.00203857     -0.00197754     -0.00206299     
-0.00205078     -0.0019043     -0.00205078     -0.00197754     
-0.00201416     -0.00198975     -0.00203857     -0.0020874     
-0.00216064     -0.00211182     -0.00213623     -0.00216064     
-0.00214844     -0.00220947     -0.00218506     -0.00220947     
-0.00218506     -0.00228271     -0.0022583     -0.00231934     
-0.00240479     -0.00241699     -0.00255127     -0.00263672     
-0.00268555     -0.002771     -0.0027832     -0.00280762     
-0.00284424     -0.00286865     -0.00285645     -0.0027832     
-0.00296631     -0.00275879     -0.00281982     -0.00275879     
-0.00281982     -0.00268555     -0.00268555     -0.00269775     
-0.00273438     -0.00270996     -0.00273438     -0.00267334     
-0.00274658     -0.00268555     -0.00272217     -0.00264893     
-0.00268555     -0.00269775     -0.00267334     -0.0026001     
-0.00273438     -0.0026001     -0.00249023     -0.00249023     
-0.0026001     -0.0026123     -0.00255127     -0.00253906     
-0.00262451     -0.0027832     -0.00268555     -0.00270996     
-0.00289307     -0.00289307     -0.00299072     -0.0029541     
-0.00313721     -0.00310059     -0.00313721     -0.00323486     
-0.00334473     -0.00323486     -0.00319824     -0.00328369     
-0.00314941     -0.00313721     -0.00303955     -0.00299072     
-0.00306396     -0.00284424     -0.00290527     -0.00263672     
-0.00273438     -0.00258789     -0.00252686     -0.00236816     
-0.00252686     -0.00228271     -0.00224609     -0.00216064     
-0.00217285     -0.00195313     -0.00195313     -0.00185547     
-0.00183105     -0.00179443     -0.00172119     -0.0017334     
-0.00181885     -0.00184326     -0.0019165     -0.00195313     
-0.00214844     -0.00219727     -0.00229492     -0.00236816     
-0.00251465     -0.00257568     -0.00256348     -0.0026001     
-0.00256348     -0.0026123     -0.00249023     -0.00244141     
-0.00251465     -0.00241699     -0.00234375     -0.00240479     
-0.00251465     -0.0024292     -0.00250244     -0.00245361     
-0.0026001     -0.00267334     -0.00266113     -0.00269775     
-0.00283203     -0.0027832     -0.00285645     -0.00274658     
-0.00294189     -0.00269775     -0.00273438     -0.00270996     
-0.0027832     -0.00251465     -0.00255127     -0.00249023     
-0.00249023     -0.00245361     -0.00244141     -0.00238037     
-0.00249023     -0.00252686     -0.0026001     -0.00266113     
-0.00273438     -0.00275879     -0.00270996     -0.00280762     
-0.00290527     -0.00284424     -0.00280762     -0.00279541     
-0.00289307     -0.002771     -0.00279541     -0.00275879     
-0.00280762     -0.00284424     -0.00266113     -0.0026123     
-0.00263672     -0.00251465     -0.00240479     -0.00247803     
-0.00241699     -0.00236816     -0.00230713     -0.00222168     
-0.00233154     -0.0022583     -0.0020874     -0.00211182     
-0.0020874     -0.00206299     -0.00195313     -0.0019165     
-0.00198975     -0.00183105     -0.00187988     -0.00167236     
-0.00195313     -0.00187988     -0.00194092     -0.00186768     
-0.00205078     -0.00209961     -0.00220947     -0.00233154     
-0.00236816     -0.00250244     -0.00267334     -0.00275879     
-0.00291748     -0.00288086     -0.00296631     -0.00299072     
-0.00310059     -0.00301514     -0.00310059     -0.00297852     
-0.0027832     -0.00275879     -0.00268555     -0.00246582     
-0.00246582     -0.0024292     -0.0022583     -0.00213623     
-0.00218506     -0.00214844     -0.00205078     -0.00211182     
-0.00224609     -0.00220947     -0.00214844     -0.00224609     
-0.00228271     -0.00229492     -0.00233154     -0.00240479     
-0.00249023     -0.00244141     -0.00244141     -0.00251465     
-0.00258789     -0.00252686     -0.00264893     -0.0026001     
-0.00283203     -0.00279541     -0.00283203     -0.00275879     
-0.00292969     -0.00286865     -0.00296631     -0.00292969     
-0.00302734     -0.00302734     -0.00305176     -0.00310059     
-0.00330811     -0.00319824     -0.00317383     -0.00319824     
-0.00335693     -0.00330811     -0.003125     -0.00310059     
-0.00317383     -0.00307617     -0.00296631     -0.00297852     
-0.00294189     -0.00285645     -0.00280762     -0.0026001     
-0.00267334     -0.00264893     -0.00252686     -0.00249023     
-0.0026123     -0.00253906     -0.00246582     -0.00239258     
-0.00238037     -0.00230713     -0.00224609     -0.00220947     
-0.00235596     -0.00229492     -0.00229492     -0.00220947     
-0.00220947     -0.00224609     -0.00214844     -0.00212402     
-0.00224609     -0.00203857     -0.0020752     -0.00185547     
-0.00192871     -0.00181885     -0.00184326     -0.00169678     
-0.00172119     -0.00161133     -0.00169678     -0.00163574     
-0.0017334     -0.00162354     -0.00175781     -0.00170898     
-0.00189209     -0.0019165     -0.00203857     -0.00206299     
-0.00219727     -0.00217285     -0.00235596     -0.00233154     
-0.00235596     -0.00236816     -0.00252686     -0.00246582     
-0.00252686     -0.00245361     -0.00252686     -0.0026123     
-0.00262451     -0.00270996     -0.00262451     -0.00262451     
-0.00264893     -0.0026123     -0.00257568     -0.00249023     
-0.00247803     -0.00250244     -0.0024292     -0.00241699     
-0.00238037     -0.00244141     -0.00235596     -0.00241699     
-0.00240479     -0.00249023     -0.00258789     -0.00245361     
-0.0027832     -0.0026123     -0.00268555     -0.00273438     
-0.00285645     -0.00289307     -0.00291748     -0.00294189     
-0.00311279     -0.00301514     -0.00291748     -0.00291748     
-0.00296631     -0.00284424     -0.00272217     -0.00258789     
-0.0026001     -0.00244141     -0.00239258     -0.00236816     
-0.00246582     -0.00240479     -0.00236816     -0.00229492     
-0.00250244     -0.00249023     -0.00262451     -0.00267334     
-0.00289307     -0.0029541     -0.00294189     -0.00300293     
-0.00310059     -0.00307617     -0.00299072     -0.00305176     
-0.00306396     -0.00297852     -0.00294189     -0.00274658     
-0.00284424     -0.00262451     -0.0026001     -0.0026001     
-0.00262451     -0.00267334     -0.00258789     -0.00257568     
-0.00263672     -0.00266113     -0.002771     -0.002771     
-0.00292969     -0.00302734     -0.00307617     -0.00302734     
-0.00316162     -0.00307617     -0.00308838     -0.00297852     
-0.00305176     -0.00300293     -0.00294189     -0.00285645     
-0.00281982     -0.00273438     -0.00270996     -0.00273438     
-0.00283203     -0.00284424     -0.00273438     -0.00273438     
-0.00275879     -0.002771     -0.00267334     -0.00262451     
-0.00272217     -0.00266113     -0.00263672     -0.00262451     
-0.0026123     -0.00268555     -0.00250244     -0.00251465     
-0.0026001     -0.00268555     -0.00267334     -0.00258789     
-0.00273438     -0.00272217     -0.0027832     -0.002771     
-0.00296631     -0.00303955     -0.00302734     -0.00299072     
-0.00305176     -0.0029541     -0.00292969     -0.00280762     
-0.00299072     -0.00273438     -0.00272217     -0.0026123     
-0.0026123     -0.00245361     -0.00238037     -0.00238037     
-0.00247803     -0.00241699     -0.00247803     -0.00236816     
-0.0026123     -0.00257568     -0.00264893     -0.00273438     
-0.00291748     -0.00292969     -0.00299072     -0.00302734     
-0.00323486     -0.00322266     -0.00322266     -0.00333252     
-0.00343018     -0.00340576     -0.00327148     -0.00332031     
-0.00330811     -0.00313721     -0.00301514     -0.00306396     
-0.00300293     -0.00286865     -0.00274658     -0.00266113     
-0.00267334     -0.00250244     -0.00246582     -0.00234375     
-0.00238037     -0.00231934     -0.00231934     -0.0022583     
-0.00238037     -0.00239258     -0.00235596     -0.00236816     
-0.00249023     -0.00245361     -0.00257568     -0.00239258     
-0.00245361     -0.00241699     -0.00245361     -0.00229492     
-0.00233154     -0.00223389     -0.00223389     -0.00216064     
-0.00223389     -0.00219727     -0.00216064     -0.00212402     
-0.00220947     -0.00217285     -0.00222168     -0.00218506     
-0.00223389     -0.00213623     -0.00213623     -0.00219727     
-0.00217285     -0.00213623     -0.00202637     -0.00189209     
-0.00178223     -0.0017334     -0.00175781     -0.00166016     
-0.00159912     -0.00162354     -0.00164795     -0.00158691     
-0.00161133     -0.00169678     -0.00164795     -0.0017334     
-0.00179443     -0.00177002     -0.00169678     -0.00175781     
-0.00185547     -0.00174561     -0.00180664     -0.00183105     
-0.0019043     -0.00184326     -0.00201416     -0.0019043     
-0.00206299     -0.00197754     -0.0020874     -0.00220947     
-0.0024292     -0.0024292     -0.00257568     -0.00258789     
-0.00280762     -0.00281982     -0.00289307     -0.0029541     
-0.00305176     -0.00299072     -0.00308838     -0.0029541     
-0.00290527     -0.00290527     -0.00284424     -0.00283203     
-0.00283203     -0.0027832     -0.00273438     -0.00268555     
-0.00280762     -0.00279541     -0.00280762     -0.002771     
-0.00288086     -0.00288086     -0.00286865     -0.00294189     
-0.00296631     -0.00292969     -0.0029541     -0.00297852     
-0.00305176     -0.00299072     -0.00297852     -0.0029541     
-0.00294189     -0.00289307     -0.00290527     -0.00283203     
-0.00284424     -0.00285645     -0.00281982     -0.00257568     
-0.00264893     -0.00257568     -0.00241699     -0.00231934     
-0.00229492     -0.00214844     -0.00200195     -0.00187988     
-0.00187988     -0.00170898     -0.00155029     -0.00155029     
-0.00159912     -0.00161133     -0.00159912     -0.00170898     
-0.00180664     -0.00185547     -0.00197754     -0.00205078     
-0.0022583     -0.00228271     -0.00227051     -0.00224609     
-0.00230713     -0.00231934     -0.00233154     -0.00227051     
-0.00229492     -0.00220947     -0.00228271     -0.00223389     
-0.00229492     -0.00223389     -0.00220947     -0.00227051     
-0.00235596     -0.00223389     -0.00222168     -0.00227051     
-0.00223389     -0.00217285     -0.00218506     -0.00219727     
-0.00222168     -0.00224609     -0.00218506     -0.00224609     
-0.00218506     -0.00209961     -0.00212402     -0.00205078     
-0.00214844     -0.00203857     -0.0020874     -0.00195313     
-0.0020752     -0.00202637     -0.00211182     -0.00206299     
-0.00219727     -0.00220947     -0.00233154     -0.0022583     
-0.00245361     -0.00234375     -0.0024292     -0.00240479     
-0.00257568     -0.00252686     -0.0024292     -0.00238037     
-0.00247803     -0.00235596     -0.00212402     -0.00220947     
-0.00224609     -0.00218506     -0.00214844     -0.00212402     
-0.00220947     -0.00223389     -0.00212402     -0.00217285     
-0.00227051     -0.00223389     -0.0022583     -0.00223389     
-0.00223389     -0.00228271     -0.00230713     -0.00223389     
-0.0024292     -0.00247803     -0.00247803     -0.00249023     
-0.00256348     -0.00257568     -0.00252686     -0.00256348     
-0.00266113     -0.00249023     -0.0026001     -0.00249023     
-0.00245361     -0.00246582     -0.00258789     -0.00258789     
-0.00267334     -0.002771     -0.00270996     -0.002771     
-0.00294189     -0.00291748     -0.00291748     -0.00284424     
-0.00306396     -0.00299072     -0.00291748     -0.00289307     
-0.0029541     -0.00292969     -0.00284424     -0.00288086     
-0.00290527     -0.00274658     -0.00285645     -0.002771     
-0.00275879     -0.00267334     -0.00273438     -0.0026001     
-0.0026123     -0.00256348     -0.00250244     -0.00246582     
-0.00251465     -0.00253906     -0.00251465     -0.00244141     
-0.00256348     -0.0026001     -0.00256348     -0.00269775     
-0.00274658     -0.0027832     -0.00285645     -0.00291748     
-0.00299072     -0.00303955     -0.00305176     -0.00292969     
-0.00305176     -0.00288086     -0.00292969     -0.00274658     
-0.00289307     -0.00267334     -0.00273438     -0.00250244     
-0.00253906     -0.00241699     -0.00229492     -0.0022583     
-0.00239258     -0.00216064     -0.00217285     -0.00211182     
-0.00217285     -0.00214844     -0.00209961     -0.00218506     
-0.00234375     -0.00231934     -0.00224609     -0.00230713     
-0.00245361     -0.00240479     -0.00247803     -0.00247803     
-0.00255127     -0.00267334     -0.00256348     -0.00258789     
-0.00266113     -0.00270996     -0.00270996     -0.00272217     

