Source : transient; Time : Wed Jun 14 06:55:34 2017
B0 = 3684.000000 Gauss, mw = 9.686282 GHz
 NDI-T2 sa261 20/2 42/25 523nm/1mJ
1 5000 -1.001e-06 8.997e-06 0 0
s                        V                                                 
-8.54492e-05     -4.88281e-05     -0.000134277     -7.32422e-05     
8.54492e-05     4.88281e-05     0     1.2207e-05     
0.000195313     0.000256348     0.000109863     0.000231934     
0.000427246     0.000292969     0.00020752     0.000256348     
0.00032959     0.000231934     0.000219727     0.000244141     
0.000317383     0.000183105     0.000183105     0.000134277     
0.000219727     7.32422e-05     1.2207e-05     6.10352e-05     
0.000109863     -7.32422e-05     -4.88281e-05     -0.000170898     
-9.76563e-05     -0.000109863     -0.000292969     -0.000231934     
-0.000134277     -0.00020752     -0.000219727     -0.000170898     
-4.88281e-05     -2.44141e-05     -0.000183105     -1.2207e-05     
1.2207e-05     -1.2207e-05     3.66211e-05     9.76563e-05     
0.000158691     0.000170898     4.88281e-05     0.000244141     
0.000219727     0.000183105     0.000219727     7.32422e-05     
0.000244141     0.000134277     -1.2207e-05     7.32422e-05     
7.32422e-05     -3.66211e-05     -0.000170898     -0.000256348     
-0.00012207     -0.000183105     -0.000354004     -0.000305176     
-7.32422e-05     -0.000292969     -0.00032959     -0.000244141     
-0.000158691     -0.00020752     -0.000256348     -0.000280762     
-7.32422e-05     -0.000109863     -0.000134277     -7.32422e-05     
1.2207e-05     -1.2207e-05     -2.44141e-05     0     
0.000195313     7.32422e-05     0.000134277     0.000146484     
0.000134277     0.00012207     -1.2207e-05     0     
0.000109863     1.2207e-05     0     0     
0.00012207     8.54492e-05     9.76563e-05     9.76563e-05     
0.00020752     9.76563e-05     1.2207e-05     0     
0.000134277     -1.2207e-05     -7.32422e-05     -8.54492e-05     
-0.000244141     -0.000354004     -0.000427246     -0.000415039     
-0.000402832     -0.00045166     -0.000646973     -0.000549316     
-0.000476074     -0.00065918     -0.000598145     -0.000634766     
-0.000561523     -0.000646973     -0.000598145     -0.000512695     
-0.000366211     -0.000378418     -0.000146484     -0.000158691     
0.000183105     0.000158691     0.000317383     0.000463867     
0.00065918     0.00065918     0.00057373     0.000598145     
0.000732422     0.000561523     0.000390625     0.000292969     
0.00032959     0     -0.000109863     -0.000158691     
-0.000170898     -0.000354004     -0.000427246     -0.000500488     
-0.000439453     -0.000537109     -0.000708008     -0.000598145     
-0.000512695     -0.000549316     -0.000585938     -0.000610352     
-0.000524902     -0.000512695     -0.000634766     -0.00057373     
-0.000439453     -0.000402832     -0.000634766     -0.000537109     
-0.000439453     -0.000463867     -0.000634766     -0.000561523     
-0.000378418     -0.000524902     -0.000610352     -0.000610352     
-0.000439453     -0.000427246     -0.000524902     -0.000524902     
-0.000268555     -0.000366211     -0.000415039     -0.000463867     
-0.000231934     -0.000317383     -0.000317383     -0.000390625     
-9.76563e-05     -0.00020752     -0.000292969     -0.000231934     
-8.54492e-05     -8.54492e-05     -7.32422e-05     -9.76563e-05     
6.10352e-05     1.2207e-05     -7.32422e-05     -0.00012207     
4.88281e-05     -9.76563e-05     -0.000146484     -0.000158691     
0     -9.76563e-05     -0.00012207     -1.2207e-05     
8.54492e-05     0     6.10352e-05     6.10352e-05     
6.10352e-05     0.000195313     0     3.66211e-05     
6.10352e-05     6.10352e-05     0     4.88281e-05     
0.000146484     2.44141e-05     8.54492e-05     8.54492e-05     
0.000183105     8.54492e-05     9.76563e-05     9.76563e-05     
0.000231934     0.00012207     9.76563e-05     4.88281e-05     
0.000280762     0     6.10352e-05     0     
7.32422e-05     1.2207e-05     -7.32422e-05     6.10352e-05     
0.000146484     0.000109863     9.76563e-05     0.000134277     
0.000231934     0.000183105     0.000109863     0.000158691     
0.000146484     7.32422e-05     -7.32422e-05     -0.000134277     
-3.66211e-05     -0.000268555     -0.000537109     -0.000390625     
-0.000463867     -0.00057373     -0.000500488     -0.00057373     
-0.000415039     -0.00032959     -0.000427246     -0.00032959     
-3.66211e-05     0     -0.00012207     8.54492e-05     
0.000183105     0.000109863     0     -4.88281e-05     
3.66211e-05     -0.000183105     -0.000244141     -0.000256348     
-0.000195313     -0.00032959     -0.000390625     -0.000415039     
-0.000195313     -0.000305176     -0.000244141     -0.000305176     
-6.10352e-05     -6.10352e-05     -9.76563e-05     -7.32422e-05     
-2.44141e-05     -1.2207e-05     -0.000195313     -0.000219727     
-6.10352e-05     -0.00012207     -0.000256348     -0.000305176     
-0.000219727     -0.000366211     -0.000366211     -0.000341797     
-0.000256348     -0.00032959     -0.000292969     -0.000183105     
1.2207e-05     3.66211e-05     2.44141e-05     0.000292969     
0.000402832     0.00045166     0.000488281     0.000512695     
0.00057373     0.000549316     0.000476074     0.000463867     
0.000488281     0.000524902     0.000305176     0.000415039     
0.00045166     0.000280762     0.000378418     0.00032959     
0.000500488     0.000378418     0.000415039     0.000341797     
0.000476074     0.000280762     0.00020752     0.00012207     
0.000317383     0.000195313     0.000146484     3.66211e-05     
0.000158691     7.32422e-05     7.32422e-05     0     
0.000195313     0.000109863     3.66211e-05     8.54492e-05     
0.000195313     7.32422e-05     3.66211e-05     0.00012207     
0.000292969     0.00012207     0.000183105     8.54492e-05     
0.000268555     0.00012207     7.32422e-05     0.000158691     
0.000146484     0.000195313     0.000134277     0.00012207     
0.00020752     8.54492e-05     -2.44141e-05     -8.54492e-05     
9.76563e-05     -8.54492e-05     -0.000268555     -0.000244141     
-0.000170898     -0.000305176     -0.000439453     -0.000402832     
-0.000256348     -0.000439453     -0.000439453     -0.00045166     
-0.000317383     -0.000354004     -0.000415039     -0.000427246     
-0.000231934     -0.000317383     -0.000341797     -0.000366211     
-0.000170898     -0.000268555     -0.000317383     -0.000390625     
-0.000195313     -0.000244141     -0.000280762     -0.000195313     
-0.000146484     -0.000244141     -0.00020752     -0.000244141     
-0.000158691     -0.000170898     -0.000231934     -0.000219727     
-0.00012207     -0.000256348     -0.00020752     -0.000219727     
-0.000280762     -0.000268555     -0.000366211     -0.000354004     
-0.000317383     -0.000402832     -0.000378418     -0.000427246     
-0.000366211     -0.000231934     -0.000415039     -0.000305176     
-0.000183105     -0.000170898     -0.000146484     -7.32422e-05     
-3.66211e-05     0     3.66211e-05     1.2207e-05     
0.000244141     0.000109863     0.000158691     0.000195313     
0.000305176     0.000219727     0.000256348     0.000292969     
0.000500488     0.000244141     0.000280762     0.000244141     
0.000268555     0.000292969     8.54492e-05     2.44141e-05     
0.000146484     -7.32422e-05     -0.000146484     -0.00020752     
-3.66211e-05     -0.00012207     -0.000256348     -6.10352e-05     
7.32422e-05     -2.44141e-05     4.88281e-05     0.000183105     
0.00032959     0.000292969     0.000183105     0.000366211     
0.000366211     0.000244141     0.000183105     4.88281e-05     
0.00020752     7.32422e-05     -0.000183105     -0.000219727     
-0.000158691     -0.000231934     -0.00045166     -0.000524902     
-0.000341797     -0.000427246     -0.000622559     -0.000622559     
-0.000341797     -0.000598145     -0.000512695     -0.000488281     
-0.000439453     -0.000390625     -0.000402832     -0.000366211     
-0.000158691     -0.000195313     -0.000134277     -0.00020752     
-1.2207e-05     -6.10352e-05     -0.000170898     -0.000195313     
-0.000170898     -0.000244141     -0.000280762     -0.000378418     
-0.000341797     -0.000292969     -0.000439453     -0.00032959     
-0.000292969     -0.00032959     -0.000292969     -0.000268555     
-0.000170898     -0.000195313     -0.000109863     -9.76563e-05     
4.88281e-05     3.66211e-05     -7.32422e-05     -4.88281e-05     
0.000109863     3.66211e-05     -2.44141e-05     2.44141e-05     
6.10352e-05     -2.44141e-05     -6.10352e-05     -8.54492e-05     
8.54492e-05     9.76563e-05     -6.10352e-05     8.54492e-05     
0.000341797     0.00012207     0.000244141     0.00020752     
0.000354004     0.00032959     0.000268555     0.000292969     
0.000354004     0.000158691     2.44141e-05     6.10352e-05     
0.000219727     -1.2207e-05     -0.000183105     -0.000183105     
3.66211e-05     -0.000219727     -0.000292969     -0.000158691     
-3.66211e-05     3.66211e-05     -4.88281e-05     0.00020752     
0.000292969     0.000256348     0.00020752     0.000256348     
0.000439453     0.000378418     0.000231934     0.000292969     
0.000402832     0.000280762     4.88281e-05     0.00020752     
0.000280762     0.000305176     0.000256348     0.000439453     
0.000744629     0.000891113     0.0010498     0.00137939     
0.00177002     0.00202637     0.00230713     0.00274658     
0.00328369     0.0036377     0.00396729     0.00440674     
0.00509033     0.00529785     0.00570068     0.00623779     
0.00668945     0.00714111     0.00736084     0.00766602     
0.00841064     0.00871582     0.00900879     0.009375     
0.00986328     0.0101563     0.010437     0.0108398     
0.0113281     0.0115601     0.0119141     0.0122437     
0.0127808     0.0129272     0.0131836     0.0135498     
0.0139404     0.014209     0.0144653     0.0148193     
0.0153564     0.0155518     0.0159546     0.016333     
0.0168823     0.0172363     0.0176147     0.0181152     
0.0185547     0.0188721     0.0192505     0.0196533     
0.0200195     0.0203491     0.0205933     0.0209717     
0.0213501     0.0215576     0.0217041     0.0221069     
0.022522     0.0227173     0.0230591     0.0234253     
0.0237305     0.0240234     0.0243652     0.0247192     
0.0250732     0.025415     0.0256836     0.0260132     
0.026416     0.0265503     0.0268921     0.0270752     
0.0274536     0.0276733     0.0277344     0.0280762     
0.0283813     0.028479     0.0286133     0.0288208     
0.0291626     0.0292114     0.0293457     0.0296387     
0.0299561     0.0299805     0.030249     0.0304199     
0.030835     0.0309448     0.0310913     0.0314209     
0.031604     0.0317871     0.0319336     0.0321045     
0.0322998     0.0324829     0.0324585     0.0326172     
0.0328857     0.0330078     0.03302     0.0331665     
0.0334106     0.0335083     0.033606     0.033667     
0.034021     0.0339966     0.0341309     0.0342407     
0.0343994     0.0344604     0.0345093     0.0346191     
0.0348267     0.0347412     0.03479     0.0347656     
0.035022     0.0349121     0.0348633     0.0349609     
0.0350708     0.0350708     0.0351563     0.0352051     
0.0354248     0.0355713     0.0355469     0.0357544     
0.0359985     0.0360718     0.0361938     0.0362549     
0.0364136     0.0364746     0.0363281     0.0364136     
0.036438     0.0364258     0.0362915     0.0363403     
0.036499     0.0364624     0.036377     0.0365967     
0.036731     0.0368042     0.036853     0.0369751     
0.0370972     0.0370972     0.0370239     0.0370361     
0.0371216     0.036853     0.0368408     0.0367798     
0.036792     0.0367065     0.0364746     0.0364746     
0.0364624     0.036377     0.0364014     0.0363037     
0.036499     0.0363892     0.0363037     0.0363403     
0.036499     0.0363892     0.0363281     0.0362183     
0.0363647     0.0363281     0.0362061     0.0361694     
0.0361694     0.0359741     0.0358643     0.0357666     
0.0357544     0.0356201     0.0354248     0.0353516     
0.0353638     0.0352295     0.0349854     0.0349365     
0.0349487     0.03479     0.0345947     0.0346069     
0.0346436     0.034375     0.0342163     0.0341553     
0.0341309     0.0339233     0.033728     0.0335327     
0.0334473     0.033374     0.0330688     0.0328735     
0.0329468     0.0327637     0.0325562     0.0325195     
0.0324707     0.0322266     0.0320801     0.0319458     
0.0320068     0.0317383     0.0315674     0.0313354     
0.0313599     0.0310059     0.0309448     0.0307739     
0.0306641     0.0304932     0.0302124     0.0301636     
0.030188     0.0299561     0.0297729     0.0296143     
0.0296387     0.0295166     0.0293945     0.0293213     
0.0293457     0.0291748     0.0290649     0.0290527     
0.0289307     0.0288452     0.0286499     0.0286255     
0.0286011     0.0283325     0.0281738     0.0281616     
0.0280029     0.0279053     0.0276978     0.0276611     
0.0275635     0.0273438     0.0271729     0.0270386     
0.0269775     0.0266602     0.0266113     0.0263428     
0.0263794     0.0260498     0.0258423     0.0255615     
0.0255859     0.0253906     0.0250366     0.0249023     
0.0249023     0.0245239     0.0243286     0.0241455     
0.0241455     0.0239746     0.0236816     0.0237183     
0.0237061     0.0235718     0.0234375     0.0234375     
0.0235474     0.0234985     0.0232666     0.0233154     
0.0232788     0.0230591     0.0229126     0.0227417     
0.0226685     0.0224976     0.0221558     0.0219849     
0.0218384     0.0215332     0.0213013     0.0210693     
0.0210693     0.020874     0.0204468     0.0204956     
0.0205078     0.0202637     0.0202271     0.0201904     
0.0202271     0.0200562     0.0199585     0.0198853     
0.0200195     0.0197754     0.0196655     0.0195557     
0.0195557     0.0194458     0.0191284     0.0190186     
0.019043     0.018689     0.0185303     0.0182739     
0.0182983     0.0179199     0.017749     0.0176636     
0.0176514     0.0174438     0.0172729     0.0171143     
0.0172119     0.017041     0.0169312     0.0168701     
0.0168701     0.0168091     0.0166748     0.0166016     
0.0166748     0.0165527     0.0164063     0.0164307     
0.0163574     0.0162964     0.0161255     0.0160645     
0.0161255     0.0159302     0.0157837     0.0157837     
0.0156982     0.0155762     0.0154785     0.0153076     
0.0153564     0.01521     0.0151001     0.0151123     
0.0151489     0.0148804     0.014917     0.0148438     
0.0150024     0.0149414     0.0149048     0.014856     
0.0150024     0.0148804     0.0148926     0.0149048     
0.0150757     0.0149536     0.014978     0.0149658     
0.0151367     0.0149902     0.0149658     0.0149536     
0.0151367     0.0149658     0.0149292     0.014917     
0.0149536     0.0148071     0.0146362     0.014563     
0.014502     0.0143311     0.0142212     0.0141235     
0.0141479     0.0139404     0.0138306     0.0138184     
0.0137573     0.0137451     0.0135742     0.0135498     
0.0136597     0.0135132     0.0132813     0.013269     
0.0133057     0.013269     0.0131348     0.0131958     
0.0132935     0.0132202     0.0131226     0.0131104     
0.0134277     0.0132446     0.0132446     0.0132935     
0.0134399     0.0133301     0.0133057     0.013269     
0.0134644     0.0133301     0.0131836     0.0130859     
0.013269     0.0129028     0.0129272     0.0128052     
0.012854     0.0127808     0.0126221     0.0125244     
0.0126587     0.0126343     0.0126099     0.0126221     
0.0127197     0.0128296     0.0126831     0.0129028     
0.0129761     0.0129761     0.0129517     0.0129639     
0.0130371     0.013147     0.0130005     0.0131348     
0.0131958     0.0130981     0.0131104     0.0131958     
0.0132446     0.0131714     0.0131104     0.0132568     
0.0132202     0.013147     0.0131226     0.0132568     
0.0133301     0.0132202     0.013208     0.0133179     
0.0134766     0.0134277     0.0133789     0.013501     
0.0135742     0.0135132     0.0135254     0.0135742     
0.0136719     0.0134888     0.0135742     0.013501     
0.0135986     0.0135498     0.0134521     0.0135254     
0.0137207     0.013623     0.0136108     0.0136597     
0.013855     0.0137939     0.0137695     0.0138428     
0.0140869     0.0140381     0.0141113     0.014209     
0.0144775     0.014563     0.0145386     0.0147827     
0.0149536     0.0151367     0.0150513     0.0149902     
0.01521     0.0151978     0.0150269     0.0150757     
0.0151611     0.0149414     0.0148315     0.0147583     
0.0148804     0.0148193     0.0146606     0.0147461     
0.0148926     0.0148193     0.014856     0.0150513     
0.0152466     0.0152222     0.0152344     0.0153564     
0.0156494     0.0156006     0.015625     0.0154907     
0.0158813     0.0157227     0.0156494     0.0157104     
0.0157593     0.0155518     0.015564     0.0154907     
0.0154785     0.0154785     0.015332     0.0153442     
0.0153564     0.0152954     0.015332     0.0152832     
0.0153687     0.0153076     0.0152832     0.015332     
0.0153564     0.0153931     0.0152588     0.0153076     
0.0154907     0.0154297     0.0154175     0.0154785     
0.0156128     0.0156128     0.0156006     0.0157349     
0.0158325     0.0158569     0.0156738     0.0158569     
0.0159546     0.0157959     0.0157837     0.0157837     
0.0158813     0.0157593     0.0157471     0.0157715     
0.0157837     0.0156738     0.0156738     0.0156372     
0.0157959     0.0156982     0.0156616     0.0157471     
0.0158203     0.0157227     0.0157227     0.0157104     
0.0157959     0.0157471     0.0156494     0.0156494     
0.0156616     0.015564     0.0155151     0.0155151     
0.0156006     0.0154785     0.0154297     0.0154297     
0.0156006     0.0154541     0.0155151     0.0155762     
0.0157104     0.0157593     0.0156738     0.0157104     
0.0159302     0.015918     0.0158447     0.015918     
0.0161133     0.0160278     0.0158813     0.0159302     
0.0159546     0.0159058     0.0158203     0.0156982     
0.0158325     0.0157104     0.0155884     0.0156006     
0.0156616     0.0156128     0.0156128     0.015564     
0.0157593     0.015625     0.0154663     0.0154297     
0.0155029     0.0152832     0.0151978     0.0151367     
0.0150757     0.0149414     0.0148438     0.0148193     
0.0149048     0.0147949     0.0147095     0.0145996     
0.0147461     0.0146606     0.0145874     0.0145996     
0.0146118     0.0145142     0.0145874     0.0144409     
0.014502     0.0144531     0.0143311     0.0144531     
0.0144287     0.0142578     0.0142212     0.0142822     
0.0143066     0.01427     0.0142822     0.0142822     
0.0143555     0.0144287     0.0143311     0.0143555     
0.014563     0.0143677     0.0144409     0.0144775     
0.0145386     0.0143555     0.0142334     0.0142334     
0.0142822     0.0140991     0.0139771     0.0138672     
0.0139038     0.0137085     0.013623     0.0134644     
0.0133911     0.0133179     0.0131226     0.0131226     
0.0131714     0.0130005     0.0129761     0.0128906     
0.0130981     0.0130127     0.0127808     0.0128418     
0.0128784     0.0126831     0.0125977     0.0124634     
0.0126099     0.0125244     0.0122925     0.0123169     
0.0123413     0.0121216     0.0119751     0.0118896     
0.0120117     0.0119751     0.011792     0.0118774     
0.0118652     0.0116943     0.0116211     0.0115967     
0.0115967     0.0114502     0.0113037     0.011145     
0.0111694     0.0109253     0.0108032     0.0107544     
0.0107422     0.0106445     0.0104492     0.0104248     
0.0105957     0.0105103     0.0105347     0.0104492     
0.0107056     0.0106445     0.010498     0.010498     
0.0106323     0.0104248     0.010376     0.0102905     
0.0104248     0.0103271     0.010083     0.0101074     
0.0100586     0.00986328     0.0097168     0.00964355     
0.00970459     0.00955811     0.009375     0.00936279     
0.00938721     0.00928955     0.00917969     0.00922852     
0.00928955     0.00926514     0.0090332     0.00914307     
0.00916748     0.00913086     0.00905762     0.00909424     
0.00911865     0.0090332     0.00893555     0.00894775     
0.00899658     0.00882568     0.0088623     0.00865479     
0.00880127     0.00870361     0.00866699     0.00856934     
0.00864258     0.00847168     0.00844727     0.00839844     
0.00849609     0.00830078     0.0083252     0.00831299     
0.00841064     0.00821533     0.00822754     0.00817871     
0.00810547     0.00797119     0.00786133     0.00782471     
0.00783691     0.00762939     0.00753174     0.00744629     
0.00755615     0.0074585     0.00736084     0.00732422     
0.00749512     0.00725098     0.00716553     0.00720215     
0.0072876     0.00731201     0.0071167     0.00705566     
0.00718994     0.00697021     0.0067749     0.00686035     
0.00689697     0.00683594     0.00662842     0.00666504     
0.00675049     0.00670166     0.00667725     0.00667725     
0.00704346     0.00689697     0.00686035     0.00706787     
0.00722656     0.00725098     0.0072998     0.00725098     
0.00743408     0.00726318     0.00718994     0.00709229     
0.00726318     0.00698242     0.00703125     0.00681152     
0.00687256     0.00683594     0.00678711     0.00673828     
0.00686035     0.00687256     0.00679932     0.00687256     
0.00687256     0.00682373     0.00689697     0.00689697     
0.00688477     0.0067749     0.00679932     0.00657959     
0.00666504     0.00664063     0.00639648     0.00638428     
0.00639648     0.00618896     0.00620117     0.0060791     
0.00600586     0.00598145     0.00579834     0.00583496     
0.00582275     0.00581055     0.00577393     0.00579834     
0.00605469     0.00594482     0.00603027     0.00615234     
0.00627441     0.00625     0.00623779     0.00628662     
0.00637207     0.00633545     0.00634766     0.00639648     
0.00657959     0.00648193     0.00666504     0.0065918     
0.00678711     0.00678711     0.00681152     0.00688477     
0.00690918     0.00675049     0.00678711     0.0067627     
0.00684814     0.00671387     0.00654297     0.00665283     
0.00666504     0.00644531     0.00645752     0.00631104     
0.00643311     0.00637207     0.00627441     0.00646973     
0.00653076     0.00649414     0.00656738     0.006604     
0.00675049     0.0067749     0.00668945     0.00683594     
0.00690918     0.00686035     0.00681152     0.00682373     
0.00692139     0.00692139     0.0067749     0.00679932     
0.00708008     0.00701904     0.00699463     0.00699463     
0.0072998     0.00738525     0.00726318     0.00736084     
0.00766602     0.00749512     0.00758057     0.00740967     
0.00770264     0.00749512     0.00742188     0.00743408     
0.00748291     0.0072998     0.00723877     0.00723877     
0.00737305     0.0072998     0.00726318     0.00731201     
0.00748291     0.0072998     0.00738525     0.00737305     
0.00750732     0.00751953     0.00738525     0.00749512     
0.00765381     0.00756836     0.0074585     0.00749512     
0.00753174     0.0074707     0.00740967     0.00736084     
0.00739746     0.00742188     0.00723877     0.00721436     
0.00717773     0.00716553     0.00698242     0.00709229     
0.00708008     0.0069458     0.00703125     0.00704346     
0.00715332     0.00723877     0.00727539     0.0074707     
0.00769043     0.00766602     0.00780029     0.00792236     
0.00814209     0.00809326     0.00809326     0.00804443     
0.00817871     0.00803223     0.00799561     0.00791016     
0.00804443     0.00787354     0.00770264     0.00770264     
0.00783691     0.00750732     0.00743408     0.00744629     
0.00758057     0.00739746     0.00737305     0.00732422     
0.0074585     0.00744629     0.00731201     0.00739746     
0.00754395     0.00749512     0.00744629     0.00749512     
0.00761719     0.00762939     0.00750732     0.00751953     
0.0076416     0.00758057     0.00739746     0.00744629     
0.00751953     0.00744629     0.00737305     0.00736084     
0.00762939     0.00753174     0.0074707     0.00755615     
0.00771484     0.00767822     0.00755615     0.00766602     
0.00777588     0.00776367     0.00766602     0.00756836     
0.00771484     0.00759277     0.0074585     0.00748291     
0.00754395     0.00742188     0.00743408     0.0074585     
0.00753174     0.00754395     0.00756836     0.00759277     
0.00782471     0.00784912     0.00776367     0.00802002     
0.00821533     0.00814209     0.00819092     0.00825195     
0.00834961     0.00841064     0.00821533     0.00823975     
0.00827637     0.00814209     0.00805664     0.00803223     
0.00804443     0.00799561     0.0078125     0.00787354     
0.00789795     0.00777588     0.00771484     0.00767822     
0.00778809     0.00758057     0.00754395     0.00755615     
0.00753174     0.00749512     0.00739746     0.00740967     
0.00758057     0.00753174     0.00760498     0.0076416     
0.00772705     0.00769043     0.00789795     0.00777588     
0.00802002     0.00800781     0.0079834     0.00809326     
0.00809326     0.00797119     0.00791016     0.00789795     
0.00794678     0.00778809     0.00771484     0.00776367     
0.00772705     0.00756836     0.00749512     0.00751953     
0.00756836     0.0074707     0.00727539     0.00739746     
0.00734863     0.00716553     0.0071167     0.00709229     
0.0071167     0.00714111     0.00689697     0.00697021     
0.00704346     0.00692139     0.00679932     0.00679932     
0.00681152     0.00686035     0.00670166     0.00678711     
0.00703125     0.00678711     0.0067749     0.00670166     
0.00683594     0.00682373     0.00664063     0.00667725     
0.00684814     0.0065918     0.006604     0.00653076     
0.00664063     0.00649414     0.0064209     0.00648193     
0.006604     0.0064209     0.00637207     0.00639648     
0.00655518     0.00646973     0.00643311     0.00631104     
0.00653076     0.00639648     0.00632324     0.00627441     
0.00638428     0.00629883     0.00615234     0.00617676     
0.00625     0.00618896     0.00594482     0.00603027     
0.00612793     0.00598145     0.00596924     0.00599365     
0.00603027     0.00595703     0.00585938     0.00576172     
0.0057373     0.0057373     0.00548096     0.00551758     
0.00557861     0.00523682     0.0053833     0.00523682     
0.00532227     0.00518799     0.0050415     0.00512695     
0.00513916     0.00506592     0.00507813     0.00500488     
0.00511475     0.00500488     0.00501709     0.00500488     
0.00512695     0.00510254     0.00500488     0.00500488     
0.00516357     0.00507813     0.00495605     0.0050415     
0.00510254     0.0050293     0.00505371     0.00501709     
0.00512695     0.00506592     0.00495605     0.00496826     
0.0050293     0.00488281     0.0046875     0.0046875     
0.00458984     0.00463867     0.0043457     0.00424805     
0.00441895     0.00415039     0.00400391     0.00415039     
0.00426025     0.00418701     0.00413818     0.00422363     
0.0043335     0.0043457     0.00432129     0.00430908     
0.00452881     0.00450439     0.00445557     0.00452881     
0.00462646     0.0045166     0.00454102     0.00447998     
0.00472412     0.00460205     0.00462646     0.00444336     
0.00463867     0.00439453     0.00437012     0.00435791     
0.00440674     0.00435791     0.00428467     0.00432129     
0.00437012     0.00437012     0.00418701     0.0041748     
0.00432129     0.00422363     0.00408936     0.00400391     
0.00405273     0.00386963     0.00383301     0.00367432     
0.0038208     0.00374756     0.00352783     0.00358887     
0.0036377     0.003479     0.00343018     0.00340576     
0.00349121     0.0034668     0.00334473     0.00336914     
0.00340576     0.00336914     0.00335693     0.00338135     
0.00356445     0.00355225     0.00358887     0.00358887     
0.0038208     0.00383301     0.00386963     0.00385742     
0.00397949     0.00402832     0.00405273     0.00401611     
0.00419922     0.00400391     0.00406494     0.00404053     
0.00413818     0.00412598     0.00402832     0.00408936     
0.00421143     0.00410156     0.00411377     0.0041626     
0.00421143     0.00419922     0.00408936     0.00419922     
0.00432129     0.00424805     0.00421143     0.00424805     
0.00450439     0.00444336     0.00424805     0.00439453     
0.0045166     0.00441895     0.00437012     0.0043457     
0.00439453     0.00426025     0.00412598     0.0041748     
0.00427246     0.00412598     0.00406494     0.00410156     
0.00415039     0.0041748     0.00391846     0.00393066     
0.00419922     0.00405273     0.00407715     0.00402832     
0.00411377     0.00410156     0.0039917     0.00406494     
0.00427246     0.0041748     0.0041748     0.00413818     
0.0043457     0.0041748     0.00415039     0.00427246     
0.00439453     0.00430908     0.00423584     0.00428467     
0.00445557     0.00437012     0.00428467     0.0043457     
0.00446777     0.00440674     0.0043335     0.00429688     
0.00443115     0.00430908     0.00421143     0.00423584     
0.00426025     0.00423584     0.00407715     0.00408936     
0.00415039     0.00406494     0.00390625     0.00402832     
0.00404053     0.00401611     0.00394287     0.00389404     
0.00404053     0.00396729     0.00384521     0.00395508     
0.00400391     0.00385742     0.00390625     0.0038208     
0.00385742     0.00369873     0.00361328     0.00372314     
0.00361328     0.00345459     0.00350342     0.00339355     
0.00362549     0.003479     0.00340576     0.00349121     
0.00356445     0.00358887     0.0036377     0.00373535     
0.00386963     0.0038208     0.0038208     0.00390625     
0.00405273     0.00396729     0.00395508     0.0039917     
0.00413818     0.00415039     0.00401611     0.00410156     
0.00419922     0.00419922     0.00411377     0.00418701     
0.00428467     0.0043457     0.00430908     0.0043335     
0.00458984     0.00443115     0.00441895     0.00449219     
0.00460205     0.00457764     0.00444336     0.00455322     
0.00450439     0.00445557     0.00447998     0.00432129     
0.00462646     0.0045166     0.00443115     0.00450439     
0.00463867     0.00456543     0.00455322     0.0045166     
0.00483398     0.00465088     0.00460205     0.00458984     
0.00487061     0.00467529     0.0045166     0.00457764     
0.00461426     0.00449219     0.00437012     0.00437012     
0.00445557     0.00430908     0.00424805     0.00419922     
0.0043457     0.00426025     0.00413818     0.0041626     
0.00426025     0.00418701     0.00411377     0.00405273     
0.00421143     0.00412598     0.00405273     0.00415039     
0.00429688     0.00415039     0.0041748     0.00429688     
0.00444336     0.0045166     0.00450439     0.00458984     
0.00463867     0.00458984     0.00455322     0.00469971     
0.00476074     0.0046875     0.00474854     0.00474854     
0.00471191     0.00458984     0.00461426     0.00454102     
0.00462646     0.00461426     0.00458984     0.00463867     
0.00478516     0.00460205     0.00471191     0.00469971     
0.00488281     0.00483398     0.00480957     0.00489502     
0.00499268     0.0048584     0.00476074     0.00478516     
0.00477295     0.00457764     0.00439453     0.00441895     
0.00444336     0.00419922     0.00405273     0.00404053     
0.00406494     0.0039917     0.00385742     0.00390625     
0.00401611     0.00393066     0.00394287     0.0039917     
0.00423584     0.00432129     0.00423584     0.0043457     
0.00462646     0.00461426     0.00449219     0.0045166     
0.00463867     0.00454102     0.00432129     0.00423584     
0.00440674     0.00415039     0.00406494     0.00395508     
0.0039917     0.00391846     0.00384521     0.00388184     
0.00411377     0.00400391     0.00418701     0.0041626     
0.00446777     0.00446777     0.00461426     0.00460205     
0.00494385     0.00493164     0.00495605     0.0050415     
0.00512695     0.00516357     0.00512695     0.00510254     
0.00518799     0.00516357     0.00512695     0.0050415     
0.00500488     0.00494385     0.0048584     0.00489502     
0.00483398     0.00480957     0.00477295     0.00477295     
0.00478516     0.00477295     0.00465088     0.00467529     
0.00478516     0.00467529     0.00474854     0.00474854     
0.00484619     0.00476074     0.00466309     0.00479736     
0.00488281     0.00466309     0.00472412     0.00456543     
0.00466309     0.00456543     0.00429688     0.00428467     
0.00423584     0.00393066     0.00379639     0.00356445     
0.0036377     0.00334473     0.00318604     0.00308838     
0.003125     0.00299072     0.00285645     0.00284424     
0.00299072     0.00289307     0.0027832     0.00296631     
0.0029541     0.00285645     0.002771     0.00292969     
0.00300293     0.00300293     0.00290527     0.00294189     
0.00301514     0.00288086     0.00288086     0.00292969     
0.00296631     0.00317383     0.00313721     0.00322266     
0.003479     0.00341797     0.00343018     0.00344238     
0.00372314     0.0036377     0.00345459     0.00350342     
0.00361328     0.0034668     0.00341797     0.00332031     
0.00345459     0.00327148     0.00316162     0.00319824     
0.00333252     0.0032959     0.00322266     0.00325928     
0.00343018     0.00341797     0.00349121     0.00336914     
0.00366211     0.00362549     0.00351563     0.00351563     
0.00366211     0.00366211     0.003479     0.00341797     
0.00349121     0.00344238     0.00338135     0.00328369     
0.00340576     0.00327148     0.00310059     0.00319824     
0.00325928     0.00301514     0.00297852     0.00299072     
0.00301514     0.00303955     0.00285645     0.00290527     
0.00292969     0.00289307     0.00279541     0.002771     
0.00290527     0.00296631     0.00288086     0.00288086     
0.00294189     0.00290527     0.00289307     0.00297852     
0.00303955     0.00301514     0.00303955     0.00303955     
0.00314941     0.00300293     0.00301514     0.00292969     
0.0029541     0.00285645     0.002771     0.00267334     
0.00275879     0.00256348     0.00251465     0.00240479     
0.00257568     0.00239258     0.00219727     0.00220947     
0.00235596     0.00224609     0.00202637     0.00201416     
0.00212402     0.00209961     0.00201416     0.00200195     
0.00220947     0.00217285     0.00222168     0.00223389     
0.00246582     0.0024292     0.00230713     0.00235596     
0.00245361     0.00235596     0.00227051     0.00214844     
0.00224609     0.00214844     0.0019043     0.00196533     
0.00200195     0.0019165     0.00174561     0.00175781     
0.00189209     0.00178223     0.00177002     0.00179443     
0.00198975     0.00192871     0.00202637     0.00201416     
0.00216064     0.00220947     0.00222168     0.00220947     
0.00251465     0.00233154     0.00238037     0.00234375     
0.00255127     0.00246582     0.00234375     0.00228271     
0.00246582     0.00230713     0.00227051     0.00224609     
0.00236816     0.00230713     0.0022583     0.00230713     
0.00236816     0.00224609     0.00231934     0.00213623     
0.00229492     0.00218506     0.00211182     0.00213623     
0.00231934     0.00214844     0.00218506     0.00239258     
0.00247803     0.0024292     0.0026001     0.00270996     
0.00281982     0.00286865     0.00289307     0.00299072     
0.00305176     0.00306396     0.00284424     0.00285645     
0.00289307     0.00267334     0.00272217     0.00255127     
0.00250244     0.0024292     0.00238037     0.00246582     
0.00258789     0.00250244     0.00262451     0.00247803     
0.00283203     0.00266113     0.00273438     0.00269775     
0.002771     0.00266113     0.00270996     0.00257568     
0.0026001     0.00255127     0.00250244     0.00245361     
0.00251465     0.0024292     0.00239258     0.00253906     
0.0026001     0.00257568     0.00256348     0.0026123     
0.00267334     0.00253906     0.00241699     0.00247803     
0.00245361     0.00240479     0.00233154     0.00224609     
0.00239258     0.00241699     0.00220947     0.0022583     
0.00244141     0.00249023     0.00233154     0.00246582     
0.0026001     0.00252686     0.00244141     0.00240479     
0.00264893     0.00252686     0.00239258     0.00245361     
0.00253906     0.00247803     0.00238037     0.00230713     
0.0026001     0.00250244     0.00247803     0.00249023     
0.0026001     0.00239258     0.00239258     0.00233154     
0.00240479     0.00238037     0.00220947     0.00227051     
0.00239258     0.00234375     0.00234375     0.00234375     
0.00257568     0.00267334     0.00267334     0.0027832     
0.00297852     0.00296631     0.00303955     0.00306396     
0.00321045     0.00328369     0.00330811     0.00332031     
0.00330811     0.00314941     0.00308838     0.00306396     
0.00290527     0.00294189     0.00272217     0.00267334     
0.00262451     0.00253906     0.00253906     0.00253906     
0.00258789     0.00257568     0.00263672     0.00270996     
0.00280762     0.00280762     0.00285645     0.00290527     
0.00301514     0.00296631     0.00297852     0.00292969     
0.00311279     0.00294189     0.0029541     0.00288086     
0.00302734     0.00301514     0.00279541     0.00292969     
0.00303955     0.00294189     0.00289307     0.00286865     
0.003125     0.00302734     0.00292969     0.00297852     
0.00311279     0.00297852     0.00306396     0.00308838     
0.00321045     0.003125     0.00296631     0.00313721     
0.00332031     0.00316162     0.003125     0.00314941     
0.00338135     0.00335693     0.00318604     0.00333252     
0.00341797     0.00327148     0.00323486     0.0032959     
0.00339355     0.00336914     0.00325928     0.0032959     
0.003479     0.00330811     0.00330811     0.00327148     
0.0034668     0.0032959     0.00318604     0.00314941     
0.0032959     0.00314941     0.00310059     0.0029541     
0.00322266     0.00299072     0.00285645     0.00281982     
0.00283203     0.00258789     0.00262451     0.00249023     
0.00258789     0.00262451     0.0024292     0.00244141     
0.00257568     0.00256348     0.0026123     0.00264893     
0.00281982     0.00280762     0.00275879     0.00289307     
0.00291748     0.00284424     0.00279541     0.00273438     
0.00283203     0.0026001     0.00258789     0.00253906     
0.00245361     0.00245361     0.00239258     0.00240479     
0.00246582     0.00250244     0.00241699     0.00255127     
0.002771     0.00273438     0.00288086     0.00286865     
0.00307617     0.00313721     0.00310059     0.00308838     
0.00311279     0.00297852     0.00296631     0.00284424     
0.00302734     0.00286865     0.00292969     0.00283203     
0.00296631     0.0027832     0.00291748     0.00283203     
0.00297852     0.0029541     0.0027832     0.00294189     
0.00299072     0.00279541     0.002771     0.00284424     
0.00289307     0.00281982     0.0027832     0.00279541     
0.00292969     0.00285645     0.00274658     0.00273438     
0.00283203     0.00280762     0.00262451     0.00258789     
0.00264893     0.00245361     0.00227051     0.00236816     
0.0022583     0.00218506     0.0020874     0.0020874     
0.00213623     0.00209961     0.0020874     0.00206299     
0.00241699     0.00230713     0.0022583     0.00231934     
0.00245361     0.00234375     0.00227051     0.00229492     
0.0024292     0.00227051     0.00223389     0.00218506     
0.00249023     0.00222168     0.00223389     0.00228271     
0.00238037     0.00234375     0.0022583     0.00233154     
0.00246582     0.00234375     0.00224609     0.00223389     
0.00227051     0.00222168     0.00213623     0.00219727     
0.00231934     0.00212402     0.00211182     0.00203857     
0.00218506     0.00214844     0.00192871     0.00197754     
0.0020752     0.00186768     0.0019043     0.00187988     
0.00187988     0.00198975     0.00194092     0.00195313     
0.00211182     0.00198975     0.00196533     0.00216064     
0.00234375     0.00217285     0.00223389     0.00220947     
0.00235596     0.00224609     0.00217285     0.00222168     
0.0022583     0.0022583     0.00231934     0.00231934     
0.00235596     0.00229492     0.00236816     0.00230713     
0.00255127     0.00249023     0.00234375     0.00236816     
0.00250244     0.00233154     0.00228271     0.00224609     
0.00235596     0.00219727     0.0020874     0.00218506     
0.00224609     0.00212402     0.00201416     0.0020874     
0.00216064     0.00201416     0.00184326     0.00186768     
0.00183105     0.00166016     0.00161133     0.00157471     
0.00152588     0.00151367     0.00136719     0.00141602     
0.00153809     0.00148926     0.00142822     0.00147705     
0.00158691     0.00168457     0.00155029     0.00151367     
0.0019043     0.00169678     0.00168457     0.0017334     
0.00179443     0.0017334     0.00167236     0.00163574     
0.0019043     0.00168457     0.0017334     0.00170898     
0.0019165     0.00183105     0.00174561     0.00174561     
0.00180664     0.00179443     0.00169678     0.00164795     
0.00170898     0.00177002     0.00146484     0.0013916     
0.00146484     0.00140381     0.00123291     0.0012085     
0.00140381     0.00124512     0.00123291     0.00135498     
0.00128174     0.00131836     0.00131836     0.00142822     
0.00146484     0.00141602     0.00134277     0.00142822     
0.00136719     0.00136719     0.00131836     0.00135498     
0.00146484     0.00134277     0.00124512     0.00129395     
0.00144043     0.00124512     0.00124512     0.00129395     
0.00129395     0.00125732     0.00119629     0.0012085     
0.00130615     0.00124512     0.00129395     0.00123291     
0.00144043     0.00131836     0.0012207     0.00129395     
0.00142822     0.00125732     0.00124512     0.00123291     
0.00128174     0.00117188     0.00111084     0.00131836     
0.00131836     0.00119629     0.0012207     0.00124512     
0.0013916     0.00147705     0.00137939     0.00134277     
0.00163574     0.00150146     0.00142822     0.00147705     
0.0015625     0.00153809     0.00144043     0.00142822     
0.00155029     0.00153809     0.00141602     0.00144043     
0.00155029     0.00157471     0.00147705     0.00161133     
0.00177002     0.00175781     0.0017334     0.00177002     
0.00197754     0.00198975     0.00185547     0.0019043     
0.00197754     0.00192871     0.00180664     0.00170898     
0.00181885     0.00181885     0.00164795     0.00164795     
0.0019165     0.00178223     0.00184326     0.00189209     
0.00206299     0.00214844     0.00213623     0.00219727     
0.00229492     0.00233154     0.00222168     0.00216064     
0.00218506     0.00213623     0.00198975     0.00198975     
0.00196533     0.00184326     0.00180664     0.00179443     
0.00179443     0.00174561     0.00168457     0.00177002     
0.00195313     0.00184326     0.00183105     0.0019043     
0.00187988     0.00192871     0.00178223     0.0019165     
0.00197754     0.00205078     0.00194092     0.00198975     
0.00214844     0.00209961     0.00213623     0.00211182     
0.00223389     0.00214844     0.00213623     0.0020752     
0.00227051     0.00213623     0.00212402     0.00209961     
0.00211182     0.00203857     0.00216064     0.00206299     
0.00217285     0.00212402     0.0020874     0.00219727     
0.00228271     0.0020752     0.00216064     0.00212402     
0.00217285     0.00197754     0.00185547     0.00177002     
0.00181885     0.00163574     0.0015625     0.00153809     
0.0015625     0.00151367     0.00134277     0.00148926     
0.00153809     0.00152588     0.00153809     0.00148926     
0.00159912     0.0015625     0.0013916     0.00142822     
0.00145264     0.00128174     0.00112305     0.00109863     
0.00118408     0.00112305     0.000964355     0.00107422     
0.00137939     0.00130615     0.00135498     0.00145264     
0.00170898     0.00177002     0.00168457     0.00192871     
0.00222168     0.0020752     0.00217285     0.00218506     
0.00246582     0.00238037     0.00238037     0.00236816     
0.00252686     0.00239258     0.00231934     0.00224609     
0.00231934     0.00224609     0.00218506     0.00214844     
0.00224609     0.0020874     0.00203857     0.00196533     
0.0020874     0.0020752     0.00196533     0.00206299     
0.00209961     0.00201416     0.00186768     0.00192871     
0.00201416     0.0019043     0.00184326     0.00186768     
0.00195313     0.00180664     0.00177002     0.00181885     
0.00180664     0.00181885     0.00164795     0.00168457     
0.00185547     0.00164795     0.00172119     0.00163574     
0.00186768     0.00175781     0.00163574     0.00172119     
0.00175781     0.00166016     0.00163574     0.00157471     
0.00174561     0.00148926     0.00153809     0.00148926     
0.00157471     0.00151367     0.00142822     0.00148926     
0.00163574     0.00157471     0.00151367     0.00159912     
0.00168457     0.00153809     0.00157471     0.00159912     
0.00162354     0.00147705     0.00131836     0.00136719     
0.00135498     0.0012207     0.00098877     0.000976563     
0.00111084     0.00101318     0.000891113     0.000952148     
0.00113525     0.00090332     0.000915527     0.00109863     
0.00123291     0.0012207     0.00115967     0.00123291     
0.00147705     0.00145264     0.00144043     0.00155029     
0.00179443     0.00184326     0.00179443     0.00189209     
0.00214844     0.00220947     0.00211182     0.00220947     
0.00253906     0.00250244     0.00236816     0.00246582     
0.00269775     0.00255127     0.00246582     0.00252686     
0.00258789     0.00240479     0.00235596     0.00231934     
0.00236816     0.00216064     0.00200195     0.0020874     
0.0020752     0.00195313     0.00183105     0.00189209     
0.00202637     0.00180664     0.0019165     0.00195313     
0.00203857     0.0020752     0.0019043     0.00212402     
0.00233154     0.00214844     0.00220947     0.00220947     
0.00227051     0.00229492     0.00214844     0.00214844     
0.00212402     0.00203857     0.00187988     0.00185547     
0.00189209     0.00175781     0.00157471     0.00159912     
0.00167236     0.00148926     0.00148926     0.00151367     
0.00166016     0.00163574     0.00155029     0.00161133     
0.00189209     0.00169678     0.00175781     0.00175781     
0.00196533     0.00178223     0.00167236     0.00167236     
0.0017334     0.00153809     0.00150146     0.00150146     
0.00155029     0.00144043     0.00130615     0.00146484     
0.00161133     0.00142822     0.00147705     0.00155029     
0.00164795     0.00162354     0.00153809     0.00164795     
0.0017334     0.00168457     0.00166016     0.00162354     
0.00175781     0.00174561     0.00161133     0.00172119     
0.00189209     0.00166016     0.00159912     0.00161133     
0.00158691     0.00152588     0.00129395     0.00115967     
0.00136719     0.00112305     0.00101318     0.00107422     
0.0012085     0.00107422     0.0010376     0.0010498     
0.0013916     0.00119629     0.00130615     0.00129395     
0.00147705     0.00145264     0.00144043     0.00153809     
0.00167236     0.00158691     0.00152588     0.00155029     
0.00169678     0.00169678     0.00158691     0.00158691     
0.00175781     0.00163574     0.00163574     0.00174561     
0.00180664     0.00180664     0.0017334     0.00185547     
0.00196533     0.00184326     0.0019043     0.00192871     
0.0019043     0.00180664     0.00175781     0.00169678     
0.00167236     0.00161133     0.00145264     0.00140381     
0.00141602     0.00133057     0.00118408     0.00128174     
0.00131836     0.00112305     0.00126953     0.0012207     
0.0013916     0.00144043     0.00137939     0.00146484     
0.00177002     0.00172119     0.00181885     0.00187988     
0.00216064     0.00196533     0.0019043     0.00195313     
0.00201416     0.00181885     0.00170898     0.00164795     
0.0017334     0.00152588     0.00133057     0.00131836     
0.00140381     0.00124512     0.0010376     0.00113525     
0.00129395     0.00119629     0.00106201     0.00112305     
0.00126953     0.00109863     0.00102539     0.00112305     
0.00111084     0.00100098     0.000952148     0.000964355     
0.00107422     0.000964355     0.000964355     0.000964355     
0.00107422     0.00102539     0.00090332     0.00102539     
0.00115967     0.00115967     0.00109863     0.00117188     
0.00141602     0.00133057     0.00129395     0.00130615     
0.00144043     0.00144043     0.00135498     0.00133057     
0.00151367     0.00144043     0.00136719     0.0012207     
0.00137939     0.00118408     0.00119629     0.00114746     
0.00118408     0.00111084     0.00109863     0.00107422     
0.0012085     0.00118408     0.00111084     0.00112305     
0.00125732     0.00129395     0.00129395     0.0012207     
0.00146484     0.00140381     0.00131836     0.00130615     
0.00146484     0.00144043     0.0013916     0.00145264     
0.00169678     0.00152588     0.00151367     0.00158691     
0.00163574     0.00172119     0.0015625     0.00162354     
0.00164795     0.00157471     0.00157471     0.00161133     
0.00169678     0.00147705     0.00157471     0.00152588     
0.00174561     0.00166016     0.00164795     0.00166016     
0.00174561     0.00174561     0.00166016     0.00163574     
0.00184326     0.00164795     0.00169678     0.00166016     
0.00178223     0.00172119     0.00167236     0.00179443     
0.00187988     0.00186768     0.00174561     0.00179443     
0.00200195     0.00181885     0.00168457     0.0017334     
0.00187988     0.00184326     0.00164795     0.00169678     
0.00180664     0.0017334     0.00161133     0.00170898     
0.00186768     0.00178223     0.00168457     0.00164795     
0.0019165     0.00174561     0.00174561     0.00170898     
0.00185547     0.00174561     0.00157471     0.00152588     
0.00170898     0.00168457     0.0015625     0.00162354     
0.00179443     0.00168457     0.00168457     0.00166016     
0.00183105     0.00180664     0.00169678     0.0017334     
0.00181885     0.00168457     0.00164795     0.00157471     
0.00174561     0.00159912     0.00155029     0.00153809     
0.00159912     0.00146484     0.00151367     0.00148926     
0.00152588     0.00153809     0.00136719     0.00140381     
0.00150146     0.00137939     0.00136719     0.00125732     
0.00131836     0.00118408     0.00118408     0.00118408     
0.00123291     0.00117188     0.00114746     0.00117188     
0.00136719     0.00129395     0.00125732     0.00135498     
0.00140381     0.00145264     0.00135498     0.00137939     
0.00137939     0.00133057     0.00128174     0.00136719     
0.00145264     0.00135498     0.00146484     0.00140381     
0.00161133     0.00159912     0.00162354     0.00163574     
0.00172119     0.00162354     0.00162354     0.00150146     
0.00162354     0.00142822     0.00136719     0.00131836     
0.00131836     0.00108643     0.000976563     0.000927734     
0.00101318     0.00078125     0.000695801     0.000769043     
0.000793457     0.000683594     0.000695801     0.00065918     
0.000878906     0.000891113     0.000769043     0.000878906     
0.00115967     0.00108643     0.0010376     0.00118408     
0.00131836     0.00129395     0.00130615     0.00134277     
0.00150146     0.00144043     0.00137939     0.00144043     
0.00155029     0.00142822     0.00133057     0.00126953     
0.00135498     0.00119629     0.00098877     0.000927734     
0.00108643     0.000915527     0.000756836     0.000830078     
0.000866699     0.000744629     0.000732422     0.000720215     
0.000976563     0.000927734     0.000854492     0.000891113     
0.00115967     0.00109863     0.00112305     0.00124512     
0.00137939     0.00141602     0.00133057     0.00128174     
0.0013916     0.00135498     0.00124512     0.00125732     
0.00144043     0.00136719     0.00135498     0.00130615     
0.00142822     0.00136719     0.00134277     0.00137939     
0.00152588     0.00155029     0.00141602     0.00152588     
0.00162354     0.00145264     0.00153809     0.00146484     
0.00153809     0.00152588     0.00146484     0.00161133     
0.00157471     0.00151367     0.00157471     0.00152588     
0.00166016     0.0015625     0.00158691     0.00151367     
0.00162354     0.00145264     0.00145264     0.0013916     
0.00141602     0.00125732     0.00119629     0.00118408     
0.00133057     0.00115967     0.00125732     0.00126953     
0.0013916     0.00144043     0.00147705     0.0015625     
0.00177002     0.00169678     0.00177002     0.00181885     
0.00189209     0.00187988     0.00184326     0.00180664     
0.00177002     0.00166016     0.00150146     0.00141602     
0.00144043     0.00126953     0.00101318     0.000952148     
0.000927734     0.000744629     0.000708008     0.000646973     
0.000708008     0.000646973     0.000537109     0.000695801     
0.000927734     0.000878906     0.000866699     0.000964355     
0.00129395     0.00141602     0.00136719     0.00135498     
0.00174561     0.00158691     0.00161133     0.00163574     
0.0017334     0.0017334     0.00163574     0.00155029     
0.00178223     0.00161133     0.00162354     0.0015625     
0.00174561     0.00166016     0.00163574     0.00167236     
0.00180664     0.00184326     0.00189209     0.00185547     
0.00194092     0.00197754     0.00198975     0.00196533     
0.00192871     0.00179443     0.00175781     0.00155029     
0.00163574     0.00148926     0.00134277     0.00130615     
0.00129395     0.0012207     0.00114746     0.00106201     
0.00112305     0.00113525     0.0010376     0.00112305     
0.00125732     0.00117188     0.0012085     0.00123291     
0.00131836     0.00133057     0.0012085     0.00126953     
0.00128174     0.00111084     0.00117188     0.0010376     
0.00109863     0.00098877     0.000878906     0.000842285     
0.000964355     0.000817871     0.000866699     0.000830078     
0.00111084     0.00102539     0.00102539     0.00117188     
0.00136719     0.00131836     0.00129395     0.00135498     
0.00158691     0.00153809     0.00148926     0.00166016     
0.00164795     0.00153809     0.00145264     0.00157471     
0.00164795     0.0015625     0.00141602     0.00140381     
0.0013916     0.00130615     0.00113525     0.00114746     
0.00114746     0.00111084     0.00107422     0.0010498     
0.00117188     0.00109863     0.00100098     0.00108643     
0.00129395     0.00114746     0.00107422     0.00114746     
0.0012085     0.00109863     0.00109863     0.00106201     
0.0012207     0.00106201     0.000976563     0.000927734     
0.0010498     0.000927734     0.000842285     0.000830078     
0.00098877     0.000915527     0.000708008     0.000708008     
0.00098877     0.000646973     0.000585938     0.000671387     
0.000756836     0.000683594     0.00065918     0.000634766     
0.000793457     0.000634766     0.000549316     0.00057373     
0.000744629     0.000695801     0.000549316     0.000610352     
0.000720215     0.000708008     0.000830078     0.000927734     
0.00101318     0.00112305     0.000976563     0.00118408     
0.00131836     0.00119629     0.00126953     0.00133057     
0.00133057     0.00144043     0.00141602     0.00144043     
0.00155029     0.00150146     0.00146484     0.00152588     
0.00157471     0.00145264     0.00140381     0.00134277     
0.00135498     0.00114746     0.00102539     0.000891113     
0.000939941     0.000793457     0.000695801     0.000622559     
0.000793457     0.000671387     0.000695801     0.000878906     
0.0010498     0.00109863     0.00112305     0.00128174     
0.00152588     0.00141602     0.00147705     0.00151367     
0.00163574     0.00161133     0.00141602     0.00146484     
0.00148926     0.00137939     0.00117188     0.00115967     
0.00123291     0.00131836     0.00111084     0.00119629     
0.00133057     0.00123291     0.00115967     0.00113525     
0.00134277     0.00124512     0.00108643     0.00113525     
0.00126953     0.00113525     0.00114746     0.00111084     
0.00117188     0.00119629     0.00109863     0.00114746     
0.00146484     0.00119629     0.00123291     0.00123291     
0.00129395     0.00125732     0.00124512     0.00129395     
0.00134277     0.00123291     0.00130615     0.00119629     
0.0013916     0.00129395     0.00125732     0.0012085     
0.0013916     0.00130615     0.00131836     0.00128174     
0.00142822     0.00148926     0.00130615     0.00150146     
0.0015625     0.00140381     0.00146484     0.00142822     
0.00144043     0.00135498     0.00134277     0.00133057     
0.00131836     0.00131836     0.00119629     0.00111084     
0.00119629     0.00114746     0.000927734     0.000976563     
0.00101318     0.000927734     0.000683594     0.000708008     
0.000744629     0.00065918     0.00057373     0.000610352     
0.000683594     0.000549316     0.00065918     0.000671387     
0.000866699     0.000842285     0.000830078     0.000939941     
0.00108643     0.00098877     0.00113525     0.00102539     
0.00126953     0.00109863     0.00112305     0.00106201     
0.00126953     0.00113525     0.00106201     0.00117188     
0.00130615     0.00119629     0.00119629     0.00123291     
0.00131836     0.00117188     0.0012085     0.00118408     
0.00128174     0.0012085     0.00113525     0.00112305     
0.00131836     0.00118408     0.00111084     0.00109863     
0.00125732     0.00119629     0.00114746     0.00117188     
0.00119629     0.00117188     0.00109863     0.00125732     
0.00131836     0.00124512     0.00119629     0.00134277     
0.0013916     0.00133057     0.00130615     0.00123291     
0.00140381     0.00124512     0.0010498     0.000976563     
0.00111084     0.000964355     0.000854492     0.000793457     
0.000915527     0.000891113     0.000842285     0.000793457     
0.00107422     0.000891113     0.000939941     0.00101318     
0.0012207     0.00118408     0.00115967     0.0012207     
0.00142822     0.00130615     0.00125732     0.00118408     
0.00136719     0.00131836     0.00128174     0.00133057     
0.00148926     0.00135498     0.00144043     0.00147705     
0.00151367     0.00161133     0.00146484     0.00159912     
0.00166016     0.00148926     0.0015625     0.00148926     
0.00146484     0.00141602     0.00130615     0.00129395     
0.00128174     0.00115967     0.00112305     0.0010498     
0.00113525     0.00106201     0.00098877     0.000964355     
0.00100098     0.000854492     0.000769043     0.000732422     
0.000708008     0.000610352     0.000524902     0.000500488     
0.000585938     0.000512695     0.000561523     0.000512695     
0.000634766     0.000537109     0.000524902     0.000695801     
0.000817871     0.000622559     0.000671387     0.000732422     
0.000866699     0.000708008     0.00057373     0.000622559     
0.000622559     0.000488281     0.000439453     0.000378418     
0.000622559     0.000549316     0.000439453     0.000585938     
0.000732422     0.000695801     0.000744629     0.000830078     
0.00106201     0.00106201     0.00098877     0.00113525     
0.00124512     0.00124512     0.00102539     0.00115967     
0.00126953     0.00124512     0.00107422     0.00106201     
0.00126953     0.00107422     0.00100098     0.00098877     
0.00113525     0.00107422     0.00101318     0.00102539     
0.00112305     0.0010498     0.00109863     0.00107422     
0.00126953     0.00119629     0.0012085     0.00119629     
0.00133057     0.00123291     0.0012085     0.00118408     
0.00133057     0.00130615     0.0012085     0.00115967     
0.0012207     0.00106201     0.0010376     0.000927734     
0.00109863     0.00098877     0.000842285     0.000939941     
0.000915527     0.000866699     0.000805664     0.000756836     
0.000817871     0.00065918     0.000585938     0.000622559     
0.000634766     0.000549316     0.000427246     0.000439453     
0.000512695     0.000463867     0.000415039     0.000500488     
0.000549316     0.000378418     0.000537109     0.00045166     
0.000598145     0.000634766     0.000585938     0.00078125     
0.000878906     0.000720215     0.000854492     0.000854492     
0.00106201     0.000891113     0.000915527     0.00098877     
0.00113525     0.00109863     0.0010498     0.00118408     
0.00129395     0.00125732     0.00124512     0.00129395     
0.00145264     0.00145264     0.00133057     0.00142822     
0.00155029     0.00155029     0.00152588     0.00158691     
0.00170898     0.00155029     0.00147705     0.00153809     
0.00141602     0.00140381     0.00129395     0.00109863     
0.00119629     0.00098877     0.000805664     0.000720215     
0.000817871     0.000695801     0.000610352     0.000610352     
0.000646973     0.000610352     0.000549316     0.000622559     
0.000854492     0.000817871     0.000817871     0.000830078     
0.000964355     0.000927734     0.000866699     0.000671387     
0.00090332     0.000793457     0.000671387     0.000549316     
0.000695801     0.000512695     0.000512695     0.000634766     
0.000671387     0.000585938     0.000537109     0.000610352     
0.000695801     0.000622559     0.000585938     0.000537109     
0.000732422     0.000683594     0.00065918     0.000683594     
0.000769043     0.00065918     0.000695801     0.000756836     
0.000805664     0.00078125     0.000817871     0.000854492     
0.00100098     0.000830078     0.000866699     0.000939941     
0.00102539     0.000976563     0.00100098     0.000939941     
0.00113525     0.000976563     0.000817871     0.000952148     
0.000964355     0.000805664     0.000817871     0.000817871     
0.000866699     0.000720215     0.000708008     0.000708008     
0.000854492     0.000720215     0.000634766     0.000708008     
0.000854492     0.00065918     0.000671387     0.00065918     
0.000805664     0.000646973     0.000549316     0.000708008     
0.000793457     0.000634766     0.000549316     0.000561523     
0.000708008     0.000695801     0.000537109     0.00045166     
0.000646973     0.00045166     0.000402832     0.000341797     
0.000439453     0.000280762     8.54492e-05     3.66211e-05     
0.000170898     -4.88281e-05     -0.000109863     -0.000134277     
4.88281e-05     0.000134277     -3.66211e-05     6.10352e-05     
0.000354004     0.000402832     0.000415039     0.000439453     
0.000610352     0.000683594     0.000585938     0.000512695     
0.000744629     0.000634766     0.000463867     0.000500488     
0.000610352     0.000549316     0.000366211     0.000476074     
0.000585938     0.000354004     0.000427246     0.000463867     
0.000598145     0.000524902     0.000439453     0.000512695     
0.000598145     0.000427246     0.000402832     0.000341797     
0.000415039     0.000390625     0.000219727     0.000170898     
0.000256348     0.000134277     9.76563e-05     6.10352e-05     
0.00020752     9.76563e-05     8.54492e-05     0.000231934     
0.000268555     0.000341797     0.000244141     0.00045166     
0.000610352     0.000488281     0.000537109     0.000634766     
0.000708008     0.000622559     0.000561523     0.000634766     
0.000561523     0.000439453     0.000317383     0.000366211     
0.000512695     0.000280762     0.000378418     0.000354004     
0.00057373     0.000561523     0.000549316     0.000585938     
0.000915527     0.000891113     0.000976563     0.000976563     
0.00130615     0.00119629     0.00129395     0.00131836     
0.00136719     0.00140381     0.00126953     0.00119629     
0.00131836     0.00131836     0.00102539     0.00106201     
0.0012207     0.00100098     0.000866699     0.000976563     
0.00106201     0.000927734     0.000915527     0.00090332     
0.00107422     0.00102539     0.000964355     0.00102539     
0.00109863     0.00102539     0.000927734     0.000939941     
0.00111084     0.000878906     0.00078125     0.000830078     
0.000842285     0.000830078     0.000683594     0.000842285     
0.00090332     0.000915527     0.000891113     0.000878906     
0.00117188     0.00107422     0.000964355     0.00115967     
0.00117188     0.00109863     0.00107422     0.0010376     
0.00115967     0.0010498     0.000952148     0.000842285     
0.00109863     0.000817871     0.00078125     0.000732422     
0.000830078     0.000769043     0.000683594     0.000561523     
0.000708008     0.000585938     0.000500488     0.000415039     
0.000549316     0.000512695     0.000488281     0.000415039     
0.000488281     0.000415039     0.000354004     0.000476074     
0.000476074     0.000561523     0.000439453     0.000561523     
0.000610352     0.000549316     0.000634766     0.000744629     
0.00078125     0.00098877     0.000842285     0.000939941     
0.00111084     0.0010376     0.000964355     0.0010376     
0.00111084     0.00098877     0.00100098     0.00100098     
0.00114746     0.00102539     0.00113525     0.00124512     
0.00141602     0.0013916     0.0013916     0.00142822     
0.00168457     0.00151367     0.00161133     0.00159912     
0.00175781     0.00167236     0.00151367     0.00158691     
0.00157471     0.00148926     0.00145264     0.00133057     
0.00131836     0.00114746     0.000976563     0.00102539     
0.00098877     0.000769043     0.000683594     0.000646973     
0.000744629     0.00065918     0.000512695     0.000708008     
0.000756836     0.000817871     0.000854492     0.000817871     
0.00107422     0.00109863     0.00090332     0.00098877     
0.00112305     0.000976563     0.000927734     0.000842285     
0.00090332     0.000830078     0.000622559     0.000549316     
0.000756836     0.000488281     0.000439453     0.000354004     
0.000500488     0.000463867     0.000305176     0.000415039     
0.000598145     0.000427246     0.000524902     0.000524902     
0.000842285     0.000720215     0.000646973     0.000793457     
0.00078125     0.000598145     0.00057373     0.000549316     
0.000598145     0.000524902     0.000366211     0.000292969     
0.000378418     0.000158691     6.10352e-05     -1.2207e-05     
0.000183105     7.32422e-05     7.32422e-05     4.88281e-05     
0.000109863     9.76563e-05     3.66211e-05     7.32422e-05     
0.000146484     0.000183105     0.000158691     0.000280762     
0.000378418     0.000463867     0.000500488     0.000634766     
0.000817871     0.000939941     0.000830078     0.00109863     
0.00130615     0.00113525     0.00128174     0.00133057     
0.00142822     0.00135498     0.00136719     0.00131836     
0.0013916     0.00126953     0.00133057     0.00125732     
0.00151367     0.00131836     0.00134277     0.00133057     
0.00141602     0.00135498     0.00125732     0.00128174     
0.00133057     0.00124512     0.00113525     0.00115967     
0.00131836     0.00102539     0.000927734     0.0010376     
0.0010498     0.000805664     0.000695801     0.000769043     
0.000817871     0.000732422     0.000537109     0.000634766     
0.000646973     0.000524902     0.000463867     0.000463867     
0.000524902     0.000488281     0.000341797     0.000402832     
0.000537109     0.000561523     0.000354004     0.000549316     
0.000646973     0.000549316     0.000610352     0.000646973     
0.00090332     0.000817871     0.000756836     0.000952148     
0.000891113     0.000878906     0.000854492     0.000683594     
0.000842285     0.000646973     0.000524902     0.000427246     
0.000634766     0.000390625     0.000366211     0.000244141     
0.000390625     0.000305176     0.000280762     0.000366211     
0.000427246     0.000305176     0.000244141     0.000134277     
0.000305176     0.00020752     -2.44141e-05     8.54492e-05     
0.000146484     -2.44141e-05     0.000146484     0.000170898     
0.000305176     0.000427246     0.000439453     0.000622559     
0.000927734     0.00090332     0.00107422     0.00117188     
0.00128174     0.00141602     0.00133057     0.00133057     
0.0013916     0.00124512     0.00100098     0.00101318     
0.0010376     0.000708008     0.00065918     0.000561523     
0.000598145     0.000476074     0.000354004     0.000317383     
0.000524902     0.000537109     0.000463867     0.000524902     
0.000732422     0.000598145     0.00065918     0.000610352     
0.000793457     0.000732422     0.000610352     0.000622559     
0.000830078     0.000585938     0.000610352     0.000585938     
0.000732422     0.000720215     0.000598145     0.000683594     
0.000793457     0.00078125     0.000805664     0.000842285     
0.000915527     0.000976563     0.000769043     0.000817871     
0.000866699     0.000793457     0.000695801     0.000720215     
0.000830078     0.000708008     0.00065918     0.000671387     
0.000756836     0.000683594     0.000671387     0.000830078     
0.000830078     0.000830078     0.000842285     0.000842285     
0.0010498     0.000915527     0.00090332     0.000866699     
0.000927734     0.000854492     0.000634766     0.000488281     
0.000512695     0.000366211     0.000109863     1.2207e-05     
3.66211e-05     -0.000134277     -0.000292969     -0.000280762     
-0.000268555     -0.000463867     -0.000585938     -0.000500488     
-0.000292969     -0.000256348     -0.000463867     -0.000292969     
-0.000158691     -0.000256348     -0.000195313     -0.000170898     
-9.76563e-05     -0.00020752     -0.000146484     -8.54492e-05     
-6.10352e-05     -4.88281e-05     -0.000109863     -9.76563e-05     
9.76563e-05     0.000134277     8.54492e-05     0.000244141     
0.000305176     0.000341797     0.000463867     0.000537109     
0.000708008     0.000634766     0.00045166     0.000512695     
0.000610352     0.00045166     0.000500488     0.00045166     
0.000524902     0.000427246     0.000292969     0.000415039     
0.000524902     0.000366211     0.000354004     0.000354004     
0.000512695     0.00032959     0.000476074     0.000366211     
0.000415039     0.000305176     0.00020752     0.000170898     
0.000256348     0.000170898     -1.2207e-05     0     
0.000195313     6.10352e-05     -4.88281e-05     -2.44141e-05     
0.000170898     0.00020752     0.000109863     0.000244141     
0.000488281     0.00045166     0.000317383     0.000512695     
0.000695801     0.000805664     0.000683594     0.000830078     
0.00090332     0.000866699     0.000769043     0.000842285     
0.000915527     0.00090332     0.000646973     0.000732422     
0.000830078     0.000610352     0.000512695     0.000354004     
0.00057373     0.000463867     0.000354004     0.000476074     
0.000598145     0.000500488     0.000476074     0.000463867     
0.000549316     0.000634766     0.000500488     0.000427246     
0.00065918     0.000512695     0.00045166     0.000366211     
0.000512695     0.000512695     0.000390625     0.000378418     
0.000500488     0.000463867     0.000402832     0.000366211     
0.000488281     0.000476074     0.000378418     0.000415039     
0.000646973     0.000549316     0.000500488     0.000732422     
0.000744629     0.00078125     0.000744629     0.00090332     
0.000952148     0.000927734     0.000976563     0.00098877     
0.0010376     0.00106201     0.000915527     0.000915527     
0.00098877     0.000817871     0.000671387     0.000720215     
0.000720215     0.000610352     0.00057373     0.00057373     
0.000634766     0.000561523     0.000561523     0.000537109     
0.000671387     0.000524902     0.000537109     0.00045166     
0.000634766     0.000378418     0.000292969     0.000292969     
0.000390625     0.000268555     0.000134277     0.000231934     
0.00045166     0.00032959     0.000512695     0.000634766     
0.000830078     0.000964355     0.000964355     0.00107422     
0.00128174     0.00113525     0.00112305     0.00107422     
0.00129395     0.00113525     0.000976563     0.00109863     
0.00115967     0.00109863     0.0010498     0.00109863     
0.00135498     0.0012085     0.00109863     0.00123291     
0.00130615     0.00108643     0.000939941     0.00100098     
0.00098877     0.000854492     0.000744629     0.000720215     
0.000842285     0.000500488     0.000524902     0.000488281     
0.000671387     0.000671387     0.000524902     0.000683594     
0.000866699     0.000695801     0.000744629     0.000683594     
0.000854492     0.000769043     0.00065918     0.000646973     
0.000817871     0.000708008     0.000598145     0.000598145     
0.000646973     0.000634766     0.000598145     0.000524902     
0.000695801     0.000622559     0.000598145     0.000512695     
0.000720215     0.00065918     0.000500488     0.000512695     
0.000524902     0.000524902     0.000476074     0.000463867     
0.00065918     0.000634766     0.000598145     0.000793457     
0.000793457     0.000878906     0.00090332     0.000976563     
0.00106201     0.00113525     0.00101318     0.00107422     
0.00113525     0.00098877     0.000964355     0.000939941     
0.000866699     0.000842285     0.000744629     0.000683594     
0.000744629     0.000549316     0.000537109     0.000427246     
0.000683594     0.000512695     0.000524902     0.00057373     
0.000634766     0.00065918     0.000683594     0.000732422     
0.00090332     0.000817871     0.000830078     0.000976563     
0.00112305     0.000976563     0.000976563     0.000939941     
0.00106201     0.00100098     0.000805664     0.000769043     
0.000939941     0.000830078     0.000585938     0.000585938     
0.00065918     0.000585938     0.000354004     0.000439453     
0.00057373     0.00032959     0.000244141     0.000354004     
0.000341797     0.000244141     0.000109863     0.00012207     
0.000183105     0.00020752     0.000183105     9.76563e-05     
0.000244141     0.000170898     6.10352e-05     0.00020752     
0.000292969     0.000134277     0.000109863     0.000158691     
0.000292969     0.000183105     0.000195313     0.00020752     
0.000500488     0.000292969     0.000292969     0.000390625     
0.000537109     0.00045166     0.000402832     0.000463867     
0.000610352     0.000402832     0.000402832     0.000439453     
0.000524902     0.000427246     0.000415039     0.000402832     
0.000537109     0.000524902     0.000524902     0.000634766     
0.000744629     0.000817871     0.000695801     0.000805664     
0.00098877     0.000964355     0.000964355     0.00107422     
0.00109863     0.00115967     0.00107422     0.0010376     
0.00111084     0.00102539     0.000927734     0.000964355     
0.00098877     0.000830078     0.000842285     0.000830078     
0.000891113     0.000842285     0.000817871     0.000830078     
0.000854492     0.000695801     0.00065918     0.000732422     
0.000708008     0.000634766     0.000610352     0.000378418     
0.000537109     0.000390625     0.000292969     0.000183105     
0.000244141     0.000170898     1.2207e-05     7.32422e-05     
0.000134277     0.00012207     -1.2207e-05     8.54492e-05     
0.000305176     0.000158691     0.000195313     0.000244141     
0.000427246     0.000317383     0.000317383     0.000439453     
0.00057373     0.00045166     0.000512695     0.000585938     
0.000732422     0.000720215     0.000512695     0.000708008     
0.000805664     0.000769043     0.000732422     0.00078125     
0.000793457     0.000866699     0.000708008     0.000708008     
0.000866699     0.000695801     0.00078125     0.00078125     
0.000769043     0.000878906     0.00078125     0.000756836     
0.000915527     0.000769043     0.000842285     0.000732422     
0.000964355     0.000793457     0.000671387     0.00065918     
0.000854492     0.000561523     0.00057373     0.000512695     
0.000610352     0.000500488     0.000390625     0.000463867     
0.000500488     0.000402832     0.000378418     0.000317383     
0.000354004     0.000366211     0.00032959     0.00032959     
0.000280762     0.000280762     0.000183105     0.000146484     
0.000305176     0.000183105     0.000158691     0.000158691     
0.000146484     0.000109863     7.32422e-05     0.000134277     
0.000219727     8.54492e-05     6.10352e-05     0.000219727     
0.000280762     0.000158691     0.000317383     0.00032959     
0.000488281     0.00045166     0.000402832     0.000524902     
0.000683594     0.000463867     0.000598145     0.00057373     
0.000720215     0.000671387     0.000598145     0.000549316     
0.000708008     0.000524902     0.000463867     0.000524902     
0.000622559     0.000500488     0.00045166     0.000561523     
0.000708008     0.000561523     0.000488281     0.000549316     
0.000598145     0.000598145     0.000524902     0.00057373     
0.000720215     0.000683594     0.000598145     0.000671387     
0.000805664     0.000769043     0.000683594     0.000622559     
0.000793457     0.000610352     0.000415039     0.000476074     
0.000524902     0.00045166     0.000256348     0.000292969     
0.00045166     0.000292969     0.000292969     0.000354004     
0.000561523     0.000463867     0.000390625     0.000476074     
0.000671387     0.00065918     0.000622559     0.00065918     
0.000744629     0.000695801     0.000622559     0.000512695     
0.000646973     0.000598145     0.000402832     0.000512695     
0.000549316     0.00045166     0.000268555     0.000317383     
0.000488281     0.000317383     0.000244141     0.000231934     
0.000415039     0.000378418     0.000305176     0.000317383     
0.000402832     0.000244141     0.000244141     0.000170898     

