Source : transient; Time : Wed Jun 14 06:59:11 2017
B0 = 3220.000000 Gauss, mw = 9.686281 GHz
 NDI-T2 sa261 20/2 42/25 523nm/1mJ
1 5000 -1.001e-06 8.997e-06 0 0
s                        V                                                 
7.32422e-05     0.000195313     -1.2207e-05     -1.2207e-05     
-0.000146484     -9.76563e-05     3.66211e-05     -0.00012207     
-0.000109863     0     4.88281e-05     1.2207e-05     
8.54492e-05     9.76563e-05     0.000231934     6.10352e-05     
0.00012207     0.000231934     7.32422e-05     -3.66211e-05     
-0.000134277     -7.32422e-05     -0.000231934     -0.000292969     
-0.000415039     -0.000305176     -0.000354004     -0.000549316     
-0.000427246     -0.000341797     -0.000378418     -0.000354004     
-0.000292969     -0.000134277     -0.000268555     -0.000134277     
-9.76563e-05     -2.44141e-05     -3.66211e-05     -1.2207e-05     
-2.44141e-05     4.88281e-05     -0.000146484     -0.000134277     
-9.76563e-05     -8.54492e-05     -0.000170898     -0.000183105     
-7.32422e-05     -6.10352e-05     -0.000158691     -0.000195313     
-0.000170898     -1.2207e-05     -6.10352e-05     -0.00032959     
-0.000109863     -2.44141e-05     -0.000158691     -0.000183105     
-0.000158691     3.66211e-05     0.000134277     -3.66211e-05     
-6.10352e-05     0.000146484     0.000158691     6.10352e-05     
0.000219727     0.000244141     0.000317383     0.000231934     
0.000317383     0.000500488     0.000341797     0.000219727     
0.000415039     0.000366211     0.000402832     0.000231934     
0.000256348     0.000366211     0.000292969     0.000305176     
0.000170898     0.000341797     0.000390625     0.000244141     
0.000231934     0.000354004     0.000268555     0.000268555     
0.000158691     0.00012207     0.000134277     -3.66211e-05     
-0.000134277     -0.000170898     -0.000219727     -0.000231934     
-0.000378418     -0.000292969     -0.000268555     -0.000354004     
-0.000292969     -8.54492e-05     -0.000109863     -9.76563e-05     
-2.44141e-05     0.000146484     0.000280762     0.000134277     
0.000219727     0.000366211     0.000415039     0.000195313     
0.000378418     0.00045166     0.000439453     0.000268555     
0.000292969     0.000268555     0.000231934     0.000183105     
0.00012207     0.000134277     0.000317383     6.10352e-05     
0.00012207     0.000280762     0.00032959     0.000292969     
0.00020752     0.000537109     0.000476074     0.000402832     
0.000317383     0.000488281     0.000280762     0.000219727     
0.000183105     0.000170898     0.000134277     -1.2207e-05     
1.2207e-05     0.00012207     0.000170898     0.000170898     
0.000170898     0.000317383     0.00045166     0.000354004     
0.000427246     0.000537109     0.000354004     0.000256348     
0.000183105     0.000195313     0.000109863     1.2207e-05     
-4.88281e-05     -0.000109863     -0.00012207     -0.000268555     
-0.000244141     -0.000158691     -8.54492e-05     -0.00020752     
-9.76563e-05     0     1.2207e-05     -1.2207e-05     
6.10352e-05     0.000158691     0.00020752     0.000195313     
0.00032959     0.000292969     0.000390625     0.000402832     
0.000378418     0.000439453     0.000500488     0.000463867     
0.000427246     0.000598145     0.00045166     0.000549316     
0.000512695     0.000646973     0.000610352     0.000622559     
0.000537109     0.000598145     0.000585938     0.000561523     
0.000463867     0.000488281     0.000402832     0.000317383     
0.000231934     0.000317383     0.000354004     0.000244141     
0.00032959     0.000390625     0.000549316     0.000524902     
0.000561523     0.000817871     0.00078125     0.00065918     
0.000830078     0.000805664     0.000805664     0.00057373     
0.00057373     0.000561523     0.000524902     0.000244141     
0.000219727     0.00020752     -4.88281e-05     -9.76563e-05     
-0.000317383     -0.00032959     -0.000366211     -0.00057373     
-0.000500488     -0.000512695     -0.000488281     -0.000512695     
-0.00045166     -0.000354004     -0.000390625     -0.000292969     
-0.000256348     -4.88281e-05     -8.54492e-05     -3.66211e-05     
-2.44141e-05     0.00020752     0.000146484     0.000158691     
0.000292969     0.000463867     0.000512695     0.000439453     
0.000512695     0.000708008     0.000683594     0.000708008     
0.000549316     0.000610352     0.000622559     0.00045166     
0.000476074     0.000476074     0.00032959     0.000195313     
0.000305176     0.000195313     0.000305176     0.000195313     
0.000268555     0.00045166     0.000585938     0.000488281     
0.000695801     0.000817871     0.000939941     0.000866699     
0.000830078     0.00100098     0.000817871     0.000634766     
0.000646973     0.000524902     0.000500488     0.000305176     
0.000183105     0.000280762     0.000231934     0.000146484     
0     0.00020752     0.000280762     0.000146484     
0.000183105     0.000341797     0.000231934     0.00032959     
0.000354004     0.000512695     0.000512695     0.000488281     
0.000463867     0.000671387     0.000695801     0.000769043     
0.000769043     0.000915527     0.000842285     0.00100098     
0.000830078     0.000927734     0.000878906     0.000939941     
0.000683594     0.000756836     0.000708008     0.000427246     
0.000366211     0.000415039     0.000268555     0.000158691     
8.54492e-05     0.000146484     0.000195313     8.54492e-05     
0.000195313     0.000219727     0.000219727     0.000219727     
0.000256348     0.000292969     0.000415039     0.000219727     
0.000366211     0.000390625     0.00032959     0.000317383     
0.000170898     0.000341797     0.000317383     0.000231934     
0.000244141     0.000402832     0.000292969     0.000402832     
0.000354004     0.000463867     0.000463867     0.000512695     
0.000439453     0.000585938     0.000439453     0.000378418     
0.000378418     0.000378418     0.000366211     0.000170898     
0.000134277     0.000195313     0.000158691     -2.44141e-05     
3.66211e-05     0.000109863     2.44141e-05     0     
0.000109863     0.000219727     0.000158691     3.66211e-05     
0.000231934     0.000341797     0.000366211     0.000305176     
0.000390625     0.000500488     0.000427246     0.000390625     
0.000317383     0.000549316     0.00045166     0.000268555     
0.00032959     0.000219727     0.000231934     0.000170898     
7.32422e-05     -1.2207e-05     -2.44141e-05     -0.00012207     
-9.76563e-05     -0.00012207     -0.000134277     -0.000231934     
-0.000231934     -7.32422e-05     -9.76563e-05     -0.00020752     
-0.000280762     -0.000170898     -0.000256348     -0.000244141     
-0.000341797     -0.00020752     -0.000170898     -0.000317383     
-0.000305176     -0.000170898     -0.000244141     -0.000244141     
-0.000195313     -0.000158691     -8.54492e-05     -0.000146484     
-0.000219727     1.2207e-05     -2.44141e-05     -7.32422e-05     
2.44141e-05     3.66211e-05     0.000158691     0.000109863     
0.000146484     0.000170898     0.000183105     0.000183105     
0.00020752     0.000268555     0.000170898     0.000244141     
0.000305176     0.000402832     0.000488281     0.000390625     
0.000585938     0.000695801     0.000634766     0.000585938     
0.000549316     0.000744629     0.000598145     0.00057373     
0.000524902     0.000622559     0.000598145     0.000366211     
0.000476074     0.000585938     0.000463867     0.000524902     
0.00045166     0.000598145     0.000610352     0.000488281     
0.000463867     0.00065918     0.000524902     0.000512695     
0.000549316     0.000744629     0.000756836     0.000695801     
0.000842285     0.0010376     0.000939941     0.000976563     
0.00108643     0.00114746     0.00123291     0.00106201     
0.000976563     0.0012085     0.00111084     0.000915527     
0.000915527     0.00090332     0.000878906     0.00065918     
0.000488281     0.000585938     0.000488281     0.000158691     
0.00012207     6.10352e-05     -4.88281e-05     -0.000183105     
-0.00020752     -0.000146484     -0.00020752     -0.000268555     
-0.000256348     -0.000158691     -0.00012207     -0.00012207     
-0.00012207     4.88281e-05     -6.10352e-05     -2.44141e-05     
1.2207e-05     0.00012207     6.10352e-05     3.66211e-05     
-6.10352e-05     4.88281e-05     0     -3.66211e-05     
-9.76563e-05     -2.44141e-05     -1.2207e-05     -0.000109863     
-7.32422e-05     9.76563e-05     0.000183105     0.000158691     
0.000158691     0.000390625     0.000378418     0.000341797     
0.000463867     0.00045166     0.000463867     0.000402832     
0.000427246     0.000427246     0.000439453     0.000402832     
0.000268555     0.000402832     0.000305176     0.000244141     
0.000195313     0.000305176     0.000427246     8.54492e-05     
0.000231934     0.000476074     0.000268555     0.000146484     
0.000195313     0.000390625     0.000292969     0.000158691     
0.000158691     0.000244141     0.000170898     9.76563e-05     
6.10352e-05     0.000158691     0.000146484     0.000109863     
6.10352e-05     0.00020752     8.54492e-05     7.32422e-05     
0.000146484     0.000158691     0.000170898     6.10352e-05     
-1.2207e-05     3.66211e-05     -7.32422e-05     -0.000292969     
-0.000378418     -0.000524902     -0.000842285     -0.00128174     
-0.00157471     -0.00192871     -0.00250244     -0.00306396     
-0.00356445     -0.00391846     -0.00441895     -0.00522461     
-0.00559082     -0.00599365     -0.00650635     -0.00690918     
-0.00734863     -0.00765381     -0.00799561     -0.00848389     
-0.00872803     -0.0092041     -0.00955811     -0.00994873     
-0.0104736     -0.010791     -0.0112671     -0.0119141     
-0.0124146     -0.012793     -0.0135254     -0.0141479     
-0.0146606     -0.01521     -0.0158325     -0.0164917     
-0.0170532     -0.0175171     -0.0180908     -0.0185913     
-0.0191895     -0.0194946     -0.019812     -0.0203857     
-0.0207153     -0.0209351     -0.0213623     -0.0216797     
-0.0221313     -0.0224487     -0.0227051     -0.0231323     
-0.0237183     -0.0240601     -0.0244507     -0.0249512     
-0.0253418     -0.0258179     -0.0261353     -0.0265869     
-0.0269043     -0.0273315     -0.0276245     -0.0280273     
-0.0282593     -0.0284546     -0.0288574     -0.0291138     
-0.0294434     -0.0295532     -0.0297852     -0.0302246     
-0.0304565     -0.0305176     -0.0308105     -0.0311523     
-0.0314941     -0.0317505     -0.0321289     -0.0324585     
-0.0328613     -0.0330566     -0.0334106     -0.0338867     
-0.0342407     -0.0345215     -0.0349854     -0.0352783     
-0.0356079     -0.0358521     -0.036145     -0.0365234     
-0.0367676     -0.0369629     -0.0373901     -0.0376709     
-0.0377808     -0.0378784     -0.0381226     -0.0385132     
-0.0385742     -0.0386108     -0.0389038     -0.0390747     
-0.0391724     -0.03927     -0.0393066     -0.0397217     
-0.0397705     -0.0397949     -0.0399902     -0.0402832     
-0.0403809     -0.0404663     -0.0406128     -0.0408691     
-0.04104     -0.0410889     -0.0414063     -0.0415771     
-0.0415527     -0.0418579     -0.0419067     -0.0420532     
-0.0422241     -0.0421997     -0.0423828     -0.0425781     
-0.0428101     -0.0427368     -0.0428467     -0.0431763     
-0.0432251     -0.0431519     -0.0434814     -0.0436035     
-0.0437866     -0.043811     -0.0438232     -0.0440063     
-0.0441528     -0.0441528     -0.0441284     -0.0442383     
-0.044397     -0.0442871     -0.0443359     -0.0444458     
-0.0445557     -0.0446411     -0.0447876     -0.0449341     
-0.045105     -0.0451294     -0.0452026     -0.04552     
-0.0454346     -0.0454834     -0.0455933     -0.0456299     
-0.0456543     -0.0455688     -0.0454346     -0.04552     
-0.0453247     -0.0451782     -0.0451172     -0.0450439     
-0.0449829     -0.0447876     -0.0446045     -0.044751     
-0.0446045     -0.044458     -0.0444946     -0.044519     
-0.0445435     -0.044519     -0.0445435     -0.0446289     
-0.0446411     -0.0444824     -0.044751     -0.0447754     
-0.044812     -0.0446777     -0.0446655     -0.0447021     
-0.0446045     -0.0444946     -0.0445679     -0.0445801     
-0.0445679     -0.0443115     -0.0442749     -0.044397     
-0.0442627     -0.0440063     -0.0440308     -0.0439453     
-0.0438354     -0.0435913     -0.0434937     -0.0433838     
-0.0432129     -0.0429443     -0.0427734     -0.0427368     
-0.0425659     -0.0424805     -0.0422729     -0.0423462     
-0.0421631     -0.0420776     -0.0420776     -0.0420898     
-0.0420898     -0.0418457     -0.0418213     -0.0418335     
-0.0416992     -0.0415527     -0.0413452     -0.041333     
-0.0411133     -0.0407837     -0.040686     -0.0405396     
-0.0403442     -0.0400024     -0.0398926     -0.0397095     
-0.0396484     -0.0394531     -0.0392944     -0.0393555     
-0.0392578     -0.0390381     -0.0389893     -0.0388062     
-0.0387817     -0.0385864     -0.0383545     -0.0383667     
-0.0381714     -0.0379272     -0.0378052     -0.0376587     
-0.0375488     -0.0373047     -0.037146     -0.0370972     
-0.0369629     -0.036792     -0.0367798     -0.0368652     
-0.0367188     -0.0366089     -0.0365723     -0.0366455     
-0.0364502     -0.0362915     -0.0362183     -0.0361328     
-0.0359497     -0.0356812     -0.0356079     -0.0355103     
-0.0352295     -0.035022     -0.0347778     -0.0346924     
-0.0344116     -0.0341309     -0.0339111     -0.0338989     
-0.0336792     -0.033374     -0.0334106     -0.0331543     
-0.0330322     -0.0328979     -0.0327637     -0.0327393     
-0.0324951     -0.032312     -0.0323608     -0.0321777     
-0.031958     -0.0317505     -0.0317139     -0.031665     
-0.0314819     -0.0312134     -0.0311768     -0.0309814     
-0.030835     -0.0304565     -0.0302368     -0.0301636     
-0.0299438     -0.0295654     -0.0294189     -0.0292114     
-0.0290527     -0.0287964     -0.0285522     -0.0285645     
-0.0284058     -0.0281372     -0.028125     -0.0281494     
-0.0279541     -0.0278931     -0.0278198     -0.0276978     
-0.027771     -0.0274902     -0.0274536     -0.027478     
-0.0272217     -0.0270386     -0.0268799     -0.0268799     
-0.0266357     -0.0263916     -0.0262695     -0.026123     
-0.0260742     -0.0257446     -0.0256714     -0.0256592     
-0.025647     -0.0253662     -0.0255005     -0.025415     
-0.0255371     -0.0253906     -0.025293     -0.0253662     
-0.0253296     -0.0251587     -0.0251587     -0.0251953     
-0.0250488     -0.0248413     -0.0247437     -0.0247803     
-0.0246704     -0.0244385     -0.0244019     -0.0243896     
-0.0242554     -0.0240479     -0.0239624     -0.0240479     
-0.0238281     -0.0238037     -0.0237305     -0.0237183     
-0.0234985     -0.0234985     -0.0232544     -0.0233887     
-0.0232422     -0.0231201     -0.0231323     -0.0230713     
-0.022937     -0.0229248     -0.0227661     -0.0229004     
-0.0227539     -0.0226196     -0.022583     -0.022644     
-0.0224854     -0.0223633     -0.0223389     -0.0223633     
-0.0222778     -0.0222168     -0.0222412     -0.0221802     
-0.0222778     -0.0221069     -0.0221436     -0.0222534     
-0.022229     -0.0219604     -0.0221802     -0.0221313     
-0.0219971     -0.0219116     -0.0218628     -0.0218384     
-0.021814     -0.0215698     -0.021521     -0.021521     
-0.0213623     -0.0212402     -0.0212158     -0.0212158     
-0.021167     -0.0210938     -0.0210205     -0.0211304     
-0.0210083     -0.0209961     -0.0210083     -0.0211914     
-0.021106     -0.0210693     -0.021228     -0.0213501     
-0.0213257     -0.0213135     -0.0214233     -0.0215698     
-0.0214966     -0.021521     -0.0215332     -0.0214722     
-0.0214966     -0.0213135     -0.0213135     -0.0212891     
-0.021228     -0.0209473     -0.0209473     -0.020874     
-0.0208496     -0.0206177     -0.0205811     -0.0206665     
-0.0206543     -0.0206177     -0.0206909     -0.0207886     
-0.0207397     -0.0208008     -0.0208618     -0.0210571     
-0.0211304     -0.0210938     -0.0212524     -0.0212769     
-0.0214233     -0.0213013     -0.0213379     -0.0214233     
-0.021521     -0.0213501     -0.0213379     -0.0214722     
-0.0213623     -0.0213501     -0.0213867     -0.0214355     
-0.0214355     -0.0213989     -0.0213745     -0.0214722     
-0.0214722     -0.0213745     -0.0214966     -0.0215576     
-0.0214966     -0.0214233     -0.0214966     -0.0216309     
-0.021582     -0.021582     -0.0215088     -0.0217041     
-0.0217163     -0.0215332     -0.0217285     -0.0217651     
-0.0217773     -0.0216675     -0.0216309     -0.0217651     
-0.0217407     -0.021582     -0.0216553     -0.0216919     
-0.0217896     -0.0217285     -0.0217407     -0.0219238     
-0.0220215     -0.0219849     -0.0220825     -0.0222778     
-0.0223267     -0.0222412     -0.0222778     -0.0225586     
-0.0225098     -0.0223145     -0.0226074     -0.0225342     
-0.0224854     -0.0225464     -0.0225342     -0.0226807     
-0.022522     -0.0224487     -0.0225342     -0.022522     
-0.0223389     -0.0223145     -0.022168     -0.0221802     
-0.0221802     -0.0218994     -0.0220093     -0.0220337     
-0.0219482     -0.021875     -0.0218872     -0.0220337     
-0.0220215     -0.0219238     -0.0220581     -0.0220703     
-0.0221191     -0.0220215     -0.0220825     -0.0221802     
-0.022168     -0.0221558     -0.0221558     -0.0220825     
-0.0222046     -0.0221069     -0.0221313     -0.0221802     
-0.0222656     -0.0222412     -0.0223511     -0.0224121     
-0.0225342     -0.0225098     -0.0226318     -0.022937     
-0.022937     -0.0229614     -0.022998     -0.0231812     
-0.0233398     -0.0232056     -0.0231689     -0.023291     
-0.02323     -0.0231567     -0.0231323     -0.0230835     
-0.0230591     -0.0230103     -0.0227417     -0.0229736     
-0.022876     -0.0226807     -0.0227905     -0.0226929     
-0.0226318     -0.0225586     -0.0224487     -0.0225708     
-0.0225098     -0.0224243     -0.0224854     -0.0224854     
-0.0224243     -0.0222656     -0.0222778     -0.0223389     
-0.0223022     -0.0220825     -0.0221436     -0.0220703     
-0.0219849     -0.0217529     -0.0218872     -0.0219604     
-0.0218872     -0.021875     -0.0220093     -0.0220581     
-0.0220947     -0.0221436     -0.0222778     -0.0224487     
-0.0225342     -0.0224976     -0.0226196     -0.0226074     
-0.022644     -0.0225464     -0.0226074     -0.0225708     
-0.0225952     -0.0224365     -0.0225464     -0.0226318     
-0.0225586     -0.0224487     -0.0224365     -0.0226807     
-0.0226929     -0.0225708     -0.022522     -0.0226318     
-0.0227417     -0.0225098     -0.0226074     -0.0226807     
-0.022522     -0.022522     -0.0224609     -0.0224365     
-0.0224365     -0.0222778     -0.0223145     -0.0223511     
-0.0223389     -0.022229     -0.0221069     -0.022168     
-0.0220947     -0.021875     -0.0218262     -0.0217285     
-0.0216187     -0.0213379     -0.0212891     -0.021167     
-0.0210449     -0.0207886     -0.0205688     -0.0206299     
-0.0205444     -0.0203003     -0.0203979     -0.0203369     
-0.0202759     -0.0202148     -0.0202393     -0.0203247     
-0.0203613     -0.0201904     -0.0203125     -0.0203125     
-0.0202637     -0.0202637     -0.0202393     -0.0202881     
-0.0202271     -0.0202759     -0.0202026     -0.0203003     
-0.0202637     -0.0201904     -0.0202393     -0.0202881     
-0.0202881     -0.0201904     -0.0201294     -0.0202881     
-0.0202026     -0.0201294     -0.0200073     -0.0201172     
-0.0200073     -0.0197876     -0.0199707     -0.019873     
-0.0198853     -0.0196655     -0.0196777     -0.0196777     
-0.0196289     -0.0193726     -0.0194702     -0.0193726     
-0.0192505     -0.0190674     -0.0190063     -0.0190308     
-0.0189453     -0.0187378     -0.0187622     -0.0187378     
-0.0186279     -0.0185547     -0.0185913     -0.0186768     
-0.018689     -0.0185425     -0.018689     -0.0188232     
-0.01875     -0.0186646     -0.0186768     -0.0188721     
-0.0188477     -0.0185547     -0.0186035     -0.0186646     
-0.0185425     -0.0182861     -0.0182739     -0.0182495     
-0.0182007     -0.0179688     -0.0180298     -0.0180542     
-0.0178833     -0.0179199     -0.0178589     -0.0179565     
-0.0179199     -0.0179199     -0.0180176     -0.0180542     
-0.018103     -0.0178345     -0.0178345     -0.0179077     
-0.0177002     -0.0174683     -0.0173462     -0.0172852     
-0.0172485     -0.0169678     -0.0168823     -0.0168945     
-0.0167236     -0.0165649     -0.0164551     -0.0165161     
-0.0164917     -0.016272     -0.0162598     -0.0162964     
-0.016333     -0.0162109     -0.0161621     -0.0162231     
-0.0162964     -0.0161255     -0.0161621     -0.0163208     
-0.0162598     -0.0162476     -0.0163086     -0.0162964     
-0.0163696     -0.0162842     -0.0162109     -0.016394     
-0.0161987     -0.0161255     -0.0160767     -0.01604     
-0.0159424     -0.0156982     -0.0155884     -0.0156494     
-0.0154663     -0.015271     -0.0152588     -0.0151733     
-0.0150146     -0.014856     -0.0148315     -0.0147461     
-0.0146362     -0.0144775     -0.0144531     -0.0142944     
-0.0143188     -0.0140869     -0.0140747     -0.0141602     
-0.0140625     -0.0139526     -0.0141235     -0.0142456     
-0.0142944     -0.0142822     -0.0142944     -0.0144653     
-0.0144897     -0.0143433     -0.01427     -0.0143677     
-0.014209     -0.0139771     -0.0139404     -0.0139282     
-0.0137451     -0.0135986     -0.0135498     -0.0136719     
-0.0135132     -0.0133667     -0.0132813     -0.0134399     
-0.0133667     -0.0132935     -0.013269     -0.0133057     
-0.0133545     -0.0133057     -0.0132324     -0.0134766     
-0.0134521     -0.0135376     -0.0135742     -0.0135986     
-0.0136841     -0.0135376     -0.0136353     -0.0135742     
-0.0135498     -0.0133423     -0.0134155     -0.0134888     
-0.0134277     -0.0132935     -0.013208     -0.0133179     
-0.0133179     -0.0131592     -0.0132568     -0.0133179     
-0.0133179     -0.0130737     -0.0130859     -0.0131592     
-0.0130981     -0.0128296     -0.0128662     -0.0128174     
-0.0126953     -0.0126709     -0.0125854     -0.0126221     
-0.0126831     -0.0124756     -0.0124634     -0.012561     
-0.0124268     -0.0124146     -0.0122925     -0.0123779     
-0.0123047     -0.0122803     -0.012207     -0.0123291     
-0.012207     -0.0121216     -0.012207     -0.0121826     
-0.0121948     -0.012146     -0.0121216     -0.0122437     
-0.0121094     -0.0120728     -0.0121094     -0.0121582     
-0.0121338     -0.0119507     -0.0119629     -0.0120117     
-0.0121582     -0.0120605     -0.0120972     -0.0122192     
-0.0122314     -0.0121826     -0.0122681     -0.0123413     
-0.0123291     -0.0123169     -0.0123901     -0.012439     
-0.0123779     -0.0122803     -0.0123657     -0.0123169     
-0.0122559     -0.0121948     -0.012146     -0.0123169     
-0.0122314     -0.0122192     -0.0123535     -0.012439     
-0.0125488     -0.0125977     -0.012561     -0.0128784     
-0.0128418     -0.0128052     -0.012915     -0.0129761     
-0.0129395     -0.0130127     -0.012854     -0.0130615     
-0.0129395     -0.0128784     -0.0129639     -0.0130371     
-0.0130249     -0.0129639     -0.0127808     -0.0130615     
-0.012915     -0.0128052     -0.0129395     -0.0129028     
-0.0129272     -0.0127441     -0.012793     -0.012854     
-0.0127197     -0.0126587     -0.0127197     -0.0126343     
-0.012793     -0.0126465     -0.0126221     -0.0127686     
-0.0128418     -0.0127441     -0.0128296     -0.012915     
-0.0129028     -0.0128906     -0.0129272     -0.0129761     
-0.0130371     -0.0129517     -0.0129395     -0.0129272     
-0.0130615     -0.0129639     -0.0128174     -0.0129761     
-0.0129028     -0.012915     -0.0129517     -0.0129028     
-0.0129028     -0.0130127     -0.0127808     -0.0130127     
-0.0129272     -0.0127075     -0.0128418     -0.0127197     
-0.0126831     -0.0125732     -0.0125488     -0.0127441     
-0.0127197     -0.0125732     -0.0125366     -0.0127197     
-0.0127197     -0.0126221     -0.0127441     -0.0127808     
-0.0127808     -0.0126831     -0.0127808     -0.0127563     
-0.0128418     -0.0126831     -0.0127808     -0.0128296     
-0.0129028     -0.0127686     -0.0128662     -0.0129272     
-0.0128784     -0.0127686     -0.012793     -0.0129028     
-0.0129272     -0.0128662     -0.0129272     -0.0130981     
-0.0131104     -0.0130493     -0.0131348     -0.0131714     
-0.013269     -0.013269     -0.0132324     -0.0134644     
-0.0134521     -0.0133301     -0.0132813     -0.0133789     
-0.0133423     -0.0131592     -0.0131348     -0.0131226     
-0.0131592     -0.0128784     -0.0128784     -0.0129395     
-0.0126709     -0.0127319     -0.0127563     -0.0126953     
-0.0127197     -0.0125977     -0.0125488     -0.0126953     
-0.0126953     -0.0125732     -0.0126465     -0.0126709     
-0.0125732     -0.0125     -0.0125488     -0.0126343     
-0.0126953     -0.0125732     -0.0126953     -0.0127075     
-0.0127319     -0.0127319     -0.0127808     -0.0129883     
-0.012854     -0.0128906     -0.0129639     -0.0129395     
-0.0130005     -0.0128906     -0.0127808     -0.0128418     
-0.0128174     -0.0127808     -0.0127563     -0.0127075     
-0.0126343     -0.0125     -0.0124878     -0.0125366     
-0.012439     -0.0124146     -0.0124512     -0.012439     
-0.0125244     -0.0125     -0.0125244     -0.0125854     
-0.0126587     -0.0127319     -0.0126343     -0.0129272     
-0.0128784     -0.0127686     -0.0128174     -0.0129517     
-0.0129028     -0.012793     -0.0128174     -0.0128784     
-0.0128662     -0.0127319     -0.0128662     -0.0129395     
-0.0130127     -0.0128174     -0.0130371     -0.0130981     
-0.0131592     -0.0130615     -0.0130615     -0.0130859     
-0.0130615     -0.0128662     -0.0128662     -0.0127319     
-0.0126465     -0.0124878     -0.0124146     -0.0123779     
-0.0123291     -0.0121826     -0.0121704     -0.0122559     
-0.0122559     -0.012207     -0.012146     -0.0124634     
-0.0124634     -0.0123901     -0.0124268     -0.0126587     
-0.0125732     -0.0125732     -0.0125366     -0.0126221     
-0.0125732     -0.0123535     -0.0124756     -0.0124634     
-0.0123169     -0.0123413     -0.0123169     -0.0124512     
-0.0123901     -0.0123779     -0.0124878     -0.012561     
-0.0126099     -0.0125244     -0.0125122     -0.0125488     
-0.0125854     -0.0123535     -0.0123779     -0.0124146     
-0.0123413     -0.0122925     -0.0123047     -0.0122559     
-0.0123413     -0.0123047     -0.0122192     -0.0122925     
-0.0123291     -0.0122803     -0.0121338     -0.0122192     
-0.0121338     -0.0119141     -0.0119995     -0.0118896     
-0.0118164     -0.0116089     -0.0115356     -0.0116577     
-0.0115723     -0.0115601     -0.0115601     -0.0115723     
-0.0115479     -0.0114746     -0.0114868     -0.0117065     
-0.0116699     -0.0114746     -0.0116943     -0.0116333     
-0.0116455     -0.0115479     -0.011438     -0.0115601     
-0.0115234     -0.0113525     -0.0112915     -0.0113525     
-0.0112549     -0.0111084     -0.0110962     -0.0110596     
-0.0109497     -0.0107666     -0.01073     -0.0106079     
-0.0105957     -0.0103638     -0.0102783     -0.010376     
-0.0102661     -0.0100098     -0.010022     -0.0101074     
-0.010083     -0.00998535     -0.00999756     -0.0100464     
-0.0100952     -0.00996094     -0.0100464     -0.010144     
-0.010144     -0.0100586     -0.0101807     -0.0103149     
-0.0103271     -0.0102783     -0.0103271     -0.0105103     
-0.0104614     -0.010376     -0.0103027     -0.0105225     
-0.0103638     -0.0102783     -0.0101196     -0.0100952     
-0.0100952     -0.00981445     -0.00976563     -0.00985107     
-0.00968018     -0.00960693     -0.00966797     -0.00963135     
-0.00963135     -0.0095459     -0.00952148     -0.00961914     
-0.00958252     -0.00933838     -0.00936279     -0.00949707     
-0.00948486     -0.00935059     -0.00932617     -0.00932617     
-0.00930176     -0.00913086     -0.00913086     -0.00910645     
-0.00906982     -0.00891113     -0.0088623     -0.00899658     
-0.00876465     -0.00881348     -0.00881348     -0.00876465     
-0.00877686     -0.00869141     -0.00860596     -0.00871582     
-0.0086792     -0.00847168     -0.00842285     -0.00848389     
-0.00830078     -0.00821533     -0.00817871     -0.00819092     
-0.00820313     -0.00811768     -0.00814209     -0.00828857     
-0.00830078     -0.00830078     -0.0083374     -0.00845947     
-0.00858154     -0.00844727     -0.00843506     -0.0086792     
-0.00855713     -0.00855713     -0.00852051     -0.00856934     
-0.00856934     -0.00849609     -0.00853271     -0.00848389     
-0.00856934     -0.00844727     -0.00854492     -0.00859375     
-0.00856934     -0.00841064     -0.00844727     -0.00847168     
-0.00843506     -0.00827637     -0.00826416     -0.00837402     
-0.00823975     -0.00812988     -0.00822754     -0.0081665     
-0.00826416     -0.00819092     -0.00820313     -0.00837402     
-0.00841064     -0.0083252     -0.00839844     -0.00845947     
-0.00859375     -0.00860596     -0.00847168     -0.00880127     
-0.00875244     -0.00861816     -0.00878906     -0.00888672     
-0.00887451     -0.00883789     -0.00894775     -0.009021     
-0.00900879     -0.00889893     -0.00900879     -0.009021     
-0.00891113     -0.00900879     -0.00888672     -0.00891113     
-0.0088501     -0.0086792     -0.00877686     -0.00875244     
-0.00876465     -0.00849609     -0.00844727     -0.00854492     
-0.00845947     -0.00834961     -0.00828857     -0.0083252     
-0.00830078     -0.00811768     -0.0081543     -0.00823975     
-0.00823975     -0.00814209     -0.00828857     -0.00837402     
-0.00839844     -0.00836182     -0.00842285     -0.00852051     
-0.00854492     -0.00848389     -0.00852051     -0.00854492     
-0.00864258     -0.00845947     -0.00849609     -0.00860596     
-0.0085083     -0.00852051     -0.00843506     -0.00853271     
-0.00834961     -0.00831299     -0.00814209     -0.00822754     
-0.00812988     -0.00788574     -0.00799561     -0.00793457     
-0.00783691     -0.00776367     -0.00765381     -0.00786133     
-0.00777588     -0.00769043     -0.00787354     -0.00788574     
-0.00804443     -0.0079834     -0.00817871     -0.00823975     
-0.00844727     -0.00843506     -0.00853271     -0.00866699     
-0.00872803     -0.00864258     -0.00869141     -0.00880127     
-0.00877686     -0.00861816     -0.00860596     -0.00858154     
-0.00856934     -0.00841064     -0.0083374     -0.00839844     
-0.00843506     -0.00823975     -0.00839844     -0.00845947     
-0.00849609     -0.00856934     -0.00855713     -0.00864258     
-0.00872803     -0.00869141     -0.00881348     -0.0088501     
-0.00888672     -0.00871582     -0.00866699     -0.0088623     
-0.00872803     -0.00859375     -0.00865479     -0.0088501     
-0.00887451     -0.00871582     -0.00872803     -0.00895996     
-0.00887451     -0.0088501     -0.00881348     -0.0088501     
-0.00881348     -0.00874023     -0.00858154     -0.00864258     
-0.00865479     -0.00837402     -0.00849609     -0.00845947     
-0.00841064     -0.0083252     -0.00837402     -0.00855713     
-0.00854492     -0.00852051     -0.00865479     -0.00874023     
-0.0088623     -0.00876465     -0.00888672     -0.00895996     
-0.00897217     -0.00883789     -0.00887451     -0.00887451     
-0.0088501     -0.00880127     -0.00869141     -0.0086792     
-0.00875244     -0.00853271     -0.00843506     -0.00858154     
-0.00852051     -0.00854492     -0.00856934     -0.00858154     
-0.00864258     -0.00858154     -0.00864258     -0.0088501     
-0.00883789     -0.00872803     -0.00875244     -0.00874023     
-0.00881348     -0.00863037     -0.00859375     -0.00871582     
-0.00859375     -0.00845947     -0.00848389     -0.00865479     
-0.00863037     -0.00847168     -0.00874023     -0.00878906     
-0.00881348     -0.00892334     -0.00892334     -0.00899658     
-0.00922852     -0.009021     -0.00914307     -0.00930176     
-0.00924072     -0.00919189     -0.00915527     -0.00924072     
-0.00925293     -0.00892334     -0.00894775     -0.00899658     
-0.00888672     -0.00878906     -0.00878906     -0.00888672     
-0.00877686     -0.00863037     -0.00872803     -0.00878906     
-0.00875244     -0.00866699     -0.00860596     -0.00881348     
-0.00870361     -0.00856934     -0.00861816     -0.00871582     
-0.00855713     -0.00861816     -0.00854492     -0.00869141     
-0.00869141     -0.00852051     -0.0086792     -0.00878906     
-0.00869141     -0.00866699     -0.00876465     -0.00882568     
-0.0088501     -0.00878906     -0.00889893     -0.00892334     
-0.00893555     -0.00871582     -0.00870361     -0.00880127     
-0.00865479     -0.00849609     -0.00847168     -0.00836182     
-0.00831299     -0.00814209     -0.00804443     -0.00809326     
-0.00808105     -0.00788574     -0.00793457     -0.00797119     
-0.00799561     -0.00786133     -0.00778809     -0.00788574     
-0.00791016     -0.00780029     -0.00783691     -0.00788574     
-0.00784912     -0.00787354     -0.00784912     -0.00803223     
-0.00793457     -0.00792236     -0.0079834     -0.00804443     
-0.00805664     -0.00806885     -0.00797119     -0.00814209     
-0.00797119     -0.00793457     -0.00803223     -0.00789795     
-0.00778809     -0.00771484     -0.00751953     -0.00762939     
-0.00756836     -0.00740967     -0.00743408     -0.00755615     
-0.00756836     -0.00734863     -0.00753174     -0.00760498     
-0.00767822     -0.00766602     -0.00771484     -0.00776367     
-0.00783691     -0.00772705     -0.00769043     -0.00775146     
-0.00758057     -0.00737305     -0.00739746     -0.00736084     
-0.00722656     -0.00716553     -0.00712891     -0.00721436     
-0.00725098     -0.00716553     -0.00727539     -0.00738525     
-0.00731201     -0.0072998     -0.00733643     -0.00740967     
-0.00734863     -0.00727539     -0.00723877     -0.0072998     
-0.00717773     -0.00698242     -0.00690918     -0.00698242     
-0.00688477     -0.00678711     -0.00683594     -0.00686035     
-0.00690918     -0.00682373     -0.00688477     -0.00712891     
-0.00706787     -0.00708008     -0.00721436     -0.00734863     
-0.00737305     -0.0072876     -0.00726318     -0.00734863     
-0.00743408     -0.00722656     -0.00726318     -0.00727539     
-0.0072876     -0.00714111     -0.00716553     -0.00720215     
-0.00714111     -0.00701904     -0.00708008     -0.00716553     
-0.00720215     -0.00720215     -0.00720215     -0.00739746     
-0.00750732     -0.00739746     -0.00744629     -0.00750732     
-0.00766602     -0.00767822     -0.00756836     -0.00765381     
-0.00765381     -0.0074707     -0.00750732     -0.00758057     
-0.0074707     -0.00739746     -0.00731201     -0.00740967     
-0.00734863     -0.00721436     -0.00720215     -0.00733643     
-0.00725098     -0.00706787     -0.00714111     -0.00721436     
-0.00720215     -0.00712891     -0.00704346     -0.00731201     
-0.00725098     -0.00720215     -0.00731201     -0.00748291     
-0.00750732     -0.00731201     -0.00750732     -0.00744629     
-0.00754395     -0.00744629     -0.00744629     -0.00744629     
-0.0074585     -0.00738525     -0.00744629     -0.00750732     
-0.00744629     -0.0072998     -0.00734863     -0.0074585     
-0.00732422     -0.00722656     -0.00725098     -0.0072998     
-0.00714111     -0.00703125     -0.00690918     -0.00697021     
-0.00690918     -0.00673828     -0.00670166     -0.00673828     
-0.00675049     -0.00664063     -0.00655518     -0.00683594     
-0.00684814     -0.00667725     -0.00675049     -0.00693359     
-0.00688477     -0.00690918     -0.00678711     -0.00687256     
-0.00693359     -0.0067627     -0.0067627     -0.0067627     
-0.0067627     -0.00673828     -0.00664063     -0.0067749     
-0.00673828     -0.00668945     -0.00673828     -0.0067627     
-0.00688477     -0.00671387     -0.00681152     -0.00699463     
-0.00697021     -0.0067627     -0.0069458     -0.00695801     
-0.00686035     -0.00681152     -0.00662842     -0.00681152     
-0.0067627     -0.0065918     -0.00662842     -0.00657959     
-0.00656738     -0.00644531     -0.00640869     -0.00650635     
-0.00644531     -0.00632324     -0.00625     -0.00627441     
-0.00635986     -0.00615234     -0.00604248     -0.00615234     
-0.00601807     -0.00594482     -0.0059082     -0.00594482     
-0.005896     -0.00583496     -0.00574951     -0.00595703     
-0.00593262     -0.00577393     -0.00596924     -0.00604248     
-0.00609131     -0.00614014     -0.00620117     -0.00644531     
-0.00639648     -0.00637207     -0.00651855     -0.00646973     
-0.00650635     -0.00626221     -0.00632324     -0.00622559     
-0.00612793     -0.00600586     -0.00605469     -0.00598145     
-0.00601807     -0.00599365     -0.00600586     -0.00616455     
-0.00623779     -0.00626221     -0.00643311     -0.00653076     
-0.00655518     -0.00644531     -0.00646973     -0.00655518     
-0.00648193     -0.00625     -0.00622559     -0.00620117     
-0.00605469     -0.00584717     -0.00579834     -0.00579834     
-0.00577393     -0.00562744     -0.00562744     -0.00581055     
-0.00582275     -0.00574951     -0.00582275     -0.00599365     
-0.00598145     -0.00594482     -0.00600586     -0.00609131     
-0.00605469     -0.00588379     -0.0059082     -0.00605469     
-0.00595703     -0.0059082     -0.0059082     -0.00593262     
-0.00594482     -0.005896     -0.00592041     -0.00600586     
-0.00617676     -0.00596924     -0.00616455     -0.00628662     
-0.00634766     -0.00628662     -0.00640869     -0.00656738     
-0.00665283     -0.00650635     -0.0065918     -0.00662842     
-0.006604     -0.00650635     -0.00649414     -0.00645752     
-0.00644531     -0.00629883     -0.00625     -0.00623779     
-0.00625     -0.00626221     -0.00615234     -0.00617676     
-0.00631104     -0.00620117     -0.00626221     -0.00649414     
-0.00643311     -0.00633545     -0.00650635     -0.0065918     
-0.00654297     -0.00656738     -0.00655518     -0.00665283     
-0.0065918     -0.0065918     -0.00664063     -0.00666504     
-0.00673828     -0.00675049     -0.00671387     -0.00700684     
-0.00688477     -0.00692139     -0.00697021     -0.00710449     
-0.00712891     -0.00704346     -0.00718994     -0.00710449     
-0.00716553     -0.00708008     -0.00705566     -0.00701904     
-0.00699463     -0.0067749     -0.00692139     -0.00689697     
-0.00678711     -0.00665283     -0.00670166     -0.00670166     
-0.00662842     -0.00644531     -0.00665283     -0.00667725     
-0.0065918     -0.00654297     -0.00657959     -0.00683594     
-0.00687256     -0.00671387     -0.0069458     -0.00708008     
-0.00725098     -0.00725098     -0.00736084     -0.00758057     
-0.00761719     -0.00759277     -0.00761719     -0.00786133     
-0.00783691     -0.00775146     -0.00782471     -0.00792236     
-0.00778809     -0.00765381     -0.00775146     -0.00767822     
-0.00742188     -0.0074585     -0.00718994     -0.0072876     
-0.0071167     -0.00701904     -0.00682373     -0.00681152     
-0.00688477     -0.00670166     -0.0067627     -0.00687256     
-0.00695801     -0.00687256     -0.00699463     -0.00712891     
-0.00722656     -0.00714111     -0.00715332     -0.00723877     
-0.00725098     -0.00704346     -0.00717773     -0.0071167     
-0.00710449     -0.00693359     -0.00687256     -0.00698242     
-0.0069458     -0.0067627     -0.00671387     -0.00671387     
-0.00670166     -0.00654297     -0.00639648     -0.00648193     
-0.00626221     -0.00612793     -0.00610352     -0.00612793     
-0.00599365     -0.00599365     -0.00587158     -0.00612793     
-0.00616455     -0.00614014     -0.00623779     -0.00629883     
-0.00631104     -0.00629883     -0.00627441     -0.00655518     
-0.00644531     -0.00634766     -0.00640869     -0.00643311     
-0.00648193     -0.00632324     -0.00632324     -0.00646973     
-0.0064209     -0.00631104     -0.00646973     -0.00650635     
-0.00648193     -0.00639648     -0.00640869     -0.006604     
-0.00657959     -0.00634766     -0.00656738     -0.00661621     
-0.00672607     -0.00665283     -0.00668945     -0.00679932     
-0.00673828     -0.00662842     -0.0067627     -0.00689697     
-0.00675049     -0.00662842     -0.00664063     -0.00671387     
-0.00670166     -0.00646973     -0.00650635     -0.00661621     
-0.00651855     -0.00655518     -0.00649414     -0.00665283     
-0.00656738     -0.00651855     -0.00666504     -0.00675049     
-0.00672607     -0.00657959     -0.00666504     -0.00678711     
-0.00673828     -0.00662842     -0.00667725     -0.00667725     
-0.00671387     -0.00664063     -0.00661621     -0.00670166     
-0.00683594     -0.00656738     -0.00661621     -0.00667725     
-0.00666504     -0.00654297     -0.00639648     -0.00628662     
-0.00628662     -0.00609131     -0.0060791     -0.00595703     
-0.00595703     -0.00578613     -0.00585938     -0.00583496     
-0.0059082     -0.0059082     -0.00605469     -0.00605469     
-0.00617676     -0.00614014     -0.00618896     -0.00626221     
-0.00632324     -0.00625     -0.00623779     -0.00632324     
-0.00621338     -0.00615234     -0.00623779     -0.00623779     
-0.00616455     -0.00614014     -0.00593262     -0.00606689     
-0.00600586     -0.00588379     -0.00583496     -0.005896     
-0.00581055     -0.00578613     -0.00578613     -0.005896     
-0.00587158     -0.00579834     -0.00579834     -0.0059082     
-0.00587158     -0.00570068     -0.00583496     -0.00570068     
-0.00570068     -0.00560303     -0.00550537     -0.00554199     
-0.00552979     -0.00535889     -0.00548096     -0.00556641     
-0.00554199     -0.00549316     -0.00566406     -0.00579834     
-0.00583496     -0.00582275     -0.00596924     -0.00598145     
-0.00596924     -0.00596924     -0.00584717     -0.00600586     
-0.00585938     -0.0057373     -0.00585938     -0.00585938     
-0.005896     -0.00571289     -0.00568848     -0.00587158     
-0.00587158     -0.0057251     -0.00571289     -0.00587158     
-0.00576172     -0.00559082     -0.00563965     -0.00567627     
-0.00560303     -0.00534668     -0.00539551     -0.00552979     
-0.00534668     -0.00532227     -0.00535889     -0.00550537     
-0.00548096     -0.0053833     -0.00549316     -0.00559082     
-0.00568848     -0.00554199     -0.00565186     -0.00577393     
-0.0057373     -0.00570068     -0.00587158     -0.00587158     
-0.0059082     -0.00576172     -0.00578613     -0.0059082     
-0.00588379     -0.00584717     -0.00587158     -0.00595703     
-0.00594482     -0.00577393     -0.00578613     -0.00592041     
-0.00588379     -0.00571289     -0.00570068     -0.00565186     
-0.00574951     -0.00554199     -0.00544434     -0.00560303     
-0.00549316     -0.00535889     -0.00531006     -0.00540771     
-0.00537109     -0.00524902     -0.00513916     -0.00535889     
-0.00529785     -0.00523682     -0.00540771     -0.00539551     
-0.00559082     -0.00556641     -0.00544434     -0.00567627     
-0.00559082     -0.00543213     -0.00551758     -0.00554199     
-0.00556641     -0.00532227     -0.00532227     -0.00537109     
-0.00528564     -0.00527344     -0.00540771     -0.00535889     
-0.00545654     -0.00543213     -0.00550537     -0.00565186     
-0.00561523     -0.00551758     -0.00557861     -0.00559082     
-0.00541992     -0.00532227     -0.00528564     -0.00522461     
-0.00513916     -0.00498047     -0.00490723     -0.00501709     
-0.00495605     -0.0048584     -0.00488281     -0.00501709     
-0.0050415     -0.0050415     -0.00510254     -0.00533447     
-0.00535889     -0.00526123     -0.00524902     -0.0053833     
-0.00522461     -0.00517578     -0.00516357     -0.0052124     
-0.00524902     -0.00512695     -0.00517578     -0.00544434     
-0.0053833     -0.00546875     -0.00548096     -0.00556641     
-0.00567627     -0.00560303     -0.0057251     -0.00571289     
-0.0057251     -0.00554199     -0.00554199     -0.00549316     
-0.00532227     -0.00509033     -0.0050293     -0.00483398     
-0.00482178     -0.00456543     -0.00460205     -0.00460205     
-0.00465088     -0.00452881     -0.00458984     -0.0046875     
-0.00479736     -0.00473633     -0.00482178     -0.00490723     
-0.00507813     -0.00495605     -0.00494385     -0.0052002     
-0.00528564     -0.00516357     -0.00524902     -0.00549316     
-0.00550537     -0.00540771     -0.00539551     -0.00563965     
-0.00561523     -0.00557861     -0.00554199     -0.00570068     
-0.00570068     -0.00557861     -0.00550537     -0.00556641     
-0.00559082     -0.00554199     -0.00546875     -0.00563965     
-0.00554199     -0.00549316     -0.00548096     -0.00567627     
-0.00559082     -0.00549316     -0.00561523     -0.00566406     
-0.0057251     -0.00550537     -0.00554199     -0.00560303     
-0.00554199     -0.0053833     -0.00533447     -0.00517578     
-0.00513916     -0.00506592     -0.00491943     -0.00489502     
-0.0048584     -0.00471191     -0.00477295     -0.00472412     
-0.00482178     -0.00479736     -0.00480957     -0.00487061     
-0.00496826     -0.00493164     -0.00516357     -0.0052002     
-0.00524902     -0.00532227     -0.00526123     -0.00549316     
-0.00544434     -0.00537109     -0.00544434     -0.00548096     
-0.00548096     -0.00544434     -0.00533447     -0.00539551     
-0.00531006     -0.00501709     -0.0050293     -0.00506592     
-0.00498047     -0.00500488     -0.00483398     -0.00499268     
-0.00493164     -0.00488281     -0.00501709     -0.00515137     
-0.00529785     -0.00513916     -0.00534668     -0.00549316     
-0.00559082     -0.00546875     -0.00568848     -0.00561523     
-0.00559082     -0.00548096     -0.00551758     -0.00554199     
-0.0055542     -0.00537109     -0.00543213     -0.00551758     
-0.0055542     -0.00549316     -0.00551758     -0.00560303     
-0.00576172     -0.00567627     -0.00565186     -0.00584717     
-0.00585938     -0.00559082     -0.00563965     -0.0057373     
-0.00554199     -0.00559082     -0.00540771     -0.00548096     
-0.00535889     -0.00527344     -0.00515137     -0.00528564     
-0.00510254     -0.0050415     -0.00510254     -0.00515137     
-0.00517578     -0.00501709     -0.00498047     -0.00524902     
-0.00523682     -0.00512695     -0.00522461     -0.00540771     
-0.00549316     -0.00546875     -0.00550537     -0.0057373     
-0.00581055     -0.00577393     -0.00594482     -0.00595703     
-0.00610352     -0.00606689     -0.00615234     -0.00621338     
-0.00622559     -0.00617676     -0.00625     -0.00623779     
-0.00615234     -0.00610352     -0.00609131     -0.00623779     
-0.00617676     -0.00596924     -0.00604248     -0.00612793     
-0.00603027     -0.00587158     -0.00594482     -0.00598145     
-0.00594482     -0.00571289     -0.00567627     -0.00588379     
-0.00587158     -0.00574951     -0.00579834     -0.0059082     
-0.00583496     -0.00584717     -0.00585938     -0.00588379     
-0.00595703     -0.00577393     -0.00570068     -0.00576172     
-0.00566406     -0.00563965     -0.00561523     -0.00565186     
-0.00565186     -0.00554199     -0.00554199     -0.00568848     
-0.00571289     -0.00560303     -0.00571289     -0.00574951     
-0.00577393     -0.00562744     -0.00565186     -0.00565186     
-0.00560303     -0.00535889     -0.00532227     -0.00526123     
-0.00526123     -0.00501709     -0.0050293     -0.00512695     
-0.00501709     -0.00491943     -0.00505371     -0.0050293     
-0.00516357     -0.00513916     -0.00512695     -0.0052124     
-0.00537109     -0.00528564     -0.00527344     -0.00544434     
-0.00549316     -0.00549316     -0.00540771     -0.00549316     
-0.00546875     -0.00545654     -0.00534668     -0.00539551     
-0.00528564     -0.00516357     -0.00513916     -0.00509033     
-0.00501709     -0.00498047     -0.00483398     -0.00505371     
-0.00501709     -0.00493164     -0.00498047     -0.00528564     
-0.00529785     -0.00524902     -0.00541992     -0.00551758     
-0.00559082     -0.00552979     -0.00554199     -0.00560303     
-0.00552979     -0.00541992     -0.00556641     -0.00554199     
-0.00554199     -0.00552979     -0.00551758     -0.00562744     
-0.00562744     -0.00552979     -0.00566406     -0.00577393     
-0.00576172     -0.00568848     -0.00576172     -0.00587158     
-0.0057373     -0.00562744     -0.00568848     -0.00562744     
-0.00540771     -0.00526123     -0.00511475     -0.0052002     
-0.00495605     -0.00487061     -0.00479736     -0.00490723     
-0.00477295     -0.00467529     -0.00461426     -0.00476074     
-0.00480957     -0.00458984     -0.00466309     -0.00484619     
-0.00469971     -0.00478516     -0.00467529     -0.00489502     
-0.00490723     -0.00476074     -0.00496826     -0.00494385     
-0.0050293     -0.00489502     -0.0050293     -0.00516357     
-0.00516357     -0.00513916     -0.00526123     -0.00543213     
-0.00556641     -0.00550537     -0.00559082     -0.00576172     
-0.00594482     -0.00583496     -0.00593262     -0.00605469     
-0.00610352     -0.00603027     -0.00596924     -0.00606689     
-0.0059082     -0.00581055     -0.00582275     -0.0057251     
-0.00565186     -0.00550537     -0.00539551     -0.00531006     
-0.00517578     -0.00511475     -0.00506592     -0.00496826     
-0.00487061     -0.00480957     -0.00469971     -0.00489502     
-0.00478516     -0.00457764     -0.0046875     -0.00472412     
-0.00462646     -0.00463867     -0.00455322     -0.00493164     
-0.00478516     -0.00463867     -0.00478516     -0.00491943     
-0.00483398     -0.00476074     -0.00483398     -0.00493164     
-0.00496826     -0.00482178     -0.00491943     -0.00495605     
-0.0050293     -0.00487061     -0.00498047     -0.00501709     
-0.0050293     -0.00493164     -0.00511475     -0.0050293     
-0.0050293     -0.00487061     -0.00495605     -0.00496826     
-0.00488281     -0.00476074     -0.00477295     -0.00480957     
-0.00474854     -0.00465088     -0.00461426     -0.00461426     
-0.00460205     -0.00445557     -0.00449219     -0.00447998     
-0.00444336     -0.00444336     -0.00445557     -0.00455322     
-0.00449219     -0.00450439     -0.00445557     -0.00460205     
-0.00462646     -0.00456543     -0.00457764     -0.00474854     
-0.00463867     -0.00473633     -0.00476074     -0.00479736     
-0.00493164     -0.00474854     -0.00484619     -0.00491943     
-0.00489502     -0.00472412     -0.00479736     -0.00476074     
-0.00483398     -0.00454102     -0.00465088     -0.00474854     
-0.0046875     -0.00460205     -0.00469971     -0.00473633     
-0.00484619     -0.00477295     -0.00482178     -0.00501709     
-0.0050293     -0.00494385     -0.0050293     -0.0050293     
-0.00510254     -0.0050415     -0.00499268     -0.00498047     
-0.00507813     -0.00494385     -0.00506592     -0.00511475     
-0.0050415     -0.00511475     -0.00510254     -0.00534668     
-0.00526123     -0.00526123     -0.00528564     -0.00546875     
-0.00546875     -0.00534668     -0.00540771     -0.00537109     
-0.0053833     -0.00524902     -0.00515137     -0.00526123     
-0.0052124     -0.00506592     -0.00501709     -0.00516357     
-0.00510254     -0.00499268     -0.00517578     -0.00510254     
-0.00515137     -0.00505371     -0.00505371     -0.00513916     
-0.0052124     -0.00493164     -0.0050293     -0.0050293     
-0.00496826     -0.00480957     -0.00482178     -0.00488281     
-0.00478516     -0.00461426     -0.00471191     -0.00473633     
-0.00462646     -0.00456543     -0.00449219     -0.0045166     
-0.00444336     -0.00429688     -0.00429688     -0.00427246     
-0.00418701     -0.00419922     -0.00402832     -0.00428467     
-0.0041748     -0.00412598     -0.00423584     -0.00440674     
-0.00439453     -0.00441895     -0.00446777     -0.00466309     
-0.00469971     -0.00460205     -0.00478516     -0.00489502     
-0.00471191     -0.00474854     -0.00469971     -0.0048584     
-0.00484619     -0.00477295     -0.00483398     -0.00499268     
-0.00501709     -0.00498047     -0.00505371     -0.00522461     
-0.00529785     -0.0050415     -0.00513916     -0.00513916     
-0.00509033     -0.00495605     -0.00483398     -0.00488281     
-0.00483398     -0.00456543     -0.00456543     -0.00455322     
-0.00449219     -0.00443115     -0.00440674     -0.00446777     
-0.00444336     -0.00439453     -0.00444336     -0.00463867     
-0.00462646     -0.0045166     -0.00454102     -0.00474854     
-0.00467529     -0.00471191     -0.00473633     -0.00488281     
-0.00474854     -0.00484619     -0.00478516     -0.00490723     
-0.00484619     -0.00484619     -0.00482178     -0.00479736     
-0.0048584     -0.0048584     -0.00462646     -0.00479736     
-0.00477295     -0.00472412     -0.00474854     -0.00469971     
-0.00477295     -0.00462646     -0.00467529     -0.00473633     
-0.00476074     -0.00476074     -0.00478516     -0.00487061     
-0.00496826     -0.00484619     -0.00483398     -0.00505371     
-0.00511475     -0.00496826     -0.00507813     -0.00527344     
-0.00535889     -0.00527344     -0.00533447     -0.00557861     
-0.00549316     -0.00529785     -0.00543213     -0.00548096     
-0.00535889     -0.00522461     -0.00511475     -0.00507813     
-0.00487061     -0.00472412     -0.00469971     -0.00471191     
-0.00466309     -0.00443115     -0.00443115     -0.00455322     
-0.00461426     -0.00460205     -0.00457764     -0.00474854     
-0.00479736     -0.00480957     -0.00484619     -0.00506592     
-0.00501709     -0.00512695     -0.00512695     -0.00516357     
-0.00518799     -0.00494385     -0.00498047     -0.00510254     
-0.00501709     -0.00487061     -0.00484619     -0.00479736     
-0.00487061     -0.00479736     -0.00476074     -0.00478516     
-0.00493164     -0.00479736     -0.00488281     -0.00490723     
-0.00493164     -0.00472412     -0.00473633     -0.0048584     
-0.00474854     -0.00461426     -0.00460205     -0.00463867     
-0.00467529     -0.00457764     -0.00466309     -0.00480957     
-0.00489502     -0.00484619     -0.0050415     -0.0052002     
-0.00511475     -0.00509033     -0.00518799     -0.00517578     
-0.0050415     -0.00509033     -0.0050293     -0.00515137     
-0.00513916     -0.00498047     -0.0050293     -0.00507813     
-0.00512695     -0.00512695     -0.00511475     -0.00524902     
-0.00515137     -0.00509033     -0.0050293     -0.00512695     
-0.00507813     -0.00487061     -0.00491943     -0.00482178     
-0.00487061     -0.00469971     -0.00463867     -0.00473633     
-0.00467529     -0.00455322     -0.00462646     -0.00460205     
-0.00462646     -0.00454102     -0.00460205     -0.00474854     
-0.00476074     -0.00482178     -0.00478516     -0.00491943     
-0.00490723     -0.00483398     -0.00474854     -0.0048584     
-0.00483398     -0.00466309     -0.00478516     -0.00474854     
-0.00463867     -0.0046875     -0.00446777     -0.0046875     
-0.00466309     -0.00454102     -0.00466309     -0.00477295     
-0.00463867     -0.00463867     -0.00460205     -0.00461426     
-0.00456543     -0.00437012     -0.00445557     -0.00435791     
-0.00423584     -0.00418701     -0.00413818     -0.0041748     
-0.00421143     -0.00395508     -0.00406494     -0.0041748     
-0.00426025     -0.00406494     -0.00419922     -0.0043335     
-0.00440674     -0.00428467     -0.0045166     -0.00461426     
-0.00467529     -0.00454102     -0.00457764     -0.00480957     
-0.00473633     -0.00456543     -0.00455322     -0.00457764     
-0.0045166     -0.00435791     -0.00426025     -0.00437012     
-0.0043457     -0.00418701     -0.0041626     -0.00423584     
-0.00437012     -0.00418701     -0.00424805     -0.00454102     
-0.0045166     -0.00445557     -0.00458984     -0.00466309     
-0.00471191     -0.00473633     -0.00458984     -0.00474854     
-0.00472412     -0.00466309     -0.00477295     -0.0046875     
-0.00465088     -0.00458984     -0.00447998     -0.00457764     
-0.00449219     -0.00438232     -0.00445557     -0.00454102     
-0.00455322     -0.00441895     -0.00446777     -0.00467529     
-0.00458984     -0.00454102     -0.00465088     -0.00469971     
-0.00473633     -0.0045166     -0.00461426     -0.00467529     
-0.00463867     -0.00454102     -0.00447998     -0.0045166     
-0.00449219     -0.00439453     -0.00427246     -0.00440674     
-0.0043457     -0.00422363     -0.00424805     -0.00437012     
-0.00429688     -0.00412598     -0.00418701     -0.0043335     
-0.00429688     -0.00426025     -0.00422363     -0.00443115     
-0.00437012     -0.00437012     -0.00440674     -0.00465088     
-0.0046875     -0.00456543     -0.00466309     -0.00477295     
-0.00473633     -0.00456543     -0.00458984     -0.0046875     
-0.0045166     -0.00452881     -0.00432129     -0.00435791     
-0.0043457     -0.00415039     -0.00407715     -0.00415039     
-0.00412598     -0.00385742     -0.00384521     -0.0039917     
-0.00396729     -0.00378418     -0.00386963     -0.00393066     
-0.0038208     -0.00378418     -0.00393066     -0.00391846     
-0.00388184     -0.00385742     -0.00389404     -0.00397949     
-0.00410156     -0.00396729     -0.00402832     -0.00415039     
-0.00415039     -0.00411377     -0.00411377     -0.00422363     
-0.00423584     -0.00415039     -0.00418701     -0.00422363     
-0.0041626     -0.00418701     -0.00402832     -0.00411377     
-0.00415039     -0.0039917     -0.00402832     -0.00413818     
-0.00404053     -0.00401611     -0.00406494     -0.00412598     
-0.0041626     -0.00424805     -0.00428467     -0.00456543     
-0.00440674     -0.00445557     -0.00452881     -0.00467529     
-0.00457764     -0.00447998     -0.00454102     -0.00444336     
-0.00439453     -0.00421143     -0.00407715     -0.00402832     
-0.00401611     -0.00373535     -0.00374756     -0.00358887     
-0.0036377     -0.00349121     -0.00345459     -0.00366211     
-0.00356445     -0.003479     -0.0036377     -0.0036377     
-0.00369873     -0.00362549     -0.00374756     -0.00394287     
-0.00380859     -0.00384521     -0.00407715     -0.00411377     
-0.00407715     -0.00406494     -0.00408936     -0.00426025     
-0.00418701     -0.00394287     -0.0039917     -0.0039917     
-0.00394287     -0.00391846     -0.0038208     -0.00386963     
-0.00388184     -0.00377197     -0.00384521     -0.0039917     
-0.00388184     -0.00391846     -0.00380859     -0.00406494     
-0.00412598     -0.0039917     -0.00411377     -0.00411377     
-0.00426025     -0.00410156     -0.00422363     -0.00437012     
-0.00437012     -0.00432129     -0.00455322     -0.00465088     
-0.00471191     -0.00465088     -0.00473633     -0.00487061     
-0.00491943     -0.00469971     -0.00465088     -0.00482178     
-0.00467529     -0.00450439     -0.00438232     -0.00421143     
-0.0041626     -0.00388184     -0.00377197     -0.00366211     
-0.00372314     -0.00344238     -0.00333252     -0.00356445     
-0.00358887     -0.00350342     -0.00357666     -0.0036377     
-0.00372314     -0.00377197     -0.0038208     -0.00400391     
-0.00400391     -0.00394287     -0.00407715     -0.00407715     
-0.00402832     -0.00400391     -0.00385742     -0.00410156     
-0.00390625     -0.00383301     -0.00395508     -0.00394287     
-0.00400391     -0.00389404     -0.00402832     -0.00413818     
-0.00415039     -0.00423584     -0.00429688     -0.00444336     
-0.00449219     -0.00446777     -0.00449219     -0.00463867     
-0.00463867     -0.00449219     -0.00466309     -0.0045166     
-0.00449219     -0.00438232     -0.00428467     -0.00432129     
-0.00423584     -0.0039917     -0.0041626     -0.0041626     
-0.00415039     -0.00402832     -0.00402832     -0.00405273     
-0.00401611     -0.00401611     -0.00401611     -0.00406494     
-0.00410156     -0.00401611     -0.00397949     -0.00412598     
-0.00404053     -0.00397949     -0.00394287     -0.00407715     
-0.00405273     -0.00383301     -0.00388184     -0.00394287     
-0.00377197     -0.0038208     -0.00369873     -0.00374756     
-0.00371094     -0.0036377     -0.00372314     -0.00380859     
-0.00393066     -0.00384521     -0.00408936     -0.0041748     
-0.00432129     -0.00428467     -0.00450439     -0.00467529     
-0.00465088     -0.00458984     -0.00456543     -0.00456543     
-0.00460205     -0.00441895     -0.00422363     -0.00430908     
-0.00430908     -0.00412598     -0.00404053     -0.00408936     
-0.00415039     -0.00405273     -0.00401611     -0.00418701     
-0.00422363     -0.00410156     -0.00423584     -0.0043335     
-0.00430908     -0.00421143     -0.00408936     -0.00423584     
-0.00418701     -0.00422363     -0.00423584     -0.00429688     
-0.00422363     -0.0041626     -0.00423584     -0.00424805     
-0.00418701     -0.00410156     -0.00411377     -0.00427246     
-0.00415039     -0.00407715     -0.00408936     -0.00418701     
-0.00421143     -0.00397949     -0.00411377     -0.00421143     
-0.00412598     -0.00397949     -0.00415039     -0.00412598     
-0.00418701     -0.00385742     -0.00408936     -0.00406494     
-0.00393066     -0.00375977     -0.00386963     -0.00394287     
-0.00386963     -0.00383301     -0.00388184     -0.00402832     
-0.00412598     -0.00406494     -0.00406494     -0.00419922     
-0.00426025     -0.00419922     -0.00424805     -0.00422363     
-0.00426025     -0.00421143     -0.00408936     -0.00418701     
-0.00418701     -0.00411377     -0.00402832     -0.00419922     
-0.00410156     -0.00395508     -0.00390625     -0.00397949     
-0.00395508     -0.00372314     -0.00378418     -0.00395508     
-0.00383301     -0.00391846     -0.00388184     -0.00396729     
-0.00404053     -0.00383301     -0.00397949     -0.00408936     
-0.00408936     -0.0038208     -0.00390625     -0.00388184     
-0.00394287     -0.0038208     -0.00380859     -0.00384521     
-0.00380859     -0.00378418     -0.00386963     -0.00386963     
-0.0039917     -0.00383301     -0.00388184     -0.00397949     
-0.00402832     -0.00400391     -0.00388184     -0.00401611     
-0.00404053     -0.00396729     -0.00405273     -0.00402832     
-0.00405273     -0.00396729     -0.00396729     -0.00402832     
-0.00393066     -0.00388184     -0.00393066     -0.00404053     
-0.00395508     -0.00389404     -0.00379639     -0.00405273     
-0.00393066     -0.0039917     -0.00410156     -0.00415039     
-0.0041626     -0.00410156     -0.00405273     -0.00432129     
-0.0041748     -0.00404053     -0.00419922     -0.00422363     
-0.00421143     -0.00397949     -0.00408936     -0.00407715     
-0.00413818     -0.00397949     -0.00407715     -0.00408936     
-0.00415039     -0.00411377     -0.00413818     -0.0043335     
-0.00428467     -0.00428467     -0.00446777     -0.00457764     
-0.00447998     -0.00444336     -0.00462646     -0.00474854     
-0.0046875     -0.00450439     -0.00458984     -0.00466309     
-0.00454102     -0.00447998     -0.00447998     -0.00452881     
-0.00439453     -0.00424805     -0.00415039     -0.00422363     
-0.00413818     -0.00408936     -0.00393066     -0.00405273     
-0.00388184     -0.00377197     -0.00362549     -0.00361328     
-0.0036499     -0.00339355     -0.00328369     -0.00345459     
-0.0032959     -0.0032959     -0.00333252     -0.00336914     
-0.00340576     -0.00341797     -0.00343018     -0.0034668     
-0.0036377     -0.00351563     -0.0036377     -0.0036499     
-0.00358887     -0.00358887     -0.0036499     -0.00372314     
-0.00378418     -0.00369873     -0.00375977     -0.0038208     
-0.00385742     -0.00384521     -0.00380859     -0.00394287     
-0.00393066     -0.00378418     -0.00391846     -0.00380859     
-0.00377197     -0.00386963     -0.00372314     -0.00377197     
-0.0038208     -0.00373535     -0.00384521     -0.00402832     
-0.00384521     -0.00383301     -0.00384521     -0.00402832     
-0.00389404     -0.00384521     -0.00384521     -0.00388184     
-0.00391846     -0.00373535     -0.00380859     -0.0038208     
-0.00380859     -0.00384521     -0.00378418     -0.00388184     
-0.00396729     -0.00379639     -0.00386963     -0.00397949     
-0.00397949     -0.00390625     -0.00404053     -0.00408936     
-0.00413818     -0.00408936     -0.0041748     -0.00426025     
-0.00418701     -0.00410156     -0.00411377     -0.00411377     
-0.00391846     -0.00367432     -0.00362549     -0.00352783     
-0.00344238     -0.00318604     -0.00306396     -0.00300293     
-0.00288086     -0.00285645     -0.00279541     -0.00292969     
-0.00300293     -0.00283203     -0.00307617     -0.00318604     
-0.00322266     -0.00330811     -0.0034668     -0.00371094     
-0.00378418     -0.00375977     -0.00395508     -0.00407715     
-0.00397949     -0.00404053     -0.00390625     -0.00402832     
-0.00397949     -0.00377197     -0.00378418     -0.00378418     
-0.00360107     -0.00355225     -0.0034668     -0.00352783     
-0.003479     -0.00341797     -0.00349121     -0.00358887     
-0.00377197     -0.00358887     -0.00369873     -0.00384521     
-0.00389404     -0.00374756     -0.00385742     -0.00386963     
-0.00389404     -0.00377197     -0.00375977     -0.00379639     
-0.00388184     -0.00371094     -0.00380859     -0.00379639     
-0.00384521     -0.00373535     -0.00368652     -0.00357666     
-0.00367432     -0.00345459     -0.00343018     -0.00345459     
-0.00341797     -0.00323486     -0.00317383     -0.00323486     
-0.00316162     -0.00313721     -0.00310059     -0.00317383     
-0.00323486     -0.00316162     -0.00321045     -0.00349121     
-0.00345459     -0.003479     -0.00374756     -0.00385742     
-0.00386963     -0.00384521     -0.00390625     -0.0041626     
-0.00413818     -0.00406494     -0.00411377     -0.00423584     
-0.00427246     -0.00415039     -0.00432129     -0.00429688     
-0.00426025     -0.00418701     -0.00426025     -0.00412598     
-0.00401611     -0.00379639     -0.00369873     -0.00373535     
-0.00358887     -0.0032959     -0.00334473     -0.00338135     
-0.00330811     -0.003125     -0.00316162     -0.0032959     
-0.00334473     -0.00324707     -0.00343018     -0.00355225     
-0.00350342     -0.00350342     -0.00352783     -0.00358887     
-0.00362549     -0.00351563     -0.00349121     -0.00357666     
-0.00354004     -0.00339355     -0.00334473     -0.00351563     
-0.00339355     -0.00334473     -0.00333252     -0.0034668     
-0.00345459     -0.00332031     -0.00334473     -0.00350342     
-0.00334473     -0.00344238     -0.00336914     -0.00345459     
-0.00344238     -0.00338135     -0.00336914     -0.00345459     
-0.00354004     -0.00344238     -0.00352783     -0.00367432     
-0.00374756     -0.00368652     -0.00380859     -0.00393066     
-0.00402832     -0.00397949     -0.00405273     -0.00411377     
-0.00406494     -0.00401611     -0.00400391     -0.00405273     
-0.00402832     -0.00383301     -0.00389404     -0.00385742     
-0.0038208     -0.00380859     -0.00375977     -0.00384521     
-0.00395508     -0.00385742     -0.00396729     -0.00400391     
-0.00394287     -0.00404053     -0.00396729     -0.00397949     
-0.00410156     -0.00400391     -0.00388184     -0.00400391     
-0.00395508     -0.00390625     -0.00393066     -0.0039917     
-0.00402832     -0.00405273     -0.00397949     -0.00419922     
-0.0041626     -0.00405273     -0.0041626     -0.0043335     
-0.00419922     -0.00415039     -0.00428467     -0.00427246     
-0.00428467     -0.00421143     -0.00418701     -0.00437012     
-0.00432129     -0.00415039     -0.00428467     -0.00422363     
-0.00421143     -0.00400391     -0.00395508     -0.0039917     
-0.00386963     -0.0036499     -0.00374756     -0.00377197     
-0.00371094     -0.0036499     -0.00368652     -0.00384521     
-0.0038208     -0.00377197     -0.00388184     -0.00400391     
-0.00402832     -0.00396729     -0.00389404     -0.00402832     
-0.00395508     -0.0038208     -0.00394287     -0.00404053     
-0.00389404     -0.00380859     -0.00368652     -0.0038208     
-0.0038208     -0.00357666     -0.00360107     -0.0036377     
-0.0034668     -0.00350342     -0.00332031     -0.00339355     
-0.00333252     -0.00306396     -0.003125     -0.003125     
-0.00322266     -0.00311279     -0.00313721     -0.00325928     
-0.00338135     -0.00328369     -0.00344238     -0.00349121     
-0.00358887     -0.00356445     -0.00362549     -0.00373535     
-0.00375977     -0.00373535     -0.00371094     -0.00386963     
-0.0038208     -0.00367432     -0.00378418     -0.00386963     
-0.00374756     -0.00357666     -0.00366211     -0.00360107     
-0.00366211     -0.00350342     -0.00339355     -0.00354004     
-0.00340576     -0.00339355     -0.0034668     -0.00351563     
-0.00341797     -0.00352783     -0.003479     -0.00369873     
-0.0036499     -0.00362549     -0.0038208     -0.00386963     
-0.00391846     -0.00394287     -0.00386963     -0.00411377     
-0.0041626     -0.00410156     -0.00421143     -0.00426025     
-0.00424805     -0.00423584     -0.00422363     -0.00428467     
-0.00430908     -0.00407715     -0.00421143     -0.00427246     
-0.00432129     -0.00419922     -0.00427246     -0.00439453     
-0.00444336     -0.00424805     -0.00441895     -0.0045166     
-0.00440674     -0.00439453     -0.00438232     -0.00441895     
-0.00444336     -0.00427246     -0.0043457     -0.00437012     
-0.00430908     -0.0041748     -0.00423584     -0.00419922     
-0.00410156     -0.00397949     -0.00380859     -0.00391846     
-0.00380859     -0.00355225     -0.00333252     -0.00352783     
-0.00323486     -0.00311279     -0.003125     -0.00313721     
-0.00318604     -0.00301514     -0.00306396     -0.00328369     
-0.00338135     -0.00336914     -0.0034668     -0.00366211     
-0.00377197     -0.00367432     -0.00373535     -0.00383301     
-0.00390625     -0.00373535     -0.00380859     -0.00388184     
-0.0038208     -0.00368652     -0.00371094     -0.00369873     
-0.00368652     -0.00356445     -0.0036499     -0.00375977     
-0.00378418     -0.00366211     -0.0038208     -0.00391846     
-0.00397949     -0.00391846     -0.00394287     -0.00396729     
-0.00405273     -0.00391846     -0.00384521     -0.00401611     
-0.00397949     -0.00373535     -0.00386963     -0.00384521     
-0.00379639     -0.00366211     -0.00371094     -0.00375977     
-0.00372314     -0.0036499     -0.00352783     -0.00362549     
-0.00352783     -0.00327148     -0.00330811     -0.00330811     
-0.0032959     -0.00318604     -0.00314941     -0.00345459     
-0.00333252     -0.00321045     -0.00340576     -0.00354004     
-0.00361328     -0.00350342     -0.00375977     -0.00383301     
-0.0038208     -0.00372314     -0.00377197     -0.00378418     
-0.00377197     -0.00361328     -0.00367432     -0.00360107     
-0.00362549     -0.0034668     -0.00352783     -0.0036499     
-0.00358887     -0.00354004     -0.00361328     -0.0038208     
-0.00377197     -0.00368652     -0.00377197     -0.00389404     
-0.00380859     -0.00369873     -0.00390625     -0.00390625     
-0.00390625     -0.00383301     -0.00375977     -0.00396729     
-0.00388184     -0.0036377     -0.00374756     -0.00397949     
-0.00374756     -0.00374756     -0.00374756     -0.00380859     
-0.00394287     -0.00369873     -0.00369873     -0.00396729     
-0.00388184     -0.00383301     -0.00385742     -0.00386963     
-0.00388184     -0.00374756     -0.00380859     -0.00367432     
-0.00380859     -0.00356445     -0.00356445     -0.00368652     
-0.00369873     -0.003479     -0.00351563     -0.00356445     
-0.00361328     -0.00341797     -0.00345459     -0.00354004     
-0.00355225     -0.00338135     -0.00333252     -0.00340576     
-0.00332031     -0.00313721     -0.00306396     -0.00313721     
-0.00305176     -0.00285645     -0.00283203     -0.00291748     
-0.0029541     -0.00284424     -0.00286865     -0.00316162     
-0.00310059     -0.00318604     -0.00325928     -0.00332031     
-0.0032959     -0.00341797     -0.00332031     -0.00345459     
-0.00351563     -0.00340576     -0.00354004     -0.00356445     
-0.00360107     -0.00357666     -0.00356445     -0.00377197     
-0.00366211     -0.00358887     -0.00369873     -0.00367432     
-0.00361328     -0.00345459     -0.00352783     -0.00361328     
-0.00357666     -0.00341797     -0.003479     -0.00351563     
-0.00343018     -0.00334473     -0.00335693     -0.00330811     
-0.00332031     -0.003125     -0.00306396     -0.00310059     
-0.00311279     -0.00302734     -0.00302734     -0.00303955     
-0.00292969     -0.00280762     -0.00289307     -0.00297852     
-0.00284424     -0.002771     -0.00279541     -0.00292969     
-0.00285645     -0.002771     -0.00286865     -0.00299072     
-0.00294189     -0.00296631     -0.00299072     -0.00311279     
-0.003125     -0.003125     -0.00313721     -0.00327148     
-0.00330811     -0.00313721     -0.00317383     -0.00318604     
-0.003125     -0.00307617     -0.00297852     -0.00297852     
-0.00299072     -0.00286865     -0.00283203     -0.00288086     
-0.00284424     -0.00269775     -0.00279541     -0.00289307     
-0.00286865     -0.00279541     -0.00284424     -0.00296631     
-0.00297852     -0.00284424     -0.00303955     -0.00302734     
-0.00308838     -0.00307617     -0.00300293     -0.00310059     
-0.003125     -0.00300293     -0.00299072     -0.00301514     
-0.00302734     -0.0029541     -0.002771     -0.00280762     
-0.0027832     -0.00263672     -0.00269775     -0.00275879     
-0.00264893     -0.00268555     -0.00264893     -0.0027832     
-0.00279541     -0.0027832     -0.0027832     -0.00292969     
-0.00280762     -0.00267334     -0.00264893     -0.00273438     
-0.00275879     -0.00258789     -0.0026001     -0.00284424     
-0.00275879     -0.00272217     -0.00284424     -0.00300293     
-0.00302734     -0.00301514     -0.00317383     -0.00321045     
-0.00319824     -0.00306396     -0.00313721     -0.00324707     
-0.00316162     -0.00299072     -0.00305176     -0.00307617     
-0.00308838     -0.00297852     -0.00308838     -0.00303955     
-0.00310059     -0.00294189     -0.00311279     -0.00317383     
-0.00317383     -0.003125     -0.00307617     -0.00334473     
-0.0032959     -0.00327148     -0.00336914     -0.00340576     
-0.00340576     -0.00339355     -0.00330811     -0.00349121     
-0.0034668     -0.00341797     -0.00341797     -0.00354004     
-0.00349121     -0.00344238     -0.00349121     -0.00375977     
-0.00369873     -0.00352783     -0.00362549     -0.0038208     
-0.00360107     -0.00356445     -0.00354004     -0.00356445     
-0.003479     -0.00322266     -0.00330811     -0.00318604     
-0.00318604     -0.00299072     -0.00294189     -0.00308838     
-0.003125     -0.00286865     -0.00305176     -0.00322266     
-0.00323486     -0.00317383     -0.00327148     -0.00338135     
-0.00355225     -0.00336914     -0.00351563     -0.00356445     
-0.00354004     -0.00344238     -0.00340576     -0.003479     
-0.00335693     -0.00319824     -0.00322266     -0.00318604     
-0.00314941     -0.00292969     -0.00288086     -0.00303955     
-0.00296631     -0.00289307     -0.00285645     -0.00300293     
-0.00299072     -0.00294189     -0.00292969     -0.00301514     
-0.00302734     -0.00292969     -0.00305176     -0.00300293     
-0.00300293     -0.00291748     -0.00279541     -0.00300293     
-0.0029541     -0.00272217     -0.0027832     -0.00279541     
-0.00292969     -0.00280762     -0.0027832     -0.00294189     
-0.00296631     -0.002771     -0.00290527     -0.00288086     
-0.00296631     -0.00283203     -0.00279541     -0.00285645     
-0.00284424     -0.00273438     -0.002771     -0.00272217     
-0.00269775     -0.00252686     -0.00249023     -0.0026001     
-0.0026123     -0.00233154     -0.00238037     -0.00250244     
-0.00238037     -0.00228271     -0.00235596     -0.00252686     
-0.00255127     -0.00241699     -0.00252686     -0.00258789     
-0.00268555     -0.0026001     -0.00267334     -0.00292969     
-0.00285645     -0.00290527     -0.00302734     -0.00303955     
-0.00322266     -0.00306396     -0.00310059     -0.00324707     
-0.00317383     -0.00323486     -0.00324707     -0.00336914     
-0.00334473     -0.00325928     -0.00336914     -0.00336914     
-0.00335693     -0.00316162     -0.00318604     -0.00313721     
-0.00314941     -0.00303955     -0.00294189     -0.00307617     
-0.00303955     -0.00288086     -0.00296631     -0.00297852     
-0.00311279     -0.00299072     -0.00288086     -0.00296631     
-0.00302734     -0.00285645     -0.00289307     -0.00284424     
-0.00281982     -0.00269775     -0.00270996     -0.00280762     
-0.00284424     -0.00266113     -0.00272217     -0.00286865     
-0.00270996     -0.00267334     -0.00272217     -0.00290527     
-0.00283203     -0.00275879     -0.00269775     -0.00281982     
-0.00284424     -0.00279541     -0.00280762     -0.00292969     
-0.00307617     -0.00302734     -0.00303955     -0.0032959     
-0.00324707     -0.00318604     -0.00324707     -0.00332031     
-0.00339355     -0.00314941     -0.00328369     -0.00322266     
-0.00325928     -0.00319824     -0.003125     -0.00323486     
-0.00321045     -0.00305176     -0.00322266     -0.0032959     
-0.00321045     -0.00310059     -0.00308838     -0.0032959     
-0.003125     -0.00301514     -0.00310059     -0.00313721     
-0.00307617     -0.00301514     -0.00290527     -0.00296631     
-0.00297852     -0.00272217     -0.00280762     -0.00279541     
-0.00284424     -0.00270996     -0.00273438     -0.00303955     
-0.00292969     -0.00297852     -0.00313721     -0.00324707     
-0.00321045     -0.00334473     -0.00325928     -0.00343018     
-0.00339355     -0.00324707     -0.00330811     -0.00338135     
-0.00321045     -0.00327148     -0.00313721     -0.00323486     
-0.00327148     -0.003125     -0.00314941     -0.00321045     
-0.00327148     -0.00314941     -0.00305176     -0.00305176     
-0.00308838     -0.002771     -0.00279541     -0.00273438     
-0.00280762     -0.00253906     -0.00255127     -0.00269775     
-0.00266113     -0.00256348     -0.00263672     -0.00263672     
-0.00269775     -0.00266113     -0.00262451     -0.0027832     
-0.00272217     -0.00269775     -0.00263672     -0.00269775     
-0.00272217     -0.00262451     -0.0026123     -0.00279541     
-0.00270996     -0.00273438     -0.002771     -0.00289307     
-0.00286865     -0.00290527     -0.00291748     -0.003125     
-0.003125     -0.00299072     -0.00301514     -0.00305176     
-0.00307617     -0.00296631     -0.00285645     -0.00301514     
-0.00286865     -0.00270996     -0.0027832     -0.00284424     
-0.00286865     -0.00274658     -0.00280762     -0.00284424     
-0.0029541     -0.00296631     -0.00300293     -0.00311279     
-0.00317383     -0.00308838     -0.00318604     -0.00330811     
-0.00339355     -0.00318604     -0.00328369     -0.00335693     
-0.00332031     -0.00322266     -0.00327148     -0.00340576     
-0.00343018     -0.00324707     -0.00345459     -0.0034668     
-0.00339355     -0.003479     -0.00344238     -0.00349121     
-0.00352783     -0.00338135     -0.00338135     -0.00344238     
-0.00339355     -0.0032959     -0.00328369     -0.00333252     
-0.00321045     -0.00330811     -0.00327148     -0.00333252     
-0.00333252     -0.003125     -0.00308838     -0.00327148     
-0.00307617     -0.003125     -0.00314941     -0.003125     
-0.00305176     -0.00299072     -0.00299072     -0.00299072     
-0.00305176     -0.00289307     -0.00296631     -0.00307617     
-0.00299072     -0.00285645     -0.00297852     -0.00286865     
-0.00299072     -0.00285645     -0.00292969     -0.00296631     
-0.00290527     -0.0027832     -0.00279541     -0.00291748     

