Source : transient; Time : Wed Jun 14 03:25:22 2017
B0 = 3896.000000 Gauss, mw = 9.686278 GHz
 NDI-T2 sa261 20/2 42/25 523nm/1mJ
1 5000 -1.001e-06 8.997e-06 0 0
s                        V                                                 
0.000537109     0.000683594     0.000646973     0.000671387     
0.000817871     0.000878906     0.000769043     0.000854492     
0.000878906     0.000964355     0.00078125     0.000793457     
0.000744629     0.000817871     0.000561523     0.000427246     
0.000463867     0.000390625     0.000244141     0.000231934     
0.000268555     0.000170898     2.44141e-05     2.44141e-05     
-4.88281e-05     6.10352e-05     -2.44141e-05     -2.44141e-05     
-0.000158691     -8.54492e-05     -0.000170898     -0.000170898     
-0.00012207     -0.000170898     -0.000231934     -0.000195313     
-0.000268555     -0.000170898     -0.000231934     -0.000219727     
-4.88281e-05     1.2207e-05     0.00012207     1.2207e-05     
0.00020752     0.000268555     0.000317383     0.000366211     
0.000512695     0.000561523     0.000634766     0.000695801     
0.00078125     0.000817871     0.000830078     0.000756836     
0.000878906     0.000915527     0.000671387     0.000793457     
0.000769043     0.000769043     0.000622559     0.000683594     
0.000683594     0.00065918     0.00057373     0.000598145     
0.000646973     0.000756836     0.000610352     0.00065918     
0.000769043     0.000695801     0.000646973     0.000732422     
0.000732422     0.000830078     0.000671387     0.000720215     
0.000695801     0.000769043     0.000671387     0.000671387     
0.000683594     0.000744629     0.000622559     0.000720215     
0.000671387     0.000805664     0.000769043     0.000695801     
0.00078125     0.000769043     0.000695801     0.000720215     
0.000708008     0.000646973     0.000610352     0.000537109     
0.000549316     0.000427246     0.000378418     0.000317383     
0.000415039     0.000317383     0.000231934     0.000244141     
0.000158691     0.000305176     4.88281e-05     0.000183105     
0.000170898     0.000219727     0.00012207     0.000183105     
0.000317383     0.000354004     0.000305176     0.000366211     
0.000366211     0.000488281     0.000512695     0.000537109     
0.000561523     0.000610352     0.000427246     0.000537109     
0.000402832     0.000378418     0.000341797     0.000366211     
0.000341797     0.00020752     0.000146484     0.000244141     
0.00012207     0.000280762     0.000195313     0.000170898     
0.000305176     0.000231934     0.000280762     0.000256348     
0.000280762     0.000378418     0.000305176     0.000280762     
0.000366211     0.000280762     0.000219727     0.000195313     
0.000109863     9.76563e-05     0.000158691     -2.44141e-05     
0.00012207     0.000195313     0.000146484     0.000244141     
0.000292969     0.000500488     0.000488281     0.000622559     
0.000671387     0.000744629     0.000866699     0.000817871     
0.000891113     0.000891113     0.000756836     0.000732422     
0.000769043     0.000622559     0.000427246     0.000402832     
0.000244141     0.000305176     4.88281e-05     -7.32422e-05     
2.44141e-05     0     -8.54492e-05     0     
6.10352e-05     0.000195313     0.000268555     0.000463867     
0.000561523     0.000634766     0.000817871     0.000878906     
0.00111084     0.00123291     0.00124512     0.00130615     
0.00136719     0.00137939     0.00129395     0.00125732     
0.00129395     0.00129395     0.00124512     0.00113525     
0.00125732     0.00111084     0.00101318     0.00106201     
0.00101318     0.00101318     0.000854492     0.00098877     
0.000830078     0.000830078     0.00065918     0.000683594     
0.000671387     0.000598145     0.000476074     0.000402832     
0.000280762     0.000317383     0.000256348     0.000231934     
0.000219727     0.000354004     0.000183105     0.000256348     
0.00020752     0.000244141     0.000256348     0.000244141     
0.000256348     0.000354004     0.00020752     0.000231934     
0.000244141     0.000170898     0.000146484     0     
4.88281e-05     -7.32422e-05     -1.2207e-05     -0.000134277     
-3.66211e-05     -0.000109863     -0.000170898     -0.000158691     
-0.000134277     -0.000109863     -0.000146484     -7.32422e-05     
-3.66211e-05     3.66211e-05     2.44141e-05     8.54492e-05     
0.000170898     0.000244141     0.000256348     0.000268555     
0.000231934     0.000439453     0.000256348     0.000305176     
0.000292969     0.000354004     0.000268555     0.000195313     
0.000170898     0.000244141     0.000109863     0.000195313     
0.000183105     0.000146484     0.00012207     0.000244141     
0.000268555     0.000280762     0.000231934     0.000390625     
0.000512695     0.000646973     0.000622559     0.000671387     
0.000720215     0.00078125     0.000708008     0.000793457     
0.000720215     0.000708008     0.000744629     0.000744629     
0.000720215     0.000708008     0.000805664     0.000866699     
0.000866699     0.00101318     0.00108643     0.000964355     
0.00112305     0.00115967     0.00111084     0.00100098     
0.00113525     0.0010376     0.000854492     0.00098877     
0.00100098     0.000915527     0.000671387     0.000756836     
0.000756836     0.00078125     0.000549316     0.000634766     
0.000646973     0.000634766     0.000549316     0.000488281     
0.00045166     0.000500488     0.000524902     0.000561523     
0.000610352     0.000793457     0.000683594     0.00090332     
0.000878906     0.00102539     0.00107422     0.00108643     
0.00112305     0.00119629     0.00102539     0.00102539     
0.000976563     0.00101318     0.000744629     0.00057373     
0.000646973     0.000500488     0.000366211     0.000170898     
0.000183105     0     -0.00012207     -0.000158691     
-8.54492e-05     -3.66211e-05     -9.76563e-05     0     
9.76563e-05     0.000183105     0.000231934     0.000195313     
0.000427246     0.000524902     0.000561523     0.000708008     
0.000744629     0.00090332     0.000842285     0.00107422     
0.00100098     0.000976563     0.00101318     0.000976563     
0.000915527     0.000939941     0.000756836     0.00078125     
0.00078125     0.000671387     0.000610352     0.00065918     
0.000561523     0.000610352     0.000512695     0.000476074     
0.000598145     0.000598145     0.000463867     0.000476074     
0.000439453     0.000439453     0.000292969     0.000256348     
0.000109863     6.10352e-05     0     0     
6.10352e-05     3.66211e-05     3.66211e-05     3.66211e-05     
0.000146484     0.000231934     0.000280762     0.000256348     
0.00032959     0.000476074     0.000463867     0.000427246     
0.00057373     0.00045166     0.000354004     0.000378418     
0.000280762     0.000354004     0.000146484     0.000231934     
0.00012207     0.00020752     0.000170898     0.000170898     
0.000317383     0.000427246     0.000390625     0.000439453     
0.000366211     0.000439453     0.000512695     0.000427246     
0.000317383     0.000476074     0.000219727     0.000292969     
0.000280762     0.000134277     0.000109863     6.10352e-05     
0.00012207     0.000109863     1.2207e-05     0.000256348     
0.000195313     0.000244141     0.000195313     0.000317383     
0.00045166     0.000378418     0.000402832     0.000500488     
0.000537109     0.000463867     0.000390625     0.000415039     
0.000427246     0.000231934     0.000219727     6.10352e-05     
8.54492e-05     -3.66211e-05     -0.00012207     -0.000195313     
-0.000219727     -0.000305176     -0.00032959     -0.00032959     
-0.00020752     -0.000183105     -0.000268555     -8.54492e-05     
0     8.54492e-05     0.000219727     0.000256348     
0.000366211     0.000512695     0.000280762     0.000378418     
0.000524902     0.000488281     0.000402832     0.000366211     
0.000219727     0.000317383     4.88281e-05     0.000109863     
0.000170898     0.000231934     0.000219727     0.00032959     
0.000341797     0.000463867     0.00045166     0.000561523     
0.000695801     0.000732422     0.000830078     0.000830078     
0.000878906     0.000830078     0.000793457     0.000769043     
0.000646973     0.000610352     0.000537109     0.000512695     
0.000476074     0.000317383     0.00032959     0.000231934     
0.000317383     0.000317383     0.000292969     0.00032959     
0.000378418     0.000439453     0.000390625     0.000476074     
0.000476074     0.000708008     0.000598145     0.000598145     
0.000769043     0.000695801     0.000646973     0.000671387     
0.000695801     0.000744629     0.000561523     0.000561523     
0.000549316     0.000561523     0.000305176     0.000402832     
0.000390625     0.000341797     0.000268555     0.000280762     
0.000366211     0.00045166     0.000354004     0.000524902     
0.000561523     0.000830078     0.000769043     0.000683594     
0.000915527     0.000964355     0.00100098     0.000891113     
0.00100098     0.00100098     0.000854492     0.00090332     
0.000866699     0.000683594     0.000610352     0.00057373     
0.000561523     0.000500488     0.00045166     0.000366211     
0.000500488     0.000537109     0.000463867     0.000537109     
0.000695801     0.000854492     0.000854492     0.00106201     
0.00123291     0.00130615     0.00141602     0.00155029     
0.00175781     0.00185547     0.00184326     0.00192871     
0.00205078     0.00202637     0.00206299     0.0020874     
0.0020874     0.00219727     0.00211182     0.00218506     
0.00224609     0.00224609     0.00223389     0.00246582     
0.00253906     0.00269775     0.00269775     0.00299072     
0.00310059     0.00325928     0.00340576     0.003479     
0.00372314     0.00367432     0.00374756     0.0038208     
0.00391846     0.00394287     0.00394287     0.00401611     
0.00411377     0.00413818     0.0041626     0.00418701     
0.0043335     0.00435791     0.00439453     0.00445557     
0.00460205     0.00489502     0.00479736     0.00500488     
0.00511475     0.00533447     0.0052002     0.00535889     
0.00554199     0.00556641     0.00557861     0.00568848     
0.00566406     0.00566406     0.00578613     0.0057251     
0.00570068     0.0059082     0.00566406     0.00587158     
0.00581055     0.00577393     0.00568848     0.0057251     
0.00588379     0.00595703     0.005896     0.00609131     
0.00618896     0.00632324     0.0064209     0.00651855     
0.00689697     0.00705566     0.00725098     0.0072876     
0.00756836     0.00772705     0.00777588     0.00787354     
0.00789795     0.0079834     0.0079834     0.00793457     
0.00792236     0.00784912     0.00789795     0.00776367     
0.00788574     0.00791016     0.00784912     0.00800781     
0.00797119     0.00814209     0.00799561     0.00822754     
0.0083374     0.0083374     0.0085083     0.00848389     
0.00855713     0.00860596     0.00849609     0.00845947     
0.00849609     0.00847168     0.00841064     0.00838623     
0.00826416     0.00837402     0.00819092     0.00820313     
0.00827637     0.00822754     0.00826416     0.00842285     
0.00844727     0.00853271     0.00858154     0.0086792     
0.00875244     0.00869141     0.00872803     0.00875244     
0.0088501     0.00871582     0.00863037     0.00872803     
0.00877686     0.00888672     0.0088501     0.00891113     
0.00897217     0.0090332     0.00908203     0.0092041     
0.00931396     0.00925293     0.00927734     0.00926514     
0.00921631     0.00926514     0.00905762     0.00906982     
0.00888672     0.00905762     0.00876465     0.00856934     
0.00870361     0.00869141     0.00861816     0.00865479     
0.00866699     0.00876465     0.00874023     0.00876465     
0.00883789     0.00887451     0.00870361     0.00882568     
0.00872803     0.00877686     0.00866699     0.00854492     
0.00861816     0.00859375     0.00843506     0.00848389     
0.00841064     0.00844727     0.0083374     0.0081543     
0.00820313     0.0081543     0.00802002     0.00797119     
0.00797119     0.00794678     0.00776367     0.00784912     
0.00788574     0.00782471     0.00792236     0.00784912     
0.00799561     0.00792236     0.00804443     0.0079834     
0.0081543     0.00811768     0.00799561     0.00808105     
0.00809326     0.00819092     0.00803223     0.00814209     
0.00812988     0.00809326     0.00802002     0.00799561     
0.0079834     0.00794678     0.00777588     0.0078125     
0.00782471     0.00773926     0.00772705     0.00765381     
0.00753174     0.00775146     0.00756836     0.00765381     
0.00762939     0.00750732     0.00753174     0.00742188     
0.00744629     0.00738525     0.00734863     0.00736084     
0.00739746     0.00740967     0.00740967     0.00736084     
0.0074585     0.0074707     0.0074707     0.00738525     
0.00737305     0.00734863     0.00722656     0.0071167     
0.00721436     0.00714111     0.00709229     0.00706787     
0.00705566     0.00693359     0.00710449     0.0069458     
0.00697021     0.00712891     0.00700684     0.00705566     
0.00687256     0.00697021     0.00690918     0.00668945     
0.00667725     0.00657959     0.0064209     0.00634766     
0.00628662     0.00625     0.00611572     0.00610352     
0.00614014     0.00622559     0.00603027     0.00623779     
0.00618896     0.00628662     0.00623779     0.00625     
0.00620117     0.00627441     0.00604248     0.00611572     
0.00594482     0.00588379     0.00567627     0.00548096     
0.00539551     0.00532227     0.0052124     0.00501709     
0.00510254     0.00499268     0.00491943     0.0050415     
0.00506592     0.00516357     0.0052124     0.00522461     
0.00548096     0.00550537     0.00557861     0.00554199     
0.00561523     0.00567627     0.00566406     0.00579834     
0.00560303     0.00578613     0.00561523     0.00565186     
0.0055542     0.00554199     0.00546875     0.00534668     
0.0053833     0.00528564     0.00522461     0.00523682     
0.00516357     0.0052124     0.0052002     0.00516357     
0.00506592     0.00534668     0.00522461     0.0052002     
0.00533447     0.00531006     0.00533447     0.00541992     
0.00541992     0.00559082     0.00549316     0.00550537     
0.00567627     0.00571289     0.00567627     0.00571289     
0.00574951     0.00578613     0.00563965     0.00561523     
0.00562744     0.0055542     0.00545654     0.00535889     
0.00524902     0.00513916     0.00496826     0.00476074     
0.00489502     0.00474854     0.00462646     0.00465088     
0.00467529     0.00467529     0.00463867     0.00476074     
0.00471191     0.00491943     0.00482178     0.00489502     
0.00496826     0.00491943     0.00484619     0.0048584     
0.00483398     0.00491943     0.00487061     0.00473633     
0.00484619     0.00491943     0.00482178     0.00488281     
0.00482178     0.00483398     0.00479736     0.00478516     
0.0048584     0.00479736     0.00469971     0.00473633     
0.00469971     0.00466309     0.0045166     0.00450439     
0.00456543     0.00437012     0.00424805     0.00406494     
0.00408936     0.0039917     0.00391846     0.00379639     
0.00378418     0.00356445     0.003479     0.00344238     
0.00344238     0.0034668     0.00339355     0.00338135     
0.00345459     0.003479     0.00341797     0.00356445     
0.003479     0.00368652     0.00356445     0.00371094     
0.00379639     0.00378418     0.00375977     0.0038208     
0.00395508     0.0039917     0.00396729     0.0039917     
0.00407715     0.00402832     0.00402832     0.00407715     
0.00406494     0.00408936     0.00388184     0.00394287     
0.0039917     0.00388184     0.00383301     0.00394287     
0.0038208     0.00394287     0.00383301     0.00400391     
0.00400391     0.00397949     0.00406494     0.00401611     
0.0041748     0.00415039     0.0041748     0.00422363     
0.00421143     0.00429688     0.0041626     0.00413818     
0.00423584     0.0041626     0.0041748     0.00415039     
0.00418701     0.0041626     0.0041748     0.00421143     
0.00430908     0.00437012     0.00427246     0.00439453     
0.00435791     0.00440674     0.00435791     0.00430908     
0.00444336     0.00444336     0.00429688     0.00440674     
0.0043335     0.00429688     0.00429688     0.0041748     
0.00424805     0.00435791     0.00422363     0.00437012     
0.0043457     0.0043335     0.00429688     0.0043335     
0.00439453     0.00445557     0.00435791     0.00439453     
0.00437012     0.00444336     0.0043457     0.00430908     
0.00443115     0.00439453     0.00440674     0.00435791     
0.00447998     0.00449219     0.00438232     0.00452881     
0.00462646     0.00462646     0.00460205     0.00467529     
0.00479736     0.00472412     0.00476074     0.00471191     
0.00473633     0.00479736     0.00465088     0.00480957     
0.00479736     0.00477295     0.0046875     0.00491943     
0.00494385     0.00494385     0.00506592     0.00505371     
0.00512695     0.00522461     0.00515137     0.0052002     
0.0052124     0.00522461     0.00516357     0.0052002     
0.0052002     0.00524902     0.00512695     0.00527344     
0.0053833     0.0052002     0.00526123     0.00540771     
0.00528564     0.00537109     0.00535889     0.00528564     
0.00528564     0.00523682     0.0052124     0.00511475     
0.0052002     0.00507813     0.00501709     0.00480957     
0.00491943     0.00488281     0.00469971     0.00466309     
0.00477295     0.00463867     0.00455322     0.00452881     
0.00457764     0.00452881     0.00456543     0.0046875     
0.00469971     0.00467529     0.0046875     0.00476074     
0.00478516     0.00496826     0.0048584     0.00494385     
0.00511475     0.00511475     0.00512695     0.00531006     
0.00527344     0.00537109     0.00534668     0.00539551     
0.00535889     0.00545654     0.00518799     0.00527344     
0.00515137     0.00513916     0.0050415     0.00498047     
0.00495605     0.00489502     0.00482178     0.00480957     
0.00473633     0.00477295     0.00474854     0.00465088     
0.00472412     0.00472412     0.0046875     0.00465088     
0.00474854     0.00479736     0.00472412     0.00488281     
0.00489502     0.00491943     0.00498047     0.0050415     
0.00522461     0.00535889     0.00540771     0.00540771     
0.00559082     0.00574951     0.00560303     0.00567627     
0.00561523     0.00568848     0.0055542     0.00549316     
0.00545654     0.00537109     0.00532227     0.00517578     
0.00516357     0.00523682     0.00506592     0.00518799     
0.00522461     0.00513916     0.00506592     0.00523682     
0.00512695     0.0052002     0.00495605     0.00498047     
0.0050415     0.00493164     0.00484619     0.00473633     
0.00477295     0.00473633     0.00458984     0.00458984     
0.00463867     0.00456543     0.00456543     0.00456543     
0.00463867     0.00471191     0.00476074     0.00484619     
0.00484619     0.00490723     0.00494385     0.00498047     
0.00506592     0.00501709     0.00499268     0.00499268     
0.00500488     0.00480957     0.00479736     0.00472412     
0.00466309     0.00467529     0.00447998     0.00456543     
0.00449219     0.00461426     0.00450439     0.00452881     
0.00476074     0.00476074     0.00477295     0.00489502     
0.00505371     0.00511475     0.00511475     0.00516357     
0.00526123     0.00535889     0.00516357     0.00527344     
0.00534668     0.00517578     0.00523682     0.00513916     
0.00516357     0.00516357     0.0050293     0.0050415     
0.00509033     0.00507813     0.00484619     0.00484619     
0.00493164     0.00480957     0.00467529     0.00457764     
0.00465088     0.00467529     0.00452881     0.00450439     
0.00463867     0.00457764     0.00446777     0.00446777     
0.00447998     0.00435791     0.0043457     0.00412598     
0.00415039     0.00408936     0.0039917     0.00400391     
0.00393066     0.00397949     0.00386963     0.00394287     
0.00388184     0.00389404     0.00405273     0.00394287     
0.00393066     0.00400391     0.00383301     0.00374756     
0.00379639     0.00385742     0.00368652     0.00369873     
0.00372314     0.00378418     0.00372314     0.00378418     
0.00388184     0.00394287     0.00394287     0.00400391     
0.00391846     0.00400391     0.0038208     0.00388184     
0.00390625     0.00383301     0.00371094     0.00362549     
0.0036377     0.00360107     0.00351563     0.00352783     
0.00357666     0.00358887     0.00358887     0.00358887     
0.0036499     0.00368652     0.0036499     0.00371094     
0.00372314     0.00368652     0.00368652     0.00366211     
0.00352783     0.00357666     0.00339355     0.00350342     
0.00339355     0.003479     0.00330811     0.00335693     
0.00344238     0.00338135     0.00336914     0.0034668     
0.00345459     0.00355225     0.00366211     0.00373535     
0.00372314     0.00390625     0.00384521     0.00401611     
0.00394287     0.0039917     0.00401611     0.00401611     
0.00400391     0.00406494     0.00395508     0.0039917     
0.00400391     0.00407715     0.00400391     0.00397949     
0.0041748     0.00400391     0.00407715     0.00401611     
0.00407715     0.00405273     0.00404053     0.0039917     
0.00411377     0.0039917     0.00385742     0.00374756     
0.00377197     0.00367432     0.0034668     0.00324707     
0.00325928     0.00317383     0.0029541     0.00281982     
0.00286865     0.00291748     0.00266113     0.00279541     
0.0027832     0.00281982     0.00284424     0.00291748     
0.00285645     0.00297852     0.00299072     0.00296631     
0.00311279     0.00318604     0.00311279     0.00317383     
0.00310059     0.00325928     0.00317383     0.0032959     
0.00332031     0.0032959     0.00330811     0.00332031     
0.00340576     0.00343018     0.00332031     0.00335693     
0.00332031     0.00330811     0.00328369     0.00314941     
0.00314941     0.00302734     0.00306396     0.00310059     
0.00297852     0.00292969     0.00288086     0.00285645     
0.00297852     0.00296631     0.0029541     0.00288086     
0.00297852     0.00285645     0.00284424     0.00292969     
0.00289307     0.00285645     0.00273438     0.00285645     
0.00274658     0.00272217     0.00262451     0.00251465     
0.00267334     0.00269775     0.00262451     0.00273438     
0.00281982     0.00290527     0.00285645     0.0029541     
0.00300293     0.00308838     0.00300293     0.00314941     
0.00321045     0.00318604     0.0032959     0.00322266     
0.00328369     0.00334473     0.00334473     0.0032959     
0.00324707     0.00327148     0.00318604     0.00310059     
0.00314941     0.003125     0.00310059     0.0029541     
0.00302734     0.00290527     0.0029541     0.00284424     
0.00291748     0.0027832     0.00274658     0.00273438     
0.00280762     0.00269775     0.002771     0.00267334     
0.00284424     0.00290527     0.00286865     0.00302734     
0.00301514     0.00311279     0.00301514     0.00310059     
0.003125     0.00317383     0.00307617     0.00318604     
0.00317383     0.00319824     0.00307617     0.00305176     
0.00324707     0.00324707     0.003125     0.00322266     
0.00321045     0.00321045     0.00303955     0.003125     
0.00322266     0.00311279     0.00292969     0.00301514     
0.00305176     0.00310059     0.00302734     0.00317383     
0.00333252     0.00344238     0.00354004     0.00358887     
0.00386963     0.00391846     0.00391846     0.00404053     
0.0041748     0.00427246     0.00415039     0.00418701     
0.00421143     0.0041626     0.0041748     0.00402832     
0.00408936     0.00389404     0.00385742     0.00380859     
0.00367432     0.00362549     0.00355225     0.00349121     
0.00341797     0.00357666     0.00341797     0.00340576     
0.00351563     0.00362549     0.00355225     0.00366211     
0.00374756     0.00383301     0.0038208     0.00385742     
0.00395508     0.00396729     0.00373535     0.0038208     
0.0036499     0.00355225     0.00340576     0.00328369     
0.00313721     0.00305176     0.00281982     0.00272217     
0.0026123     0.00267334     0.00258789     0.00257568     
0.00274658     0.00274658     0.00268555     0.00281982     
0.00297852     0.0029541     0.00291748     0.0029541     
0.00306396     0.00306396     0.00307617     0.0029541     
0.00303955     0.00297852     0.00307617     0.003125     
0.00319824     0.00314941     0.00308838     0.00318604     
0.00313721     0.00327148     0.003125     0.00324707     
0.00334473     0.00338135     0.00340576     0.00360107     
0.00367432     0.00383301     0.00383301     0.00393066     
0.00410156     0.0041626     0.00415039     0.00435791     
0.00430908     0.0043457     0.00426025     0.00423584     
0.00427246     0.00422363     0.0041626     0.00413818     
0.00421143     0.00418701     0.00407715     0.00415039     
0.00407715     0.00397949     0.00396729     0.00389404     
0.00389404     0.00380859     0.00375977     0.00373535     
0.00366211     0.00362549     0.00362549     0.00352783     
0.00362549     0.00357666     0.00361328     0.00362549     
0.00375977     0.00366211     0.00368652     0.00377197     
0.00377197     0.00391846     0.00379639     0.0038208     
0.00386963     0.00404053     0.00389404     0.0039917     
0.00404053     0.00405273     0.00394287     0.00400391     
0.00391846     0.00385742     0.00373535     0.00369873     
0.00366211     0.00368652     0.00349121     0.00351563     
0.00352783     0.00349121     0.003479     0.00354004     
0.003479     0.00357666     0.00373535     0.00377197     
0.00379639     0.00384521     0.00383301     0.00383301     
0.00401611     0.00400391     0.00401611     0.00391846     
0.00391846     0.00385742     0.00378418     0.00373535     
0.00366211     0.00356445     0.00341797     0.00345459     
0.00333252     0.00316162     0.00316162     0.00297852     
0.00301514     0.00296631     0.0029541     0.00300293     
0.00296631     0.00306396     0.00300293     0.00318604     
0.00325928     0.00333252     0.00336914     0.0034668     
0.00351563     0.00356445     0.0034668     0.003479     
0.00352783     0.00351563     0.00344238     0.00349121     
0.0034668     0.00352783     0.00343018     0.00330811     
0.00344238     0.00340576     0.00335693     0.00350342     
0.0034668     0.00350342     0.00343018     0.00349121     
0.00354004     0.00361328     0.0036377     0.00361328     
0.00373535     0.00366211     0.00361328     0.00362549     
0.00367432     0.0036377     0.0036377     0.00356445     
0.00356445     0.00354004     0.00351563     0.00335693     
0.00351563     0.00336914     0.00327148     0.00334473     
0.00311279     0.003125     0.00296631     0.0029541     
0.00289307     0.00297852     0.00284424     0.00281982     
0.00292969     0.00296631     0.00291748     0.00300293     
0.00299072     0.00311279     0.00305176     0.00308838     
0.00308838     0.00316162     0.00292969     0.00297852     
0.00288086     0.00283203     0.00268555     0.00266113     
0.00257568     0.00253906     0.00240479     0.00250244     
0.00251465     0.00269775     0.00258789     0.00252686     
0.00273438     0.00275879     0.00274658     0.00280762     
0.00288086     0.00292969     0.00286865     0.00297852     
0.00306396     0.00308838     0.00300293     0.00302734     
0.00313721     0.00316162     0.00310059     0.00310059     
0.00314941     0.00327148     0.00308838     0.00319824     
0.00310059     0.00325928     0.00306396     0.00310059     
0.00303955     0.0029541     0.00281982     0.00270996     
0.00264893     0.00268555     0.00247803     0.00239258     
0.00230713     0.00230713     0.00217285     0.00216064     
0.00202637     0.0020874     0.00196533     0.0019165     
0.00198975     0.00197754     0.00183105     0.00181885     
0.0019043     0.00187988     0.00184326     0.00197754     
0.00196533     0.00197754     0.00203857     0.00200195     
0.00220947     0.00216064     0.00223389     0.00231934     
0.00238037     0.00236816     0.00245361     0.00238037     
0.00247803     0.00252686     0.00244141     0.00236816     
0.00246582     0.00224609     0.00230713     0.00223389     
0.00231934     0.00227051     0.00211182     0.00220947     
0.00217285     0.00229492     0.00216064     0.00216064     
0.00228271     0.00234375     0.00212402     0.00231934     
0.00229492     0.00229492     0.00223389     0.0020874     
0.00212402     0.00220947     0.00200195     0.00218506     
0.00197754     0.00200195     0.0020752     0.00205078     
0.0020752     0.00220947     0.00209961     0.00224609     
0.00236816     0.00245361     0.0024292     0.00249023     
0.00258789     0.00264893     0.00268555     0.00252686     
0.00264893     0.00256348     0.00241699     0.00245361     
0.00246582     0.00229492     0.00224609     0.00231934     
0.00230713     0.0022583     0.00220947     0.00218506     
0.00230713     0.00246582     0.00231934     0.00244141     
0.00247803     0.00246582     0.00236816     0.00251465     
0.00241699     0.0024292     0.0024292     0.00250244     
0.00244141     0.00253906     0.00253906     0.0026001     
0.00264893     0.00262451     0.00263672     0.0027832     
0.00268555     0.00272217     0.00256348     0.00251465     
0.00253906     0.00245361     0.00230713     0.00228271     
0.00212402     0.00212402     0.00195313     0.00192871     
0.00187988     0.00183105     0.00179443     0.00179443     
0.00178223     0.00170898     0.00169678     0.00170898     
0.00174561     0.00175781     0.00167236     0.00170898     
0.00180664     0.0017334     0.00175781     0.00170898     
0.00187988     0.00179443     0.00180664     0.00185547     
0.00185547     0.00187988     0.00168457     0.00177002     
0.00179443     0.00186768     0.00166016     0.00167236     
0.00180664     0.00175781     0.00166016     0.00178223     
0.0017334     0.00177002     0.00168457     0.0017334     
0.00178223     0.00186768     0.00170898     0.00185547     
0.00202637     0.00197754     0.00198975     0.00216064     
0.00224609     0.00236816     0.00244141     0.0026001     
0.00269775     0.00283203     0.0027832     0.00289307     
0.00305176     0.00305176     0.00300293     0.00302734     
0.00305176     0.00300293     0.00286865     0.00285645     
0.0027832     0.00268555     0.00249023     0.00246582     
0.00241699     0.00231934     0.00229492     0.0020752     
0.00209961     0.0020874     0.00200195     0.00200195     
0.00192871     0.0020874     0.00185547     0.0020752     
0.00197754     0.00205078     0.0020752     0.00224609     
0.00227051     0.00240479     0.0024292     0.00252686     
0.00270996     0.00285645     0.00280762     0.00297852     
0.00286865     0.00303955     0.00289307     0.00286865     
0.00284424     0.00273438     0.00262451     0.00245361     
0.00236816     0.00238037     0.00222168     0.00209961     
0.00214844     0.00218506     0.00198975     0.00195313     
0.0020874     0.00206299     0.00214844     0.00214844     
0.00234375     0.00231934     0.00234375     0.00241699     
0.00258789     0.00267334     0.00272217     0.00275879     
0.0029541     0.00296631     0.00296631     0.00296631     
0.00302734     0.00308838     0.00288086     0.00297852     
0.00289307     0.00292969     0.00272217     0.00266113     
0.00264893     0.00262451     0.00247803     0.00256348     
0.00258789     0.0026001     0.00263672     0.00263672     
0.00266113     0.00286865     0.00266113     0.00268555     
0.00267334     0.00267334     0.00252686     0.0024292     
0.00244141     0.00241699     0.00217285     0.00213623     
0.00205078     0.00194092     0.00183105     0.0017334     
0.00175781     0.00167236     0.00172119     0.00159912     
0.0017334     0.00170898     0.00169678     0.0017334     
0.00178223     0.00178223     0.00181885     0.00183105     
0.0019165     0.00186768     0.00183105     0.00177002     
0.00186768     0.00198975     0.0017334     0.00175781     
0.0017334     0.00180664     0.00179443     0.00187988     
0.00187988     0.00187988     0.00197754     0.00202637     
0.00214844     0.00222168     0.00213623     0.00224609     
0.00236816     0.00233154     0.00231934     0.00249023     
0.00230713     0.00250244     0.00239258     0.00245361     
0.00256348     0.00256348     0.00249023     0.00266113     
0.00266113     0.002771     0.00272217     0.00280762     
0.00285645     0.00280762     0.00281982     0.00275879     
0.00284424     0.00272217     0.00269775     0.00269775     
0.00264893     0.00266113     0.00256348     0.00253906     
0.00262451     0.0026001     0.00245361     0.00257568     
0.00268555     0.00267334     0.002771     0.00288086     
0.00294189     0.00302734     0.0029541     0.00319824     
0.00311279     0.00332031     0.00332031     0.00328369     
0.00339355     0.00340576     0.00322266     0.00322266     
0.00321045     0.00311279     0.00299072     0.00300293     
0.00288086     0.00284424     0.00266113     0.00269775     
0.00258789     0.00255127     0.00249023     0.00249023     
0.00253906     0.00249023     0.00241699     0.00244141     
0.00244141     0.00256348     0.00257568     0.00239258     
0.00264893     0.0026001     0.00262451     0.00249023     
0.00258789     0.00257568     0.00252686     0.00258789     
0.00267334     0.00266113     0.00266113     0.00267334     
0.00275879     0.00269775     0.00275879     0.00266113     
0.00272217     0.00272217     0.00257568     0.00264893     
0.0026001     0.0026001     0.00245361     0.00256348     
0.00250244     0.00249023     0.00236816     0.00249023     
0.00252686     0.00257568     0.0024292     0.00246582     
0.00257568     0.00253906     0.00246582     0.00249023     
0.00246582     0.00258789     0.00236816     0.00230713     
0.00239258     0.00246582     0.00229492     0.00236816     
0.00233154     0.0024292     0.00230713     0.00234375     
0.00247803     0.0024292     0.00250244     0.00241699     
0.00253906     0.00251465     0.00241699     0.00241699     
0.00251465     0.00244141     0.00245361     0.00245361     
0.00252686     0.00255127     0.00249023     0.0024292     
0.00250244     0.00241699     0.00238037     0.00241699     
0.00229492     0.00234375     0.0022583     0.0022583     
0.00228271     0.00244141     0.00227051     0.00224609     
0.00231934     0.00239258     0.00239258     0.00240479     
0.00244141     0.00244141     0.00240479     0.00241699     
0.00236816     0.00252686     0.0022583     0.00235596     
0.00234375     0.0022583     0.00213623     0.00214844     
0.00216064     0.00201416     0.00185547     0.00189209     
0.00180664     0.00181885     0.00169678     0.00163574     
0.00179443     0.00178223     0.00183105     0.00184326     
0.00192871     0.00206299     0.00197754     0.00197754     
0.00209961     0.00218506     0.00220947     0.00218506     
0.00230713     0.00230713     0.00234375     0.00223389     
0.00223389     0.00236816     0.00214844     0.00217285     
0.00219727     0.00222168     0.00198975     0.0020874     
0.00201416     0.00200195     0.00195313     0.00198975     
0.00194092     0.00213623     0.00197754     0.00201416     
0.00203857     0.00203857     0.00195313     0.00211182     
0.0020874     0.00216064     0.00200195     0.00201416     
0.00212402     0.00214844     0.0020752     0.00222168     
0.00220947     0.00230713     0.00220947     0.00229492     
0.00245361     0.00245361     0.00256348     0.00250244     
0.00266113     0.00255127     0.0024292     0.00250244     
0.00246582     0.00245361     0.00234375     0.00216064     
0.00219727     0.00217285     0.0019043     0.00181885     
0.00181885     0.00174561     0.0015625     0.0015625     
0.00152588     0.00152588     0.00129395     0.00147705     
0.00140381     0.00150146     0.00148926     0.00151367     
0.00159912     0.00168457     0.00162354     0.00169678     
0.00166016     0.00168457     0.00174561     0.00166016     
0.00172119     0.00183105     0.00161133     0.0017334     
0.00170898     0.00174561     0.00174561     0.00183105     
0.00180664     0.0019165     0.00179443     0.0019043     
0.00196533     0.00213623     0.00200195     0.00203857     
0.00219727     0.00214844     0.00214844     0.00219727     
0.00228271     0.00231934     0.00239258     0.00238037     
0.00245361     0.0024292     0.0024292     0.00235596     
0.00241699     0.00231934     0.00231934     0.00217285     
0.00229492     0.00223389     0.00205078     0.00218506     
0.00217285     0.00212402     0.00211182     0.00222168     
0.00228271     0.00233154     0.00230713     0.00240479     
0.00236816     0.00255127     0.00249023     0.00245361     
0.00256348     0.00244141     0.00229492     0.00240479     
0.00229492     0.00240479     0.00222168     0.00219727     
0.00219727     0.00214844     0.00216064     0.00218506     
0.00222168     0.00222168     0.00219727     0.00218506     
0.00222168     0.0022583     0.00230713     0.00230713     
0.00239258     0.00246582     0.00245361     0.00252686     
0.0026001     0.00270996     0.00273438     0.00270996     
0.00270996     0.00264893     0.00262451     0.00258789     
0.0026123     0.00247803     0.00239258     0.00229492     
0.00216064     0.00222168     0.00195313     0.00200195     
0.00186768     0.0019043     0.00169678     0.00169678     
0.0017334     0.0017334     0.00159912     0.0017334     
0.00170898     0.00166016     0.00168457     0.00164795     
0.00164795     0.00175781     0.00155029     0.00164795     
0.00155029     0.00147705     0.00144043     0.00148926     
0.00152588     0.00159912     0.00163574     0.00163574     
0.00163574     0.00174561     0.00177002     0.00185547     
0.00203857     0.00202637     0.00211182     0.00214844     
0.00233154     0.00231934     0.00235596     0.00246582     
0.00252686     0.00250244     0.00257568     0.0026123     
0.00266113     0.00255127     0.00247803     0.00244141     
0.00245361     0.00239258     0.0022583     0.00219727     
0.0020874     0.00200195     0.00179443     0.00194092     
0.00183105     0.00179443     0.00181885     0.00183105     
0.00187988     0.00196533     0.00189209     0.00194092     
0.00206299     0.00213623     0.00201416     0.00202637     
0.00195313     0.00196533     0.00186768     0.0017334     
0.00168457     0.00162354     0.00155029     0.00163574     
0.0015625     0.00161133     0.00166016     0.00183105     
0.0019043     0.00206299     0.00213623     0.00227051     
0.00244141     0.0024292     0.00250244     0.00247803     
0.00258789     0.0026123     0.00253906     0.00246582     
0.00246582     0.00239258     0.00222168     0.00213623     
0.00222168     0.00197754     0.00186768     0.00186768     
0.00179443     0.00185547     0.00162354     0.00170898     
0.00177002     0.00183105     0.00185547     0.00187988     
0.00205078     0.00212402     0.00205078     0.00227051     
0.00230713     0.00238037     0.00240479     0.00246582     
0.00245361     0.00247803     0.00231934     0.00233154     
0.00228271     0.00229492     0.00219727     0.00220947     
0.00218506     0.0020874     0.00201416     0.0020874     
0.00202637     0.0020752     0.00198975     0.00194092     
0.00211182     0.00214844     0.00209961     0.00209961     
0.00217285     0.00220947     0.00214844     0.00214844     
0.00224609     0.00222168     0.00213623     0.00219727     
0.00228271     0.00217285     0.00217285     0.00201416     
0.00217285     0.00216064     0.00206299     0.00197754     
0.00198975     0.00218506     0.00189209     0.00200195     
0.00201416     0.00203857     0.00198975     0.00206299     
0.00202637     0.00217285     0.00205078     0.00214844     
0.00219727     0.00228271     0.00223389     0.00235596     
0.00217285     0.00228271     0.00219727     0.0022583     
0.00218506     0.00218506     0.00202637     0.00198975     
0.00198975     0.00195313     0.00174561     0.00172119     
0.00166016     0.00161133     0.00162354     0.00147705     
0.00162354     0.00153809     0.0015625     0.00153809     
0.00166016     0.00157471     0.00169678     0.00161133     
0.00177002     0.00180664     0.0019043     0.00200195     
0.00213623     0.00212402     0.00228271     0.00238037     
0.0024292     0.00264893     0.00262451     0.00285645     
0.00292969     0.00300293     0.00294189     0.00305176     
0.00314941     0.00303955     0.00292969     0.00301514     
0.00284424     0.00270996     0.00266113     0.00247803     
0.00240479     0.00240479     0.00219727     0.00220947     
0.00223389     0.00222168     0.00211182     0.00220947     
0.00230713     0.0024292     0.00235596     0.00244141     
0.00251465     0.00258789     0.00262451     0.00255127     
0.00258789     0.00267334     0.00257568     0.00244141     
0.00251465     0.00253906     0.00236816     0.00229492     
0.00233154     0.00230713     0.00220947     0.00211182     
0.0020874     0.00202637     0.00200195     0.00181885     
0.00183105     0.00180664     0.00164795     0.00168457     
0.00161133     0.00158691     0.00144043     0.00155029     
0.00144043     0.00147705     0.00142822     0.00150146     
0.00144043     0.00150146     0.00145264     0.00148926     
0.00155029     0.00161133     0.00157471     0.00162354     
0.00170898     0.00174561     0.00169678     0.00177002     
0.00183105     0.00179443     0.00179443     0.00177002     
0.00179443     0.00181885     0.00169678     0.00170898     
0.00179443     0.00180664     0.00179443     0.00195313     
0.0020752     0.00194092     0.00205078     0.0020752     
0.00219727     0.00219727     0.00222168     0.00219727     
0.00219727     0.00213623     0.0020752     0.00198975     
0.00217285     0.00198975     0.00196533     0.00200195     
0.00202637     0.00201416     0.00198975     0.0020752     
0.00206299     0.00222168     0.00211182     0.00218506     
0.0022583     0.00211182     0.00206299     0.0020752     
0.00198975     0.00187988     0.00186768     0.00180664     
0.00172119     0.00170898     0.00150146     0.00159912     
0.00155029     0.00152588     0.0015625     0.00155029     
0.00164795     0.00166016     0.00162354     0.00175781     
0.00180664     0.00196533     0.0019043     0.00196533     
0.0020752     0.00218506     0.00219727     0.00228271     
0.00233154     0.00236816     0.00223389     0.00223389     
0.00228271     0.00218506     0.00202637     0.0019043     
0.00186768     0.00175781     0.00164795     0.00150146     
0.00145264     0.00153809     0.00123291     0.00136719     
0.00141602     0.00152588     0.00134277     0.0015625     
0.00163574     0.00169678     0.00169678     0.00175781     
0.00189209     0.00202637     0.00206299     0.00213623     
0.00219727     0.00223389     0.00206299     0.00222168     
0.00214844     0.00219727     0.00200195     0.00198975     
0.0020874     0.00206299     0.0019165     0.00195313     
0.00196533     0.0019165     0.00174561     0.00192871     
0.00192871     0.00189209     0.00192871     0.00194092     
0.00203857     0.00205078     0.0020874     0.00214844     
0.00214844     0.00223389     0.0022583     0.00209961     
0.00205078     0.0020874     0.00203857     0.0019165     
0.00205078     0.00186768     0.00183105     0.00195313     
0.0019043     0.0020874     0.00202637     0.00224609     
0.00218506     0.00235596     0.00220947     0.00229492     
0.0022583     0.00228271     0.00229492     0.00223389     
0.00211182     0.00213623     0.00200195     0.00194092     
0.00186768     0.00189209     0.00158691     0.00167236     
0.00152588     0.00153809     0.00142822     0.00136719     
0.00137939     0.0013916     0.00134277     0.00133057     
0.00131836     0.00147705     0.00144043     0.00136719     
0.00145264     0.00141602     0.00146484     0.00145264     
0.0015625     0.00155029     0.00140381     0.00150146     
0.00158691     0.00150146     0.00169678     0.00167236     
0.00177002     0.00175781     0.00189209     0.00177002     
0.00196533     0.0020752     0.00198975     0.00211182     
0.00211182     0.00224609     0.00217285     0.00228271     
0.00229492     0.0022583     0.00224609     0.00218506     
0.00213623     0.00220947     0.00203857     0.00198975     
0.00202637     0.00194092     0.00180664     0.00186768     
0.00163574     0.00174561     0.00166016     0.00159912     
0.00163574     0.00168457     0.00169678     0.00172119     
0.00175781     0.00183105     0.00179443     0.00194092     
0.00202637     0.00202637     0.00218506     0.0020752     
0.00224609     0.00213623     0.00216064     0.00219727     
0.00216064     0.00212402     0.00206299     0.0019165     
0.00189209     0.00175781     0.0015625     0.00146484     
0.00142822     0.00124512     0.00119629     0.00109863     
0.00119629     0.00128174     0.00111084     0.00117188     
0.00123291     0.00133057     0.00126953     0.00131836     
0.00140381     0.00141602     0.00137939     0.00137939     
0.00130615     0.00131836     0.00125732     0.0012085     
0.00115967     0.00125732     0.00112305     0.0012207     
0.00123291     0.00134277     0.00146484     0.00152588     
0.00170898     0.00184326     0.00178223     0.00198975     
0.00213623     0.00224609     0.00217285     0.00220947     
0.00234375     0.00227051     0.00218506     0.00222168     
0.00222168     0.00218506     0.00217285     0.00222168     
0.00223389     0.00219727     0.00216064     0.00211182     
0.00218506     0.00218506     0.00218506     0.0020752     
0.00212402     0.00209961     0.00196533     0.00203857     
0.00195313     0.00203857     0.00186768     0.0019165     
0.00189209     0.00180664     0.00183105     0.00181885     
0.00184326     0.00192871     0.00181885     0.00184326     
0.00197754     0.00198975     0.00192871     0.00201416     
0.00196533     0.00205078     0.0019043     0.0019043     
0.0019165     0.00187988     0.00178223     0.00172119     
0.00167236     0.00170898     0.00166016     0.00168457     
0.00177002     0.00169678     0.00166016     0.00172119     
0.00178223     0.00179443     0.00181885     0.00187988     
0.00187988     0.00189209     0.0019165     0.00189209     
0.00198975     0.00196533     0.00196533     0.00197754     
0.00213623     0.00206299     0.00211182     0.00222168     
0.00222168     0.00233154     0.00223389     0.00230713     
0.00234375     0.00238037     0.00212402     0.0020752     
0.0020752     0.00197754     0.00186768     0.00170898     
0.00161133     0.0015625     0.00144043     0.0013916     
0.00142822     0.00141602     0.00125732     0.00140381     
0.00137939     0.00142822     0.00155029     0.00148926     
0.0015625     0.00170898     0.0015625     0.00175781     
0.00179443     0.00175781     0.00162354     0.00164795     
0.00172119     0.00161133     0.00155029     0.00146484     
0.00144043     0.00136719     0.0012085     0.00123291     
0.00124512     0.00111084     0.00118408     0.00114746     
0.00131836     0.00126953     0.00129395     0.00133057     
0.00152588     0.00168457     0.00161133     0.00179443     
0.00183105     0.00192871     0.00184326     0.00195313     
0.0019165     0.00194092     0.00187988     0.00172119     
0.00189209     0.00186768     0.00166016     0.00172119     
0.00184326     0.00185547     0.00170898     0.0019165     
0.00186768     0.00195313     0.00180664     0.00181885     
0.00184326     0.00189209     0.00175781     0.00170898     
0.00166016     0.00163574     0.0015625     0.00152588     
0.00155029     0.00148926     0.00148926     0.00151367     
0.00155029     0.00144043     0.00130615     0.00135498     
0.0013916     0.0013916     0.00131836     0.0012207     
0.00134277     0.00125732     0.00125732     0.00131836     
0.00153809     0.00150146     0.00155029     0.00167236     
0.00177002     0.00187988     0.00183105     0.00194092     
0.00197754     0.00212402     0.00201416     0.00200195     
0.00213623     0.0020874     0.0020752     0.00214844     
0.00214844     0.00223389     0.00222168     0.00227051     
0.00233154     0.00241699     0.00234375     0.00250244     
0.00247803     0.00245361     0.00247803     0.00251465     
0.00252686     0.00256348     0.00238037     0.00240479     
0.00236816     0.00235596     0.00219727     0.00203857     
0.00217285     0.00202637     0.0019043     0.00183105     
0.00194092     0.00189209     0.00189209     0.00185547     
0.0019043     0.00200195     0.00187988     0.00181885     
0.0019165     0.00185547     0.00184326     0.00177002     
0.00169678     0.00174561     0.00147705     0.00157471     
0.00159912     0.00164795     0.00135498     0.00150146     
0.00150146     0.00151367     0.00147705     0.00145264     
0.00155029     0.00163574     0.00152588     0.00153809     
0.00163574     0.00158691     0.00151367     0.00153809     
0.00150146     0.00157471     0.00142822     0.00141602     
0.00150146     0.00140381     0.00141602     0.00147705     
0.00141602     0.0015625     0.00155029     0.00159912     
0.00172119     0.00166016     0.00170898     0.00168457     
0.00175781     0.00178223     0.00169678     0.00178223     
0.00181885     0.00174561     0.00166016     0.00167236     
0.00175781     0.00169678     0.00162354     0.00167236     
0.00169678     0.00155029     0.00157471     0.00153809     
0.00147705     0.00157471     0.00146484     0.00155029     
0.00142822     0.0015625     0.00142822     0.00148926     
0.0015625     0.00153809     0.00144043     0.00155029     
0.00161133     0.00159912     0.00146484     0.00147705     
0.00140381     0.00153809     0.00128174     0.00136719     
0.00126953     0.00119629     0.00119629     0.00117188     
0.0012085     0.00130615     0.0012085     0.00133057     
0.00142822     0.00157471     0.00145264     0.00146484     
0.00157471     0.00155029     0.00167236     0.00153809     
0.00161133     0.00157471     0.00145264     0.0013916     
0.00142822     0.00133057     0.00131836     0.0012085     
0.00136719     0.00134277     0.00133057     0.00123291     
0.0013916     0.00152588     0.00147705     0.00157471     
0.00168457     0.00178223     0.00164795     0.00174561     
0.0017334     0.00175781     0.00178223     0.00164795     
0.00164795     0.00161133     0.00137939     0.00134277     
0.00130615     0.00118408     0.00108643     0.00111084     
0.0010498     0.00113525     0.00102539     0.00101318     
0.0012085     0.00117188     0.00125732     0.00133057     
0.00145264     0.00157471     0.00150146     0.00161133     
0.0017334     0.00175781     0.00175781     0.00174561     
0.00183105     0.00180664     0.00174561     0.00166016     
0.00178223     0.00158691     0.00159912     0.00158691     
0.00159912     0.00158691     0.00150146     0.00168457     
0.00177002     0.00172119     0.00174561     0.00187988     
0.00192871     0.00203857     0.00192871     0.00213623     
0.00214844     0.0022583     0.00220947     0.00228271     
0.00239258     0.00245361     0.00230713     0.00236816     
0.00244141     0.00238037     0.00231934     0.00224609     
0.00218506     0.00222168     0.00200195     0.00196533     
0.00196533     0.00195313     0.00184326     0.00180664     
0.00181885     0.00185547     0.00178223     0.00180664     
0.00184326     0.00203857     0.00205078     0.00184326     
0.00198975     0.00196533     0.00200195     0.00195313     
0.00205078     0.00213623     0.00197754     0.00201416     
0.00214844     0.00206299     0.00212402     0.0020752     
0.00213623     0.00209961     0.00214844     0.00206299     
0.00206299     0.0020874     0.00195313     0.00198975     
0.00187988     0.0019165     0.00174561     0.00177002     
0.00164795     0.00166016     0.00155029     0.00166016     
0.00167236     0.0017334     0.00164795     0.00172119     
0.00174561     0.00187988     0.00185547     0.00185547     
0.00185547     0.00200195     0.00195313     0.0019165     
0.00205078     0.00200195     0.00187988     0.00186768     
0.0019043     0.00187988     0.00180664     0.0019165     
0.00185547     0.0017334     0.00170898     0.00177002     
0.00181885     0.00161133     0.00161133     0.00167236     
0.00163574     0.00150146     0.00152588     0.00153809     
0.00161133     0.00167236     0.00163574     0.00161133     
0.0017334     0.0017334     0.00168457     0.00172119     
0.00181885     0.0019165     0.0017334     0.00177002     
0.00177002     0.00187988     0.00167236     0.00163574     
0.00172119     0.00172119     0.00158691     0.00157471     
0.00151367     0.0015625     0.00158691     0.00146484     
0.00144043     0.00157471     0.00148926     0.00164795     
0.00159912     0.00163574     0.00168457     0.00172119     
0.00179443     0.00186768     0.00175781     0.00184326     
0.00183105     0.00185547     0.00180664     0.00170898     
0.00172119     0.00159912     0.00150146     0.0015625     
0.00152588     0.00145264     0.00141602     0.00141602     
0.00158691     0.00151367     0.00153809     0.00166016     
0.00170898     0.00168457     0.00168457     0.00162354     
0.00167236     0.00164795     0.00152588     0.00155029     
0.00147705     0.0015625     0.00142822     0.00140381     
0.0013916     0.0013916     0.00141602     0.00144043     
0.00147705     0.00147705     0.00144043     0.00148926     
0.00153809     0.00158691     0.00155029     0.00174561     
0.00177002     0.00181885     0.00175781     0.00179443     
0.00186768     0.00189209     0.00183105     0.00175781     
0.00170898     0.00170898     0.00150146     0.00141602     
0.00157471     0.00137939     0.00144043     0.00144043     
0.00157471     0.00155029     0.00153809     0.00172119     
0.00180664     0.00185547     0.00194092     0.00203857     
0.00212402     0.00220947     0.00218506     0.00218506     
0.00231934     0.00219727     0.00222168     0.00238037     
0.00234375     0.00233154     0.0022583     0.00230713     
0.00227051     0.00223389     0.00205078     0.00197754     
0.00196533     0.00177002     0.00168457     0.00157471     
0.00151367     0.00145264     0.00136719     0.00130615     
0.00126953     0.00131836     0.00102539     0.00115967     
0.0012207     0.00123291     0.00125732     0.00125732     
0.00136719     0.00144043     0.00146484     0.00157471     
0.00172119     0.00189209     0.00180664     0.00184326     
0.0020752     0.00203857     0.0020752     0.00206299     
0.00214844     0.00214844     0.00203857     0.00200195     
0.00211182     0.0019043     0.00189209     0.00178223     
0.00175781     0.00175781     0.00163574     0.00155029     
0.00166016     0.00163574     0.00146484     0.0015625     
0.00153809     0.00168457     0.0015625     0.00164795     
0.00169678     0.00169678     0.00166016     0.00167236     
0.00172119     0.00180664     0.00169678     0.00174561     
0.00186768     0.00189209     0.0017334     0.00185547     
0.00186768     0.00200195     0.00184326     0.0019165     
0.00187988     0.00184326     0.00174561     0.00167236     
0.00159912     0.00153809     0.00141602     0.00142822     
0.00134277     0.00131836     0.00124512     0.00117188     
0.00133057     0.00135498     0.00136719     0.00141602     
0.00152588     0.00172119     0.00177002     0.0017334     
0.0019043     0.00200195     0.00200195     0.0020752     
0.00220947     0.00222168     0.00219727     0.00233154     
0.00229492     0.00244141     0.00236816     0.00246582     
0.00231934     0.00231934     0.00220947     0.00223389     
0.00219727     0.00206299     0.00181885     0.00184326     
0.00163574     0.00159912     0.00145264     0.00129395     
0.00129395     0.00136719     0.00117188     0.00135498     
0.0012085     0.0012207     0.00111084     0.00111084     
0.00111084     0.00112305     0.00108643     0.00108643     
0.00109863     0.0010498     0.00098877     0.000976563     
0.00107422     0.000939941     0.00100098     0.000964355     
0.0010498     0.00112305     0.00111084     0.0012085     
0.00136719     0.00137939     0.00137939     0.00145264     
0.0015625     0.00135498     0.0013916     0.00124512     
0.0012085     0.0012207     0.00100098     0.000939941     
0.000830078     0.00090332     0.000732422     0.000842285     
0.000866699     0.00098877     0.0010498     0.00118408     
0.00136719     0.0015625     0.00155029     0.00172119     
0.00186768     0.00195313     0.00200195     0.0020752     
0.00192871     0.0020874     0.00189209     0.00195313     
0.00186768     0.00185547     0.00170898     0.00158691     
0.00147705     0.00137939     0.00114746     0.00114746     
0.00109863     0.00101318     0.000976563     0.000891113     
0.00101318     0.000854492     0.000854492     0.000854492     
0.000854492     0.000952148     0.000964355     0.00106201     
0.00117188     0.00119629     0.00119629     0.00128174     
0.00146484     0.00144043     0.00146484     0.00153809     
0.00157471     0.00164795     0.00151367     0.00153809     
0.00158691     0.00166016     0.0015625     0.00161133     
0.00174561     0.00164795     0.0015625     0.00157471     
0.00161133     0.00167236     0.00159912     0.00164795     
0.00170898     0.00175781     0.00163574     0.0017334     
0.00168457     0.00174561     0.00158691     0.00168457     
0.00162354     0.00163574     0.00146484     0.00152588     
0.00157471     0.00169678     0.00152588     0.00148926     
0.00162354     0.00153809     0.00162354     0.00162354     
0.00167236     0.00170898     0.0017334     0.00184326     
0.00189209     0.0019043     0.00184326     0.00178223     
0.00184326     0.0017334     0.00166016     0.00157471     
0.00164795     0.00168457     0.0013916     0.00142822     
0.00135498     0.00140381     0.0012207     0.00134277     
0.00133057     0.00133057     0.00124512     0.00118408     
0.00128174     0.00140381     0.0012207     0.00131836     
0.00145264     0.00144043     0.00129395     0.00135498     
0.00135498     0.00140381     0.0012085     0.00125732     
0.00130615     0.00115967     0.00102539     0.00111084     
0.0010498     0.00113525     0.00098877     0.000976563     
0.00101318     0.000891113     0.000842285     0.00078125     
0.000878906     0.00078125     0.000744629     0.00078125     
0.000817871     0.000842285     0.000793457     0.000915527     
0.000952148     0.00100098     0.00100098     0.00102539     
0.00114746     0.00102539     0.00109863     0.00112305     
0.00113525     0.00125732     0.00114746     0.00134277     
0.00124512     0.0013916     0.00140381     0.00133057     
0.00142822     0.00147705     0.00140381     0.00158691     
0.00148926     0.0015625     0.00157471     0.00168457     
0.00158691     0.00180664     0.00168457     0.00175781     
0.00179443     0.00172119     0.00175781     0.00170898     
0.00175781     0.00178223     0.00159912     0.00157471     
0.00152588     0.00145264     0.00129395     0.00113525     
0.00111084     0.00107422     0.0010498     0.00090332     
0.00098877     0.000866699     0.000866699     0.000952148     
0.00108643     0.00111084     0.0010498     0.00119629     
0.00133057     0.00137939     0.00140381     0.00134277     
0.00142822     0.00155029     0.00142822     0.00153809     
0.00146484     0.00145264     0.00137939     0.00141602     
0.00135498     0.00133057     0.00128174     0.00125732     
0.00131836     0.00130615     0.00123291     0.00134277     
0.00140381     0.00145264     0.00146484     0.00155029     
0.00161133     0.00172119     0.00150146     0.00148926     
0.00169678     0.0015625     0.00142822     0.00157471     
0.00140381     0.00141602     0.00123291     0.00131836     
0.00129395     0.00119629     0.00124512     0.0012085     
0.00136719     0.00129395     0.00135498     0.00141602     
0.00148926     0.00163574     0.00168457     0.00167236     
0.00185547     0.00185547     0.00185547     0.00186768     
0.00201416     0.00194092     0.00196533     0.00196533     
0.00196533     0.00187988     0.00174561     0.00174561     
0.00168457     0.00167236     0.00148926     0.00151367     
0.00152588     0.00145264     0.00140381     0.00148926     
0.00150146     0.00167236     0.00163574     0.00181885     
0.00194092     0.00197754     0.00178223     0.00202637     
0.00205078     0.00201416     0.00200195     0.00184326     
0.00185547     0.00172119     0.00157471     0.00152588     
0.00137939     0.00144043     0.00133057     0.00131836     
0.00141602     0.00145264     0.00152588     0.00151367     
0.00164795     0.00192871     0.00194092     0.00205078     
0.00217285     0.00219727     0.00222168     0.0020752     
0.00227051     0.00218506     0.00209961     0.0020874     
0.00212402     0.0020874     0.00189209     0.00198975     
0.00194092     0.00202637     0.00184326     0.00185547     
0.00194092     0.00185547     0.00181885     0.00174561     
0.00185547     0.0019165     0.00181885     0.00172119     
0.00172119     0.00164795     0.00140381     0.00144043     
0.00131836     0.00144043     0.00126953     0.00113525     
0.00128174     0.00123291     0.00117188     0.00118408     
0.0012085     0.00115967     0.00107422     0.0012207     
0.00124512     0.00113525     0.00118408     0.0012207     
0.00129395     0.00130615     0.00135498     0.0013916     
0.00147705     0.00145264     0.00159912     0.00161133     
0.00172119     0.00175781     0.00180664     0.00175781     
0.00183105     0.00166016     0.00167236     0.00158691     
0.00150146     0.00159912     0.00144043     0.00147705     
0.0013916     0.00142822     0.00144043     0.00148926     
0.00157471     0.00163574     0.00158691     0.0017334     
0.00170898     0.00187988     0.00175781     0.00185547     
0.00203857     0.00209961     0.0019043     0.0020752     
0.0020874     0.0020874     0.00202637     0.00198975     
0.0019165     0.0019043     0.00179443     0.00174561     
0.0017334     0.00172119     0.0015625     0.00146484     
0.0015625     0.00155029     0.00150146     0.00137939     
0.00144043     0.00142822     0.00140381     0.00133057     
0.0013916     0.0013916     0.00130615     0.00129395     
0.00141602     0.00130615     0.00137939     0.00136719     
0.00150146     0.00157471     0.00151367     0.00157471     
0.0015625     0.00172119     0.00155029     0.00168457     
0.00177002     0.00172119     0.0017334     0.00179443     
0.00172119     0.00174561     0.00166016     0.00157471     
0.00159912     0.0015625     0.00148926     0.00163574     
0.00151367     0.00164795     0.0015625     0.00159912     
0.00175781     0.0017334     0.00169678     0.00179443     
0.00175781     0.00177002     0.00166016     0.00158691     
0.00159912     0.00147705     0.00128174     0.0012085     
0.00128174     0.00117188     0.00098877     0.00107422     
0.00106201     0.0010376     0.00108643     0.00112305     
0.00128174     0.0012207     0.00118408     0.0012207     
0.0013916     0.00126953     0.00130615     0.00130615     
0.00135498     0.00140381     0.00133057     0.00134277     
0.00137939     0.00145264     0.00133057     0.00140381     
0.00144043     0.00140381     0.00134277     0.00130615     
0.0013916     0.00150146     0.00141602     0.0013916     
0.00148926     0.00152588     0.00137939     0.00141602     
0.00146484     0.00137939     0.0013916     0.00140381     
0.00145264     0.00141602     0.00129395     0.00142822     
0.00140381     0.00150146     0.00145264     0.00146484     
0.00168457     0.00161133     0.00172119     0.0017334     
0.00181885     0.00183105     0.00175781     0.00177002     
0.00175781     0.00159912     0.00151367     0.00141602     
0.00144043     0.00136719     0.00136719     0.00124512     
0.00133057     0.00133057     0.00119629     0.00124512     
0.00124512     0.00125732     0.00118408     0.00128174     
0.00133057     0.00125732     0.0012085     0.00115967     
0.00115967     0.00131836     0.00112305     0.00112305     
0.00123291     0.00118408     0.00114746     0.00119629     
0.00117188     0.00128174     0.00119629     0.0012207     
0.00130615     0.00129395     0.00128174     0.00126953     
0.00129395     0.00136719     0.00128174     0.00125732     
0.00140381     0.00133057     0.00125732     0.00126953     
0.00129395     0.00124512     0.00125732     0.0012207     
0.0012207     0.00125732     0.00115967     0.00111084     
0.00123291     0.0012207     0.00111084     0.00111084     
0.00114746     0.00107422     0.00112305     0.00112305     
0.00111084     0.0012207     0.0010498     0.00119629     
0.00115967     0.00123291     0.0012085     0.00128174     
0.00136719     0.00134277     0.0013916     0.00144043     
0.00144043     0.00153809     0.00151367     0.00163574     
0.00159912     0.00170898     0.0015625     0.00170898     
0.0019165     0.00184326     0.00174561     0.00180664     
0.00201416     0.00202637     0.00202637     0.00220947     
0.00217285     0.00234375     0.00235596     0.00234375     
0.00244141     0.00246582     0.00236816     0.00235596     
0.00235596     0.00223389     0.00203857     0.00197754     
0.00185547     0.00183105     0.00164795     0.00158691     
0.00158691     0.00141602     0.00146484     0.00131836     
0.00135498     0.00141602     0.00136719     0.00142822     
0.0013916     0.00150146     0.00125732     0.00141602     
0.00144043     0.00146484     0.00155029     0.00161133     
0.00153809     0.00177002     0.00178223     0.00184326     
0.00196533     0.0020874     0.00201416     0.00230713     
0.00228271     0.00235596     0.00223389     0.00224609     
0.00240479     0.00230713     0.00218506     0.00216064     
0.00216064     0.00201416     0.00195313     0.0019043     
0.00189209     0.00183105     0.00179443     0.0017334     
0.00174561     0.00172119     0.00166016     0.00166016     
0.00164795     0.00164795     0.00166016     0.00158691     
0.00163574     0.0017334     0.00168457     0.00169678     
0.00179443     0.00177002     0.0017334     0.00181885     
0.00183105     0.00187988     0.00184326     0.00181885     
0.00181885     0.0019165     0.00177002     0.00168457     
0.00184326     0.00179443     0.00164795     0.00169678     
0.00164795     0.00166016     0.00163574     0.00164795     
0.00164795     0.00161133     0.00150146     0.00157471     
0.00147705     0.00145264     0.00155029     0.00155029     
0.00153809     0.00157471     0.00150146     0.00158691     
0.00162354     0.00170898     0.00163574     0.00163574     
0.00181885     0.0017334     0.00168457     0.00159912     
0.00172119     0.00168457     0.00151367     0.00148926     
0.00155029     0.00151367     0.00142822     0.00134277     
0.00148926     0.00145264     0.00150146     0.00144043     
0.00150146     0.00172119     0.00155029     0.00168457     
0.00180664     0.00192871     0.0019165     0.00206299     
0.00202637     0.00202637     0.0020752     0.00212402     
0.00213623     0.00212402     0.00198975     0.0019165     
0.0019165     0.00178223     0.00148926     0.00153809     
0.00133057     0.00144043     0.00123291     0.00108643     
0.00119629     0.00118408     0.00109863     0.00112305     
0.00117188     0.00123291     0.00124512     0.00136719     
0.00141602     0.00131836     0.00137939     0.00137939     
0.00147705     0.00144043     0.00148926     0.00153809     
0.00150146     0.00155029     0.00158691     0.00157471     
0.00169678     0.00162354     0.00167236     0.00164795     
0.00185547     0.00168457     0.0017334     0.00172119     
0.00174561     0.00178223     0.0015625     0.00174561     
0.00155029     0.00152588     0.00136719     0.0012207     
0.00134277     0.00114746     0.00108643     0.00112305     
0.0010498     0.000964355     0.000952148     0.000842285     
0.0010376     0.00109863     0.000964355     0.00112305     
0.00115967     0.00109863     0.00123291     0.0012207     
0.00133057     0.00129395     0.00124512     0.00125732     
0.00119629     0.0012085     0.00109863     0.0010376     
0.00101318     0.00098877     0.00078125     0.000695801     
0.000708008     0.000720215     0.000598145     0.000512695     
0.000622559     0.000585938     0.000708008     0.00078125     
0.000842285     0.000939941     0.00108643     0.0010376     
0.00117188     0.00126953     0.0012207     0.00131836     
0.00130615     0.00141602     0.00134277     0.00136719     
0.00131836     0.00136719     0.00123291     0.00130615     
0.00131836     0.00131836     0.00123291     0.00128174     
0.0013916     0.00144043     0.00136719     0.00152588     
0.0015625     0.00157471     0.00162354     0.00159912     
0.00169678     0.00174561     0.00162354     0.00168457     
0.00170898     0.00164795     0.00153809     0.00167236     
0.00162354     0.00158691     0.00155029     0.00150146     
0.00157471     0.00146484     0.00142822     0.0013916     
0.00137939     0.00131836     0.00131836     0.0012207     
0.0012085     0.00113525     0.00111084     0.00106201     
0.00108643     0.000952148     0.000939941     0.000939941     
0.00098877     0.00102539     0.000927734     0.00108643     
0.00100098     0.00123291     0.00115967     0.00126953     
0.00135498     0.00146484     0.00142822     0.00155029     
0.00158691     0.00163574     0.00163574     0.00155029     
0.00148926     0.00159912     0.00124512     0.00134277     
0.00118408     0.00107422     0.000964355     0.000817871     
0.000805664     0.000805664     0.000671387     0.000744629     
0.000732422     0.000915527     0.000915527     0.000915527     
0.0010498     0.00115967     0.00107422     0.00107422     
0.00112305     0.00115967     0.0010376     0.000939941     
0.00090332     0.000842285     0.000695801     0.000610352     
0.000634766     0.000537109     0.000476074     0.000378418     
0.000463867     0.000537109     0.000500488     0.00057373     
0.000683594     0.000695801     0.000610352     0.000805664     
0.000744629     0.00078125     0.000805664     0.000805664     
0.000878906     0.00098877     0.000842285     0.000866699     
0.00100098     0.000976563     0.000927734     0.0010376     
0.00107422     0.00123291     0.00119629     0.00125732     
0.00141602     0.00135498     0.00124512     0.00135498     
0.0013916     0.00153809     0.00140381     0.00137939     
0.00140381     0.00140381     0.0013916     0.0013916     
0.00140381     0.00142822     0.00150146     0.00148926     
0.00146484     0.00152588     0.0013916     0.00140381     
0.00141602     0.00135498     0.00131836     0.00131836     
0.00133057     0.00115967     0.00115967     0.00118408     
0.00114746     0.00123291     0.00119629     0.00130615     
0.00137939     0.00144043     0.00136719     0.00141602     
0.00155029     0.00162354     0.00155029     0.00158691     
0.00158691     0.00155029     0.0013916     0.00133057     
0.00128174     0.00125732     0.000976563     0.0010376     
0.000891113     0.000878906     0.000891113     0.000805664     
0.000793457     0.000952148     0.000769043     0.000817871     
0.000830078     0.000854492     0.000708008     0.000646973     
0.000769043     0.000598145     0.000549316     0.000439453     
0.000463867     0.00045166     0.000341797     0.000305176     
0.000390625     0.000280762     0.000378418     0.000390625     
0.000476074     0.000390625     0.000463867     0.000427246     
0.000549316     0.000524902     0.000488281     0.000561523     
0.000476074     0.000549316     0.000427246     0.000476074     
0.00057373     0.000500488     0.000488281     0.000488281     
0.000561523     0.000695801     0.000537109     0.000646973     
0.000732422     0.000817871     0.000805664     0.000939941     
0.00090332     0.00118408     0.0010376     0.0010376     
0.00123291     0.0012207     0.00113525     0.00118408     
0.00115967     0.00123291     0.00106201     0.00107422     
0.00113525     0.00107422     0.00115967     0.00124512     
0.00133057     0.00134277     0.00147705     0.0015625     
0.00166016     0.00183105     0.00177002     0.00187988     
0.00201416     0.00195313     0.00198975     0.00201416     
0.00205078     0.00198975     0.00198975     0.00195313     
0.00203857     0.00200195     0.00186768     0.00198975     
0.00187988     0.00194092     0.00179443     0.00172119     
0.00170898     0.00169678     0.00157471     0.00150146     
0.00141602     0.00150146     0.00136719     0.00142822     
0.00133057     0.00142822     0.00124512     0.00134277     
0.00131836     0.00136719     0.00128174     0.00124512     
0.00141602     0.00145264     0.00124512     0.00135498     
0.00144043     0.00144043     0.00135498     0.00128174     
0.00141602     0.00135498     0.00140381     0.00123291     
0.00131836     0.00137939     0.00130615     0.00130615     
0.0013916     0.00137939     0.00136719     0.00148926     
0.00155029     0.00155029     0.00159912     0.00172119     
0.00172119     0.0017334     0.00159912     0.00162354     
0.00152588     0.00161133     0.00147705     0.0013916     
0.00136719     0.00140381     0.00131836     0.00125732     
0.00124512     0.00135498     0.00145264     0.00150146     
0.0015625     0.00161133     0.00167236     0.00185547     
0.00177002     0.00200195     0.00195313     0.00196533     
0.00200195     0.00189209     0.00185547     0.00186768     
0.00186768     0.00184326     0.00170898     0.00184326     
0.00178223     0.00166016     0.00163574     0.00159912     
0.00167236     0.00158691     0.00158691     0.00158691     
0.00159912     0.00159912     0.00159912     0.00151367     
0.00153809     0.00159912     0.00157471     0.00157471     
0.00172119     0.00166016     0.00158691     0.00174561     
0.00169678     0.00181885     0.00170898     0.00177002     
0.00175781     0.00178223     0.00168457     0.00164795     
0.00181885     0.00178223     0.00172119     0.0019165     
0.00180664     0.00184326     0.00177002     0.00187988     
0.00175781     0.00192871     0.0017334     0.00180664     
0.00167236     0.00168457     0.00158691     0.00142822     
0.00152588     0.00148926     0.00134277     0.00136719     
0.00130615     0.00131836     0.00124512     0.00128174     
0.00130615     0.00126953     0.0012207     0.00123291     
0.00123291     0.00115967     0.0012207     0.00117188     
0.00125732     0.00115967     0.00117188     0.00118408     
0.00129395     0.00129395     0.00135498     0.00133057     
0.00148926     0.00164795     0.00150146     0.0015625     
0.00155029     0.00157471     0.00146484     0.00152588     
0.00142822     0.00141602     0.00142822     0.00147705     
0.00144043     0.00157471     0.00153809     0.00161133     
0.00175781     0.0017334     0.00161133     0.00172119     
0.00168457     0.00169678     0.00152588     0.00147705     
0.00147705     0.00147705     0.00131836     0.0013916     
0.00136719     0.00135498     0.00129395     0.0013916     
0.00137939     0.00140381     0.00147705     0.00146484     
0.00152588     0.00151367     0.00163574     0.00155029     
0.00169678     0.00170898     0.00166016     0.00168457     
0.0017334     0.00167236     0.00159912     0.00153809     
0.00167236     0.00136719     0.00123291     0.00124512     
0.0010376     0.0010376     0.000891113     0.000927734     
0.000939941     0.000976563     0.00102539     0.00102539     
0.0012207     0.00123291     0.0012085     0.00130615     
0.0013916     0.00146484     0.00140381     0.00131836     
0.00133057     0.00135498     0.00113525     0.00119629     
0.00117188     0.00098877     0.00106201     0.00102539     
0.00109863     0.00111084     0.0010376     0.00114746     
0.00123291     0.00137939     0.00136719     0.00129395     
0.00145264     0.00142822     0.00134277     0.00130615     
0.0013916     0.00119629     0.00124512     0.00129395     
0.00133057     0.0012085     0.00128174     0.00129395     
0.00124512     0.00128174     0.00129395     0.00124512     
0.00129395     0.00136719     0.00135498     0.00124512     
0.00119629     0.00133057     0.00118408     0.00133057     
0.00135498     0.00131836     0.00128174     0.00129395     
0.00146484     0.00157471     0.0015625     0.00162354     
0.00172119     0.00174561     0.00177002     0.00189209     
0.00180664     0.00197754     0.00179443     0.00186768     
0.00194092     0.00186768     0.00179443     0.00180664     
0.00178223     0.00185547     0.00177002     0.00178223     
0.00187988     0.00175781     0.00185547     0.00187988     
0.00187988     0.00187988     0.00196533     0.00194092     
0.00196533     0.00198975     0.0019165     0.00187988     

