Source : transient; Time : Wed Jun 14 06:20:43 2017
B0 = 3720.000000 Gauss, mw = 9.686280 GHz
 NDI-T2 sa261 20/2 42/25 523nm/1mJ
1 5000 -1.001e-06 8.997e-06 0 0
s                        V                                                 
8.54492e-05     0.000280762     0.00032959     0.000354004     
0.000280762     0.000354004     0.000341797     0.000390625     
0.000231934     0.000305176     0.000354004     0.000305176     
0.000146484     0.000183105     0.000195313     1.2207e-05     
-1.2207e-05     -9.76563e-05     -1.2207e-05     -0.000183105     
-0.000231934     -0.000305176     -0.000170898     -0.000390625     
-0.000317383     -0.000390625     -0.000341797     -0.000268555     
-0.00032959     -0.000378418     -0.000244141     -0.000134277     
-0.00020752     -0.00020752     -6.10352e-05     0     
-0.000170898     1.2207e-05     3.66211e-05     0.00012207     
-9.76563e-05     0.000109863     0.00012207     0.000134277     
7.32422e-05     0.000158691     0.000256348     0.000109863     
0.000109863     0.000146484     0.000317383     0.000292969     
0.000183105     0.000268555     0.00032959     0.000256348     
6.10352e-05     0.000195313     6.10352e-05     1.2207e-05     
-7.32422e-05     -0.000268555     -0.000390625     -0.000439453     
-0.000610352     -0.00065918     -0.000537109     -0.000598145     
-0.000622559     -0.000561523     -0.000390625     -0.000402832     
-0.000317383     -0.000256348     0     0     
9.76563e-05     0.000158691     0.000268555     0.000256348     
0.00020752     0.000292969     0.000402832     0.000378418     
0.000219727     0.000280762     0.00032959     0.000195313     
2.44141e-05     3.66211e-05     0     0.000134277     
-8.54492e-05     -0.00012207     -0.000109863     -0.00012207     
-0.00020752     -0.000183105     -9.76563e-05     -0.000170898     
-0.000231934     -0.00020752     -0.00012207     -0.000170898     
-0.000317383     -0.000305176     -0.000231934     -0.00012207     
-0.000219727     -0.000170898     -4.88281e-05     1.2207e-05     
-0.000134277     -2.44141e-05     8.54492e-05     7.32422e-05     
0     -6.10352e-05     8.54492e-05     -7.32422e-05     
-6.10352e-05     -0.000219727     -0.000146484     -0.000427246     
-0.00032959     -0.000488281     -0.000415039     -0.000537109     
-0.000524902     -0.000585938     -0.000354004     -0.000292969     
-0.000317383     -0.00020752     -7.32422e-05     0     
0     0.000183105     0.000354004     0.000354004     
0.000354004     0.000476074     0.000524902     0.000512695     
0.000439453     0.00045166     0.000622559     0.000610352     
0.000561523     0.000500488     0.000634766     0.00065918     
0.000549316     0.000622559     0.000744629     0.000708008     
0.000585938     0.000720215     0.000634766     0.000646973     
0.000561523     0.00065918     0.00065918     0.000671387     
0.000561523     0.000537109     0.000598145     0.000561523     
0.000537109     0.000585938     0.000695801     0.000585938     
0.000549316     0.000500488     0.000708008     0.000549316     
0.00045166     0.000500488     0.00065918     0.000476074     
0.000439453     0.000402832     0.000415039     0.000280762     
0.00012207     8.54492e-05     6.10352e-05     -2.44141e-05     
-0.000231934     -0.000305176     -0.000354004     -0.00032959     
-0.00057373     -0.000524902     -0.000341797     -0.000280762     
-0.000415039     -0.000158691     -3.66211e-05     2.44141e-05     
4.88281e-05     0.000219727     0.000292969     0.000305176     
0.00020752     0.000244141     0.000292969     0.000231934     
7.32422e-05     0.000183105     0.00020752     0.00020752     
0.000158691     0.00020752     0.000341797     0.000354004     
0.000390625     0.000378418     0.000634766     0.000610352     
0.000610352     0.000500488     0.000634766     0.000463867     
0.000415039     0.000195313     0.000427246     0.000280762     
0.00020752     8.54492e-05     0.000183105     0.000170898     
0.000109863     0.00012207     0.000170898     0.000134277     
0     1.2207e-05     6.10352e-05     1.2207e-05     
-0.000134277     2.44141e-05     -3.66211e-05     3.66211e-05     
-7.32422e-05     -0.000146484     -7.32422e-05     0     
-0.000134277     -0.000183105     -7.32422e-05     -7.32422e-05     
-0.000146484     -6.10352e-05     1.2207e-05     8.54492e-05     
-3.66211e-05     0.000183105     0.00032959     0.00032959     
0.000378418     0.000402832     0.000524902     0.000671387     
0.000561523     0.000622559     0.000732422     0.000634766     
0.000610352     0.000390625     0.000512695     0.00032959     
0.000280762     0.000158691     0.00020752     7.32422e-05     
1.2207e-05     -9.76563e-05     2.44141e-05     -6.10352e-05     
-9.76563e-05     -0.000109863     2.44141e-05     3.66211e-05     
0     3.66211e-05     9.76563e-05     0.00012207     
0.00012207     0.000183105     0.00032959     0.00032959     
0.00020752     0.00032959     0.000427246     0.000341797     
0.000195313     0.000219727     0.000280762     0.000146484     
6.10352e-05     3.66211e-05     -2.44141e-05     -3.66211e-05     
-0.000231934     -0.000219727     -8.54492e-05     0     
-0.000256348     -0.000183105     -2.44141e-05     -7.32422e-05     
-0.000158691     -3.66211e-05     7.32422e-05     -1.2207e-05     
3.66211e-05     6.10352e-05     0.000231934     0.000146484     
0.00020752     0.000219727     0.000463867     0.000341797     
0.000354004     0.000366211     0.000463867     0.000268555     
0.000134277     1.2207e-05     0.000195313     -8.54492e-05     
-0.000219727     -0.000268555     -0.000439453     -0.000476074     
-0.000683594     -0.000585938     -0.000476074     -0.000537109     
-0.000585938     -0.00045166     -0.000402832     -0.000280762     
-0.000341797     -0.000231934     -0.000109863     -1.2207e-05     
-0.000134277     -0.000219727     -4.88281e-05     -0.000183105     
-0.000317383     -0.000292969     -0.000317383     -0.000378418     
-0.000561523     -0.000463867     -0.000463867     -0.000537109     
-0.000512695     -0.00045166     -0.000256348     -0.000292969     
-0.00032959     -0.000183105     -8.54492e-05     -8.54492e-05     
-6.10352e-05     -0.000183105     0     -4.88281e-05     
-2.44141e-05     -0.000183105     -1.2207e-05     -9.76563e-05     
-8.54492e-05     -0.000183105     -1.2207e-05     -6.10352e-05     
-8.54492e-05     -0.000146484     -0.00012207     -0.000158691     
-0.000231934     -0.000146484     0     -0.00012207     
-0.000195313     -0.000195313     -0.000256348     -0.000109863     
-0.000354004     -0.000292969     -0.000183105     -0.000317383     
-0.000415039     -0.000244141     -0.00020752     -0.000256348     
-0.000195313     -0.000195313     -9.76563e-05     6.10352e-05     
0     -6.10352e-05     -1.2207e-05     3.66211e-05     
-0.00012207     -7.32422e-05     0     8.54492e-05     
-9.76563e-05     -3.66211e-05     -0.000109863     -0.000158691     
-0.000244141     -0.000317383     -9.76563e-05     -0.000219727     
-0.000268555     -0.000280762     -9.76563e-05     -0.000146484     
-3.66211e-05     4.88281e-05     0.000134277     0.000170898     
0.00020752     0.00020752     0.000390625     0.000305176     
0.000195313     0.000244141     0.000280762     0.000244141     
6.10352e-05     0.000109863     0.000146484     0.00012207     
0     0.000134277     0.00012207     0.000146484     
0.000134277     9.76563e-05     9.76563e-05     0.00012207     
7.32422e-05     3.66211e-05     9.76563e-05     7.32422e-05     
0     4.88281e-05     2.44141e-05     9.76563e-05     
-8.54492e-05     -6.10352e-05     1.2207e-05     -3.66211e-05     
-0.000158691     -0.000146484     -0.000170898     -0.000219727     
-0.000317383     -0.000219727     -0.000219727     -0.000183105     
-0.000158691     -0.000134277     2.44141e-05     4.88281e-05     
-2.44141e-05     -7.32422e-05     0.000183105     8.54492e-05     
4.88281e-05     0     0.000134277     -2.44141e-05     
9.76563e-05     6.10352e-05     0.000195313     0.00032959     
0.000268555     0.000341797     0.000561523     0.00057373     
0.000512695     0.000585938     0.000549316     0.000524902     
0.000292969     0.000292969     0.000244141     2.44141e-05     
-0.000268555     -0.00032959     -0.000231934     -0.000390625     
-0.000549316     -0.000537109     -0.000463867     -0.000439453     
-0.000537109     -0.000476074     -0.00045166     -0.000549316     
-0.000683594     -0.000695801     -0.000671387     -0.000817871     
-0.0010498     -0.000939941     -0.000854492     -0.000952148     
-0.00101318     -0.00101318     -0.000720215     -0.00078125     
-0.000720215     -0.000561523     -0.000244141     -0.000231934     
-0.000183105     -8.54492e-05     0.000183105     0.000134277     
6.10352e-05     0.000109863     0.000305176     0.000183105     
-2.44141e-05     2.44141e-05     0     -6.10352e-05     
-0.000134277     -0.000158691     -0.000170898     -0.000170898     
-0.000195313     -0.000109863     -0.000183105     0     
-0.000109863     -2.44141e-05     2.44141e-05     0.000146484     
0.000170898     0.000134277     0.00032959     0.000341797     
0.000195313     0.000366211     0.00045166     0.000488281     
0.000524902     0.000744629     0.000964355     0.0012207     
0.00136719     0.00172119     0.00227051     0.00267334     
0.00301514     0.00334473     0.00408936     0.00438232     
0.00480957     0.0052002     0.0057373     0.00615234     
0.00654297     0.00682373     0.00743408     0.00771484     
0.00808105     0.00855713     0.00909424     0.009375     
0.00986328     0.0102417     0.0107666     0.0112305     
0.0115479     0.0119751     0.0125122     0.0128418     
0.0131836     0.0136353     0.0141235     0.0146484     
0.0148438     0.0154297     0.015918     0.016333     
0.0167603     0.0171509     0.0176636     0.0179321     
0.0183105     0.0188232     0.0192017     0.0196289     
0.0198486     0.0202637     0.0205933     0.0209595     
0.0211426     0.0214478     0.021875     0.0219849     
0.0222168     0.0224854     0.0227417     0.0229126     
0.0232666     0.0235107     0.023999     0.0241699     
0.0244629     0.0248047     0.0253052     0.0255127     
0.0259521     0.0262817     0.0267578     0.027063     
0.027356     0.0276611     0.0281616     0.0283569     
0.0286133     0.0288696     0.0292358     0.0294678     
0.0297363     0.0299316     0.0303223     0.0304932     
0.0306152     0.0309082     0.0311401     0.0314331     
0.0314331     0.0318237     0.0320068     0.0322388     
0.0324341     0.032666     0.0330444     0.033313     
0.0334229     0.0337891     0.034021     0.0342896     
0.0342285     0.0345459     0.0347168     0.0348389     
0.0348389     0.0348755     0.0349609     0.035022     
0.0351196     0.035022     0.0352539     0.0353516     
0.0355713     0.0355835     0.0358887     0.0359619     
0.0360962     0.0361816     0.0365845     0.0365967     
0.0366577     0.0366943     0.0370117     0.0370117     
0.0370605     0.0371338     0.0373779     0.0375854     
0.0375854     0.0377563     0.0379395     0.0379883     
0.038147     0.0383057     0.0384521     0.0387329     
0.0385742     0.0388794     0.0390015     0.0391235     
0.0391235     0.0391357     0.0393066     0.0392822     
0.0392578     0.0392944     0.0392822     0.0392212     
0.0391357     0.0390991     0.0391479     0.0390747     
0.0388184     0.038855     0.038855     0.0388916     
0.0386597     0.0387573     0.0388306     0.0386719     
0.038623     0.0385742     0.0387695     0.0385376     
0.0385986     0.0384766     0.038623     0.0384644     
0.0384644     0.0382324     0.0383057     0.038269     
0.0381836     0.0380249     0.0382568     0.0381836     
0.0380371     0.0380371     0.0381592     0.0380005     
0.0379028     0.0378662     0.0378906     0.037854     
0.0375732     0.037561     0.037439     0.0374023     
0.0371216     0.0371216     0.0370972     0.0369385     
0.0367554     0.0365845     0.0366943     0.0365723     
0.0363037     0.0363281     0.0362671     0.0362061     
0.0359985     0.0359375     0.0358765     0.0358032     
0.0355957     0.0355103     0.0354126     0.0353271     
0.0351807     0.0349854     0.0349609     0.0347656     
0.0346069     0.0343872     0.0344116     0.0342041     
0.0340942     0.0338013     0.0339478     0.033667     
0.0335205     0.0333984     0.0334595     0.0332397     
0.0331055     0.0330322     0.0330688     0.0329102     
0.0327026     0.0327026     0.0327515     0.0326538     
0.032373     0.0323486     0.0322876     0.0323242     
0.0319946     0.0320557     0.0319702     0.0318115     
0.0316406     0.0315918     0.0315186     0.0311768     
0.0309448     0.0308716     0.0306885     0.0305664     
0.0302979     0.030188     0.0300659     0.0298828     
0.0296143     0.0296387     0.0295776     0.0294312     
0.0291016     0.0290161     0.0289917     0.028772     
0.0285645     0.0282959     0.0282959     0.028125     
0.0279297     0.0277222     0.0276855     0.0273438     
0.0271729     0.0269897     0.0269287     0.0266602     
0.0264282     0.0261841     0.0261963     0.0259155     
0.0257324     0.025647     0.0255371     0.025354     
0.0252075     0.0251221     0.0251587     0.024939     
0.024646     0.024646     0.0244873     0.0244995     
0.0242676     0.024231     0.0241699     0.0240112     
0.0239136     0.0237061     0.023645     0.0235718     
0.0232056     0.0231567     0.0231201     0.0230347     
0.0227051     0.0226685     0.0226074     0.0224487     
0.02229     0.0221436     0.0221558     0.0219849     
0.0217285     0.0216431     0.021582     0.0213013     
0.021106     0.0209839     0.0209473     0.0207642     
0.0206055     0.0205322     0.0206299     0.0204224     
0.0203003     0.0201904     0.0202759     0.0201294     
0.0200684     0.0199585     0.0199463     0.0199707     
0.0197266     0.0196411     0.0196045     0.0194702     
0.0192261     0.0191162     0.0190308     0.0188965     
0.0185425     0.0184937     0.0183838     0.0181641     
0.0178223     0.017749     0.0178589     0.0176025     
0.0174194     0.0174561     0.0174683     0.0174316     
0.0172485     0.0172485     0.0172974     0.0172974     
0.017041     0.0170532     0.0170898     0.0170044     
0.0168701     0.0167725     0.0167725     0.0166382     
0.0165649     0.0163696     0.0165405     0.0163452     
0.0162476     0.0161499     0.0161987     0.0160156     
0.0161011     0.0159668     0.0160034     0.0158936     
0.0158447     0.0158691     0.0159912     0.0158569     
0.0157837     0.0158447     0.0158447     0.0158203     
0.0157104     0.0156738     0.0157593     0.0156738     
0.0155151     0.0154785     0.0153931     0.0153809     
0.0151611     0.0152344     0.0151001     0.0150879     
0.014978     0.014856     0.0149536     0.014978     
0.0148315     0.0147705     0.0147949     0.0147705     
0.0145752     0.0146362     0.014563     0.0144897     
0.0143677     0.0143799     0.0143555     0.0142212     
0.0141724     0.0141113     0.0141602     0.0140015     
0.0139526     0.013916     0.0139893     0.0139771     
0.0138794     0.0137207     0.0139404     0.0138306     
0.0137207     0.0137817     0.0138916     0.0137329     
0.0137207     0.0136597     0.0138184     0.0138428     
0.0137085     0.0138184     0.0140381     0.0140381     
0.0140259     0.0141113     0.0141602     0.0143555     
0.014209     0.0143555     0.014502     0.0145752     
0.0145264     0.014624     0.0147705     0.0147705     
0.0148071     0.0149292     0.0151245     0.0151733     
0.0151489     0.0152588     0.0152466     0.0153564     
0.0151978     0.0152344     0.0153442     0.0151245     
0.0149902     0.0150269     0.0149292     0.0147949     
0.0147461     0.0145264     0.0147705     0.0147217     
0.0146606     0.0146729     0.014856     0.0147461     
0.0148438     0.0147705     0.0149658     0.0149902     
0.014978     0.0150146     0.0151245     0.0150513     
0.0150269     0.0150757     0.0150635     0.0151245     
0.014978     0.0149414     0.0151123     0.0151367     
0.0149536     0.0151367     0.0152222     0.015271     
0.0151611     0.0151978     0.0153198     0.0154663     
0.0153931     0.0153687     0.0155762     0.0156006     
0.0155029     0.0156128     0.0156006     0.0157227     
0.0155273     0.0156982     0.0157471     0.0157471     
0.0157227     0.0158203     0.0159424     0.0159668     
0.0159668     0.0159424     0.016333     0.0162109     
0.0163818     0.0163574     0.0165283     0.0165649     
0.0165283     0.0165527     0.0168091     0.0167114     
0.016626     0.016626     0.016748     0.0165649     
0.0165161     0.0165527     0.0165771     0.0165649     
0.0165405     0.016626     0.0166504     0.016626     
0.0166382     0.0167358     0.0167725     0.0168579     
0.0167358     0.0168701     0.0168579     0.0167603     
0.0166748     0.0167358     0.0168945     0.0167847     
0.0166382     0.0166992     0.0168213     0.0169434     
0.0167847     0.0169067     0.01698     0.0171143     
0.017041     0.0170776     0.0172119     0.0171753     
0.0170532     0.017041     0.0171021     0.0170166     
0.01698     0.0167969     0.0169922     0.0167725     
0.0167114     0.0166504     0.0168213     0.0166138     
0.0166504     0.0166382     0.0167114     0.0166138     
0.016626     0.016626     0.0168457     0.016748     
0.016748     0.0168091     0.0168701     0.0169434     
0.0168701     0.0170044     0.0171875     0.0172363     
0.0171143     0.0172729     0.0172974     0.0174438     
0.0172485     0.0172974     0.0172852     0.0172607     
0.0171875     0.0170166     0.0171387     0.0170532     
0.0167236     0.0166748     0.0167725     0.0168213     
0.0165771     0.0167603     0.0168701     0.0169434     
0.0169312     0.0170776     0.0172974     0.0174316     
0.0174194     0.0174805     0.0176025     0.0175903     
0.0176514     0.0175171     0.0176025     0.0175903     
0.0174683     0.0172974     0.0174561     0.0172852     
0.0171631     0.0170654     0.0172241     0.0170898     
0.017041     0.01698     0.0169922     0.0170166     
0.0169067     0.0169678     0.0170288     0.0170166     
0.0169434     0.01698     0.0169922     0.0169067     
0.0167114     0.0167114     0.016748     0.0166748     
0.0164429     0.0164063     0.0164307     0.0163696     
0.0162109     0.0162842     0.0163208     0.0163574     
0.0162231     0.0163086     0.016333     0.0163696     
0.0161621     0.0162476     0.0162964     0.016272     
0.0161133     0.0161255     0.0160889     0.015918     
0.0158203     0.0156616     0.0157959     0.0155273     
0.0153931     0.0153076     0.0154053     0.01521     
0.0151367     0.0151001     0.01521     0.0151978     
0.0151245     0.0150391     0.0151611     0.0150391     
0.014917     0.0149658     0.0149902     0.0149414     
0.0147827     0.0146118     0.0145752     0.014502     
0.014209     0.0140869     0.0140869     0.0139893     
0.0136841     0.0134521     0.0134033     0.013269     
0.0129883     0.0128784     0.012854     0.0127197     
0.0124756     0.0125122     0.0124878     0.0123779     
0.0122925     0.0123657     0.0123657     0.0124023     
0.0123779     0.012439     0.0124756     0.0125488     
0.012439     0.012439     0.0125366     0.012439     
0.0123779     0.0121948     0.0122681     0.0121094     
0.0119263     0.0117676     0.0118408     0.0117676     
0.0115845     0.011499     0.0115967     0.0115112     
0.011438     0.0114502     0.0115356     0.0115234     
0.011377     0.0113525     0.011438     0.0113647     
0.0112793     0.0113281     0.0113892     0.011377     
0.0112061     0.0113159     0.0112915     0.0113403     
0.0111328     0.0111572     0.0111694     0.0111328     
0.0109497     0.0110107     0.0108521     0.01073     
0.0106445     0.0105591     0.0104736     0.0104614     
0.010144     0.0101196     0.0101196     0.0100342     
0.00991211     0.00991211     0.0100342     0.00996094     
0.00994873     0.00991211     0.010144     0.0100464     
0.00998535     0.00999756     0.0101685     0.00991211     
0.00996094     0.00987549     0.0098999     0.00985107     
0.00980225     0.00969238     0.00991211     0.0098877     
0.0097168     0.009729     0.00979004     0.00970459     
0.00964355     0.0097168     0.00966797     0.00969238     
0.00957031     0.00958252     0.00942383     0.00933838     
0.00911865     0.00910645     0.0090332     0.00891113     
0.00871582     0.00853271     0.00860596     0.00856934     
0.00828857     0.00839844     0.00842285     0.00847168     
0.00834961     0.00841064     0.00842285     0.00848389     
0.00852051     0.00849609     0.00859375     0.0085083     
0.00841064     0.00839844     0.00853271     0.00847168     
0.00844727     0.00837402     0.0085083     0.0085083     
0.00854492     0.00847168     0.00875244     0.00864258     
0.00861816     0.00866699     0.00875244     0.00865479     
0.0085083     0.00855713     0.00864258     0.00842285     
0.00823975     0.00830078     0.00834961     0.0083374     
0.00817871     0.00809326     0.0081543     0.00811768     
0.00792236     0.00802002     0.00806885     0.00811768     
0.0079834     0.00803223     0.0081665     0.00820313     
0.00809326     0.0081665     0.0081665     0.00819092     
0.00811768     0.00810547     0.00812988     0.00804443     
0.00786133     0.00788574     0.00794678     0.00797119     
0.00776367     0.0078125     0.00789795     0.00778809     
0.00770264     0.00773926     0.00789795     0.00776367     
0.00773926     0.00780029     0.0078125     0.00772705     
0.00769043     0.00769043     0.00777588     0.00773926     
0.00758057     0.00769043     0.00780029     0.00767822     
0.00762939     0.00771484     0.00772705     0.00777588     
0.00780029     0.00778809     0.00789795     0.00789795     
0.00778809     0.00791016     0.00792236     0.00787354     
0.00784912     0.00792236     0.00791016     0.0078125     
0.00787354     0.00775146     0.00772705     0.00777588     
0.00761719     0.00762939     0.00767822     0.00767822     
0.00759277     0.00767822     0.00777588     0.00784912     
0.00787354     0.00799561     0.00811768     0.00827637     
0.00822754     0.00828857     0.00844727     0.00842285     
0.00853271     0.00843506     0.00855713     0.00847168     
0.0083252     0.00822754     0.0083374     0.00826416     
0.00811768     0.00808105     0.0081543     0.00803223     
0.00795898     0.00791016     0.00799561     0.00802002     
0.0079834     0.00800781     0.00809326     0.00814209     
0.00808105     0.00821533     0.00831299     0.00845947     
0.0083252     0.00842285     0.00860596     0.00865479     
0.00856934     0.0086792     0.0088623     0.00883789     
0.00882568     0.00888672     0.009021     0.00894775     
0.00891113     0.00887451     0.00900879     0.00905762     
0.00889893     0.00891113     0.00897217     0.00899658     
0.0088501     0.00889893     0.00900879     0.00905762     
0.00906982     0.0090332     0.00928955     0.00927734     
0.00925293     0.00931396     0.00946045     0.00943604     
0.00935059     0.009375     0.00941162     0.00928955     
0.00925293     0.00913086     0.00922852     0.00913086     
0.009021     0.00899658     0.00900879     0.00881348     
0.00876465     0.00875244     0.00889893     0.0088623     
0.00870361     0.00894775     0.00894775     0.00900879     
0.00897217     0.0092041     0.00935059     0.00943604     
0.009375     0.00938721     0.00961914     0.00961914     
0.00941162     0.00953369     0.00952148     0.00965576     
0.00948486     0.00946045     0.00943604     0.00943604     
0.009375     0.00931396     0.00932617     0.00941162     
0.00914307     0.00911865     0.0092041     0.00899658     
0.00891113     0.0088501     0.00888672     0.00881348     
0.00880127     0.00870361     0.00889893     0.00871582     
0.0086792     0.00856934     0.00869141     0.00859375     
0.0085083     0.00852051     0.00853271     0.00855713     
0.00848389     0.00852051     0.00876465     0.00870361     
0.00876465     0.00883789     0.00894775     0.00911865     
0.00895996     0.009021     0.00916748     0.00917969     
0.00905762     0.00910645     0.00921631     0.00913086     
0.00897217     0.0090332     0.00905762     0.00910645     
0.0090332     0.00899658     0.0090332     0.0090332     
0.00891113     0.00894775     0.00899658     0.00898438     
0.00883789     0.0088501     0.00889893     0.00880127     
0.00870361     0.00856934     0.00878906     0.00861816     
0.00847168     0.00844727     0.00854492     0.00844727     
0.00845947     0.00838623     0.00864258     0.00870361     
0.00853271     0.00854492     0.0088501     0.00882568     
0.00871582     0.00882568     0.00882568     0.00877686     
0.00864258     0.00865479     0.00860596     0.00847168     
0.00830078     0.00842285     0.00827637     0.00825195     
0.0081665     0.00828857     0.0083252     0.00823975     
0.00820313     0.0081543     0.00828857     0.00823975     
0.00803223     0.00802002     0.00802002     0.00800781     
0.00775146     0.0078125     0.00784912     0.00776367     
0.00773926     0.00775146     0.00783691     0.00788574     
0.00786133     0.00780029     0.00802002     0.00797119     
0.00799561     0.00799561     0.00811768     0.00802002     
0.00799561     0.00784912     0.00803223     0.00797119     
0.00773926     0.00773926     0.00782471     0.0076416     
0.00759277     0.00754395     0.00751953     0.00755615     
0.00739746     0.00750732     0.00750732     0.00753174     
0.00749512     0.00750732     0.00759277     0.00782471     
0.00755615     0.0076416     0.00770264     0.00770264     
0.00765381     0.00760498     0.0078125     0.00769043     
0.00760498     0.00767822     0.0076416     0.0076416     
0.00755615     0.00776367     0.00776367     0.00777588     
0.00770264     0.00770264     0.00778809     0.00769043     
0.00744629     0.00756836     0.00755615     0.00736084     
0.00725098     0.00709229     0.00718994     0.00701904     
0.00693359     0.00688477     0.0069458     0.00684814     
0.00686035     0.00675049     0.00689697     0.00679932     
0.00683594     0.00683594     0.00708008     0.00706787     
0.00697021     0.00715332     0.00723877     0.00723877     
0.00712891     0.00732422     0.00739746     0.00731201     
0.00718994     0.00731201     0.00715332     0.00712891     
0.00703125     0.00699463     0.00692139     0.00682373     
0.00667725     0.00644531     0.00651855     0.00645752     
0.00615234     0.00612793     0.00612793     0.00604248     
0.00592041     0.00582275     0.00577393     0.00577393     
0.00552979     0.00554199     0.00559082     0.00546875     
0.00532227     0.00527344     0.00539551     0.00526123     
0.00522461     0.00505371     0.00523682     0.00511475     
0.00505371     0.00493164     0.00513916     0.00510254     
0.00491943     0.00494385     0.00515137     0.00499268     
0.00501709     0.00499268     0.00510254     0.00515137     
0.00512695     0.00501709     0.0052002     0.00524902     
0.00522461     0.00531006     0.00534668     0.00540771     
0.0052124     0.00535889     0.00546875     0.00544434     
0.00528564     0.00535889     0.00546875     0.00534668     
0.0052002     0.00528564     0.00527344     0.00523682     
0.00515137     0.00512695     0.00518799     0.00524902     
0.00506592     0.00526123     0.00539551     0.00533447     
0.00529785     0.00534668     0.00541992     0.00527344     
0.00528564     0.00522461     0.00529785     0.00509033     
0.0050293     0.00484619     0.00501709     0.00477295     
0.00467529     0.00471191     0.0046875     0.00463867     
0.00466309     0.00458984     0.00482178     0.00469971     
0.00465088     0.00479736     0.00480957     0.00478516     
0.00474854     0.00480957     0.00487061     0.00478516     
0.00467529     0.00488281     0.00489502     0.00478516     
0.00463867     0.00460205     0.00460205     0.00450439     
0.00438232     0.00428467     0.00437012     0.00429688     
0.00413818     0.00412598     0.00413818     0.00411377     
0.00408936     0.00415039     0.00423584     0.00430908     
0.00424805     0.0043335     0.00449219     0.00441895     
0.00440674     0.00445557     0.00463867     0.00454102     
0.00454102     0.0045166     0.00460205     0.00452881     
0.00452881     0.00444336     0.00471191     0.00462646     
0.0046875     0.00449219     0.00467529     0.00465088     
0.00469971     0.00469971     0.00487061     0.00493164     
0.00480957     0.00495605     0.00505371     0.00509033     
0.00507813     0.00518799     0.0052002     0.00534668     
0.00516357     0.00527344     0.00540771     0.00533447     
0.00513916     0.0052002     0.00532227     0.00500488     
0.0050415     0.00496826     0.00494385     0.00487061     
0.00476074     0.00480957     0.0048584     0.00498047     
0.00474854     0.0048584     0.00500488     0.00493164     
0.00489502     0.0050293     0.00513916     0.00506592     
0.0050415     0.00499268     0.0052124     0.00511475     
0.00501709     0.00495605     0.00509033     0.00501709     
0.00495605     0.00498047     0.0050415     0.00491943     
0.00487061     0.00488281     0.00501709     0.00495605     
0.00491943     0.00490723     0.00490723     0.00482178     
0.00474854     0.00471191     0.00474854     0.00477295     
0.00458984     0.00463867     0.00460205     0.00463867     
0.00449219     0.00450439     0.00456543     0.00466309     
0.00465088     0.00472412     0.0048584     0.00490723     
0.00487061     0.0050293     0.0052124     0.00528564     
0.0052124     0.00541992     0.00549316     0.00550537     
0.00554199     0.00557861     0.00566406     0.00579834     
0.0057373     0.00571289     0.00594482     0.00595703     
0.00605469     0.00606689     0.00632324     0.00637207     
0.0064209     0.00639648     0.00654297     0.00645752     
0.00637207     0.00635986     0.00645752     0.00637207     
0.00633545     0.00620117     0.00622559     0.00611572     
0.00594482     0.0059082     0.00596924     0.00585938     
0.0057373     0.00577393     0.00581055     0.00594482     
0.00568848     0.00582275     0.00593262     0.00604248     
0.00595703     0.00598145     0.00603027     0.00615234     
0.00612793     0.00614014     0.00629883     0.00643311     
0.00623779     0.00638428     0.00643311     0.00643311     
0.00632324     0.00640869     0.00648193     0.00638428     
0.00623779     0.00623779     0.00628662     0.00614014     
0.00605469     0.00592041     0.00610352     0.00592041     
0.00587158     0.00584717     0.00599365     0.00578613     
0.00587158     0.00583496     0.00594482     0.005896     
0.00585938     0.00574951     0.00584717     0.00568848     
0.00549316     0.00559082     0.0055542     0.00556641     
0.00552979     0.00548096     0.00566406     0.00563965     
0.00545654     0.00563965     0.00566406     0.0057251     
0.00567627     0.00577393     0.005896     0.00588379     
0.00585938     0.00593262     0.00614014     0.00615234     
0.00599365     0.00609131     0.00621338     0.00621338     
0.00603027     0.00609131     0.00601807     0.00604248     
0.00587158     0.00582275     0.00579834     0.00577393     
0.00559082     0.00560303     0.0057373     0.00566406     
0.00566406     0.00546875     0.00563965     0.00559082     
0.00548096     0.00533447     0.0055542     0.00532227     
0.00533447     0.0052002     0.00523682     0.00517578     
0.00509033     0.00496826     0.00516357     0.00510254     
0.0050415     0.00511475     0.00517578     0.00522461     
0.00517578     0.00522461     0.00540771     0.00544434     
0.00526123     0.00549316     0.00556641     0.0055542     
0.00540771     0.00566406     0.00571289     0.00557861     
0.0055542     0.00556641     0.00545654     0.00543213     
0.00524902     0.00522461     0.00526123     0.00522461     
0.00506592     0.00506592     0.00513916     0.00509033     
0.00494385     0.0050293     0.00517578     0.00513916     
0.00511475     0.00500488     0.00522461     0.00512695     
0.00510254     0.00500488     0.00516357     0.00494385     
0.00498047     0.00487061     0.00495605     0.00484619     
0.00480957     0.0048584     0.00493164     0.00489502     
0.00488281     0.00487061     0.00495605     0.00498047     
0.00487061     0.00489502     0.00489502     0.00491943     
0.00474854     0.00476074     0.00466309     0.00479736     
0.00450439     0.00450439     0.00460205     0.00449219     
0.00439453     0.00439453     0.00446777     0.00437012     
0.00415039     0.0041748     0.00423584     0.00421143     
0.00406494     0.00408936     0.00410156     0.00413818     
0.00407715     0.00408936     0.0041748     0.00429688     
0.00418701     0.00426025     0.00441895     0.0043457     
0.00428467     0.00415039     0.00424805     0.00421143     
0.00412598     0.00393066     0.00413818     0.00404053     
0.00395508     0.00402832     0.00423584     0.00423584     
0.00429688     0.00438232     0.00450439     0.00463867     
0.00457764     0.00466309     0.00484619     0.00489502     
0.00477295     0.00487061     0.00484619     0.00491943     
0.00463867     0.00471191     0.00473633     0.00469971     
0.0045166     0.00454102     0.00452881     0.00438232     
0.00427246     0.0041748     0.00410156     0.00413818     
0.00397949     0.00379639     0.00380859     0.00374756     
0.00356445     0.00354004     0.0036377     0.00341797     
0.00332031     0.00334473     0.00343018     0.00325928     
0.0032959     0.00313721     0.00335693     0.00323486     
0.00322266     0.00327148     0.00339355     0.0032959     
0.00338135     0.00335693     0.00344238     0.00343018     
0.00345459     0.00345459     0.00351563     0.00334473     
0.00319824     0.00323486     0.00317383     0.00311279     
0.00290527     0.0027832     0.002771     0.00268555     
0.00246582     0.00250244     0.0024292     0.00249023     
0.00240479     0.00244141     0.00239258     0.00246582     
0.00255127     0.00252686     0.0027832     0.00286865     
0.00283203     0.00296631     0.00308838     0.00321045     
0.00323486     0.00324707     0.00332031     0.00340576     
0.00333252     0.00333252     0.00334473     0.00345459     
0.00325928     0.0032959     0.00344238     0.00335693     
0.00341797     0.00330811     0.00349121     0.0034668     
0.003479     0.00349121     0.00374756     0.00355225     
0.00343018     0.00343018     0.00351563     0.00344238     
0.00339355     0.00334473     0.003479     0.00345459     
0.00338135     0.00340576     0.003479     0.00351563     
0.00340576     0.00355225     0.00360107     0.00367432     
0.00344238     0.0036499     0.00366211     0.00371094     
0.00360107     0.00368652     0.00374756     0.00377197     
0.0036499     0.00372314     0.00368652     0.00375977     
0.00351563     0.00358887     0.0036499     0.00368652     
0.00349121     0.00368652     0.00375977     0.00366211     
0.00354004     0.00368652     0.00373535     0.00367432     
0.00373535     0.00367432     0.00385742     0.0036499     
0.00368652     0.00357666     0.00371094     0.00349121     
0.00349121     0.00334473     0.00333252     0.00330811     
0.00316162     0.00313721     0.00328369     0.00313721     
0.00316162     0.00318604     0.00319824     0.00325928     
0.00317383     0.00321045     0.00324707     0.00330811     
0.00311279     0.00328369     0.00324707     0.00322266     
0.00308838     0.00325928     0.00330811     0.00321045     
0.00325928     0.00322266     0.00340576     0.00335693     
0.00321045     0.00327148     0.00336914     0.00335693     
0.00322266     0.00336914     0.00344238     0.00343018     
0.00340576     0.0034668     0.00367432     0.00375977     
0.00369873     0.00369873     0.00391846     0.00384521     
0.00396729     0.00389404     0.00406494     0.00411377     
0.00404053     0.00400391     0.0041626     0.00408936     
0.00406494     0.00393066     0.00411377     0.00391846     
0.00384521     0.00378418     0.00375977     0.00377197     
0.00352783     0.00354004     0.00362549     0.00356445     
0.00351563     0.00350342     0.00357666     0.00368652     
0.0034668     0.00354004     0.00368652     0.00378418     
0.0036499     0.00369873     0.00379639     0.00378418     
0.00371094     0.00383301     0.00386963     0.00386963     
0.0036499     0.00375977     0.00374756     0.00383301     
0.00361328     0.00367432     0.00371094     0.00355225     
0.00358887     0.00352783     0.0036377     0.00358887     
0.00357666     0.00341797     0.00371094     0.00369873     
0.00362549     0.00362549     0.00386963     0.00367432     
0.00373535     0.00367432     0.00375977     0.00360107     
0.00366211     0.00355225     0.00354004     0.00339355     
0.00324707     0.00338135     0.00333252     0.00330811     
0.00327148     0.00336914     0.00344238     0.0034668     
0.00339355     0.00362549     0.0036499     0.00373535     
0.00375977     0.00377197     0.00383301     0.0038208     
0.00368652     0.00372314     0.00377197     0.00374756     
0.00355225     0.00358887     0.00356445     0.00357666     
0.00338135     0.00343018     0.00341797     0.00343018     
0.00335693     0.00339355     0.00351563     0.00355225     
0.0034668     0.00358887     0.00388184     0.00371094     
0.00380859     0.0038208     0.00394287     0.00380859     
0.00375977     0.0036499     0.00378418     0.00362549     
0.00351563     0.00350342     0.00351563     0.00341797     
0.003479     0.00344238     0.00352783     0.00362549     
0.00354004     0.00354004     0.00372314     0.00373535     
0.0036377     0.00366211     0.00368652     0.00386963     
0.00362549     0.00378418     0.00375977     0.0038208     
0.00361328     0.0036377     0.00369873     0.00360107     
0.00349121     0.00354004     0.00356445     0.00349121     
0.00338135     0.00340576     0.00349121     0.00345459     
0.00339355     0.00349121     0.00357666     0.00350342     
0.00338135     0.00357666     0.00362549     0.00357666     
0.0036377     0.00369873     0.00384521     0.00373535     
0.00368652     0.00371094     0.00385742     0.00378418     
0.0038208     0.00374756     0.00384521     0.00385742     
0.00371094     0.00369873     0.00396729     0.00380859     
0.00369873     0.0038208     0.00378418     0.00373535     
0.00368652     0.00373535     0.00379639     0.0036499     
0.00357666     0.00369873     0.00356445     0.00360107     
0.00345459     0.00341797     0.00339355     0.00336914     
0.00318604     0.00310059     0.00319824     0.00314941     
0.0029541     0.00300293     0.00302734     0.00313721     
0.00300293     0.00314941     0.00322266     0.00330811     
0.00327148     0.00335693     0.00358887     0.00361328     
0.00355225     0.0036377     0.00390625     0.00383301     
0.00389404     0.00388184     0.00402832     0.00388184     
0.00379639     0.00379639     0.00395508     0.00371094     
0.00369873     0.00361328     0.00361328     0.00360107     
0.00354004     0.00338135     0.00334473     0.00338135     
0.00325928     0.00324707     0.00322266     0.00321045     
0.00314941     0.003125     0.00317383     0.00321045     
0.00297852     0.00313721     0.00319824     0.00330811     
0.00325928     0.0032959     0.003479     0.003479     
0.00350342     0.00361328     0.00362549     0.00369873     
0.0034668     0.00355225     0.0034668     0.00343018     
0.00313721     0.00313721     0.00319824     0.00301514     
0.00283203     0.00283203     0.00289307     0.00267334     
0.0026123     0.00262451     0.00270996     0.00262451     
0.0026123     0.00263672     0.00270996     0.00255127     
0.0026001     0.00246582     0.00263672     0.00251465     
0.00252686     0.00255127     0.00267334     0.00263672     
0.00263672     0.00281982     0.00284424     0.0029541     
0.00299072     0.00307617     0.00310059     0.00302734     
0.0029541     0.00296631     0.00292969     0.00286865     
0.00267334     0.00256348     0.00263672     0.00257568     
0.00235596     0.00222168     0.00231934     0.0024292     
0.00227051     0.00222168     0.00231934     0.00233154     
0.00220947     0.00229492     0.00227051     0.00227051     
0.00217285     0.00224609     0.00229492     0.00230713     
0.00224609     0.00228271     0.00256348     0.0024292     
0.00255127     0.0026123     0.00273438     0.00280762     
0.00283203     0.00283203     0.003125     0.00303955     
0.00296631     0.00303955     0.00317383     0.00303955     
0.00307617     0.0029541     0.00314941     0.00310059     
0.00302734     0.00308838     0.00314941     0.00323486     
0.00321045     0.00328369     0.00332031     0.00340576     
0.00318604     0.00324707     0.00332031     0.00327148     
0.00307617     0.00308838     0.00311279     0.00296631     
0.00292969     0.0029541     0.00291748     0.00296631     
0.00279541     0.00290527     0.00294189     0.00296631     
0.00283203     0.00285645     0.00290527     0.00292969     
0.00275879     0.00284424     0.00288086     0.00288086     
0.00284424     0.00284424     0.00296631     0.00280762     
0.00275879     0.00267334     0.00290527     0.00272217     
0.00269775     0.00264893     0.00275879     0.00263672     
0.00253906     0.00245361     0.00267334     0.00246582     
0.0024292     0.00245361     0.00245361     0.00236816     
0.00228271     0.00222168     0.00233154     0.00229492     
0.00216064     0.00229492     0.00231934     0.00228271     
0.00224609     0.00241699     0.0024292     0.0026123     
0.00258789     0.00249023     0.0026001     0.00264893     
0.00241699     0.00251465     0.00264893     0.0026001     
0.00251465     0.00263672     0.00266113     0.00273438     
0.00270996     0.00285645     0.00300293     0.00296631     
0.00291748     0.00292969     0.00305176     0.00288086     
0.00284424     0.00272217     0.00275879     0.00273438     
0.00262451     0.00247803     0.00269775     0.0026001     
0.00252686     0.00257568     0.00269775     0.00266113     
0.00275879     0.00264893     0.00285645     0.00285645     
0.00280762     0.00289307     0.00302734     0.00301514     
0.00288086     0.00296631     0.00302734     0.00302734     
0.002771     0.00284424     0.00285645     0.00290527     
0.00269775     0.00275879     0.00279541     0.00274658     
0.002771     0.00289307     0.00294189     0.00306396     
0.00311279     0.00319824     0.00325928     0.00332031     
0.00322266     0.00325928     0.00335693     0.00330811     
0.00318604     0.00317383     0.00316162     0.00301514     
0.00297852     0.00290527     0.00302734     0.00289307     
0.00291748     0.00285645     0.00307617     0.00290527     
0.00291748     0.0029541     0.00310059     0.00313721     
0.00308838     0.00306396     0.00327148     0.00318604     
0.00318604     0.00316162     0.00322266     0.00321045     
0.00313721     0.00308838     0.00303955     0.00299072     
0.00281982     0.00281982     0.00274658     0.00270996     
0.00264893     0.00258789     0.00251465     0.00244141     
0.00230713     0.00233154     0.00250244     0.00247803     
0.00234375     0.00253906     0.00268555     0.00273438     
0.00273438     0.00288086     0.00291748     0.00300293     
0.00292969     0.0029541     0.00300293     0.00307617     
0.00292969     0.00288086     0.00296631     0.00292969     
0.00286865     0.00285645     0.00302734     0.00288086     
0.00286865     0.00283203     0.00303955     0.00294189     
0.00292969     0.00299072     0.003125     0.00308838     
0.003125     0.00317383     0.00332031     0.00328369     
0.00311279     0.00317383     0.00316162     0.00306396     
0.0029541     0.0029541     0.00299072     0.00299072     
0.002771     0.00290527     0.00300293     0.00299072     
0.00297852     0.00301514     0.00316162     0.00323486     
0.00318604     0.00322266     0.00324707     0.00325928     
0.00307617     0.00310059     0.00310059     0.00308838     
0.00280762     0.00292969     0.00292969     0.00274658     
0.00272217     0.00273438     0.00290527     0.00288086     
0.00291748     0.0029541     0.00316162     0.00310059     
0.00308838     0.00310059     0.00321045     0.00314941     
0.00299072     0.00286865     0.00288086     0.002771     
0.0026001     0.00245361     0.00264893     0.00233154     
0.00216064     0.00216064     0.00216064     0.00203857     
0.00198975     0.00197754     0.0020752     0.00214844     
0.00205078     0.00213623     0.00219727     0.00233154     
0.00224609     0.00234375     0.00247803     0.00262451     
0.00264893     0.00279541     0.00294189     0.00306396     
0.00300293     0.00317383     0.00327148     0.00333252     
0.00338135     0.00344238     0.00352783     0.00362549     
0.00358887     0.0036377     0.00373535     0.00374756     
0.00357666     0.00351563     0.00360107     0.00339355     
0.00334473     0.00313721     0.003125     0.00296631     
0.00292969     0.00262451     0.00275879     0.00264893     
0.00255127     0.0026001     0.00270996     0.00274658     
0.00262451     0.00266113     0.0027832     0.00275879     
0.00266113     0.00264893     0.00272217     0.00258789     
0.00246582     0.00251465     0.00246582     0.00241699     
0.00218506     0.00227051     0.00224609     0.00230713     
0.0020874     0.00217285     0.00234375     0.00233154     
0.00214844     0.00238037     0.00239258     0.00250244     
0.0024292     0.00247803     0.00263672     0.00268555     
0.00249023     0.00262451     0.00279541     0.00275879     
0.0026001     0.0026001     0.00264893     0.00252686     
0.00246582     0.00230713     0.00240479     0.00217285     
0.00203857     0.00189209     0.00200195     0.00177002     
0.00175781     0.00183105     0.00196533     0.00185547     
0.00189209     0.00197754     0.00217285     0.00212402     
0.0020752     0.00213623     0.00220947     0.00230713     
0.00223389     0.00218506     0.00233154     0.00234375     
0.00216064     0.00223389     0.0022583     0.00230713     
0.00209961     0.00209961     0.00213623     0.00200195     
0.00185547     0.00178223     0.0019043     0.00178223     
0.00159912     0.00169678     0.00166016     0.00170898     
0.00168457     0.00174561     0.0019043     0.00202637     
0.0019165     0.00201416     0.00217285     0.00222168     
0.00217285     0.00224609     0.00250244     0.0024292     
0.00250244     0.00247803     0.0026123     0.00252686     
0.00258789     0.00245361     0.00258789     0.00244141     
0.00239258     0.00227051     0.00224609     0.00224609     
0.00213623     0.00198975     0.00212402     0.00209961     
0.0019165     0.0019165     0.0020752     0.00203857     
0.00197754     0.00209961     0.00219727     0.00228271     
0.00203857     0.00220947     0.00209961     0.00209961     
0.00200195     0.00186768     0.00184326     0.00184326     
0.00161133     0.00166016     0.00150146     0.00147705     
0.00134277     0.00134277     0.00136719     0.00147705     
0.00128174     0.00135498     0.00152588     0.00163574     
0.00146484     0.00158691     0.00168457     0.00157471     
0.00166016     0.00163574     0.00187988     0.00161133     
0.00161133     0.00162354     0.00175781     0.00158691     
0.00152588     0.00150146     0.00161133     0.00152588     
0.00153809     0.00140381     0.00164795     0.00158691     
0.00167236     0.00174561     0.00179443     0.0019165     
0.00197754     0.00195313     0.00227051     0.00233154     
0.00220947     0.00245361     0.00246582     0.00244141     
0.00244141     0.00252686     0.00258789     0.00258789     
0.00256348     0.00252686     0.00263672     0.00269775     
0.00258789     0.00266113     0.0027832     0.00275879     
0.00268555     0.00267334     0.00266113     0.00270996     
0.00263672     0.00252686     0.00246582     0.00252686     
0.00247803     0.00238037     0.00255127     0.00236816     
0.00224609     0.0022583     0.00233154     0.00222168     
0.00209961     0.00205078     0.0022583     0.00205078     
0.00198975     0.00205078     0.00223389     0.00218506     
0.00219727     0.00220947     0.00236816     0.00250244     
0.00234375     0.0024292     0.00258789     0.00262451     
0.00244141     0.00253906     0.00253906     0.00255127     
0.00223389     0.00236816     0.00241699     0.00244141     
0.00235596     0.00231934     0.0024292     0.00235596     
0.00216064     0.00228271     0.00231934     0.00234375     
0.00209961     0.00224609     0.0022583     0.00224609     
0.00206299     0.00203857     0.0022583     0.00217285     
0.00203857     0.00220947     0.00229492     0.00229492     
0.00229492     0.00227051     0.00250244     0.00233154     
0.00239258     0.00240479     0.00258789     0.00255127     
0.00253906     0.00262451     0.00269775     0.00274658     
0.002771     0.002771     0.00285645     0.00281982     
0.00274658     0.00279541     0.00286865     0.00274658     
0.00264893     0.00263672     0.00272217     0.00268555     
0.00249023     0.00256348     0.00256348     0.00262451     
0.00247803     0.00251465     0.00252686     0.00253906     
0.00250244     0.00246582     0.00257568     0.0026001     
0.00236816     0.00246582     0.00244141     0.00234375     
0.00227051     0.00233154     0.00231934     0.00227051     
0.00209961     0.00211182     0.00202637     0.0020874     
0.0019043     0.0019043     0.00209961     0.00200195     
0.00202637     0.0019165     0.0020752     0.0020874     
0.00214844     0.00217285     0.00247803     0.00240479     
0.00245361     0.00253906     0.00269775     0.0026123     
0.00270996     0.00275879     0.00283203     0.00280762     
0.0026001     0.0026001     0.00258789     0.00249023     
0.0022583     0.0022583     0.00217285     0.00219727     
0.00203857     0.00197754     0.00203857     0.00203857     
0.00197754     0.00201416     0.00222168     0.00218506     
0.00213623     0.00234375     0.00238037     0.00238037     
0.00230713     0.00238037     0.00247803     0.00246582     
0.0022583     0.00236816     0.0024292     0.00244141     
0.00227051     0.00228271     0.00236816     0.00240479     
0.00230713     0.00217285     0.00240479     0.00238037     
0.00227051     0.00217285     0.00227051     0.00231934     
0.00227051     0.00211182     0.00214844     0.00205078     
0.00192871     0.00181885     0.00206299     0.0019043     
0.00178223     0.00181885     0.00178223     0.00180664     
0.0017334     0.00183105     0.00184326     0.00180664     
0.00170898     0.00179443     0.00177002     0.00181885     
0.00169678     0.00179443     0.00179443     0.00189209     
0.00186768     0.00186768     0.00203857     0.00212402     
0.00214844     0.00231934     0.00249023     0.0026123     
0.0026001     0.00264893     0.00267334     0.00266113     
0.00269775     0.00263672     0.00272217     0.00270996     
0.00257568     0.00251465     0.00257568     0.00239258     
0.0024292     0.00234375     0.0024292     0.00229492     
0.00231934     0.00211182     0.00240479     0.00227051     
0.00222168     0.00222168     0.00235596     0.00228271     
0.0022583     0.00220947     0.00229492     0.00219727     
0.00203857     0.00213623     0.00219727     0.00222168     
0.00205078     0.00205078     0.00196533     0.00196533     
0.00174561     0.00194092     0.00197754     0.00189209     
0.00185547     0.00186768     0.0019043     0.00185547     
0.00179443     0.00200195     0.00205078     0.00203857     
0.00206299     0.00216064     0.00222168     0.00222168     
0.00212402     0.00224609     0.00234375     0.00223389     
0.0020874     0.00203857     0.0020874     0.00189209     
0.00179443     0.00168457     0.0019043     0.00178223     
0.00172119     0.00162354     0.00180664     0.00169678     
0.00181885     0.00178223     0.00185547     0.00187988     
0.00192871     0.00192871     0.00201416     0.00196533     
0.00180664     0.0019165     0.0019165     0.0019043     
0.00179443     0.00174561     0.00180664     0.00180664     
0.00168457     0.00184326     0.00184326     0.00203857     
0.00194092     0.00212402     0.00218506     0.00230713     
0.00228271     0.0022583     0.00246582     0.00244141     
0.00240479     0.00235596     0.00241699     0.00236816     
0.00205078     0.00213623     0.00213623     0.00203857     
0.00200195     0.00196533     0.00195313     0.0019043     
0.00187988     0.00178223     0.00198975     0.00183105     
0.00183105     0.00184326     0.00186768     0.00189209     
0.00186768     0.00180664     0.00203857     0.00201416     
0.00194092     0.0020752     0.00212402     0.00213623     
0.00214844     0.00222168     0.00224609     0.00227051     
0.00218506     0.00222168     0.00228271     0.00230713     
0.00217285     0.00228271     0.00227051     0.00238037     
0.00219727     0.00228271     0.00234375     0.0022583     
0.00213623     0.00205078     0.00214844     0.00209961     
0.0020874     0.0020752     0.00209961     0.00212402     
0.00197754     0.0020874     0.0020752     0.0020752     
0.00181885     0.00178223     0.00187988     0.00177002     
0.00161133     0.00161133     0.00168457     0.0015625     
0.00152588     0.00150146     0.00158691     0.00148926     
0.00152588     0.00157471     0.0017334     0.00169678     
0.00181885     0.00180664     0.00197754     0.00197754     
0.00197754     0.00203857     0.00213623     0.0020752     
0.00203857     0.00214844     0.00219727     0.00211182     
0.00205078     0.00213623     0.00219727     0.00217285     
0.00211182     0.00218506     0.00217285     0.0022583     
0.00218506     0.00229492     0.00240479     0.00246582     
0.00241699     0.00234375     0.00239258     0.00238037     
0.00223389     0.00223389     0.00223389     0.00220947     
0.00201416     0.00213623     0.00203857     0.00200195     
0.00200195     0.00195313     0.0020874     0.00206299     
0.00192871     0.00195313     0.00212402     0.00197754     
0.00205078     0.00202637     0.00223389     0.00216064     
0.00214844     0.00216064     0.00238037     0.00235596     
0.00229492     0.00238037     0.00257568     0.00252686     
0.00247803     0.00253906     0.00253906     0.00244141     
0.00231934     0.00231934     0.00239258     0.00220947     
0.00203857     0.00206299     0.00194092     0.00202637     
0.00177002     0.00186768     0.00186768     0.00187988     
0.00168457     0.00175781     0.00179443     0.00164795     
0.00153809     0.00163574     0.00170898     0.00179443     
0.00163574     0.00183105     0.00189209     0.00201416     
0.00202637     0.00218506     0.00218506     0.00228271     
0.00229492     0.00239258     0.00245361     0.00234375     
0.00244141     0.00234375     0.00250244     0.00234375     
0.00223389     0.00222168     0.00228271     0.00203857     
0.00203857     0.0019043     0.00201416     0.00186768     
0.00177002     0.00162354     0.00183105     0.00163574     
0.00155029     0.00164795     0.00177002     0.00177002     
0.00161133     0.00161133     0.00175781     0.00175781     
0.00155029     0.0017334     0.00168457     0.00177002     
0.00164795     0.00167236     0.00169678     0.00164795     
0.00157471     0.00151367     0.00163574     0.00158691     
0.00142822     0.00153809     0.00161133     0.00153809     
0.00136719     0.00153809     0.00157471     0.0015625     
0.00151367     0.00161133     0.00159912     0.00159912     
0.00148926     0.00144043     0.00157471     0.00136719     
0.00125732     0.0012085     0.0012085     0.00109863     
0.00111084     0.00098877     0.00131836     0.00131836     
0.00130615     0.0013916     0.00162354     0.00163574     
0.00170898     0.00172119     0.00194092     0.00198975     
0.00181885     0.00198975     0.00200195     0.00203857     
0.00183105     0.00185547     0.00198975     0.0020874     
0.00185547     0.00195313     0.00205078     0.00202637     
0.0019043     0.00195313     0.00214844     0.00209961     
0.00198975     0.0020752     0.0020874     0.00214844     
0.00192871     0.00202637     0.00203857     0.00205078     
0.00177002     0.00183105     0.00174561     0.00164795     
0.00146484     0.00150146     0.00162354     0.0013916     
0.00134277     0.00131836     0.00152588     0.00134277     
0.00131836     0.00147705     0.00167236     0.0015625     
0.00163574     0.0015625     0.00170898     0.00162354     
0.00159912     0.00164795     0.00174561     0.00177002     
0.00168457     0.00175781     0.00178223     0.00180664     
0.00175781     0.00181885     0.00194092     0.00200195     
0.00196533     0.00198975     0.00198975     0.0019165     
0.00181885     0.00179443     0.0019165     0.00179443     
0.00168457     0.00164795     0.00166016     0.00157471     
0.00148926     0.00159912     0.00166016     0.00163574     
0.00161133     0.00172119     0.00185547     0.0017334     
0.00174561     0.00169678     0.0017334     0.00167236     
0.00155029     0.00141602     0.00142822     0.00125732     
0.0012085     0.00107422     0.0012207     0.00118408     
0.00113525     0.00106201     0.00128174     0.00114746     
0.00123291     0.0012085     0.00142822     0.00136719     
0.00140381     0.00145264     0.00162354     0.00166016     
0.00142822     0.00167236     0.0017334     0.00163574     
0.00153809     0.00162354     0.00151367     0.00155029     
0.00141602     0.00155029     0.0015625     0.00164795     
0.00150146     0.0015625     0.00177002     0.0017334     
0.00178223     0.00185547     0.00205078     0.00209961     
0.00201416     0.00203857     0.00209961     0.00209961     
0.00186768     0.0019043     0.00194092     0.00186768     
0.00159912     0.00163574     0.00169678     0.00147705     
0.00140381     0.00128174     0.00140381     0.00124512     
0.0012085     0.00114746     0.00134277     0.00115967     
0.00106201     0.00101318     0.00126953     0.00119629     
0.0010376     0.00101318     0.00129395     0.0012085     
0.00114746     0.00126953     0.00133057     0.00151367     
0.00146484     0.00167236     0.00184326     0.00186768     
0.00184326     0.00214844     0.00212402     0.00222168     
0.00206299     0.00220947     0.00220947     0.00214844     
0.00202637     0.00185547     0.00200195     0.0019165     
0.00169678     0.00169678     0.00169678     0.00172119     
0.00163574     0.00164795     0.00168457     0.00177002     
0.0017334     0.00169678     0.00168457     0.00168457     
0.00163574     0.00155029     0.00166016     0.00152588     
0.00148926     0.00135498     0.00134277     0.00131836     
0.00117188     0.00118408     0.00136719     0.00131836     
0.00131836     0.00135498     0.0015625     0.00152588     
0.00167236     0.00167236     0.0019165     0.00201416     
0.00195313     0.00200195     0.00220947     0.00223389     
0.00218506     0.00233154     0.00241699     0.00256348     
0.00238037     0.00247803     0.0026001     0.00247803     
0.00244141     0.0024292     0.00251465     0.00235596     
0.00236816     0.00230713     0.00227051     0.00230713     
0.00216064     0.00212402     0.00220947     0.00235596     
0.00214844     0.00222168     0.00233154     0.00223389     
0.00206299     0.00216064     0.00218506     0.00202637     
0.00194092     0.00184326     0.00200195     0.00177002     
0.00184326     0.00183105     0.00189209     0.00184326     
0.00198975     0.00197754     0.00209961     0.00211182     
0.00209961     0.00211182     0.00230713     0.00238037     
0.00223389     0.00227051     0.00223389     0.00219727     
0.00197754     0.00201416     0.00206299     0.00186768     
0.00162354     0.00161133     0.0015625     0.0013916     
0.00130615     0.00128174     0.00140381     0.00135498     
0.00131836     0.00128174     0.00150146     0.00167236     
0.00159912     0.00164795     0.00179443     0.00187988     
0.0017334     0.00192871     0.00185547     0.00179443     
0.00169678     0.00162354     0.00159912     0.00157471     
0.00135498     0.0012085     0.00129395     0.00106201     
0.000976563     0.000878906     0.0010498     0.000915527     
0.000952148     0.000805664     0.00106201     0.00090332     
0.000891113     0.0010498     0.0012085     0.00117188     
0.0012085     0.00126953     0.0013916     0.00147705     
0.00140381     0.00152588     0.00170898     0.00174561     
0.00161133     0.00170898     0.00166016     0.00178223     
0.00155029     0.00153809     0.00157471     0.0015625     
0.00141602     0.00147705     0.0015625     0.00142822     
0.00140381     0.00150146     0.00157471     0.00158691     
0.00146484     0.00163574     0.00163574     0.00166016     
0.00162354     0.00161133     0.00174561     0.00167236     
0.00164795     0.00166016     0.00175781     0.00164795     
0.00162354     0.00163574     0.00183105     0.00170898     
0.00158691     0.00152588     0.00172119     0.00153809     
0.00155029     0.00145264     0.00163574     0.00151367     
0.0015625     0.00152588     0.00162354     0.00163574     
0.00142822     0.00152588     0.00155029     0.00159912     
0.00145264     0.00144043     0.00150146     0.00133057     
0.00118408     0.00123291     0.00126953     0.00118408     
0.000952148     0.00102539     0.00102539     0.000952148     
0.000878906     0.000915527     0.00101318     0.0010498     
0.000891113     0.000964355     0.000964355     0.00102539     
0.000817871     0.000866699     0.000952148     0.000952148     
0.000891113     0.000842285     0.000952148     0.000952148     
0.000793457     0.000866699     0.0012085     0.00109863     
0.00117188     0.00135498     0.00157471     0.00152588     
0.00158691     0.00168457     0.00203857     0.0019043     
0.0019165     0.0019165     0.00200195     0.00184326     
0.00177002     0.00170898     0.00169678     0.00168457     
0.00145264     0.00135498     0.00144043     0.00135498     
0.00114746     0.00118408     0.00112305     0.00133057     
0.00107422     0.00115967     0.00128174     0.00125732     
0.00123291     0.00130615     0.00140381     0.00135498     
0.00133057     0.00136719     0.00141602     0.00140381     
0.00129395     0.00134277     0.0013916     0.0013916     
0.00124512     0.00136719     0.00153809     0.00145264     
0.00142822     0.00152588     0.00158691     0.00159912     
0.00161133     0.00148926     0.00166016     0.0015625     
0.00148926     0.00151367     0.00168457     0.00158691     
0.00153809     0.00141602     0.0015625     0.00152588     
0.00140381     0.00142822     0.00151367     0.00142822     
0.00125732     0.00124512     0.00134277     0.0012207     
0.00106201     0.00111084     0.00125732     0.00119629     
0.00113525     0.00128174     0.00128174     0.0013916     
0.00135498     0.00146484     0.00157471     0.00163574     
0.00158691     0.00150146     0.00152588     0.00159912     
0.00135498     0.00124512     0.00133057     0.00137939     
0.00115967     0.00113525     0.00114746     0.00111084     
0.000915527     0.00102539     0.0012207     0.00118408     
0.00111084     0.00117188     0.00136719     0.00131836     
0.00131836     0.00131836     0.00148926     0.00146484     
0.00136719     0.00125732     0.00137939     0.00125732     
0.00111084     0.00102539     0.00112305     0.000952148     
0.000842285     0.000769043     0.000854492     0.000842285     
0.000708008     0.000708008     0.000952148     0.00100098     
0.00100098     0.0012085     0.00129395     0.00137939     
0.00134277     0.00150146     0.00172119     0.00183105     
0.00178223     0.0019043     0.00211182     0.00206299     
0.00200195     0.00212402     0.00218506     0.00214844     
0.00195313     0.00197754     0.00201416     0.00194092     
0.00175781     0.00170898     0.00183105     0.00170898     
0.00159912     0.00166016     0.00166016     0.00174561     
0.00166016     0.00162354     0.00186768     0.00174561     
0.00180664     0.00183105     0.00198975     0.00189209     
0.00195313     0.00181885     0.00201416     0.00195313     
0.00172119     0.00163574     0.00178223     0.00163574     
0.00148926     0.00159912     0.00148926     0.00153809     
0.00142822     0.00155029     0.0015625     0.00158691     
0.00153809     0.00167236     0.00168457     0.00172119     
0.00170898     0.00175781     0.00178223     0.00183105     
0.00167236     0.00166016     0.00179443     0.00185547     
0.00170898     0.00168457     0.00175781     0.00174561     
0.0017334     0.00181885     0.0019165     0.00195313     
0.0019165     0.00194092     0.00217285     0.00218506     
0.00213623     0.00228271     0.00247803     0.00240479     
0.00239258     0.00238037     0.00240479     0.00239258     
0.00240479     0.0022583     0.00241699     0.00229492     
0.00213623     0.00209961     0.00212402     0.00194092     
0.00179443     0.00170898     0.00179443     0.00181885     
0.00162354     0.00157471     0.00164795     0.00167236     
0.0015625     0.00159912     0.00162354     0.00168457     
0.0015625     0.00170898     0.00177002     0.00172119     
0.00168457     0.00168457     0.00179443     0.00174561     
0.00170898     0.00167236     0.00172119     0.00172119     
0.00148926     0.00150146     0.00152588     0.00157471     
0.00131836     0.00129395     0.00130615     0.00124512     
0.00107422     0.0010376     0.00113525     0.00102539     
0.00100098     0.000939941     0.00111084     0.000952148     
0.000939941     0.000952148     0.0012207     0.00100098     
0.00111084     0.00117188     0.00128174     0.0012085     
0.00128174     0.00133057     0.00150146     0.00137939     
0.0013916     0.00141602     0.00145264     0.00148926     
0.00140381     0.00141602     0.00163574     0.00151367     
0.00134277     0.00157471     0.00151367     0.00147705     
0.00136719     0.00136719     0.00137939     0.00136719     
0.00129395     0.00112305     0.00112305     0.00107422     
0.000927734     0.000817871     0.000842285     0.000891113     
0.000622559     0.000720215     0.00078125     0.00065918     
0.000610352     0.000683594     0.000756836     0.000695801     
0.000610352     0.000708008     0.000842285     0.000671387     
0.00078125     0.000805664     0.0010498     0.00106201     
0.00113525     0.0010376     0.00134277     0.00126953     
0.00135498     0.00133057     0.00153809     0.00145264     
0.00152588     0.00150146     0.00144043     0.00142822     
0.00129395     0.00135498     0.00142822     0.00126953     
0.00107422     0.00115967     0.0010498     0.000976563     
0.000720215     0.000732422     0.000817871     0.000866699     
0.00065918     0.000793457     0.00106201     0.000878906     
0.000927734     0.00115967     0.0012085     0.00130615     
0.00114746     0.00124512     0.00130615     0.00134277     
0.00117188     0.00135498     0.00140381     0.00133057     
0.00133057     0.00141602     0.00145264     0.00140381     
0.00142822     0.00153809     0.0017334     0.00158691     
0.00161133     0.00153809     0.00180664     0.00155029     
0.00157471     0.00155029     0.00169678     0.0015625     
0.00146484     0.00137939     0.00152588     0.00134277     
0.00129395     0.00135498     0.00136719     0.00133057     
0.00117188     0.00119629     0.00141602     0.00140381     
0.00119629     0.00136719     0.00136719     0.00155029     
0.00144043     0.00152588     0.00153809     0.0015625     
0.00147705     0.00140381     0.00150146     0.00152588     
0.00125732     0.00134277     0.00131836     0.00124512     
0.00111084     0.00107422     0.00115967     0.00106201     
0.00100098     0.00106201     0.00112305     0.00113525     
0.0010498     0.00109863     0.00130615     0.00124512     
0.00124512     0.00123291     0.00137939     0.00134277     
0.00128174     0.0012085     0.00136719     0.00136719     
0.00133057     0.00130615     0.00147705     0.00124512     
0.00130615     0.00137939     0.00151367     0.00145264     
0.00142822     0.00150146     0.00152588     0.00152588     
0.00153809     0.00164795     0.00168457     0.00179443     
0.00162354     0.00175781     0.00184326     0.00183105     
0.00162354     0.00168457     0.00178223     0.00167236     
0.00153809     0.00153809     0.00150146     0.00142822     
0.00125732     0.00117188     0.00115967     0.00117188     
0.00102539     0.00101318     0.00102539     0.00101318     
0.000952148     0.00101318     0.00113525     0.00111084     
0.00125732     0.0012207     0.00136719     0.00137939     
0.00135498     0.00131836     0.00147705     0.0013916     
0.00148926     0.0013916     0.00157471     0.00146484     
0.00136719     0.00131836     0.00148926     0.00146484     
0.00129395     0.00137939     0.00144043     0.00137939     
0.00125732     0.00125732     0.00130615     0.00130615     
0.00114746     0.0012085     0.00117188     0.00106201     
0.00102539     0.00117188     0.00115967     0.00123291     
0.00128174     0.00124512     0.00140381     0.00150146     
0.0013916     0.00144043     0.00153809     0.0015625     
0.00135498     0.00146484     0.00137939     0.00131836     
0.00128174     0.00130615     0.00126953     0.00133057     
0.00106201     0.00109863     0.00123291     0.00109863     
0.00113525     0.0010498     0.0012085     0.00123291     
0.0012085     0.00112305     0.00130615     0.0012207     
0.00131836     0.00130615     0.00159912     0.00146484     
0.00147705     0.00157471     0.00172119     0.00163574     
0.00159912     0.00161133     0.00166016     0.00168457     
0.00150146     0.00148926     0.00150146     0.00148926     
0.00123291     0.00126953     0.00130615     0.00123291     
0.0010376     0.0010498     0.00107422     0.00112305     
0.000976563     0.0010376     0.0012085     0.00123291     
0.00112305     0.00131836     0.00137939     0.00145264     
0.00140381     0.0015625     0.00168457     0.00174561     
0.00159912     0.00170898     0.00178223     0.00167236     
0.00168457     0.00162354     0.00189209     0.00166016     
0.00168457     0.00164795     0.00172119     0.00151367     
0.00148926     0.00145264     0.00155029     0.00140381     
0.00142822     0.00140381     0.00146484     0.00150146     
0.00148926     0.00145264     0.00148926     0.00147705     
0.00137939     0.00137939     0.00134277     0.00125732     
0.00119629     0.00114746     0.00108643     0.00115967     
0.00106201     0.00114746     0.00112305     0.0012207     
0.00119629     0.00131836     0.00161133     0.0015625     
0.00148926     0.00164795     0.00174561     0.0017334     
0.00155029     0.00168457     0.00164795     0.00152588     
0.00142822     0.00140381     0.00134277     0.00131836     
0.00117188     0.00111084     0.00118408     0.00106201     
0.0012085     0.0010376     0.00114746     0.00119629     
0.00118408     0.00123291     0.00152588     0.00153809     
0.0013916     0.00155029     0.0017334     0.00163574     
0.00155029     0.00158691     0.00162354     0.00159912     
0.00146484     0.00145264     0.00144043     0.00123291     
0.00118408     0.00113525     0.00114746     0.00126953     
0.00100098     0.00111084     0.00108643     0.00109863     
0.000952148     0.0010376     0.00109863     0.00102539     
0.000915527     0.0010498     0.000952148     0.000927734     
0.000830078     0.000866699     0.00102539     0.000964355     
0.000854492     0.000891113     0.00111084     0.00108643     
0.000952148     0.00113525     0.00118408     0.00118408     
0.00114746     0.00107422     0.00126953     0.00102539     
0.0010498     0.00107422     0.00117188     0.0010376     
0.0010376     0.0010376     0.0012085     0.00123291     
0.00126953     0.00130615     0.00153809     0.00147705     
0.00145264     0.00147705     0.00151367     0.00133057     
0.00118408     0.00124512     0.00125732     0.0010376     
0.000817871     0.000952148     0.000805664     0.000720215     
0.000512695     0.000683594     0.000695801     0.000695801     
0.000622559     0.00057373     0.000708008     0.000732422     
0.000598145     0.000610352     0.000744629     0.000683594     
0.00057373     0.000634766     0.000585938     0.00065918     
0.000561523     0.00045166     0.000476074     0.000500488     
0.000439453     0.000415039     0.00045166     0.000463867     
0.000561523     0.000549316     0.000720215     0.000866699     
0.000866699     0.000866699     0.00115967     0.00106201     
0.00111084     0.0012207     0.00136719     0.00119629     
0.00123291     0.00123291     0.00119629     0.00109863     
0.00090332     0.000866699     0.000891113     0.000927734     
0.000732422     0.000756836     0.000744629     0.000793457     
0.000732422     0.000830078     0.000878906     0.000964355     
0.000939941     0.0010376     0.00113525     0.00106201     
0.00106201     0.00114746     0.00125732     0.00123291     
0.00111084     0.00119629     0.00125732     0.0013916     
0.00115967     0.00134277     0.00136719     0.00130615     
0.00115967     0.00115967     0.00125732     0.00114746     
0.00111084     0.00098877     0.0012207     0.00107422     
0.00098877     0.000964355     0.00112305     0.000952148     
0.00107422     0.000939941     0.00108643     0.0010498     
0.000964355     0.00090332     0.00098877     0.000927734     
0.00090332     0.000854492     0.000939941     0.000927734     
0.000854492     0.000964355     0.000976563     0.00106201     
0.000939941     0.00111084     0.00108643     0.00117188     
0.00114746     0.00113525     0.00129395     0.00125732     
0.00107422     0.00108643     0.00115967     0.00124512     
0.0010376     0.00106201     0.00107422     0.00109863     
0.00090332     0.0010376     0.00102539     0.00106201     
0.00100098     0.00102539     0.0010498     0.00108643     
0.00108643     0.00111084     0.00123291     0.00115967     
0.00117188     0.00118408     0.00136719     0.00129395     
0.00142822     0.00126953     0.00155029     0.00146484     
0.0013916     0.00135498     0.00153809     0.00137939     
0.0013916     0.00140381     0.00152588     0.00150146     
0.00142822     0.00141602     0.00152588     0.00152588     
0.00150146     0.00153809     0.00162354     0.00170898     
0.00161133     0.00166016     0.00175781     0.00170898     
0.00159912     0.00158691     0.00162354     0.0015625     
0.00144043     0.00141602     0.00135498     0.00125732     
0.00109863     0.00102539     0.000952148     0.000927734     
0.000805664     0.00078125     0.000878906     0.000744629     
0.000671387     0.000769043     0.000927734     0.000927734     
0.000939941     0.00098877     0.0012085     0.00124512     
0.00123291     0.00115967     0.00140381     0.00126953     
0.00134277     0.00135498     0.00137939     0.00137939     
0.00134277     0.00136719     0.00151367     0.0013916     
0.00142822     0.00146484     0.00151367     0.00151367     
0.00147705     0.00142822     0.00157471     0.00142822     
0.0012207     0.00137939     0.00133057     0.00129395     
0.00112305     0.00109863     0.00111084     0.00113525     
0.00101318     0.000927734     0.00102539     0.000927734     
0.000817871     0.000878906     0.000915527     0.0010376     
0.00090332     0.0010376     0.00108643     0.0010498     
0.00107422     0.00112305     0.00128174     0.00130615     
0.0012085     0.00125732     0.00136719     0.00128174     
0.00134277     0.00124512     0.00140381     0.00129395     
0.00133057     0.00123291     0.00141602     0.00144043     
0.00137939     0.00134277     0.00161133     0.0015625     
0.00142822     0.00148926     0.00152588     0.00150146     
0.00135498     0.00140381     0.00144043     0.00152588     
0.00145264     0.00147705     0.00152588     0.00163574     
0.00146484     0.00161133     0.00172119     0.00167236     
0.00150146     0.00170898     0.00164795     0.00148926     

