Source : transient; Time : Wed Jun 14 10:33:26 2017
B0 = 3432.000000 Gauss, mw = 9.686282 GHz
 NDI-T2 sa261 20/2 42/25 523nm/1mJ
1 5000 -1.001e-06 8.997e-06 0 0
s                        V                                                 
0.000390625     0.000292969     0.000170898     0.000134277     
0.000146484     0.000183105     3.66211e-05     0.00012207     
7.32422e-05     3.66211e-05     4.88281e-05     8.54492e-05     
7.32422e-05     0.000170898     2.44141e-05     0.000134277     
0.000134277     0.000109863     -2.44141e-05     2.44141e-05     
8.54492e-05     -7.32422e-05     -4.88281e-05     -0.00012207     
-9.76563e-05     -8.54492e-05     -0.000244141     -0.00020752     
-0.000109863     -4.88281e-05     -1.2207e-05     -2.44141e-05     
0.000109863     0.000109863     0.000195313     0.000231934     
0.000354004     0.000366211     0.000317383     0.000463867     
0.000390625     0.000390625     0.000366211     0.00032959     
0.000354004     0.000280762     0.000292969     0.000195313     
0.000280762     0.000256348     0.000183105     0.00012207     
9.76563e-05     0.000183105     2.44141e-05     9.76563e-05     
4.88281e-05     9.76563e-05     7.32422e-05     0.000109863     
0.000195313     0.000170898     0.000219727     0.000366211     
0.000366211     0.000390625     0.000549316     0.000610352     
0.000585938     0.000708008     0.00065918     0.000744629     
0.00065918     0.000598145     0.00045166     0.000390625     
0.000244141     0.000158691     -3.66211e-05     -0.000109863     
-0.000146484     -0.000341797     -0.000366211     -0.000378418     
-0.000268555     -0.000402832     -0.000305176     -0.00020752     
-0.00020752     -0.000146484     -4.88281e-05     -1.2207e-05     
4.88281e-05     0.000158691     0.000195313     0.000305176     
0.000427246     0.000341797     0.00032959     0.000354004     
0.000524902     0.000378418     0.000354004     0.000366211     
0.000268555     0.000256348     0.000146484     0.000268555     
0.000231934     0.000158691     0.000183105     0.000280762     
0.000268555     0.000305176     0.000134277     0.000366211     
0.000354004     0.000439453     0.000183105     0.000415039     
0.000341797     0.000317383     0.000292969     0.000268555     
0.000256348     0.000390625     0.000195313     0.000195313     
0.000280762     0.000305176     0.000317383     0.00020752     
0.00032959     0.00032959     0.000354004     0.000390625     
0.000439453     0.000402832     0.00032959     0.000366211     
0.000378418     0.000305176     0.000183105     0.000134277     
9.76563e-05     -2.44141e-05     -2.44141e-05     -0.000195313     
-0.000183105     -0.000183105     -0.00020752     -8.54492e-05     
-6.10352e-05     -0.000158691     -0.000170898     -4.88281e-05     
-3.66211e-05     2.44141e-05     -4.88281e-05     -2.44141e-05     
-1.2207e-05     3.66211e-05     -2.44141e-05     -2.44141e-05     
-2.44141e-05     -0.00012207     -0.000183105     -0.000183105     
-0.000146484     -0.000170898     -0.000158691     -0.000183105     
-3.66211e-05     0     1.2207e-05     9.76563e-05     
9.76563e-05     0.000292969     0.000256348     0.000427246     
0.000500488     0.000512695     0.000512695     0.000537109     
0.000610352     0.00057373     0.000512695     0.000585938     
0.000524902     0.000561523     0.000500488     0.000549316     
0.000439453     0.000524902     0.000439453     0.000378418     
0.000500488     0.00045166     0.000524902     0.000549316     
0.00045166     0.000415039     0.000268555     0.000292969     
0.000231934     0.000231934     8.54492e-05     0.00012207     
0.000134277     6.10352e-05     0.000109863     0.000183105     
0.000219727     0.000280762     0.000280762     0.000317383     
0.000244141     0.000415039     0.000256348     0.000354004     
0.000292969     0.000341797     0.000134277     0.00020752     
0.000146484     0.000134277     -8.54492e-05     0     
-6.10352e-05     -0.00012207     -4.88281e-05     -0.000158691     
-0.000109863     -0.000170898     -0.000134277     -0.000170898     
-8.54492e-05     -0.000134277     -0.000244141     -0.000170898     
-0.000219727     -0.000170898     -0.000183105     -0.000146484     
0     -1.2207e-05     3.66211e-05     0     
7.32422e-05     0.000146484     6.10352e-05     2.44141e-05     
7.32422e-05     6.10352e-05     -3.66211e-05     -3.66211e-05     
-0.000134277     -0.000146484     -0.000292969     -0.000305176     
-0.000268555     -0.000219727     -0.000305176     -0.000256348     
-0.000268555     -0.000158691     -0.00020752     -4.88281e-05     
-0.00012207     2.44141e-05     -7.32422e-05     -2.44141e-05     
-1.2207e-05     -9.76563e-05     -0.000170898     -0.000146484     
-0.000219727     -0.000158691     -0.000231934     -0.000219727     
-9.76563e-05     -0.00020752     -0.000109863     -6.10352e-05     
-3.66211e-05     -6.10352e-05     0     2.44141e-05     
0     -8.54492e-05     -0.000158691     -0.00020752     
-0.000256348     -0.000256348     -0.000292969     -0.000366211     
-0.000146484     -0.000280762     -0.000195313     -0.000134277     
-7.32422e-05     -7.32422e-05     0     4.88281e-05     
-1.2207e-05     6.10352e-05     -2.44141e-05     -7.32422e-05     
-8.54492e-05     -0.000195313     -0.000317383     -0.000341797     
-0.000463867     -0.000390625     -0.000488281     -0.000402832     
-0.000366211     -0.000366211     -0.000402832     -0.000158691     
-0.000268555     -0.000146484     -0.000158691     -0.000158691     
1.2207e-05     1.2207e-05     -6.10352e-05     0.000146484     
0.000146484     0.000170898     0.000146484     0.000292969     
0.000378418     0.000354004     0.000524902     0.000524902     
0.000598145     0.000769043     0.000610352     0.000744629     
0.000793457     0.000708008     0.000610352     0.000708008     
0.000524902     0.000415039     0.000524902     0.000305176     
0.000354004     0.000256348     0.000195313     0.000146484     
8.54492e-05     9.76563e-05     -6.10352e-05     4.88281e-05     
0     4.88281e-05     8.54492e-05     2.44141e-05     
8.54492e-05     0.000134277     7.32422e-05     7.32422e-05     
7.32422e-05     2.44141e-05     0.000158691     0.000146484     
0.00012207     0.000341797     0.00020752     0.000317383     
0.000354004     0.000415039     0.00045166     0.000610352     
0.000500488     0.000537109     0.000439453     0.000500488     
0.000524902     0.000463867     0.000366211     0.000195313     
0.000256348     0.000109863     0     -3.66211e-05     
-6.10352e-05     -0.000109863     -0.00020752     -0.000170898     
-0.000268555     -0.000268555     -0.000268555     -0.000268555     
-0.000219727     -0.000256348     -0.000317383     -0.000183105     
-8.54492e-05     -0.000134277     -0.000219727     -0.000134277     
-0.000158691     -0.000146484     -0.00020752     -0.000183105     
-1.2207e-05     -4.88281e-05     -0.000109863     8.54492e-05     
0.00012207     0.000219727     0.000231934     0.000280762     
0.000439453     0.000427246     0.000292969     0.000305176     
0.000183105     0.000219727     9.76563e-05     8.54492e-05     
7.32422e-05     8.54492e-05     -8.54492e-05     8.54492e-05     
9.76563e-05     0.000158691     0.000170898     0.000134277     
0.000231934     0.000146484     0.00032959     0.000402832     
0.000439453     0.000488281     0.000402832     0.000549316     
0.000646973     0.00057373     0.000463867     0.00057373     
0.000561523     0.00045166     0.000512695     0.000390625     
0.000354004     0.000317383     0.000280762     0.000366211     
0.000341797     0.000390625     0.000390625     0.000500488     
0.000415039     0.000512695     0.000549316     0.000537109     
0.000610352     0.000732422     0.000610352     0.000671387     
0.000683594     0.000708008     0.000622559     0.000622559     
0.000598145     0.000646973     0.000512695     0.000598145     
0.000488281     0.000390625     0.00032959     0.000402832     
0.000366211     0.000341797     0.000268555     0.000219727     
0.000280762     0.000170898     0.000134277     0.00012207     
0.000219727     0.000231934     0.000146484     0.000244141     
0.000158691     9.76563e-05     7.32422e-05     0.000134277     
6.10352e-05     0     -6.10352e-05     -0.000109863     
-6.10352e-05     -0.000109863     -0.000219727     -0.000292969     
-0.000195313     -0.000231934     -0.000305176     -0.000170898     
-0.000219727     -0.000170898     -0.000183105     -0.00012207     
0     2.44141e-05     3.66211e-05     0.000109863     
9.76563e-05     0.000170898     0.000134277     0.000109863     
0.000170898     0.000170898     1.2207e-05     4.88281e-05     
4.88281e-05     -4.88281e-05     -0.00020752     -0.000146484     
-7.32422e-05     -0.00020752     -0.000463867     -0.000317383     
-0.000305176     -0.000463867     -0.000390625     -0.000439453     
-0.000317383     -0.000280762     -0.000219727     -0.000195313     
-0.000146484     1.2207e-05     7.32422e-05     0.000183105     
0.000268555     0.000317383     0.000317383     0.000488281     
0.00057373     0.000354004     0.000488281     0.000427246     
0.000317383     0.000354004     0.000256348     0.000268555     
0.000244141     0.000231934     4.88281e-05     9.76563e-05     
2.44141e-05     0     -1.2207e-05     -0.000158691     
-0.000134277     -0.000158691     -0.00045166     -0.000500488     
-0.000524902     -0.000695801     -0.000769043     -0.000708008     
-0.00100098     -0.00101318     -0.00113525     -0.00112305     
-0.00119629     -0.00125732     -0.00136719     -0.00130615     
-0.00153809     -0.00157471     -0.00174561     -0.0017334     
-0.00184326     -0.00201416     -0.00209961     -0.00224609     
-0.00224609     -0.00236816     -0.00250244     -0.00256348     
-0.00255127     -0.00274658     -0.00283203     -0.00294189     
-0.00314941     -0.00319824     -0.00330811     -0.00340576     
-0.00332031     -0.00358887     -0.00362549     -0.00374756     
-0.00373535     -0.00390625     -0.00404053     -0.00406494     
-0.00402832     -0.00412598     -0.00432129     -0.00430908     
-0.00435791     -0.00449219     -0.00460205     -0.00466309     
-0.00478516     -0.0048584     -0.00496826     -0.0050415     
-0.00513916     -0.00526123     -0.00543213     -0.00543213     
-0.00546875     -0.0055542     -0.00567627     -0.00577393     
-0.00583496     -0.00595703     -0.00626221     -0.00629883     
-0.0064209     -0.00657959     -0.00675049     -0.00690918     
-0.00698242     -0.00709229     -0.00712891     -0.00710449     
-0.00700684     -0.00692139     -0.00684814     -0.00675049     
-0.00662842     -0.00649414     -0.00662842     -0.00648193     
-0.0064209     -0.00639648     -0.00648193     -0.00662842     
-0.00664063     -0.00672607     -0.00692139     -0.00704346     
-0.00708008     -0.00722656     -0.00734863     -0.00740967     
-0.00748291     -0.00755615     -0.00761719     -0.00773926     
-0.00771484     -0.00777588     -0.00791016     -0.00777588     
-0.00784912     -0.00792236     -0.00802002     -0.00797119     
-0.00802002     -0.00800781     -0.00814209     -0.00806885     
-0.00805664     -0.0081665     -0.00810547     -0.00809326     
-0.00809326     -0.00802002     -0.00804443     -0.00804443     
-0.0079834     -0.00821533     -0.00825195     -0.00827637     
-0.0083252     -0.00853271     -0.00855713     -0.00866699     
-0.00872803     -0.00883789     -0.00888672     -0.00880127     
-0.00898438     -0.00897217     -0.00891113     -0.00897217     
-0.00878906     -0.00889893     -0.00872803     -0.00866699     
-0.00869141     -0.00853271     -0.00860596     -0.00848389     
-0.00849609     -0.00842285     -0.00848389     -0.00845947     
-0.00841064     -0.00848389     -0.00847168     -0.00848389     
-0.00855713     -0.00852051     -0.00865479     -0.00866699     
-0.0086792     -0.00870361     -0.009021     -0.00876465     
-0.0088623     -0.00883789     -0.00895996     -0.00887451     
-0.00892334     -0.00887451     -0.00898438     -0.00897217     
-0.00889893     -0.0088501     -0.0088501     -0.00891113     
-0.00866699     -0.00870361     -0.00859375     -0.00848389     
-0.00858154     -0.00842285     -0.0085083     -0.00837402     
-0.00841064     -0.00830078     -0.00839844     -0.00830078     
-0.00834961     -0.00838623     -0.00841064     -0.00856934     
-0.00854492     -0.00863037     -0.00874023     -0.00889893     
-0.00889893     -0.00892334     -0.00910645     -0.00911865     
-0.00916748     -0.00916748     -0.00926514     -0.00925293     
-0.00925293     -0.00917969     -0.00926514     -0.00921631     
-0.00914307     -0.00910645     -0.00922852     -0.00916748     
-0.0092041     -0.00913086     -0.00924072     -0.00917969     
-0.00914307     -0.00909424     -0.009021     -0.0088623     
-0.00872803     -0.00870361     -0.00865479     -0.00855713     
-0.00838623     -0.00848389     -0.00836182     -0.00848389     
-0.00838623     -0.00844727     -0.00852051     -0.00859375     
-0.00866699     -0.00872803     -0.00876465     -0.00883789     
-0.00882568     -0.00883789     -0.00883789     -0.00880127     
-0.00856934     -0.00853271     -0.00839844     -0.00817871     
-0.00811768     -0.00800781     -0.00789795     -0.00772705     
-0.00771484     -0.00754395     -0.00756836     -0.00733643     
-0.00732422     -0.00737305     -0.00734863     -0.00726318     
-0.00721436     -0.00720215     -0.00721436     -0.00732422     
-0.00720215     -0.0072998     -0.00744629     -0.00736084     
-0.00732422     -0.00738525     -0.00743408     -0.00749512     
-0.00744629     -0.00740967     -0.00742188     -0.00734863     
-0.00733643     -0.00726318     -0.00721436     -0.00717773     
-0.00709229     -0.00710449     -0.00714111     -0.00715332     
-0.00703125     -0.00704346     -0.00704346     -0.00710449     
-0.00716553     -0.00712891     -0.0072998     -0.00734863     
-0.00725098     -0.00732422     -0.00726318     -0.00750732     
-0.00744629     -0.0074707     -0.00748291     -0.00758057     
-0.00743408     -0.00756836     -0.00760498     -0.00749512     
-0.00744629     -0.0074585     -0.0074707     -0.0074707     
-0.00736084     -0.00727539     -0.00736084     -0.00710449     
-0.00710449     -0.00698242     -0.00704346     -0.0069458     
-0.00687256     -0.0067749     -0.0069458     -0.0067749     
-0.00673828     -0.00686035     -0.00683594     -0.00682373     
-0.00688477     -0.00703125     -0.00701904     -0.00706787     
-0.00701904     -0.00726318     -0.00722656     -0.00734863     
-0.00725098     -0.00732422     -0.00732422     -0.00721436     
-0.0072998     -0.0072876     -0.0072998     -0.00731201     
-0.0072998     -0.00716553     -0.0072876     -0.00732422     
-0.00721436     -0.00743408     -0.00744629     -0.0074585     
-0.00742188     -0.0074585     -0.00754395     -0.00744629     
-0.00739746     -0.00736084     -0.00742188     -0.00722656     
-0.00715332     -0.00720215     -0.00710449     -0.00700684     
-0.0069458     -0.00690918     -0.00695801     -0.00686035     
-0.00689697     -0.00687256     -0.00684814     -0.00692139     
-0.00698242     -0.00704346     -0.00718994     -0.00723877     
-0.00717773     -0.00723877     -0.00727539     -0.00714111     
-0.00718994     -0.0071167     -0.00704346     -0.00703125     
-0.00688477     -0.0067749     -0.00662842     -0.006604     
-0.00648193     -0.00629883     -0.00626221     -0.00620117     
-0.00605469     -0.00600586     -0.00604248     -0.00600586     
-0.00598145     -0.00606689     -0.00598145     -0.00615234     
-0.0060791     -0.00609131     -0.00614014     -0.00605469     
-0.00612793     -0.00614014     -0.00622559     -0.00617676     
-0.00618896     -0.00617676     -0.00620117     -0.00629883     
-0.00634766     -0.00634766     -0.00639648     -0.00638428     
-0.00634766     -0.00628662     -0.00632324     -0.00616455     
-0.00625     -0.00609131     -0.00616455     -0.00600586     
-0.00610352     -0.00610352     -0.00606689     -0.00600586     
-0.00617676     -0.00616455     -0.00621338     -0.00618896     
-0.00621338     -0.00631104     -0.00639648     -0.00645752     
-0.00651855     -0.00662842     -0.00661621     -0.00664063     
-0.00668945     -0.00670166     -0.00678711     -0.0067749     
-0.00683594     -0.00681152     -0.00689697     -0.00698242     
-0.0067749     -0.00690918     -0.00692139     -0.0067749     
-0.0067749     -0.00665283     -0.00671387     -0.006604     
-0.00651855     -0.0064209     -0.00648193     -0.00635986     
-0.00617676     -0.00615234     -0.00621338     -0.00605469     
-0.00600586     -0.005896     -0.00601807     -0.005896     
-0.00582275     -0.00583496     -0.00598145     -0.00584717     
-0.00579834     -0.005896     -0.00594482     -0.00598145     
-0.00595703     -0.00595703     -0.00609131     -0.00605469     
-0.00605469     -0.00605469     -0.00601807     -0.00605469     
-0.00601807     -0.0060791     -0.0060791     -0.00614014     
-0.00616455     -0.00605469     -0.00610352     -0.00610352     
-0.00609131     -0.00621338     -0.00628662     -0.00620117     
-0.00616455     -0.00623779     -0.00612793     -0.00617676     
-0.00609131     -0.00605469     -0.00592041     -0.00592041     
-0.00577393     -0.00567627     -0.00566406     -0.00559082     
-0.00556641     -0.00554199     -0.00551758     -0.00551758     
-0.0055542     -0.00556641     -0.00577393     -0.00576172     
-0.0057251     -0.00588379     -0.00603027     -0.00598145     
-0.00618896     -0.00615234     -0.00622559     -0.00614014     
-0.00618896     -0.00622559     -0.00616455     -0.00601807     
-0.00612793     -0.00599365     -0.00599365     -0.00598145     
-0.00592041     -0.00594482     -0.00593262     -0.00601807     
-0.0059082     -0.00600586     -0.00612793     -0.00609131     
-0.00621338     -0.00618896     -0.00618896     -0.00626221     
-0.00629883     -0.00632324     -0.00626221     -0.00631104     
-0.00625     -0.00627441     -0.00629883     -0.00633545     
-0.00627441     -0.00639648     -0.0064209     -0.00635986     
-0.00628662     -0.00620117     -0.00631104     -0.00622559     
-0.00611572     -0.00612793     -0.00603027     -0.00587158     
-0.00595703     -0.0059082     -0.00599365     -0.00588379     
-0.00595703     -0.00593262     -0.00616455     -0.00611572     
-0.00611572     -0.00612793     -0.00631104     -0.00625     
-0.00622559     -0.00626221     -0.00640869     -0.00623779     
-0.00628662     -0.00629883     -0.00629883     -0.00632324     
-0.00621338     -0.00629883     -0.00634766     -0.00626221     
-0.00631104     -0.00631104     -0.00627441     -0.00632324     
-0.00617676     -0.00618896     -0.00627441     -0.00618896     
-0.00610352     -0.00622559     -0.00617676     -0.00625     
-0.00617676     -0.00625     -0.00631104     -0.00633545     
-0.00633545     -0.00646973     -0.00656738     -0.00657959     
-0.00662842     -0.00661621     -0.00670166     -0.00668945     
-0.00675049     -0.00673828     -0.00693359     -0.00683594     
-0.00681152     -0.00686035     -0.00683594     -0.00682373     
-0.00692139     -0.00681152     -0.00697021     -0.00693359     
-0.00704346     -0.00699463     -0.00710449     -0.00697021     
-0.00715332     -0.00712891     -0.00723877     -0.00717773     
-0.00708008     -0.0071167     -0.00703125     -0.00688477     
-0.00690918     -0.00693359     -0.00684814     -0.00679932     
-0.00678711     -0.00688477     -0.00684814     -0.00683594     
-0.00697021     -0.00705566     -0.00708008     -0.00722656     
-0.00705566     -0.0072876     -0.00732422     -0.00736084     
-0.00740967     -0.00739746     -0.00748291     -0.0072876     
-0.00726318     -0.0072998     -0.00727539     -0.00721436     
-0.00705566     -0.00701904     -0.00699463     -0.00682373     
-0.00681152     -0.0067627     -0.00684814     -0.0067627     
-0.00675049     -0.00682373     -0.00693359     -0.00684814     
-0.00688477     -0.00692139     -0.00698242     -0.00692139     
-0.00693359     -0.00686035     -0.00704346     -0.00689697     
-0.00688477     -0.00684814     -0.00681152     -0.00682373     
-0.00667725     -0.00675049     -0.00662842     -0.0065918     
-0.00651855     -0.00646973     -0.00653076     -0.00650635     
-0.00646973     -0.00645752     -0.006604     -0.00657959     
-0.00662842     -0.00678711     -0.0067627     -0.00699463     
-0.00705566     -0.00712891     -0.0072998     -0.0072998     
-0.0072876     -0.00737305     -0.00739746     -0.0072876     
-0.00727539     -0.0072876     -0.00715332     -0.00721436     
-0.00704346     -0.00706787     -0.00708008     -0.00698242     
-0.00690918     -0.00684814     -0.00686035     -0.00679932     
-0.00697021     -0.00681152     -0.00690918     -0.00687256     
-0.00679932     -0.00679932     -0.00686035     -0.00683594     
-0.00672607     -0.00664063     -0.00666504     -0.00671387     
-0.00656738     -0.0067749     -0.0067749     -0.00686035     
-0.00675049     -0.00686035     -0.00693359     -0.00695801     
-0.00690918     -0.00692139     -0.00697021     -0.00692139     
-0.00682373     -0.00675049     -0.00673828     -0.00667725     
-0.00653076     -0.00667725     -0.00673828     -0.00654297     
-0.0065918     -0.00672607     -0.00670166     -0.00657959     
-0.00661621     -0.00665283     -0.00671387     -0.00664063     
-0.00648193     -0.00666504     -0.00656738     -0.00648193     
-0.0065918     -0.00649414     -0.0065918     -0.00664063     
-0.006604     -0.00654297     -0.0067749     -0.00654297     
-0.00664063     -0.00675049     -0.00682373     -0.0067627     
-0.0067749     -0.00682373     -0.00686035     -0.00665283     
-0.00665283     -0.00655518     -0.00646973     -0.00645752     
-0.00628662     -0.00628662     -0.00611572     -0.00620117     
-0.00621338     -0.00616455     -0.00633545     -0.00648193     
-0.00649414     -0.00651855     -0.00682373     -0.00673828     
-0.00668945     -0.00678711     -0.00682373     -0.00687256     
-0.00682373     -0.00668945     -0.00664063     -0.00673828     
-0.00664063     -0.00656738     -0.006604     -0.00651855     
-0.00651855     -0.00646973     -0.00648193     -0.00645752     
-0.00633545     -0.00627441     -0.00632324     -0.00631104     
-0.00625     -0.00620117     -0.00621338     -0.00620117     
-0.00621338     -0.00610352     -0.00625     -0.00617676     
-0.00618896     -0.00614014     -0.00623779     -0.00610352     
-0.00618896     -0.00618896     -0.00622559     -0.00621338     
-0.00620117     -0.00623779     -0.00621338     -0.00622559     
-0.00616455     -0.00622559     -0.00616455     -0.00601807     
-0.00600586     -0.00601807     -0.00596924     -0.00594482     
-0.00600586     -0.00606689     -0.00610352     -0.00611572     
-0.00614014     -0.00627441     -0.00632324     -0.00623779     
-0.00627441     -0.00634766     -0.00629883     -0.00621338     
-0.00622559     -0.00615234     -0.00617676     -0.00611572     
-0.00605469     -0.00600586     -0.00603027     -0.00605469     
-0.00611572     -0.00603027     -0.00617676     -0.00623779     
-0.00626221     -0.00628662     -0.00648193     -0.00648193     
-0.00655518     -0.00648193     -0.006604     -0.006604     
-0.00650635     -0.00657959     -0.00656738     -0.00631104     
-0.00635986     -0.00622559     -0.00609131     -0.00601807     
-0.00584717     -0.00587158     -0.0057373     -0.00568848     
-0.00568848     -0.00566406     -0.00563965     -0.00556641     
-0.00545654     -0.00544434     -0.00548096     -0.00531006     
-0.00522461     -0.00517578     -0.00506592     -0.00516357     
-0.0050293     -0.00495605     -0.00510254     -0.00507813     
-0.0050415     -0.00510254     -0.00532227     -0.00528564     
-0.00527344     -0.00541992     -0.00551758     -0.00556641     
-0.00559082     -0.00563965     -0.00576172     -0.00566406     
-0.00578613     -0.00585938     -0.00594482     -0.0059082     
-0.00599365     -0.00603027     -0.00615234     -0.00615234     
-0.00618896     -0.00625     -0.00632324     -0.00627441     
-0.0064209     -0.00634766     -0.00632324     -0.00626221     
-0.00615234     -0.00627441     -0.00615234     -0.00617676     
-0.00604248     -0.00601807     -0.00596924     -0.00587158     
-0.00592041     -0.00585938     -0.00584717     -0.005896     
-0.00587158     -0.00582275     -0.00577393     -0.00596924     
-0.00577393     -0.005896     -0.00598145     -0.00600586     
-0.00593262     -0.00596924     -0.00598145     -0.00599365     
-0.00595703     -0.00592041     -0.00595703     -0.00588379     
-0.00582275     -0.00579834     -0.00581055     -0.00578613     
-0.00578613     -0.0057373     -0.0057373     -0.0057373     
-0.00562744     -0.00562744     -0.00583496     -0.00559082     
-0.0057373     -0.00568848     -0.00571289     -0.00576172     
-0.00566406     -0.0055542     -0.00574951     -0.00560303     
-0.00561523     -0.00566406     -0.00574951     -0.0057373     
-0.00562744     -0.0057251     -0.00567627     -0.00571289     
-0.00571289     -0.00563965     -0.00565186     -0.00561523     
-0.00556641     -0.00559082     -0.0055542     -0.00549316     
-0.0055542     -0.00559082     -0.00548096     -0.00562744     
-0.00554199     -0.00562744     -0.00561523     -0.00560303     
-0.00551758     -0.00559082     -0.00562744     -0.0055542     
-0.00554199     -0.00544434     -0.00543213     -0.00543213     
-0.00531006     -0.00534668     -0.00544434     -0.00539551     
-0.00545654     -0.00537109     -0.00544434     -0.00549316     
-0.00557861     -0.00552979     -0.0057251     -0.0057251     
-0.00581055     -0.00581055     -0.00593262     -0.00584717     
-0.0059082     -0.00588379     -0.00598145     -0.00595703     
-0.00578613     -0.005896     -0.005896     -0.0059082     
-0.00576172     -0.00583496     -0.00587158     -0.0057373     
-0.00574951     -0.0057373     -0.00577393     -0.00570068     
-0.00571289     -0.00557861     -0.00559082     -0.0057251     
-0.00545654     -0.00570068     -0.00562744     -0.00561523     
-0.0055542     -0.00556641     -0.00556641     -0.00545654     
-0.00540771     -0.00528564     -0.00534668     -0.00523682     
-0.00518799     -0.00524902     -0.00524902     -0.00532227     
-0.00535889     -0.00543213     -0.00565186     -0.00563965     
-0.00568848     -0.0057373     -0.0059082     -0.00583496     
-0.0059082     -0.00583496     -0.00583496     -0.00582275     
-0.0057251     -0.00563965     -0.00576172     -0.00565186     
-0.00563965     -0.00562744     -0.00571289     -0.00577393     
-0.00574951     -0.00582275     -0.00595703     -0.00604248     
-0.005896     -0.00595703     -0.00609131     -0.00594482     
-0.00592041     -0.0059082     -0.00598145     -0.00585938     
-0.00570068     -0.00570068     -0.00551758     -0.00559082     
-0.00545654     -0.00543213     -0.00540771     -0.0055542     
-0.00546875     -0.00552979     -0.0057251     -0.00570068     
-0.00585938     -0.00593262     -0.00610352     -0.00618896     
-0.00614014     -0.00621338     -0.00635986     -0.00629883     
-0.00639648     -0.0064209     -0.00644531     -0.00637207     
-0.0064209     -0.00631104     -0.00635986     -0.00629883     
-0.00611572     -0.00617676     -0.00609131     -0.00587158     
-0.00582275     -0.0057373     -0.00568848     -0.0057251     
-0.00565186     -0.00577393     -0.00576172     -0.00587158     
-0.0059082     -0.00592041     -0.00600586     -0.00600586     
-0.00616455     -0.00614014     -0.00623779     -0.00617676     
-0.00611572     -0.0060791     -0.00599365     -0.00595703     
-0.0059082     -0.00588379     -0.0057373     -0.00567627     
-0.00567627     -0.00568848     -0.00551758     -0.00554199     
-0.00559082     -0.00552979     -0.00556641     -0.00554199     
-0.00546875     -0.00559082     -0.00565186     -0.00549316     
-0.0057251     -0.00562744     -0.00566406     -0.00571289     
-0.0057251     -0.00570068     -0.00579834     -0.00567627     
-0.00563965     -0.00554199     -0.00568848     -0.0055542     
-0.00548096     -0.00548096     -0.00556641     -0.00537109     
-0.00546875     -0.00551758     -0.00549316     -0.00557861     
-0.00549316     -0.00562744     -0.00561523     -0.00565186     
-0.0057251     -0.00577393     -0.00579834     -0.00592041     
-0.00582275     -0.0059082     -0.0060791     -0.00604248     
-0.00598145     -0.00611572     -0.00598145     -0.00606689     
-0.0060791     -0.00599365     -0.00595703     -0.00595703     
-0.00592041     -0.005896     -0.00593262     -0.00587158     
-0.005896     -0.0059082     -0.005896     -0.00599365     
-0.00593262     -0.00582275     -0.00603027     -0.00595703     
-0.00587158     -0.00583496     -0.00578613     -0.0057373     
-0.00578613     -0.00565186     -0.00568848     -0.00560303     
-0.0055542     -0.00557861     -0.00559082     -0.00560303     
-0.00574951     -0.00567627     -0.00578613     -0.00582275     
-0.00576172     -0.0059082     -0.00588379     -0.00593262     
-0.00600586     -0.00594482     -0.00600586     -0.00587158     
-0.00584717     -0.00584717     -0.00576172     -0.0057373     
-0.00565186     -0.0055542     -0.00554199     -0.00551758     
-0.00532227     -0.00541992     -0.0053833     -0.00537109     
-0.0052124     -0.00532227     -0.00546875     -0.0053833     
-0.00544434     -0.00545654     -0.00544434     -0.00550537     
-0.00550537     -0.00563965     -0.00557861     -0.00552979     
-0.00562744     -0.00544434     -0.00561523     -0.00543213     
-0.00539551     -0.00539551     -0.00549316     -0.00534668     
-0.00529785     -0.0052002     -0.00518799     -0.00510254     
-0.00499268     -0.00495605     -0.00501709     -0.00479736     
-0.00472412     -0.00476074     -0.00469971     -0.00477295     
-0.00466309     -0.00476074     -0.00478516     -0.0048584     
-0.00474854     -0.00484619     -0.00489502     -0.00488281     
-0.00490723     -0.00489502     -0.00511475     -0.0050293     
-0.00496826     -0.00510254     -0.00500488     -0.00509033     
-0.00507813     -0.00510254     -0.00512695     -0.00517578     
-0.00510254     -0.00516357     -0.00528564     -0.00528564     
-0.00539551     -0.00534668     -0.00540771     -0.00545654     
-0.00537109     -0.00534668     -0.0053833     -0.00537109     
-0.00533447     -0.00534668     -0.00539551     -0.00532227     
-0.00546875     -0.00545654     -0.00557861     -0.00563965     
-0.00576172     -0.00581055     -0.00593262     -0.00592041     
-0.00598145     -0.00595703     -0.00606689     -0.00605469     
-0.0059082     -0.00603027     -0.00593262     -0.00592041     
-0.00574951     -0.00579834     -0.00576172     -0.00565186     
-0.00566406     -0.00567627     -0.0057373     -0.00559082     
-0.00562744     -0.00561523     -0.00549316     -0.0055542     
-0.00535889     -0.00550537     -0.00544434     -0.00540771     
-0.00534668     -0.00533447     -0.0053833     -0.00522461     
-0.00528564     -0.00526123     -0.00544434     -0.00526123     
-0.00534668     -0.00544434     -0.00540771     -0.00533447     
-0.00544434     -0.00537109     -0.00537109     -0.00535889     
-0.00544434     -0.00528564     -0.0053833     -0.00524902     
-0.00531006     -0.00515137     -0.00518799     -0.0052124     
-0.00515137     -0.00498047     -0.00511475     -0.00509033     
-0.00507813     -0.00513916     -0.00523682     -0.00527344     
-0.00529785     -0.00540771     -0.00539551     -0.00543213     
-0.00543213     -0.0053833     -0.00549316     -0.00543213     
-0.0053833     -0.0052002     -0.00529785     -0.00522461     
-0.00512695     -0.00513916     -0.00501709     -0.00505371     
-0.00491943     -0.00480957     -0.00479736     -0.00473633     
-0.0046875     -0.00469971     -0.00479736     -0.00460205     
-0.0046875     -0.00469971     -0.0046875     -0.00466309     
-0.00473633     -0.00466309     -0.00476074     -0.0046875     
-0.00456543     -0.00456543     -0.00467529     -0.00455322     
-0.00461426     -0.00458984     -0.00478516     -0.00483398     
-0.0048584     -0.00507813     -0.00510254     -0.00500488     
-0.00527344     -0.00524902     -0.00526123     -0.00523682     
-0.0052124     -0.00516357     -0.00515137     -0.00496826     
-0.00489502     -0.00494385     -0.00491943     -0.00477295     
-0.00476074     -0.00483398     -0.00493164     -0.00479736     
-0.00482178     -0.00493164     -0.0050293     -0.00511475     
-0.00509033     -0.00527344     -0.00527344     -0.00529785     
-0.00545654     -0.00544434     -0.00545654     -0.00537109     
-0.00549316     -0.00531006     -0.00529785     -0.00526123     
-0.00518799     -0.00517578     -0.00510254     -0.00495605     
-0.00501709     -0.00495605     -0.00487061     -0.00488281     
-0.0048584     -0.00483398     -0.00506592     -0.00495605     
-0.0050293     -0.00505371     -0.00513916     -0.00516357     
-0.0052002     -0.00535889     -0.00532227     -0.00529785     
-0.00531006     -0.00526123     -0.00532227     -0.00528564     
-0.0052124     -0.00526123     -0.00528564     -0.00532227     
-0.00527344     -0.00531006     -0.00532227     -0.0053833     
-0.00540771     -0.00540771     -0.00548096     -0.00543213     
-0.00541992     -0.00540771     -0.00532227     -0.00533447     
-0.00535889     -0.00529785     -0.00529785     -0.00526123     
-0.00516357     -0.00505371     -0.00522461     -0.00518799     
-0.00518799     -0.00524902     -0.00528564     -0.0053833     
-0.00541992     -0.00540771     -0.00549316     -0.00541992     
-0.00546875     -0.00548096     -0.00552979     -0.00543213     
-0.00545654     -0.00534668     -0.00529785     -0.00535889     
-0.00533447     -0.00526123     -0.00531006     -0.00524902     
-0.00540771     -0.00533447     -0.00546875     -0.00539551     
-0.00518799     -0.00529785     -0.00524902     -0.0052124     
-0.00505371     -0.00499268     -0.00490723     -0.00482178     
-0.00480957     -0.00465088     -0.00462646     -0.00466309     
-0.00478516     -0.00474854     -0.00488281     -0.0048584     
-0.00484619     -0.00506592     -0.00515137     -0.00511475     
-0.00513916     -0.00518799     -0.00515137     -0.00506592     
-0.00515137     -0.00509033     -0.00511475     -0.00499268     
-0.00487061     -0.00482178     -0.00480957     -0.00473633     
-0.00474854     -0.00466309     -0.00471191     -0.00476074     
-0.00471191     -0.00462646     -0.00478516     -0.00474854     
-0.00483398     -0.00484619     -0.00494385     -0.0050293     
-0.00494385     -0.00513916     -0.00531006     -0.00517578     
-0.00523682     -0.00540771     -0.00541992     -0.00548096     
-0.00552979     -0.00551758     -0.00548096     -0.00545654     
-0.0053833     -0.00534668     -0.00540771     -0.00531006     
-0.00522461     -0.00524902     -0.00526123     -0.00529785     
-0.00523682     -0.00534668     -0.00534668     -0.00549316     
-0.00549316     -0.00560303     -0.00559082     -0.00563965     
-0.00571289     -0.0057373     -0.00582275     -0.00584717     
-0.00592041     -0.00584717     -0.00578613     -0.0060791     
-0.00587158     -0.00582275     -0.00593262     -0.00583496     
-0.00581055     -0.0057373     -0.00576172     -0.00567627     
-0.00582275     -0.00570068     -0.00584717     -0.00567627     
-0.00570068     -0.00571289     -0.00560303     -0.00548096     
-0.00551758     -0.00535889     -0.00532227     -0.00526123     
-0.00515137     -0.00511475     -0.00507813     -0.00500488     
-0.00489502     -0.00493164     -0.00476074     -0.00477295     
-0.00478516     -0.00476074     -0.00478516     -0.00469971     
-0.00477295     -0.00483398     -0.00483398     -0.00491943     
-0.00493164     -0.00513916     -0.00517578     -0.00524902     
-0.00532227     -0.00528564     -0.00537109     -0.00534668     
-0.00539551     -0.0052002     -0.00531006     -0.00524902     
-0.00510254     -0.00516357     -0.0052124     -0.00515137     
-0.0052002     -0.00522461     -0.00512695     -0.00515137     
-0.0052124     -0.00522461     -0.00535889     -0.00527344     
-0.00527344     -0.00526123     -0.00518799     -0.0052124     
-0.00506592     -0.00495605     -0.00495605     -0.00482178     
-0.00476074     -0.00467529     -0.00469971     -0.00461426     
-0.0045166     -0.00458984     -0.00456543     -0.00462646     
-0.00457764     -0.00454102     -0.00469971     -0.0046875     
-0.00466309     -0.00469971     -0.00487061     -0.00487061     
-0.00478516     -0.00488281     -0.00480957     -0.00487061     
-0.00480957     -0.00476074     -0.00484619     -0.00480957     
-0.00473633     -0.00465088     -0.00465088     -0.00463867     
-0.00454102     -0.00447998     -0.00443115     -0.00447998     
-0.0043335     -0.00437012     -0.00435791     -0.00429688     
-0.00428467     -0.00424805     -0.00437012     -0.00432129     
-0.0043457     -0.00427246     -0.00444336     -0.00446777     
-0.00449219     -0.00447998     -0.00461426     -0.00460205     
-0.00471191     -0.0046875     -0.00490723     -0.00491943     
-0.00488281     -0.0052124     -0.00518799     -0.00516357     
-0.00511475     -0.00531006     -0.0052124     -0.00507813     
-0.00517578     -0.00510254     -0.00507813     -0.00496826     
-0.00496826     -0.00490723     -0.00478516     -0.00491943     
-0.00482178     -0.00484619     -0.0048584     -0.00478516     
-0.00478516     -0.0046875     -0.00471191     -0.00463867     
-0.00458984     -0.00461426     -0.00472412     -0.00456543     
-0.00449219     -0.00450439     -0.0045166     -0.00439453     
-0.00450439     -0.00443115     -0.00447998     -0.00443115     
-0.00440674     -0.00446777     -0.00463867     -0.0045166     
-0.00452881     -0.00467529     -0.00474854     -0.00471191     
-0.00472412     -0.00479736     -0.00483398     -0.00472412     
-0.0048584     -0.00482178     -0.00477295     -0.00482178     
-0.00476074     -0.00469971     -0.00474854     -0.00476074     
-0.00469971     -0.00471191     -0.00479736     -0.00478516     
-0.00476074     -0.00479736     -0.0048584     -0.00484619     
-0.00482178     -0.00482178     -0.00467529     -0.00496826     
-0.00487061     -0.00488281     -0.00498047     -0.00498047     
-0.00494385     -0.0050415     -0.00512695     -0.00506592     
-0.00512695     -0.00506592     -0.0050415     -0.00507813     
-0.00493164     -0.00489502     -0.00496826     -0.00478516     
-0.00460205     -0.0045166     -0.00445557     -0.00429688     
-0.0043457     -0.0041748     -0.00415039     -0.00415039     
-0.00411377     -0.00413818     -0.0041626     -0.00413818     
-0.00435791     -0.0043335     -0.00450439     -0.00441895     
-0.00457764     -0.00471191     -0.00478516     -0.0048584     
-0.00494385     -0.00500488     -0.00507813     -0.0052124     
-0.00515137     -0.00515137     -0.00524902     -0.00515137     
-0.0052124     -0.00516357     -0.00509033     -0.00510254     
-0.0048584     -0.00493164     -0.00494385     -0.00478516     
-0.0046875     -0.00460205     -0.00473633     -0.00465088     
-0.00456543     -0.00452881     -0.00462646     -0.00450439     
-0.00441895     -0.00465088     -0.00463867     -0.00454102     
-0.0046875     -0.00463867     -0.00477295     -0.00466309     
-0.00478516     -0.00480957     -0.00487061     -0.00476074     
-0.00472412     -0.00473633     -0.00474854     -0.00473633     
-0.00472412     -0.00471191     -0.00482178     -0.00471191     
-0.00477295     -0.0046875     -0.0046875     -0.00478516     
-0.00463867     -0.0046875     -0.00469971     -0.00460205     
-0.00450439     -0.00446777     -0.00450439     -0.00454102     
-0.00439453     -0.00440674     -0.00456543     -0.00452881     
-0.00443115     -0.00462646     -0.00460205     -0.00469971     
-0.00478516     -0.00473633     -0.00490723     -0.00494385     
-0.00499268     -0.0050415     -0.00515137     -0.00517578     
-0.00517578     -0.00527344     -0.00533447     -0.00541992     
-0.00533447     -0.00532227     -0.00550537     -0.00539551     
-0.00532227     -0.00539551     -0.00550537     -0.00546875     
-0.00550537     -0.00535889     -0.00554199     -0.00546875     
-0.00544434     -0.00549316     -0.00557861     -0.00548096     
-0.0055542     -0.00545654     -0.00551758     -0.00543213     
-0.00543213     -0.00534668     -0.00533447     -0.00522461     
-0.00515137     -0.00515137     -0.00506592     -0.00498047     
-0.00491943     -0.00490723     -0.00488281     -0.00482178     
-0.00480957     -0.00466309     -0.00472412     -0.0046875     
-0.00452881     -0.00465088     -0.0046875     -0.00454102     
-0.00458984     -0.00457764     -0.00458984     -0.00446777     
-0.00458984     -0.0045166     -0.00474854     -0.00473633     
-0.00471191     -0.00498047     -0.00507813     -0.00511475     
-0.0052002     -0.0052002     -0.00534668     -0.00533447     
-0.00527344     -0.00527344     -0.00537109     -0.00517578     
-0.00523682     -0.00501709     -0.00507813     -0.00498047     
-0.00491943     -0.00480957     -0.00493164     -0.00477295     
-0.00479736     -0.00479736     -0.00476074     -0.00482178     
-0.00476074     -0.00490723     -0.00490723     -0.00493164     
-0.00495605     -0.00490723     -0.00491943     -0.0048584     
-0.00487061     -0.00477295     -0.00474854     -0.00460205     
-0.00449219     -0.00450439     -0.00440674     -0.00441895     
-0.0043457     -0.00428467     -0.00441895     -0.00449219     
-0.00452881     -0.00457764     -0.00480957     -0.00487061     
-0.00495605     -0.00491943     -0.00505371     -0.00517578     
-0.00515137     -0.00506592     -0.0052124     -0.00509033     
-0.00505371     -0.0050293     -0.0050293     -0.00480957     
-0.00482178     -0.00469971     -0.00472412     -0.00461426     
-0.00441895     -0.00445557     -0.00445557     -0.00430908     
-0.00441895     -0.0043457     -0.00437012     -0.00443115     
-0.00432129     -0.0045166     -0.00444336     -0.00447998     
-0.00450439     -0.00467529     -0.00462646     -0.00463867     
-0.00472412     -0.00480957     -0.00484619     -0.00488281     
-0.0050293     -0.00496826     -0.00506592     -0.00524902     
-0.0050293     -0.00511475     -0.00517578     -0.00509033     
-0.00499268     -0.00512695     -0.00509033     -0.00495605     
-0.00495605     -0.00482178     -0.00489502     -0.00478516     
-0.00472412     -0.00467529     -0.00457764     -0.00447998     
-0.00441895     -0.00438232     -0.00435791     -0.00432129     
-0.00424805     -0.00418701     -0.00428467     -0.00421143     
-0.0041626     -0.0041626     -0.00422363     -0.00424805     
-0.00422363     -0.00419922     -0.00438232     -0.00445557     
-0.00440674     -0.00455322     -0.00452881     -0.00466309     
-0.00471191     -0.00477295     -0.00482178     -0.00490723     
-0.00491943     -0.00490723     -0.00501709     -0.00501709     
-0.00494385     -0.00494385     -0.00494385     -0.0048584     
-0.00467529     -0.00467529     -0.00446777     -0.00443115     
-0.00439453     -0.00429688     -0.00437012     -0.00430908     
-0.00430908     -0.00430908     -0.00449219     -0.00445557     
-0.00450439     -0.00462646     -0.00472412     -0.00477295     
-0.00469971     -0.00463867     -0.00480957     -0.00476074     
-0.00466309     -0.00471191     -0.00480957     -0.00462646     
-0.00473633     -0.00476074     -0.00479736     -0.00458984     
-0.00462646     -0.0046875     -0.00466309     -0.00455322     
-0.00452881     -0.00456543     -0.00441895     -0.00440674     
-0.00437012     -0.00443115     -0.00444336     -0.00450439     
-0.0045166     -0.00462646     -0.00471191     -0.00469971     
-0.00471191     -0.00469971     -0.00473633     -0.00471191     
-0.00463867     -0.00461426     -0.0045166     -0.00450439     
-0.00435791     -0.00435791     -0.0043335     -0.00424805     
-0.00419922     -0.00419922     -0.00419922     -0.00429688     
-0.00435791     -0.0043457     -0.00449219     -0.00447998     
-0.00450439     -0.00462646     -0.00463867     -0.00460205     
-0.00467529     -0.00465088     -0.00471191     -0.00473633     
-0.00467529     -0.00467529     -0.00473633     -0.00458984     
-0.0046875     -0.00462646     -0.00467529     -0.00478516     
-0.00465088     -0.00476074     -0.00490723     -0.00483398     
-0.00490723     -0.00488281     -0.00501709     -0.0050415     
-0.00493164     -0.00496826     -0.00506592     -0.00500488     
-0.00495605     -0.00496826     -0.00501709     -0.0050415     
-0.00487061     -0.00488281     -0.00491943     -0.00483398     
-0.00474854     -0.00474854     -0.00457764     -0.00467529     
-0.00449219     -0.00440674     -0.00445557     -0.0043335     
-0.00435791     -0.00438232     -0.00449219     -0.00443115     
-0.0045166     -0.00456543     -0.00458984     -0.00463867     
-0.00463867     -0.00471191     -0.00477295     -0.00471191     
-0.0046875     -0.00460205     -0.00466309     -0.00455322     
-0.00457764     -0.00455322     -0.0045166     -0.00450439     
-0.0045166     -0.00450439     -0.00439453     -0.00437012     
-0.00445557     -0.00429688     -0.00437012     -0.00435791     
-0.00426025     -0.00419922     -0.00423584     -0.00413818     
-0.00395508     -0.00412598     -0.00402832     -0.00388184     
-0.00389404     -0.00390625     -0.00386963     -0.00379639     
-0.00389404     -0.00383301     -0.00386963     -0.00390625     
-0.00390625     -0.00402832     -0.00404053     -0.00412598     
-0.00410156     -0.00421143     -0.00426025     -0.00422363     
-0.00426025     -0.00423584     -0.00435791     -0.0043335     
-0.00439453     -0.00439453     -0.00444336     -0.00446777     
-0.0045166     -0.00456543     -0.0046875     -0.00473633     
-0.00472412     -0.00482178     -0.00499268     -0.0048584     
-0.00489502     -0.00480957     -0.00491943     -0.00483398     
-0.00482178     -0.00488281     -0.0048584     -0.00477295     
-0.00482178     -0.00473633     -0.00479736     -0.00482178     
-0.00467529     -0.00473633     -0.00466309     -0.00465088     
-0.00461426     -0.00457764     -0.00460205     -0.00462646     
-0.00447998     -0.0043457     -0.00447998     -0.00429688     
-0.00412598     -0.00421143     -0.00402832     -0.0039917     
-0.00385742     -0.00377197     -0.00384521     -0.00377197     
-0.00372314     -0.00372314     -0.00377197     -0.00375977     
-0.00391846     -0.00384521     -0.00397949     -0.00406494     
-0.00407715     -0.00410156     -0.00432129     -0.00424805     
-0.00428467     -0.00432129     -0.00438232     -0.0043335     
-0.00441895     -0.00430908     -0.00438232     -0.00428467     
-0.00437012     -0.00438232     -0.0043457     -0.00432129     
-0.00430908     -0.00428467     -0.0043457     -0.00429688     
-0.00435791     -0.00446777     -0.00443115     -0.00456543     
-0.00444336     -0.00457764     -0.00457764     -0.00457764     
-0.00469971     -0.00469971     -0.00476074     -0.00476074     
-0.00473633     -0.00478516     -0.00484619     -0.00489502     
-0.00473633     -0.00494385     -0.00494385     -0.00496826     
-0.00483398     -0.00493164     -0.00501709     -0.00487061     
-0.00496826     -0.00496826     -0.00509033     -0.00507813     
-0.00499268     -0.0050293     -0.00501709     -0.00495605     
-0.00498047     -0.00500488     -0.00495605     -0.00484619     
-0.0048584     -0.00477295     -0.00489502     -0.00484619     
-0.00480957     -0.00484619     -0.00487061     -0.00484619     
-0.00496826     -0.00490723     -0.00494385     -0.00491943     
-0.00500488     -0.00498047     -0.00493164     -0.00496826     
-0.00474854     -0.00476074     -0.0046875     -0.0046875     
-0.00455322     -0.00449219     -0.00450439     -0.00440674     
-0.00437012     -0.00424805     -0.00432129     -0.00430908     
-0.0043457     -0.00445557     -0.00445557     -0.00474854     
-0.00452881     -0.00465088     -0.00480957     -0.00474854     
-0.0046875     -0.00476074     -0.00480957     -0.00467529     
-0.00460205     -0.00452881     -0.00446777     -0.00450439     
-0.00438232     -0.00428467     -0.00432129     -0.00424805     
-0.00427246     -0.00423584     -0.00429688     -0.0043457     
-0.0043457     -0.00428467     -0.00438232     -0.00444336     
-0.00443115     -0.00446777     -0.00457764     -0.0045166     
-0.0046875     -0.00457764     -0.00471191     -0.00474854     
-0.00480957     -0.00493164     -0.00499268     -0.00509033     
-0.00499268     -0.00511475     -0.00526123     -0.00509033     
-0.00513916     -0.00517578     -0.0052002     -0.00512695     
-0.00510254     -0.0050415     -0.00516357     -0.00506592     
-0.00482178     -0.00491943     -0.00487061     -0.00477295     
-0.00478516     -0.0046875     -0.00479736     -0.0046875     
-0.00463867     -0.00461426     -0.00463867     -0.00458984     
-0.00460205     -0.00458984     -0.00457764     -0.00457764     
-0.00450439     -0.00449219     -0.00446777     -0.00444336     
-0.00447998     -0.00444336     -0.00455322     -0.00447998     
-0.00449219     -0.00450439     -0.00450439     -0.00462646     
-0.00471191     -0.00467529     -0.00478516     -0.00472412     
-0.00474854     -0.00478516     -0.00480957     -0.00490723     
-0.00490723     -0.00495605     -0.00500488     -0.00510254     
-0.00515137     -0.00510254     -0.00527344     -0.0052124     
-0.00513916     -0.00507813     -0.0052124     -0.0050415     
-0.00496826     -0.00488281     -0.00476074     -0.00477295     
-0.00458984     -0.00462646     -0.00449219     -0.00450439     
-0.00447998     -0.00439453     -0.00446777     -0.00440674     
-0.00444336     -0.00445557     -0.00444336     -0.00452881     
-0.00455322     -0.00446777     -0.00467529     -0.00460205     
-0.00462646     -0.00474854     -0.00478516     -0.00472412     
-0.00480957     -0.00472412     -0.0048584     -0.00471191     
-0.00467529     -0.00458984     -0.00469971     -0.00456543     
-0.00456543     -0.00450439     -0.00444336     -0.00441895     
-0.00429688     -0.00432129     -0.0043335     -0.00428467     
-0.00411377     -0.00419922     -0.0041626     -0.00408936     
-0.00402832     -0.00405273     -0.00412598     -0.00407715     
-0.00408936     -0.00415039     -0.00415039     -0.00422363     
-0.00419922     -0.00435791     -0.00438232     -0.00437012     
-0.00432129     -0.00428467     -0.00435791     -0.00428467     
-0.00422363     -0.00413818     -0.00422363     -0.00415039     
-0.00397949     -0.00410156     -0.00411377     -0.00396729     
-0.00406494     -0.00401611     -0.00421143     -0.00415039     
-0.00422363     -0.00418701     -0.00427246     -0.00426025     
-0.00419922     -0.00418701     -0.00427246     -0.00419922     
-0.00408936     -0.00397949     -0.00408936     -0.00394287     
-0.00391846     -0.00391846     -0.00380859     -0.00390625     
-0.00378418     -0.00378418     -0.00377197     -0.00372314     
-0.00373535     -0.00368652     -0.00373535     -0.00366211     
-0.00367432     -0.00360107     -0.00361328     -0.00344238     
-0.00352783     -0.00357666     -0.0034668     -0.00356445     
-0.00345459     -0.00350342     -0.00349121     -0.00354004     
-0.00355225     -0.00357666     -0.00369873     -0.00374756     
-0.00378418     -0.00383301     -0.00390625     -0.00395508     
-0.0039917     -0.00400391     -0.00408936     -0.00413818     
-0.00421143     -0.00411377     -0.00415039     -0.00408936     
-0.00415039     -0.00408936     -0.00422363     -0.0041748     
-0.00418701     -0.00427246     -0.00429688     -0.00428467     
-0.00443115     -0.00445557     -0.00463867     -0.00463867     
-0.00463867     -0.00472412     -0.00473633     -0.00478516     
-0.00482178     -0.00480957     -0.00480957     -0.00487061     
-0.00483398     -0.00482178     -0.00476074     -0.00472412     
-0.00472412     -0.00461426     -0.00452881     -0.0045166     
-0.00419922     -0.00415039     -0.00411377     -0.00402832     
-0.00389404     -0.00380859     -0.00380859     -0.00366211     
-0.00367432     -0.00361328     -0.00380859     -0.00368652     
-0.00373535     -0.00379639     -0.00389404     -0.00379639     
-0.00388184     -0.00383301     -0.00396729     -0.00396729     
-0.00406494     -0.00402832     -0.00422363     -0.00421143     
-0.0041748     -0.00423584     -0.00422363     -0.00413818     
-0.0041626     -0.00412598     -0.00418701     -0.00411377     
-0.00404053     -0.00407715     -0.00410156     -0.00421143     
-0.00412598     -0.00421143     -0.00429688     -0.00435791     
-0.00432129     -0.0043335     -0.0043335     -0.00429688     
-0.00424805     -0.00411377     -0.00421143     -0.00406494     
-0.00394287     -0.00400391     -0.0038208     -0.00393066     
-0.00386963     -0.00383301     -0.00397949     -0.00402832     
-0.00400391     -0.00402832     -0.00415039     -0.00410156     
-0.00423584     -0.00427246     -0.00432129     -0.00432129     
-0.00430908     -0.00438232     -0.00438232     -0.00426025     
-0.00418701     -0.00423584     -0.0041748     -0.00408936     
-0.00400391     -0.00385742     -0.00384521     -0.00369873     
-0.0036377     -0.0036377     -0.00358887     -0.00352783     
-0.00358887     -0.00360107     -0.00373535     -0.00378418     
-0.00377197     -0.00393066     -0.00388184     -0.00400391     
-0.00394287     -0.0039917     -0.00405273     -0.00397949     
-0.00394287     -0.00394287     -0.00393066     -0.00393066     
-0.00384521     -0.0038208     -0.00384521     -0.00394287     
-0.00380859     -0.00388184     -0.00396729     -0.00402832     
-0.00404053     -0.00405273     -0.00419922     -0.00408936     
-0.00410156     -0.00406494     -0.00410156     -0.00415039     
-0.00405273     -0.00411377     -0.00400391     -0.00396729     
-0.0039917     -0.00393066     -0.00404053     -0.00404053     
-0.00405273     -0.00395508     -0.00419922     -0.00413818     
-0.00418701     -0.00421143     -0.00430908     -0.00426025     
-0.00422363     -0.00430908     -0.00430908     -0.00422363     
-0.00422363     -0.00419922     -0.00419922     -0.00413818     
-0.00405273     -0.00404053     -0.00412598     -0.00405273     
-0.00402832     -0.00394287     -0.00397949     -0.00412598     
-0.00405273     -0.00405273     -0.00421143     -0.0041626     
-0.0041626     -0.00421143     -0.00412598     -0.00421143     
-0.00410156     -0.00397949     -0.00397949     -0.00394287     
-0.00389404     -0.00373535     -0.00380859     -0.00369873     
-0.00367432     -0.00360107     -0.00360107     -0.00371094     
-0.00371094     -0.00371094     -0.00395508     -0.0039917     
-0.00400391     -0.00422363     -0.00427246     -0.00424805     
-0.00435791     -0.00428467     -0.00443115     -0.00429688     
-0.00429688     -0.00421143     -0.00410156     -0.00400391     
-0.00388184     -0.0038208     -0.00371094     -0.00360107     
-0.00350342     -0.00345459     -0.0034668     -0.00350342     
-0.003479     -0.00340576     -0.00361328     -0.00354004     
-0.00352783     -0.00362549     -0.00368652     -0.00371094     
-0.00375977     -0.00384521     -0.00397949     -0.00394287     
-0.00386963     -0.00415039     -0.0041626     -0.00415039     
-0.00412598     -0.00412598     -0.00418701     -0.0041748     
-0.00407715     -0.00407715     -0.00415039     -0.00400391     
-0.00395508     -0.00401611     -0.00418701     -0.00419922     
-0.00422363     -0.00418701     -0.0043457     -0.00428467     
-0.00432129     -0.0043335     -0.00446777     -0.00439453     
-0.00437012     -0.0043457     -0.00429688     -0.00426025     
-0.00412598     -0.00400391     -0.00407715     -0.00391846     
-0.00384521     -0.00384521     -0.00377197     -0.00373535     
-0.00372314     -0.00373535     -0.00358887     -0.00358887     
-0.00345459     -0.00335693     -0.00330811     -0.0032959     
-0.00317383     -0.00316162     -0.00335693     -0.00321045     
-0.00319824     -0.00330811     -0.0032959     -0.00340576     
-0.00352783     -0.00358887     -0.00372314     -0.00394287     
-0.00388184     -0.00386963     -0.00419922     -0.00413818     
-0.00418701     -0.00429688     -0.00428467     -0.00428467     
-0.00428467     -0.0041748     -0.00439453     -0.00428467     
-0.00419922     -0.00426025     -0.0043335     -0.00428467     
-0.00430908     -0.00428467     -0.00428467     -0.00428467     
-0.00427246     -0.00428467     -0.00428467     -0.00418701     
-0.00413818     -0.00404053     -0.00402832     -0.00401611     
-0.00391846     -0.00401611     -0.00400391     -0.00411377     
-0.00405273     -0.0041748     -0.00435791     -0.00426025     
-0.00440674     -0.00441895     -0.00443115     -0.00437012     
-0.00443115     -0.0043457     -0.00427246     -0.00437012     
-0.00411377     -0.00422363     -0.00423584     -0.00423584     
-0.00413818     -0.00421143     -0.00424805     -0.0041626     
-0.00426025     -0.00418701     -0.00427246     -0.00428467     
-0.00418701     -0.00428467     -0.0041748     -0.00413818     
-0.00419922     -0.0039917     -0.00421143     -0.00407715     
-0.00395508     -0.00404053     -0.00411377     -0.0039917     
-0.00395508     -0.00408936     -0.00421143     -0.00410156     
-0.00419922     -0.00423584     -0.00443115     -0.00432129     
-0.00449219     -0.00467529     -0.00463867     -0.00472412     
-0.00483398     -0.00494385     -0.00494385     -0.00501709     
-0.00511475     -0.00505371     -0.0050293     -0.00510254     
-0.0050415     -0.00491943     -0.00494385     -0.00478516     
-0.00474854     -0.00463867     -0.00454102     -0.00463867     
-0.00446777     -0.00456543     -0.0045166     -0.00458984     
-0.00446777     -0.00441895     -0.00456543     -0.00447998     
-0.00447998     -0.00446777     -0.00439453     -0.00437012     
-0.00429688     -0.00429688     -0.0043335     -0.00421143     
-0.00401611     -0.0039917     -0.00400391     -0.00388184     
-0.00386963     -0.00383301     -0.00384521     -0.00389404     
-0.00393066     -0.00393066     -0.00395508     -0.00401611     
-0.00413818     -0.00405273     -0.00419922     -0.00422363     
-0.00405273     -0.00407715     -0.00422363     -0.00413818     
-0.00389404     -0.00401611     -0.00401611     -0.00391846     
-0.00385742     -0.0038208     -0.00372314     -0.00372314     
-0.00368652     -0.00371094     -0.00374756     -0.0038208     
-0.00368652     -0.00380859     -0.00390625     -0.00384521     
-0.00383301     -0.00391846     -0.00396729     -0.00407715     
-0.00411377     -0.00411377     -0.00432129     -0.00429688     
-0.00426025     -0.00435791     -0.00435791     -0.00437012     
-0.00439453     -0.00428467     -0.00428467     -0.00424805     
-0.0041748     -0.0041748     -0.00430908     -0.00423584     
-0.00421143     -0.00426025     -0.00429688     -0.00422363     
-0.00424805     -0.00426025     -0.00439453     -0.00429688     
-0.00423584     -0.00423584     -0.0041626     -0.00422363     
-0.00402832     -0.00410156     -0.00405273     -0.00397949     
-0.00393066     -0.00395508     -0.00391846     -0.00390625     
-0.0039917     -0.00396729     -0.0041748     -0.00423584     
-0.00413818     -0.00410156     -0.00407715     -0.00418701     
-0.00424805     -0.00410156     -0.00408936     -0.00407715     
-0.0039917     -0.00388184     -0.00393066     -0.00378418     
-0.00366211     -0.0036377     -0.00362549     -0.00361328     
-0.00357666     -0.00360107     -0.00377197     -0.00367432     
-0.00377197     -0.00395508     -0.00395508     -0.00394287     
-0.00404053     -0.00404053     -0.00406494     -0.00407715     
-0.00402832     -0.00405273     -0.00412598     -0.00410156     
-0.00411377     -0.00415039     -0.00437012     -0.00432129     
-0.00437012     -0.00444336     -0.00456543     -0.00460205     
-0.00455322     -0.0046875     -0.00467529     -0.00447998     
-0.00449219     -0.00445557     -0.00441895     -0.00423584     
-0.00419922     -0.00404053     -0.00404053     -0.00404053     
-0.00393066     -0.00395508     -0.00395508     -0.00390625     
-0.00391846     -0.00408936     -0.00405273     -0.00413818     
-0.00424805     -0.00421143     -0.00446777     -0.00438232     
-0.00435791     -0.00452881     -0.00457764     -0.00444336     
-0.00465088     -0.00456543     -0.00463867     -0.00461426     
-0.00452881     -0.00443115     -0.00458984     -0.00446777     
-0.00441895     -0.00428467     -0.00438232     -0.00432129     
-0.00413818     -0.00411377     -0.00415039     -0.00401611     
-0.00390625     -0.00394287     -0.00380859     -0.00373535     
-0.00378418     -0.00372314     -0.0036377     -0.00361328     
-0.00354004     -0.00340576     -0.00354004     -0.00351563     
-0.00339355     -0.00340576     -0.00355225     -0.00344238     
-0.00344238     -0.00358887     -0.00357666     -0.00377197     
-0.00373535     -0.00379639     -0.00386963     -0.00397949     
-0.00415039     -0.00413818     -0.00423584     -0.00427246     
-0.00432129     -0.0043457     -0.00439453     -0.00440674     
-0.00435791     -0.00444336     -0.00447998     -0.00444336     
-0.00446777     -0.00450439     -0.00444336     -0.00445557     
-0.00454102     -0.00445557     -0.00458984     -0.00460205     
-0.00458984     -0.0046875     -0.00473633     -0.00469971     
-0.00484619     -0.00480957     -0.00484619     -0.00491943     
-0.00484619     -0.00488281     -0.00483398     -0.00477295     
-0.00467529     -0.0046875     -0.00462646     -0.00444336     
-0.00438232     -0.00423584     -0.00412598     -0.00397949     
-0.00385742     -0.00380859     -0.00358887     -0.00351563     
-0.00338135     -0.00341797     -0.00327148     -0.00317383     
-0.00317383     -0.00321045     -0.00321045     -0.00319824     
-0.00318604     -0.00327148     -0.00345459     -0.00340576     
-0.00339355     -0.00358887     -0.0036377     -0.00354004     
-0.00345459     -0.00354004     -0.00355225     -0.00333252     
-0.0032959     -0.00330811     -0.00343018     -0.00333252     
-0.00330811     -0.00341797     -0.00338135     -0.00340576     
-0.00345459     -0.0036377     -0.00372314     -0.00360107     
-0.00373535     -0.00378418     -0.00384521     -0.00386963     
-0.00393066     -0.00395508     -0.00400391     -0.00410156     
-0.00397949     -0.00405273     -0.0041626     -0.0041626     
-0.00421143     -0.00421143     -0.00428467     -0.00430908     
-0.00424805     -0.00427246     -0.00411377     -0.00423584     
-0.0041626     -0.00418701     -0.00413818     -0.0041748     
-0.00407715     -0.00405273     -0.00412598     -0.00406494     
-0.00412598     -0.00405273     -0.00413818     -0.0041748     
-0.00408936     -0.00410156     -0.0041626     -0.00405273     
-0.00390625     -0.00391846     -0.00391846     -0.00383301     
-0.00373535     -0.00366211     -0.00360107     -0.00366211     
-0.00358887     -0.00361328     -0.00369873     -0.00368652     
-0.00383301     -0.00389404     -0.00402832     -0.00408936     
-0.00413818     -0.00435791     -0.00440674     -0.00452881     
-0.00450439     -0.00449219     -0.00450439     -0.00430908     
-0.00430908     -0.00430908     -0.00411377     -0.00401611     
-0.0039917     -0.00384521     -0.00371094     -0.00369873     
-0.00350342     -0.00350342     -0.00350342     -0.00338135     
-0.00339355     -0.00338135     -0.00354004     -0.00344238     
-0.00356445     -0.00361328     -0.00378418     -0.0036499     
-0.00373535     -0.00384521     -0.00385742     -0.00388184     
-0.00397949     -0.00393066     -0.00401611     -0.0039917     
-0.00396729     -0.00395508     -0.00397949     -0.0038208     
-0.00395508     -0.00384521     -0.00379639     -0.00378418     
-0.00374756     -0.00361328     -0.00375977     -0.00361328     
-0.00362549     -0.00380859     -0.00380859     -0.00385742     
-0.00378418     -0.00386963     -0.0039917     -0.00410156     
-0.00412598     -0.00411377     -0.00426025     -0.0043335     
-0.0043335     -0.00426025     -0.00437012     -0.00438232     
-0.00424805     -0.00435791     -0.0041626     -0.00426025     
-0.0041626     -0.00400391     -0.00402832     -0.0039917     
-0.00395508     -0.00390625     -0.00394287     -0.00391846     
-0.00388184     -0.0038208     -0.00379639     -0.00383301     
-0.00373535     -0.00366211     -0.00372314     -0.0036499     
-0.00352783     -0.00345459     -0.003479     -0.00339355     
-0.00350342     -0.00343018     -0.00357666     -0.00361328     
-0.00372314     -0.00372314     -0.00391846     -0.00393066     
-0.00411377     -0.00423584     -0.0043457     -0.00435791     
-0.0043335     -0.00443115     -0.00430908     -0.00438232     
-0.0041748     -0.00413818     -0.00413818     -0.00411377     
-0.00391846     -0.00393066     -0.00400391     -0.00400391     
-0.00397949     -0.00410156     -0.0041626     -0.00427246     
-0.00415039     -0.00438232     -0.00437012     -0.0043335     
-0.00443115     -0.00456543     -0.00465088     -0.00457764     
-0.00458984     -0.00450439     -0.00452881     -0.00457764     
-0.00445557     -0.00457764     -0.00447998     -0.00443115     
-0.00441895     -0.00422363     -0.00427246     -0.00421143     
-0.00406494     -0.00390625     -0.00402832     -0.00395508     
-0.00390625     -0.00378418     -0.00389404     -0.0038208     
-0.00378418     -0.00373535     -0.00385742     -0.00372314     
-0.00356445     -0.00369873     -0.0036377     -0.00368652     
-0.00361328     -0.00362549     -0.00367432     -0.00379639     
-0.00367432     -0.00368652     -0.00369873     -0.00373535     
-0.00371094     -0.00369873     -0.00373535     -0.00361328     
-0.00367432     -0.00378418     -0.00361328     -0.00375977     
-0.00379639     -0.00380859     -0.00386963     -0.00393066     
-0.00394287     -0.00395508     -0.00407715     -0.00408936     
-0.00408936     -0.00410156     -0.00405273     -0.00422363     
-0.00415039     -0.00412598     -0.00418701     -0.0041748     
-0.0041626     -0.0041626     -0.00413818     -0.00407715     
-0.00406494     -0.00406494     -0.00405273     -0.00384521     
-0.0038208     -0.00389404     -0.00374756     -0.00355225     
-0.00368652     -0.00356445     -0.00349121     -0.00344238     
-0.00333252     -0.00332031     -0.00322266     -0.00328369     
-0.00314941     -0.00323486     -0.00321045     -0.00327148     
-0.00328369     -0.00318604     -0.00316162     -0.00319824     
-0.00319824     -0.00318604     -0.00316162     -0.00321045     
-0.00292969     -0.00307617     -0.00301514     -0.00299072     
-0.00286865     -0.00284424     -0.00283203     -0.002771     
-0.00279541     -0.00284424     -0.00286865     -0.00283203     
-0.00283203     -0.00291748     -0.00300293     -0.00301514     
-0.00310059     -0.00302734     -0.00313721     -0.00314941     
-0.00314941     -0.00310059     -0.00322266     -0.00314941     
-0.00321045     -0.00305176     -0.00305176     -0.00308838     
-0.00303955     -0.00291748     -0.00302734     -0.00291748     
-0.0027832     -0.00291748     -0.00300293     -0.00296631     
-0.00290527     -0.00297852     -0.00310059     -0.00330811     
-0.00332031     -0.0032959     -0.00349121     -0.00351563     
-0.00356445     -0.00362549     -0.00372314     -0.00357666     
-0.0036377     -0.00362549     -0.00354004     -0.00361328     
-0.003479     -0.00355225     -0.00349121     -0.00351563     
-0.00349121     -0.00339355     -0.00354004     -0.00340576     
-0.0032959     -0.00322266     -0.00318604     -0.00310059     
-0.00302734     -0.00296631     -0.00307617     -0.00301514     
-0.00296631     -0.00294189     -0.0029541     -0.00299072     
-0.00314941     -0.00311279     -0.00335693     -0.00339355     
-0.00352783     -0.00358887     -0.00380859     -0.00368652     
-0.0038208     -0.00380859     -0.00395508     -0.00393066     
-0.00389404     -0.00391846     -0.00388184     -0.00373535     
-0.00374756     -0.00379639     -0.00377197     -0.0036377     
-0.00360107     -0.00360107     -0.00358887     -0.00351563     
-0.00352783     -0.00357666     -0.0036499     -0.00379639     
-0.00374756     -0.00390625     -0.00391846     -0.00391846     
-0.00389404     -0.00410156     -0.0041626     -0.00405273     
-0.00410156     -0.00408936     -0.00410156     -0.00406494     
-0.00404053     -0.00406494     -0.00408936     -0.00393066     
-0.00393066     -0.00393066     -0.00397949     -0.0039917     
-0.00389404     -0.00396729     -0.00405273     -0.00390625     
-0.0039917     -0.00393066     -0.0039917     -0.00394287     
-0.00391846     -0.00385742     -0.00400391     -0.00394287     
-0.00380859     -0.0038208     -0.00380859     -0.00388184     
-0.00379639     -0.00389404     -0.00389404     -0.00394287     
-0.00379639     -0.00384521     -0.00393066     -0.00378418     
-0.00371094     -0.00362549     -0.00362549     -0.00349121     
-0.00343018     -0.00334473     -0.00327148     -0.0032959     
-0.00330811     -0.00325928     -0.00325928     -0.00333252     
-0.00340576     -0.00339355     -0.00345459     -0.00349121     
-0.00354004     -0.00354004     -0.00354004     -0.00361328     
-0.003479     -0.00354004     -0.00366211     -0.00361328     
-0.00366211     -0.00354004     -0.00360107     -0.00360107     
-0.00373535     -0.00368652     -0.00379639     -0.00384521     
-0.00394287     -0.00396729     -0.00407715     -0.00407715     
-0.00413818     -0.0041626     -0.00426025     -0.00415039     
-0.00407715     -0.0041748     -0.0041626     -0.0041748     
-0.00397949     -0.00407715     -0.0041626     -0.00411377     
-0.00407715     -0.0041748     -0.00412598     -0.00411377     
-0.00411377     -0.00402832     -0.00401611     -0.00405273     
-0.00377197     -0.00383301     -0.00375977     -0.00373535     
-0.0036499     -0.00367432     -0.0036499     -0.00350342     
-0.0036499     -0.00362549     -0.0036499     -0.00350342     
-0.00356445     -0.00362549     -0.00355225     -0.0034668     
-0.00362549     -0.00351563     -0.00352783     -0.00355225     
-0.00341797     -0.00341797     -0.00338135     -0.00325928     
-0.00322266     -0.00323486     -0.00327148     -0.00327148     
-0.00325928     -0.00322266     -0.00336914     -0.00332031     
-0.00341797     -0.00345459     -0.00355225     -0.00355225     
-0.00351563     -0.00361328     -0.00360107     -0.0036499     
-0.00360107     -0.00358887     -0.00372314     -0.00367432     
-0.00368652     -0.00369873     -0.00388184     -0.00380859     
-0.00383301     -0.00397949     -0.00395508     -0.00404053     
-0.00391846     -0.00401611     -0.00404053     -0.00401611     
-0.00400391     -0.00401611     -0.0041626     -0.00408936     
-0.00406494     -0.00411377     -0.00408936     -0.00408936     
-0.00404053     -0.00410156     -0.00418701     -0.00410156     
-0.00410156     -0.00419922     -0.00421143     -0.00413818     
-0.00428467     -0.0041626     -0.00426025     -0.00413818     
-0.00406494     -0.00407715     -0.00394287     -0.00377197     
-0.00367432     -0.00349121     -0.00344238     -0.00324707     
-0.00301514     -0.00303955     -0.00288086     -0.00288086     
-0.00280762     -0.00280762     -0.00292969     -0.00289307     
-0.00301514     -0.00308838     -0.00313721     -0.00314941     
-0.00334473     -0.00334473     -0.00335693     -0.00354004     
-0.0034668     -0.00349121     -0.00343018     -0.003479     
-0.00343018     -0.00336914     -0.00341797     -0.00324707     
-0.00333252     -0.00327148     -0.00332031     -0.00322266     
-0.00328369     -0.00332031     -0.00328369     -0.00332031     
-0.00327148     -0.00330811     -0.00334473     -0.00322266     
-0.00324707     -0.00317383     -0.00325928     -0.00325928     
-0.00319824     -0.00314941     -0.00321045     -0.00325928     
-0.0032959     -0.00327148     -0.00352783     -0.00335693     
-0.00330811     -0.00343018     -0.00333252     -0.00344238     
-0.00338135     -0.00336914     -0.00343018     -0.00343018     
-0.00336914     -0.00334473     -0.00343018     -0.00345459     
-0.00345459     -0.003479     -0.00356445     -0.00351563     
-0.00343018     -0.00344238     -0.00333252     -0.00334473     
-0.00327148     -0.0032959     -0.00317383     -0.00317383     
-0.00318604     -0.00316162     -0.00330811     -0.00321045     
-0.00333252     -0.00341797     -0.00340576     -0.00349121     
-0.00344238     -0.00356445     -0.00362549     -0.00362549     
-0.0036499     -0.00373535     -0.0038208     -0.00379639     
-0.00390625     -0.00386963     -0.0039917     -0.00406494     
-0.00411377     -0.00415039     -0.00428467     -0.00428467     
-0.00435791     -0.00430908     -0.00427246     -0.00418701     
-0.00411377     -0.00408936     -0.00404053     -0.00402832     
-0.00375977     -0.00375977     -0.0036499     -0.00362549     
-0.00361328     -0.00343018     -0.00351563     -0.003479     
-0.00349121     -0.00345459     -0.00352783     -0.00355225     
-0.00339355     -0.00352783     -0.00355225     -0.00354004     
-0.00357666     -0.00361328     -0.00358887     -0.00373535     
-0.00374756     -0.00373535     -0.00379639     -0.00372314     
-0.0036499     -0.00368652     -0.00361328     -0.00340576     
-0.003479     -0.00336914     -0.00344238     -0.00321045     
-0.00319824     -0.00311279     -0.00317383     -0.00300293     
-0.00297852     -0.00299072     -0.00288086     -0.00285645     
-0.00270996     -0.00262451     -0.002771     -0.00258789     
-0.00268555     -0.00272217     -0.00270996     -0.00280762     
-0.00274658     -0.00283203     -0.00288086     -0.00292969     
-0.00301514     -0.00297852     -0.00314941     -0.00319824     
-0.00314941     -0.00311279     -0.00324707     -0.00321045     
-0.00322266     -0.00322266     -0.00314941     -0.00324707     
-0.00322266     -0.00323486     -0.00323486     -0.00324707     
-0.00327148     -0.00328369     -0.00334473     -0.00323486     
-0.00327148     -0.00335693     -0.00322266     -0.00322266     
-0.00328369     -0.00322266     -0.00318604     -0.00321045     
-0.00322266     -0.0032959     -0.00340576     -0.00327148     
-0.00355225     -0.00341797     -0.00357666     -0.00358887     
-0.00344238     -0.00344238     -0.00333252     -0.00328369     
-0.00324707     -0.00308838     -0.00314941     -0.00305176     
-0.00302734     -0.00311279     -0.00303955     -0.00311279     
-0.00296631     -0.00317383     -0.00322266     -0.00308838     
-0.00317383     -0.00306396     -0.00308838     -0.00306396     
-0.00301514     -0.00292969     -0.00284424     -0.00290527     
-0.0027832     -0.00281982     -0.00285645     -0.00285645     
-0.00281982     -0.00297852     -0.00308838     -0.00303955     
-0.00310059     -0.003125     -0.00328369     -0.00322266     
-0.00314941     -0.00324707     -0.00323486     -0.00323486     
-0.00323486     -0.00319824     -0.00324707     -0.00317383     
-0.00323486     -0.00319824     -0.00333252     -0.00335693     
-0.00325928     -0.00324707     -0.00324707     -0.00322266     
-0.00316162     -0.00310059     -0.00318604     -0.00302734     
-0.00289307     -0.0029541     -0.00291748     -0.00288086     
-0.00275879     -0.00267334     -0.00267334     -0.00268555     
-0.00250244     -0.00255127     -0.00255127     -0.00251465     
-0.00257568     -0.00250244     -0.00263672     -0.00262451     
-0.00268555     -0.00280762     -0.00274658     -0.0029541     
-0.00301514     -0.00303955     -0.00317383     -0.00330811     
-0.00325928     -0.00327148     -0.00340576     -0.00336914     
-0.00328369     -0.00332031     -0.00328369     -0.00325928     
-0.0032959     -0.0032959     -0.0032959     -0.00317383     
-0.00324707     -0.00330811     -0.00327148     -0.00338135     
-0.00335693     -0.00335693     -0.00333252     -0.00350342     
-0.00360107     -0.00357666     -0.00380859     -0.00379639     
-0.00384521     -0.00401611     -0.00405273     -0.00406494     
-0.00407715     -0.00419922     -0.0041626     -0.00415039     
-0.00405273     -0.00413818     -0.00394287     -0.00385742     
-0.00386963     -0.00384521     -0.00372314     -0.00369873     
-0.00377197     -0.00373535     -0.00374756     -0.00383301     
-0.00373535     -0.00391846     -0.00400391     -0.00395508     
-0.00397949     -0.00400391     -0.00411377     -0.00405273     
-0.00397949     -0.00407715     -0.0041626     -0.00408936     
-0.00394287     -0.00401611     -0.00390625     -0.00380859     
-0.00386963     -0.00369873     -0.00375977     -0.0036377     
-0.00351563     -0.00345459     -0.0034668     -0.00336914     
-0.00349121     -0.00335693     -0.0034668     -0.00344238     
-0.0034668     -0.00345459     -0.00362549     -0.00357666     
-0.00362549     -0.00385742     -0.0038208     -0.00393066     
-0.00390625     -0.00396729     -0.00384521     -0.00386963     
-0.00384521     -0.0036377     -0.00361328     -0.0036499     
-0.0034668     -0.00328369     -0.00338135     -0.00324707     
-0.00313721     -0.00321045     -0.00311279     -0.00330811     
-0.00323486     -0.00333252     -0.00333252     -0.00349121     
-0.00349121     -0.00361328     -0.0036499     -0.00368652     
-0.00388184     -0.00385742     -0.00373535     -0.00385742     
-0.00383301     -0.00372314     -0.00375977     -0.00367432     
-0.00357666     -0.00351563     -0.00341797     -0.00335693     
-0.00332031     -0.00322266     -0.00319824     -0.003125     
-0.00311279     -0.00310059     -0.00303955     -0.00307617     
-0.00317383     -0.00311279     -0.00324707     -0.00330811     
-0.00324707     -0.00343018     -0.00340576     -0.00354004     
-0.00352783     -0.00362549     -0.0036499     -0.00371094     
-0.00373535     -0.00380859     -0.00373535     -0.00372314     
-0.00378418     -0.00378418     -0.00377197     -0.00373535     
-0.00354004     -0.00366211     -0.00367432     -0.00358887     
-0.00356445     -0.00349121     -0.003479     -0.00338135     
-0.00335693     -0.00330811     -0.00330811     -0.00325928     
-0.00327148     -0.00336914     -0.00336914     -0.00343018     
-0.003479     -0.00352783     -0.00373535     -0.00371094     
-0.00378418     -0.00375977     -0.00388184     -0.00388184     
-0.00378418     -0.00374756     -0.00377197     -0.0036499     
-0.00362549     -0.00356445     -0.00361328     -0.003479     
-0.0034668     -0.00343018     -0.00345459     -0.00344238     
-0.00334473     -0.00335693     -0.00339355     -0.00345459     
-0.003479     -0.00336914     -0.00339355     -0.00341797     
-0.00335693     -0.00332031     -0.00345459     -0.00330811     
-0.00339355     -0.00333252     -0.00328369     -0.00327148     
-0.0032959     -0.00325928     -0.00336914     -0.00339355     
-0.00332031     -0.00335693     -0.0034668     -0.00345459     
-0.00354004     -0.00360107     -0.00356445     -0.00360107     
-0.00355225     -0.00356445     -0.00371094     -0.00358887     
-0.00350342     -0.00354004     -0.0036499     -0.00354004     
-0.00360107     -0.00356445     -0.00361328     -0.00360107     
-0.0036499     -0.0036499     -0.00371094     -0.00361328     
-0.00374756     -0.00368652     -0.00371094     -0.00368652     
-0.00373535     -0.00384521     -0.00384521     -0.00386963     
-0.00393066     -0.00407715     -0.00405273     -0.00410156     
-0.00427246     -0.00440674     -0.00441895     -0.00446777     
-0.00456543     -0.0045166     -0.00449219     -0.00452881     
-0.00435791     -0.00449219     -0.00444336     -0.00429688     
-0.00424805     -0.00413818     -0.00411377     -0.00407715     
-0.00406494     -0.00390625     -0.00397949     -0.00393066     
-0.00389404     -0.00390625     -0.00393066     -0.00385742     
-0.00394287     -0.00389404     -0.00394287     -0.00384521     
-0.00373535     -0.00368652     -0.00372314     -0.00356445     
-0.00349121     -0.00339355     -0.00345459     -0.00336914     
-0.00323486     -0.00314941     -0.00328369     -0.00311279     
-0.00316162     -0.00319824     -0.00332031     -0.00339355     
-0.00340576     -0.00351563     -0.00367432     -0.00374756     
-0.00375977     -0.00385742     -0.00401611     -0.00393066     
-0.00396729     -0.00396729     -0.0039917     -0.00385742     
-0.00369873     -0.00378418     -0.00361328     -0.00357666     
-0.00349121     -0.00332031     -0.00339355     -0.00328369     
-0.0032959     -0.00319824     -0.00339355     -0.00333252     
-0.0032959     -0.00336914     -0.00338135     -0.00349121     
-0.00345459     -0.00344238     -0.00361328     -0.00360107     
-0.0036377     -0.00368652     -0.00386963     -0.00379639     
-0.00400391     -0.00402832     -0.00415039     -0.00413818     
-0.00422363     -0.00429688     -0.00444336     -0.00429688     
-0.00430908     -0.00438232     -0.0043457     -0.00429688     
-0.00422363     -0.0043335     -0.0043335     -0.0043335     
-0.00415039     -0.00432129     -0.00438232     -0.00439453     
-0.00440674     -0.00444336     -0.00449219     -0.00443115     
-0.00440674     -0.00435791     -0.00446777     -0.00450439     
-0.00432129     -0.00445557     -0.00443115     -0.00429688     

