Source : transient; Time : Wed Jun 14 09:13:40 2017
B0 = 3548.000000 Gauss, mw = 9.686281 GHz
 NDI-T2 sa261 20/2 42/25 523nm/1mJ
1 5000 -1.001e-06 8.997e-06 0 0
s                        V                                                 
0.000183105     0.00012207     7.32422e-05     1.2207e-05     
-7.32422e-05     -0.000134277     -0.000268555     -0.000415039     
-0.000512695     -0.000488281     -0.00057373     -0.000671387     
-0.000720215     -0.000769043     -0.000732422     -0.000805664     
-0.000720215     -0.000744629     -0.000646973     -0.000854492     
-0.00078125     -0.000769043     -0.000744629     -0.000720215     
-0.000793457     -0.000720215     -0.000622559     -0.000646973     
-0.000646973     -0.000561523     -0.000488281     -0.000427246     
-0.000463867     -0.000317383     -0.000354004     -0.000366211     
-0.000341797     -0.000244141     -0.000354004     -0.000231934     
-0.000219727     -0.000305176     -0.000256348     -0.000244141     
-0.000292969     -0.000219727     -0.000219727     -0.000219727     
-0.000292969     -0.000158691     -0.000158691     -0.000256348     
-0.000195313     -1.2207e-05     2.44141e-05     -7.32422e-05     
0.000183105     0.000305176     0.00032959     0.000390625     
0.000512695     0.000610352     0.000695801     0.000585938     
0.000634766     0.000683594     0.000695801     0.000512695     
0.000512695     0.000463867     0.000317383     0.000354004     
0.000219727     0.000183105     1.2207e-05     6.10352e-05     
0.000146484     9.76563e-05     9.76563e-05     0.000146484     
0.00012207     0.000195313     0.000244141     0.000268555     
0.000280762     0.000292969     0.000354004     0.00032959     
0.000256348     0.000427246     0.000390625     0.000292969     
0.000317383     0.000280762     0.000244141     0.000219727     
0.000219727     0.00032959     0.000256348     0.000244141     
0.000146484     0.000183105     0.000244141     0.00020752     
0.000292969     0.000146484     0.000268555     0.000305176     
0.000317383     0.000341797     0.00032959     0.00032959     
0.000341797     0.000292969     0.000244141     0.000134277     
0.000244141     3.66211e-05     -1.2207e-05     -8.54492e-05     
-0.00012207     -0.000146484     -0.00020752     -0.000195313     
-0.00020752     -7.32422e-05     0     6.10352e-05     
0.000109863     0.000256348     0.00020752     0.000219727     
0.000195313     0.000256348     0.000256348     7.32422e-05     
0.000134277     0.000134277     -6.10352e-05     0     
-6.10352e-05     -0.000134277     -0.000134277     -0.00020752     
-0.000134277     -9.76563e-05     -0.000158691     6.10352e-05     
0     3.66211e-05     2.44141e-05     9.76563e-05     
0.000109863     8.54492e-05     0.000146484     7.32422e-05     
6.10352e-05     1.2207e-05     0     -1.2207e-05     
-3.66211e-05     8.54492e-05     3.66211e-05     0     
3.66211e-05     -6.10352e-05     -1.2207e-05     -4.88281e-05     
-7.32422e-05     -0.00012207     -0.000134277     -0.000158691     
-0.000219727     -0.00012207     -0.000134277     -0.00012207     
-9.76563e-05     -1.2207e-05     0     -6.10352e-05     
-6.10352e-05     -6.10352e-05     -0.000134277     -0.00012207     
-0.000170898     -0.000280762     -0.000219727     -0.000292969     
-0.000256348     -0.000134277     -0.00020752     -0.000170898     
-9.76563e-05     -7.32422e-05     -4.88281e-05     0.000109863     
2.44141e-05     0.00012207     6.10352e-05     4.88281e-05     
6.10352e-05     8.54492e-05     -4.88281e-05     -0.000134277     
-0.000195313     -0.000354004     -0.000439453     -0.000561523     
-0.00057373     -0.000634766     -0.000769043     -0.000744629     
-0.000708008     -0.000695801     -0.00065918     -0.000708008     
-0.000463867     -0.000537109     -0.000341797     -0.000256348     
-0.000195313     -9.76563e-05     -0.000109863     0     
-3.66211e-05     2.44141e-05     0.00012207     4.88281e-05     
-7.32422e-05     4.88281e-05     -3.66211e-05     -3.66211e-05     
6.10352e-05     0     -7.32422e-05     -0.000183105     
-8.54492e-05     -6.10352e-05     -0.000195313     -0.00020752     
-0.000146484     -2.44141e-05     -9.76563e-05     -0.000183105     
-9.76563e-05     -1.2207e-05     -2.44141e-05     1.2207e-05     
-7.32422e-05     1.2207e-05     0     -4.88281e-05     
-1.2207e-05     -4.88281e-05     0     -3.66211e-05     
0     0     4.88281e-05     0.00012207     
0.000146484     0.000183105     0.000195313     0.000170898     
0.00020752     0.000170898     0.000256348     0.000183105     
0.000256348     -1.2207e-05     4.88281e-05     -6.10352e-05     
1.2207e-05     -7.32422e-05     -0.000146484     -0.000244141     
-0.000244141     -0.000170898     -0.000231934     -0.000158691     
-0.000158691     -0.000158691     -9.76563e-05     -0.000146484     
-0.00020752     -0.00020752     -0.000158691     -0.000134277     
-0.000219727     -0.000109863     -0.00020752     -0.00020752     
-0.00012207     -0.000219727     -0.00020752     -0.00012207     
-0.000134277     -8.54492e-05     -1.2207e-05     4.88281e-05     
0.000109863     0.000195313     0.000183105     0.000244141     
0.000366211     0.000439453     0.000427246     0.000341797     
0.00032959     0.000366211     0.000280762     0.000219727     
0.000280762     0.000256348     0.000134277     4.88281e-05     
0.000109863     -4.88281e-05     7.32422e-05     -0.000134277     
-7.32422e-05     -0.000146484     -0.000268555     -0.000354004     
-0.000305176     -0.000256348     -0.000354004     -0.000366211     
-0.000256348     -0.000292969     -0.000231934     -0.000183105     
-0.000134277     -0.000134277     -0.00012207     -0.000109863     
-0.00012207     3.66211e-05     -0.00012207     -8.54492e-05     
-0.000134277     -0.00012207     -0.000244141     -0.000305176     
-0.000231934     -0.000244141     -0.000390625     -0.000183105     
-0.000354004     -0.000280762     -0.000256348     -0.000292969     
-0.000256348     -0.000170898     -0.000170898     -0.000341797     
-0.000244141     -0.000183105     -0.000244141     -0.000366211     
-0.00032959     -0.000366211     -0.000366211     -0.000378418     
-0.000378418     -0.000378418     -0.000280762     -0.000354004     
-0.000231934     -0.000183105     -0.000109863     -0.00012207     
-1.2207e-05     -3.66211e-05     -2.44141e-05     -1.2207e-05     
-4.88281e-05     -3.66211e-05     -8.54492e-05     -0.000109863     
-0.00012207     -0.000256348     -0.000195313     -0.000183105     
-0.000146484     -0.000170898     -0.000146484     -0.000146484     
-0.000219727     -8.54492e-05     -0.000158691     -0.00012207     
-1.2207e-05     -7.32422e-05     -0.000146484     -7.32422e-05     
-0.000195313     -0.000158691     -0.000292969     -0.000280762     
-0.000305176     -0.000366211     -0.000488281     -0.000622559     
-0.000622559     -0.000646973     -0.000683594     -0.000708008     
-0.000720215     -0.000695801     -0.000610352     -0.000610352     
-0.000610352     -0.00057373     -0.00045166     -0.000415039     
-0.000231934     -0.000146484     -2.44141e-05     -8.54492e-05     
1.2207e-05     7.32422e-05     3.66211e-05     -2.44141e-05     
-6.10352e-05     -6.10352e-05     -0.000268555     -0.00020752     
-0.00032959     -0.000378418     -0.000427246     -0.000463867     
-0.000415039     -0.000561523     -0.000354004     -0.000402832     
-0.000305176     -0.000195313     -0.000317383     -0.000170898     
-0.000158691     -0.000195313     -0.000183105     -0.000292969     
-0.000280762     -0.000317383     -0.000317383     -0.000427246     
-0.000488281     -0.000561523     -0.000561523     -0.000646973     
-0.000695801     -0.00078125     -0.000769043     -0.000952148     
-0.000732422     -0.000842285     -0.000842285     -0.000915527     
-0.000854492     -0.000756836     -0.000793457     -0.000805664     
-0.000756836     -0.000732422     -0.000610352     -0.000744629     
-0.000561523     -0.000549316     -0.000463867     -0.000427246     
-0.000280762     -0.000183105     -0.00020752     -8.54492e-05     
3.66211e-05     1.2207e-05     0.000183105     0.00012207     
0.000244141     0.000268555     0.000183105     0.000158691     
0.000183105     0.000134277     4.88281e-05     1.2207e-05     
-7.32422e-05     -1.2207e-05     -0.000183105     -0.000292969     
-0.00020752     -0.000366211     -0.000402832     -0.000378418     
-0.000415039     -0.000378418     -0.000610352     -0.000585938     
-0.000610352     -0.000585938     -0.000683594     -0.000695801     
-0.000756836     -0.000732422     -0.000695801     -0.000683594     
-0.000537109     -0.000549316     -0.000561523     -0.000500488     
-0.000427246     -0.00020752     -0.000195313     -0.000256348     
-0.00012207     -0.000195313     -0.000158691     -0.000170898     
-0.000146484     -0.000158691     -0.000341797     -0.000280762     
-0.000366211     -0.000390625     -0.000354004     -0.000439453     
-0.00045166     -0.000366211     -0.000512695     -0.000476074     
-0.000476074     -0.000463867     -0.000463867     -0.000524902     
-0.000488281     -0.000524902     -0.000585938     -0.000585938     
-0.000720215     -0.00078125     -0.000671387     -0.000756836     
-0.000720215     -0.000769043     -0.000830078     -0.000720215     
-0.000878906     -0.000708008     -0.000732422     -0.000634766     
-0.000671387     -0.000537109     -0.000402832     -0.000415039     
-0.000219727     -1.2207e-05     0.000134277     0.000256348     
0.000500488     0.000769043     0.000793457     0.00100098     
0.00133057     0.00136719     0.00163574     0.00174561     
0.00197754     0.00213623     0.00238037     0.00255127     
0.0026123     0.00279541     0.00285645     0.00291748     
0.00302734     0.00318604     0.00319824     0.00325928     
0.00324707     0.00343018     0.00350342     0.00355225     
0.00383301     0.00400391     0.00412598     0.00437012     
0.00456543     0.00472412     0.00495605     0.00511475     
0.00532227     0.00551758     0.00550537     0.0055542     
0.0057251     0.00588379     0.00585938     0.00604248     
0.00615234     0.00633545     0.00629883     0.00656738     
0.00670166     0.00681152     0.00710449     0.00721436     
0.00750732     0.00761719     0.00786133     0.00795898     
0.00804443     0.00822754     0.00830078     0.00836182     
0.00858154     0.00869141     0.00878906     0.00871582     
0.00881348     0.00878906     0.0088623     0.0088623     
0.00897217     0.00905762     0.009021     0.009021     
0.00910645     0.00922852     0.00926514     0.00925293     
0.00947266     0.00960693     0.009729     0.00980225     
0.010022     0.0101685     0.0102539     0.0105591     
0.0107544     0.0107666     0.0109497     0.0110229     
0.0111206     0.0112183     0.0111694     0.0113159     
0.0113037     0.0114258     0.011377     0.0114502     
0.0114258     0.0115723     0.0116577     0.0115723     
0.0117798     0.0118164     0.011853     0.0119507     
0.0118896     0.0120239     0.0119873     0.0119385     
0.0119629     0.0118774     0.0119629     0.0119019     
0.0119629     0.0119141     0.0119263     0.0119263     
0.0119995     0.012085     0.0120239     0.0121948     
0.0122559     0.0123657     0.0123901     0.0126221     
0.0126709     0.0128174     0.0129639     0.0130249     
0.0132568     0.0133057     0.0133789     0.0134766     
0.0134766     0.013623     0.0136597     0.0137573     
0.0137695     0.0138062     0.0138184     0.0138184     
0.0138184     0.013916     0.0136719     0.0137329     
0.0136841     0.0136108     0.0134399     0.0134033     
0.0133667     0.0132324     0.0132202     0.0131348     
0.0130615     0.013147     0.0130371     0.0130127     
0.0130615     0.0131348     0.0132324     0.013147     
0.0133179     0.013147     0.0131714     0.0131958     
0.0132813     0.0131714     0.0131226     0.0130127     
0.0129395     0.0129028     0.0128784     0.0128418     
0.0127441     0.0127808     0.0126831     0.0126709     
0.0127808     0.0126709     0.0127808     0.0126953     
0.0128296     0.0128784     0.0127686     0.0129761     
0.0129272     0.0130005     0.0130859     0.0130981     
0.0130859     0.0131592     0.013147     0.0130493     
0.0129028     0.0130005     0.0128052     0.0127075     
0.0126099     0.0125366     0.0124512     0.0123291     
0.0122803     0.0122925     0.0121704     0.0121338     
0.0122437     0.0123413     0.0121948     0.0122925     
0.0123047     0.0122314     0.0123413     0.0120972     
0.0121948     0.0121094     0.0120117     0.0118042     
0.0117065     0.011731     0.0115967     0.0115967     
0.0116455     0.0115234     0.0114258     0.0114868     
0.011499     0.011499     0.011438     0.0113892     
0.011377     0.0113647     0.0113037     0.0112183     
0.0111328     0.0111938     0.0110718     0.0108643     
0.0108398     0.010791     0.0107056     0.0106689     
0.0104858     0.0104858     0.010376     0.0103882     
0.0103027     0.0103271     0.0102783     0.0101563     
0.0101074     0.00994873     0.00996094     0.00991211     
0.00983887     0.00976563     0.00964355     0.00957031     
0.00950928     0.00946045     0.00952148     0.00927734     
0.00942383     0.00935059     0.00936279     0.00922852     
0.00932617     0.00926514     0.00930176     0.00922852     
0.00908203     0.00904541     0.00897217     0.00880127     
0.00866699     0.00849609     0.00842285     0.00828857     
0.00806885     0.00799561     0.00788574     0.00772705     
0.00767822     0.00771484     0.00761719     0.00760498     
0.00769043     0.00766602     0.0076416     0.00755615     
0.00748291     0.0074585     0.00723877     0.00726318     
0.00706787     0.00700684     0.00688477     0.00671387     
0.0065918     0.00650635     0.00648193     0.00633545     
0.00639648     0.00632324     0.00618896     0.00621338     
0.00626221     0.00622559     0.00622559     0.00622559     
0.00628662     0.00616455     0.00618896     0.00603027     
0.00610352     0.00593262     0.00603027     0.00587158     
0.00571289     0.00574951     0.00551758     0.00552979     
0.0053833     0.00524902     0.0052002     0.00512695     
0.00498047     0.00498047     0.00487061     0.00477295     
0.0048584     0.00478516     0.00466309     0.00466309     
0.00465088     0.00477295     0.00472412     0.00460205     
0.00467529     0.0046875     0.00469971     0.00463867     
0.00461426     0.00465088     0.00450439     0.00449219     
0.00443115     0.0043335     0.00424805     0.00412598     
0.00397949     0.00380859     0.00375977     0.00358887     
0.0034668     0.00336914     0.00334473     0.00323486     
0.00327148     0.00341797     0.00343018     0.00343018     
0.00377197     0.00374756     0.00391846     0.00395508     
0.00406494     0.00412598     0.0039917     0.00401611     
0.00397949     0.00393066     0.00379639     0.00371094     
0.00357666     0.00355225     0.00339355     0.00339355     
0.00336914     0.00335693     0.00330811     0.00334473     
0.00336914     0.0034668     0.003479     0.00351563     
0.00352783     0.00340576     0.00351563     0.003479     
0.0034668     0.00355225     0.00332031     0.00338135     
0.00310059     0.00310059     0.00296631     0.00286865     
0.00290527     0.00281982     0.00280762     0.00270996     
0.00284424     0.00279541     0.00274658     0.00290527     
0.00291748     0.00302734     0.00307617     0.00313721     
0.00318604     0.00316162     0.00319824     0.00318604     
0.00332031     0.00333252     0.00334473     0.00339355     
0.00327148     0.00330811     0.00313721     0.00305176     
0.00301514     0.0029541     0.00274658     0.00256348     
0.00255127     0.00245361     0.00236816     0.00235596     
0.00235596     0.00229492     0.00233154     0.00245361     
0.00239258     0.00252686     0.0026001     0.0026123     
0.00272217     0.00283203     0.00286865     0.00294189     
0.00289307     0.00313721     0.00301514     0.00316162     
0.00322266     0.00339355     0.00343018     0.00343018     
0.0034668     0.0034668     0.00361328     0.00343018     
0.0034668     0.00350342     0.00323486     0.003125     
0.00307617     0.00289307     0.00283203     0.0026123     
0.00263672     0.0024292     0.00246582     0.00236816     
0.00234375     0.00238037     0.00241699     0.00246582     
0.00250244     0.00258789     0.00267334     0.0026123     
0.00270996     0.00280762     0.0027832     0.00272217     
0.00281982     0.00279541     0.00285645     0.00290527     
0.00289307     0.00299072     0.00301514     0.00314941     
0.00321045     0.00334473     0.00339355     0.00340576     
0.00352783     0.00362549     0.00358887     0.00355225     
0.00343018     0.00340576     0.00332031     0.00314941     
0.00313721     0.00299072     0.00291748     0.002771     
0.00283203     0.00279541     0.00269775     0.00263672     
0.00267334     0.002771     0.00270996     0.00269775     
0.0027832     0.00290527     0.00300293     0.00290527     
0.00302734     0.00299072     0.00305176     0.00310059     
0.00316162     0.00318604     0.00311279     0.00317383     
0.00318604     0.00318604     0.00313721     0.00325928     
0.00313721     0.00325928     0.00325928     0.00325928     
0.00339355     0.00345459     0.00343018     0.00355225     
0.00352783     0.00371094     0.00362549     0.00375977     
0.00374756     0.00375977     0.00371094     0.00379639     
0.00378418     0.00377197     0.00371094     0.0036377     
0.00367432     0.00351563     0.00345459     0.00349121     
0.00341797     0.00340576     0.0034668     0.00341797     
0.00349121     0.0034668     0.0034668     0.0034668     
0.003479     0.00350342     0.00343018     0.00336914     
0.00352783     0.00336914     0.00340576     0.0032959     
0.00330811     0.00323486     0.00316162     0.00319824     
0.00306396     0.003125     0.003125     0.00311279     
0.00305176     0.00325928     0.00322266     0.00319824     
0.0032959     0.00333252     0.00343018     0.00349121     
0.00355225     0.00373535     0.00360107     0.00367432     
0.00369873     0.00358887     0.00362549     0.00358887     
0.00362549     0.0036377     0.003479     0.00351563     
0.00340576     0.00354004     0.00341797     0.003479     
0.0034668     0.00345459     0.00351563     0.00351563     
0.00354004     0.00357666     0.00360107     0.00355225     
0.00362549     0.00379639     0.00362549     0.00366211     
0.00368652     0.00357666     0.00366211     0.00361328     
0.00362549     0.00354004     0.00351563     0.00343018     
0.00340576     0.0034668     0.00336914     0.00341797     
0.00330811     0.00332031     0.00318604     0.00323486     
0.00314941     0.00305176     0.00306396     0.00307617     
0.00306396     0.0029541     0.00294189     0.00296631     
0.00272217     0.002771     0.00270996     0.00263672     
0.0026123     0.0026001     0.00263672     0.00250244     
0.00249023     0.00266113     0.00240479     0.00252686     
0.00258789     0.00251465     0.00252686     0.00258789     
0.00266113     0.0026123     0.00267334     0.00264893     
0.00264893     0.00280762     0.00270996     0.0026123     
0.00255127     0.00251465     0.0024292     0.00220947     
0.00227051     0.00217285     0.00206299     0.00189209     
0.00184326     0.00180664     0.00164795     0.00163574     
0.00157471     0.00170898     0.00163574     0.00158691     
0.00161133     0.00163574     0.00170898     0.00163574     
0.00177002     0.00177002     0.00180664     0.00181885     
0.00178223     0.00184326     0.00179443     0.00194092     
0.00189209     0.00187988     0.00195313     0.00195313     
0.00195313     0.00197754     0.00195313     0.0020752     
0.00205078     0.00205078     0.00206299     0.00202637     
0.00203857     0.00205078     0.00203857     0.00185547     
0.0019043     0.00187988     0.00175781     0.00161133     
0.00155029     0.00151367     0.00137939     0.00133057     
0.00136719     0.00113525     0.0010498     0.00090332     
0.000927734     0.000720215     0.000708008     0.000610352     
0.000622559     0.000561523     0.000415039     0.000500488     
0.000537109     0.000488281     0.000500488     0.000598145     
0.00057373     0.00057373     0.000610352     0.000610352     
0.000610352     0.00057373     0.00057373     0.000610352     
0.000598145     0.000720215     0.000610352     0.000512695     
0.00065918     0.000549316     0.000524902     0.000476074     
0.000476074     0.000500488     0.000317383     0.000341797     
0.000244141     0.00020752     0.000219727     0.000268555     
0.000231934     0.000134277     0.000183105     0.000109863     
0.00012207     8.54492e-05     3.66211e-05     3.66211e-05     
0.000109863     3.66211e-05     4.88281e-05     2.44141e-05     
0.00020752     0.000195313     0.000219727     0.00020752     
0.000354004     0.00032959     0.000354004     0.000341797     
0.000305176     0.000280762     0.000305176     0.000231934     
8.54492e-05     0.000146484     1.2207e-05     -0.000134277     
-0.000170898     -0.000231934     -0.000305176     -0.000354004     
-0.000354004     -0.000378418     -0.000463867     -0.000402832     
-0.000476074     -0.000561523     -0.000366211     -0.000512695     
-0.000488281     -0.000427246     -0.000561523     -0.00045166     
-0.000488281     -0.000476074     -0.00057373     -0.000622559     
-0.000585938     -0.000610352     -0.00065918     -0.000793457     
-0.00078125     -0.000817871     -0.000842285     -0.000769043     
-0.000793457     -0.00078125     -0.000793457     -0.000683594     
-0.000622559     -0.000695801     -0.000500488     -0.000598145     
-0.00045166     -0.000390625     -0.000366211     -0.000354004     
-0.000415039     -0.000317383     -0.000415039     -0.000292969     
-0.000402832     -0.000366211     -0.000378418     -0.000366211     
-0.000366211     -0.000500488     -0.000390625     -0.000512695     
-0.000378418     -0.000390625     -0.000476074     -0.000537109     
-0.000708008     -0.000634766     -0.000793457     -0.00090332     
-0.000952148     -0.000964355     -0.00107422     -0.0010376     
-0.00115967     -0.00108643     -0.00115967     -0.00109863     
-0.0010498     -0.000964355     -0.000939941     -0.00102539     
-0.000878906     -0.000866699     -0.000817871     -0.000805664     
-0.000756836     -0.000756836     -0.000793457     -0.000732422     
-0.000817871     -0.00078125     -0.00090332     -0.000927734     
-0.000915527     -0.000915527     -0.000952148     -0.000964355     
-0.000927734     -0.000976563     -0.0010376     -0.0010376     
-0.00117188     -0.00109863     -0.00125732     -0.00133057     
-0.00134277     -0.00136719     -0.00150146     -0.00150146     
-0.00147705     -0.00147705     -0.00146484     -0.00146484     
-0.00136719     -0.00135498     -0.00142822     -0.00126953     
-0.00111084     -0.00111084     -0.00107422     -0.00098877     
-0.000964355     -0.000817871     -0.000817871     -0.000671387     
-0.000720215     -0.000671387     -0.000769043     -0.000769043     
-0.000830078     -0.000915527     -0.00098877     -0.00123291     
-0.00114746     -0.00136719     -0.00133057     -0.00144043     
-0.00144043     -0.00137939     -0.00136719     -0.00142822     
-0.00126953     -0.00128174     -0.00117188     -0.0012207     
-0.0010498     -0.00107422     -0.00107422     -0.0010376     
-0.00102539     -0.0010376     -0.00108643     -0.0010498     
-0.0010498     -0.00101318     -0.00109863     -0.0010498     
-0.00101318     -0.000976563     -0.000891113     -0.00100098     
-0.000915527     -0.000964355     -0.000805664     -0.00065918     
-0.000720215     -0.000537109     -0.000537109     -0.000549316     
-0.000439453     -0.000317383     -0.000366211     -0.000402832     
-0.000427246     -0.000183105     -0.00045166     -0.00032959     
-0.000390625     -0.000427246     -0.000524902     -0.00057373     
-0.000561523     -0.000671387     -0.000622559     -0.00078125     
-0.00078125     -0.000830078     -0.000708008     -0.000695801     
-0.000720215     -0.00065918     -0.000610352     -0.00065918     
-0.000610352     -0.000756836     -0.00057373     -0.000756836     
-0.000646973     -0.00065918     -0.000708008     -0.000720215     
-0.000720215     -0.000598145     -0.000646973     -0.000598145     
-0.000561523     -0.000427246     -0.000463867     -0.000476074     
-0.000402832     -0.000439453     -0.000366211     -0.000512695     
-0.000463867     -0.000378418     -0.000427246     -0.000292969     
-0.00032959     -0.000427246     -0.00032959     -0.000427246     
-0.000366211     -0.000341797     -0.000524902     -0.000585938     
-0.000646973     -0.000622559     -0.000695801     -0.000805664     
-0.000830078     -0.000769043     -0.000891113     -0.000854492     
-0.000744629     -0.000793457     -0.000671387     -0.000598145     
-0.000634766     -0.000463867     -0.000463867     -0.000341797     
-0.000317383     -0.000317383     -0.00020752     -0.000244141     
-0.000183105     -0.000170898     -0.000109863     -0.000183105     
-0.00020752     -0.000158691     -0.000256348     -0.000292969     
-0.000280762     -0.000341797     -0.000439453     -0.000427246     
-0.000390625     -0.000561523     -0.000549316     -0.000646973     
-0.000585938     -0.000683594     -0.000671387     -0.000585938     
-0.000732422     -0.000634766     -0.000598145     -0.000720215     
-0.000549316     -0.000537109     -0.000512695     -0.00045166     
-0.000439453     -0.000292969     -0.000354004     -0.000305176     
-0.000292969     -0.000292969     -0.000280762     -0.000354004     
-0.000366211     -0.000500488     -0.000427246     -0.000622559     
-0.000622559     -0.000634766     -0.000769043     -0.000744629     
-0.000805664     -0.000830078     -0.000842285     -0.00090332     
-0.000732422     -0.000854492     -0.000854492     -0.000927734     
-0.00090332     -0.000952148     -0.0010498     -0.0010376     
-0.0012207     -0.00115967     -0.00115967     -0.0012085     
-0.00119629     -0.0012207     -0.00125732     -0.00112305     
-0.0012207     -0.00115967     -0.00111084     -0.00113525     
-0.00112305     -0.00108643     -0.00118408     -0.00112305     
-0.00106201     -0.0010498     -0.000976563     -0.00098877     
-0.000878906     -0.000817871     -0.000830078     -0.000671387     
-0.000732422     -0.000610352     -0.000598145     -0.000634766     
-0.000598145     -0.000671387     -0.000732422     -0.00078125     
-0.000793457     -0.00078125     -0.000866699     -0.00090332     
-0.000891113     -0.000866699     -0.000830078     -0.000927734     
-0.000915527     -0.000878906     -0.000927734     -0.000939941     
-0.000964355     -0.000952148     -0.00106201     -0.00106201     
-0.00108643     -0.0010498     -0.00119629     -0.0010498     
-0.00112305     -0.0010498     -0.00106201     -0.00100098     
-0.0010498     -0.000964355     -0.000927734     -0.00101318     
-0.00106201     -0.000964355     -0.00100098     -0.0010376     
-0.00109863     -0.00101318     -0.00109863     -0.00109863     
-0.00107422     -0.00107422     -0.00114746     -0.00107422     
-0.00111084     -0.00114746     -0.00125732     -0.00123291     
-0.00128174     -0.00134277     -0.00135498     -0.00137939     
-0.00142822     -0.00144043     -0.00133057     -0.00144043     
-0.00140381     -0.00141602     -0.00141602     -0.00144043     
-0.0013916     -0.00140381     -0.00142822     -0.00148926     
-0.00141602     -0.00145264     -0.00142822     -0.00144043     
-0.00157471     -0.00145264     -0.00146484     -0.0015625     
-0.00155029     -0.00144043     -0.00152588     -0.00155029     
-0.00147705     -0.00142822     -0.00153809     -0.00142822     
-0.0013916     -0.00136719     -0.0012207     -0.00133057     
-0.0012207     -0.00109863     -0.00125732     -0.00108643     
-0.00107422     -0.00108643     -0.00098877     -0.0010376     
-0.000976563     -0.000878906     -0.00101318     -0.000964355     
-0.00107422     -0.000964355     -0.000952148     -0.000915527     
-0.000964355     -0.000939941     -0.000952148     -0.00106201     
-0.00090332     -0.00101318     -0.000964355     -0.00101318     
-0.000976563     -0.00102539     -0.00113525     -0.00112305     
-0.00111084     -0.00119629     -0.00112305     -0.00119629     
-0.00119629     -0.0012207     -0.00128174     -0.00145264     
-0.00148926     -0.00145264     -0.00158691     -0.00167236     
-0.00166016     -0.00164795     -0.00180664     -0.00183105     
-0.00189209     -0.00189209     -0.00195313     -0.00189209     
-0.00185547     -0.00189209     -0.00194092     -0.00185547     
-0.00195313     -0.00184326     -0.0019043     -0.00200195     
-0.00198975     -0.00198975     -0.00205078     -0.00202637     
-0.00206299     -0.00203857     -0.00218506     -0.00203857     
-0.00206299     -0.0020752     -0.00213623     -0.00209961     
-0.0020752     -0.00227051     -0.00214844     -0.00220947     
-0.00211182     -0.00219727     -0.00227051     -0.00228271     
-0.00224609     -0.00222168     -0.00222168     -0.00230713     
-0.00220947     -0.00222168     -0.00216064     -0.00218506     
-0.00213623     -0.00214844     -0.00201416     -0.00195313     
-0.00201416     -0.0019165     -0.00184326     -0.00181885     
-0.00187988     -0.00170898     -0.00174561     -0.00174561     
-0.00178223     -0.00178223     -0.00178223     -0.00186768     
-0.00192871     -0.0019043     -0.00200195     -0.00198975     
-0.00195313     -0.00195313     -0.00202637     -0.00200195     
-0.00202637     -0.0019165     -0.00202637     -0.00205078     
-0.00205078     -0.00200195     -0.00212402     -0.00222168     
-0.00224609     -0.00233154     -0.00234375     -0.00250244     
-0.00246582     -0.0026001     -0.00262451     -0.0027832     
-0.00269775     -0.0026001     -0.00275879     -0.00272217     
-0.00262451     -0.00270996     -0.00247803     -0.00257568     
-0.00235596     -0.00246582     -0.00235596     -0.00231934     
-0.00220947     -0.00211182     -0.00220947     -0.00214844     
-0.0020874     -0.00227051     -0.00224609     -0.00227051     
-0.00234375     -0.00251465     -0.0026001     -0.00264893     
-0.00266113     -0.00288086     -0.00283203     -0.00275879     
-0.00291748     -0.00275879     -0.00275879     -0.00279541     
-0.00275879     -0.00269775     -0.00268555     -0.0026001     
-0.00269775     -0.00244141     -0.00246582     -0.00238037     
-0.00231934     -0.00228271     -0.00230713     -0.00229492     
-0.00217285     -0.00229492     -0.00228271     -0.00233154     
-0.00234375     -0.00241699     -0.00236816     -0.00235596     
-0.00239258     -0.00235596     -0.0024292     -0.00256348     
-0.0024292     -0.00238037     -0.00238037     -0.00244141     
-0.00227051     -0.00220947     -0.00219727     -0.00222168     
-0.00218506     -0.0020874     -0.00198975     -0.00202637     
-0.0020752     -0.00200195     -0.00213623     -0.00217285     
-0.00212402     -0.00220947     -0.00223389     -0.00239258     
-0.00231934     -0.0022583     -0.00233154     -0.00220947     
-0.00218506     -0.0020874     -0.00206299     -0.0020752     
-0.0020752     -0.00200195     -0.00205078     -0.00201416     
-0.00220947     -0.0020874     -0.0020752     -0.00209961     
-0.00211182     -0.00216064     -0.00211182     -0.00218506     
-0.00218506     -0.00214844     -0.0022583     -0.00227051     
-0.00220947     -0.00220947     -0.00233154     -0.00234375     
-0.00230713     -0.00228271     -0.00224609     -0.00247803     
-0.00234375     -0.00238037     -0.00241699     -0.00240479     
-0.00256348     -0.0024292     -0.00253906     -0.00268555     
-0.00262451     -0.00263672     -0.00272217     -0.00269775     
-0.00269775     -0.00264893     -0.00256348     -0.0026001     
-0.00246582     -0.00231934     -0.00227051     -0.00198975     
-0.00197754     -0.0017334     -0.00177002     -0.00169678     
-0.00144043     -0.00136719     -0.00145264     -0.00133057     
-0.00131836     -0.00125732     -0.00142822     -0.00134277     
-0.00134277     -0.00126953     -0.00145264     -0.00152588     
-0.00159912     -0.0015625     -0.00161133     -0.00169678     
-0.00166016     -0.00169678     -0.00172119     -0.00178223     
-0.00167236     -0.00161133     -0.0015625     -0.00161133     
-0.00140381     -0.00146484     -0.00125732     -0.00135498     
-0.00134277     -0.00135498     -0.00141602     -0.00140381     
-0.00159912     -0.00164795     -0.00175781     -0.00189209     
-0.00194092     -0.00198975     -0.00211182     -0.00212402     
-0.00222168     -0.00213623     -0.00227051     -0.00235596     
-0.00233154     -0.00227051     -0.00240479     -0.00231934     
-0.00231934     -0.00234375     -0.00233154     -0.00241699     
-0.00236816     -0.00234375     -0.00240479     -0.00229492     
-0.00234375     -0.00229492     -0.00230713     -0.00233154     
-0.00230713     -0.00217285     -0.00228271     -0.00231934     
-0.00218506     -0.00216064     -0.00227051     -0.00219727     
-0.00216064     -0.00216064     -0.00213623     -0.00209961     
-0.0020874     -0.00205078     -0.00198975     -0.00214844     
-0.00206299     -0.00209961     -0.00201416     -0.0020874     
-0.00203857     -0.0020874     -0.00220947     -0.00205078     
-0.00224609     -0.00230713     -0.00228271     -0.00228271     
-0.00241699     -0.00236816     -0.00245361     -0.00236816     
-0.00247803     -0.00240479     -0.00229492     -0.0022583     
-0.00231934     -0.00223389     -0.00230713     -0.00223389     
-0.0020874     -0.00220947     -0.00218506     -0.0020874     
-0.00219727     -0.00205078     -0.00216064     -0.00217285     
-0.00213623     -0.00206299     -0.00205078     -0.0020752     
-0.00201416     -0.00186768     -0.00189209     -0.0019165     
-0.0019165     -0.00186768     -0.00201416     -0.00198975     
-0.00197754     -0.00209961     -0.00209961     -0.00220947     
-0.00205078     -0.00219727     -0.00218506     -0.00234375     
-0.00231934     -0.00222168     -0.00233154     -0.00236816     
-0.00238037     -0.00228271     -0.00240479     -0.00235596     
-0.00230713     -0.0022583     -0.0022583     -0.00224609     
-0.00216064     -0.00209961     -0.0019165     -0.00187988     
-0.00180664     -0.00172119     -0.00162354     -0.00155029     
-0.00157471     -0.00157471     -0.00158691     -0.0017334     
-0.00180664     -0.00167236     -0.00197754     -0.00195313     
-0.00205078     -0.00211182     -0.00222168     -0.00229492     
-0.00229492     -0.00236816     -0.00250244     -0.00252686     
-0.00246582     -0.00262451     -0.00275879     -0.00275879     
-0.002771     -0.00285645     -0.00290527     -0.00303955     
-0.00297852     -0.00300293     -0.00291748     -0.00297852     
-0.0029541     -0.00291748     -0.00288086     -0.00283203     
-0.00283203     -0.00274658     -0.0027832     -0.00264893     
-0.0026001     -0.00257568     -0.0026001     -0.00247803     
-0.00247803     -0.00235596     -0.00235596     -0.00239258     
-0.00224609     -0.00214844     -0.00216064     -0.0020874     
-0.00217285     -0.00195313     -0.00196533     -0.00196533     
-0.00189209     -0.00189209     -0.00203857     -0.00200195     
-0.00211182     -0.00203857     -0.00220947     -0.00224609     
-0.00223389     -0.00227051     -0.00251465     -0.00246582     
-0.0024292     -0.00262451     -0.00252686     -0.00257568     
-0.00270996     -0.00267334     -0.00273438     -0.00279541     
-0.00292969     -0.00288086     -0.00291748     -0.00300293     
-0.00280762     -0.00294189     -0.00283203     -0.00280762     
-0.00272217     -0.00275879     -0.00272217     -0.00257568     
-0.00264893     -0.00251465     -0.0026001     -0.00264893     
-0.00264893     -0.00267334     -0.002771     -0.00279541     
-0.00288086     -0.00292969     -0.00280762     -0.00285645     
-0.00286865     -0.00275879     -0.00281982     -0.00269775     
-0.00263672     -0.00258789     -0.00255127     -0.0026123     
-0.00256348     -0.00246582     -0.0024292     -0.00246582     
-0.0024292     -0.00244141     -0.00252686     -0.0026001     
-0.00253906     -0.00273438     -0.00275879     -0.00284424     
-0.0027832     -0.00292969     -0.00289307     -0.00289307     
-0.00289307     -0.002771     -0.002771     -0.00268555     
-0.00264893     -0.00256348     -0.00238037     -0.00262451     
-0.00253906     -0.00252686     -0.00255127     -0.00256348     
-0.00262451     -0.0026123     -0.00275879     -0.00273438     
-0.00273438     -0.00283203     -0.00289307     -0.00289307     
-0.00289307     -0.00290527     -0.00299072     -0.00311279     
-0.00297852     -0.00306396     -0.00317383     -0.00318604     
-0.0032959     -0.00307617     -0.00323486     -0.00327148     
-0.00313721     -0.00308838     -0.00316162     -0.00306396     
-0.00305176     -0.00281982     -0.00290527     -0.00285645     
-0.002771     -0.00284424     -0.00274658     -0.002771     
-0.00280762     -0.00274658     -0.00268555     -0.00269775     
-0.00274658     -0.00253906     -0.00251465     -0.00239258     
-0.00220947     -0.00212402     -0.00194092     -0.00194092     
-0.00172119     -0.00167236     -0.00161133     -0.00166016     
-0.00167236     -0.00167236     -0.00175781     -0.00187988     
-0.00196533     -0.00213623     -0.00227051     -0.00236816     
-0.00262451     -0.00258789     -0.00270996     -0.00280762     
-0.00279541     -0.00274658     -0.00275879     -0.00268555     
-0.0026123     -0.00244141     -0.00255127     -0.00240479     
-0.00234375     -0.00235596     -0.00223389     -0.0022583     
-0.00228271     -0.0022583     -0.00238037     -0.00233154     
-0.00236816     -0.00251465     -0.00258789     -0.00264893     
-0.00279541     -0.00275879     -0.00279541     -0.00294189     
-0.00297852     -0.00297852     -0.0029541     -0.00299072     
-0.00290527     -0.00285645     -0.00288086     -0.00291748     
-0.00284424     -0.00279541     -0.00270996     -0.002771     
-0.00256348     -0.00249023     -0.00245361     -0.00247803     
-0.0024292     -0.00227051     -0.0022583     -0.00217285     
-0.00198975     -0.00205078     -0.00189209     -0.00179443     
-0.00168457     -0.00163574     -0.00155029     -0.00155029     
-0.00155029     -0.0015625     -0.00155029     -0.00162354     
-0.00181885     -0.00167236     -0.00177002     -0.00183105     
-0.00186768     -0.0019043     -0.00189209     -0.00187988     
-0.00201416     -0.00187988     -0.00189209     -0.0019043     
-0.0019165     -0.00202637     -0.00192871     -0.00201416     
-0.00196533     -0.00203857     -0.00205078     -0.00209961     
-0.00213623     -0.00219727     -0.00231934     -0.00230713     
-0.00233154     -0.00230713     -0.00231934     -0.00244141     
-0.00224609     -0.00227051     -0.00236816     -0.00233154     
-0.00223389     -0.00234375     -0.00233154     -0.00230713     
-0.00240479     -0.00239258     -0.00246582     -0.00253906     
-0.00257568     -0.0026123     -0.00263672     -0.00274658     
-0.00255127     -0.0026001     -0.00256348     -0.00257568     
-0.00246582     -0.00241699     -0.00238037     -0.00231934     
-0.00220947     -0.0020752     -0.00201416     -0.00196533     
-0.0019165     -0.00172119     -0.00178223     -0.00169678     
-0.00172119     -0.00164795     -0.00167236     -0.00177002     
-0.00170898     -0.00179443     -0.00178223     -0.0019165     
-0.00197754     -0.00203857     -0.00214844     -0.00223389     
-0.00222168     -0.00224609     -0.00219727     -0.00230713     
-0.00235596     -0.00233154     -0.00222168     -0.00236816     
-0.00227051     -0.00238037     -0.00244141     -0.00246582     
-0.00247803     -0.00263672     -0.00273438     -0.00274658     
-0.00275879     -0.00284424     -0.00292969     -0.00289307     
-0.00297852     -0.00289307     -0.00286865     -0.00285645     
-0.00270996     -0.00267334     -0.00257568     -0.00256348     
-0.00247803     -0.00231934     -0.00234375     -0.00224609     
-0.00209961     -0.00205078     -0.0019165     -0.00179443     
-0.00185547     -0.0017334     -0.00169678     -0.00158691     
-0.0015625     -0.00148926     -0.00146484     -0.00158691     
-0.00152588     -0.00155029     -0.00157471     -0.00169678     
-0.0017334     -0.00181885     -0.00192871     -0.00195313     
-0.00206299     -0.00211182     -0.00212402     -0.00216064     
-0.00213623     -0.00217285     -0.00216064     -0.00216064     
-0.00213623     -0.00216064     -0.00214844     -0.00229492     
-0.00235596     -0.00238037     -0.00247803     -0.00251465     
-0.00263672     -0.00272217     -0.0027832     -0.00280762     
-0.00292969     -0.00292969     -0.00299072     -0.00306396     
-0.00303955     -0.00303955     -0.00318604     -0.00318604     
-0.00318604     -0.00322266     -0.00330811     -0.0032959     
-0.00325928     -0.00306396     -0.003125     -0.00303955     
-0.00297852     -0.00280762     -0.00274658     -0.00270996     
-0.00262451     -0.00251465     -0.00255127     -0.00268555     
-0.0026001     -0.00267334     -0.00274658     -0.00292969     
-0.00297852     -0.00301514     -0.00316162     -0.00319824     
-0.00314941     -0.00330811     -0.00323486     -0.00323486     
-0.00325928     -0.00322266     -0.00314941     -0.00310059     
-0.00306396     -0.00299072     -0.00296631     -0.00294189     
-0.00289307     -0.00286865     -0.00284424     -0.00275879     
-0.00292969     -0.00283203     -0.00285645     -0.00280762     
-0.00269775     -0.00274658     -0.00269775     -0.00263672     
-0.00269775     -0.00262451     -0.00267334     -0.00264893     
-0.00256348     -0.00256348     -0.00263672     -0.00257568     
-0.0026123     -0.00255127     -0.00264893     -0.00263672     
-0.00256348     -0.00257568     -0.00255127     -0.00250244     
-0.00239258     -0.0024292     -0.00240479     -0.00234375     
-0.00227051     -0.0022583     -0.00238037     -0.00230713     
-0.00239258     -0.00233154     -0.00244141     -0.00249023     
-0.00245361     -0.00256348     -0.00253906     -0.00255127     
-0.00251465     -0.00263672     -0.0026001     -0.00246582     
-0.00258789     -0.00245361     -0.00249023     -0.00247803     
-0.00246582     -0.00245361     -0.00253906     -0.0026123     
-0.00255127     -0.00262451     -0.00267334     -0.00273438     
-0.00267334     -0.00273438     -0.00281982     -0.00269775     
-0.00279541     -0.00275879     -0.00269775     -0.00272217     
-0.00269775     -0.00263672     -0.00273438     -0.0026123     
-0.00267334     -0.00250244     -0.00252686     -0.00250244     
-0.00245361     -0.00240479     -0.00235596     -0.00230713     
-0.00220947     -0.00223389     -0.00222168     -0.0022583     
-0.00217285     -0.00213623     -0.00222168     -0.00228271     
-0.00223389     -0.00220947     -0.00223389     -0.00236816     
-0.00235596     -0.00231934     -0.0022583     -0.00246582     
-0.00228271     -0.00220947     -0.00234375     -0.00230713     
-0.00229492     -0.00222168     -0.00223389     -0.00222168     
-0.00220947     -0.00217285     -0.00220947     -0.00217285     
-0.0020874     -0.00219727     -0.00220947     -0.00212402     
-0.00228271     -0.00227051     -0.00231934     -0.00238037     
-0.00249023     -0.00253906     -0.00262451     -0.00258789     
-0.00268555     -0.00268555     -0.00288086     -0.00289307     
-0.00285645     -0.00300293     -0.00300293     -0.00292969     
-0.00302734     -0.00306396     -0.00301514     -0.00306396     
-0.00313721     -0.00314941     -0.00301514     -0.00307617     
-0.00308838     -0.00294189     -0.00290527     -0.00305176     
-0.00286865     -0.00281982     -0.00268555     -0.00280762     
-0.00272217     -0.00266113     -0.00263672     -0.00266113     
-0.00264893     -0.0026123     -0.00266113     -0.00255127     
-0.00266113     -0.00262451     -0.00284424     -0.00290527     
-0.00288086     -0.00292969     -0.0029541     -0.00305176     
-0.00290527     -0.00289307     -0.00294189     -0.00296631     
-0.00294189     -0.00288086     -0.00285645     -0.00294189     
-0.00286865     -0.00280762     -0.00297852     -0.00283203     
-0.00290527     -0.00291748     -0.00292969     -0.00301514     
-0.0029541     -0.00288086     -0.00296631     -0.00297852     
-0.00288086     -0.00285645     -0.00289307     -0.00290527     
-0.00279541     -0.00270996     -0.002771     -0.002771     
-0.00266113     -0.00262451     -0.0026001     -0.00264893     
-0.00250244     -0.00252686     -0.00246582     -0.00251465     
-0.00251465     -0.00250244     -0.00256348     -0.00258789     
-0.00270996     -0.00269775     -0.00275879     -0.002771     
-0.00286865     -0.00288086     -0.0029541     -0.00290527     
-0.00290527     -0.00288086     -0.00290527     -0.00280762     
-0.00301514     -0.00288086     -0.00294189     -0.00296631     
-0.00285645     -0.00288086     -0.00281982     -0.002771     
-0.00281982     -0.00269775     -0.00273438     -0.00270996     
-0.00269775     -0.00263672     -0.0026123     -0.00275879     
-0.00264893     -0.00267334     -0.00263672     -0.00272217     
-0.00270996     -0.00269775     -0.002771     -0.00274658     
-0.00279541     -0.00280762     -0.00272217     -0.00288086     
-0.00273438     -0.00288086     -0.00279541     -0.00279541     
-0.002771     -0.00275879     -0.00275879     -0.00268555     
-0.00279541     -0.00253906     -0.00257568     -0.00262451     
-0.00241699     -0.00238037     -0.00233154     -0.00224609     
-0.00212402     -0.00200195     -0.00195313     -0.00195313     
-0.00183105     -0.00180664     -0.00175781     -0.00170898     
-0.0017334     -0.00177002     -0.00175781     -0.00195313     
-0.00186768     -0.0019165     -0.00214844     -0.00217285     
-0.00231934     -0.00230713     -0.00238037     -0.00246582     
-0.00257568     -0.00257568     -0.00269775     -0.0027832     
-0.00268555     -0.00275879     -0.00286865     -0.00279541     
-0.00274658     -0.00284424     -0.00291748     -0.00290527     
-0.00283203     -0.00296631     -0.00280762     -0.00292969     
-0.00279541     -0.00292969     -0.00290527     -0.00288086     
-0.00294189     -0.00291748     -0.00294189     -0.00300293     
-0.0029541     -0.00301514     -0.0029541     -0.00303955     
-0.00286865     -0.00290527     -0.0029541     -0.00305176     
-0.00294189     -0.0029541     -0.00302734     -0.00294189     
-0.0029541     -0.0029541     -0.00301514     -0.00305176     
-0.00294189     -0.00300293     -0.00300293     -0.00291748     
-0.00296631     -0.00283203     -0.00289307     -0.00273438     
-0.002771     -0.00266113     -0.00258789     -0.00252686     
-0.00251465     -0.00241699     -0.00235596     -0.00239258     
-0.00228271     -0.00222168     -0.00230713     -0.00224609     
-0.00209961     -0.00212402     -0.00212402     -0.00223389     
-0.0020874     -0.00213623     -0.00214844     -0.00224609     
-0.00218506     -0.00223389     -0.00223389     -0.00230713     
-0.00234375     -0.00241699     -0.00249023     -0.0024292     
-0.00251465     -0.00257568     -0.00267334     -0.00270996     
-0.00275879     -0.002771     -0.00273438     -0.00284424     
-0.0027832     -0.00275879     -0.00283203     -0.00274658     
-0.00269775     -0.00269775     -0.00257568     -0.00257568     
-0.00250244     -0.00239258     -0.00234375     -0.00217285     
-0.00235596     -0.0022583     -0.00231934     -0.00234375     
-0.00233154     -0.00228271     -0.00234375     -0.00240479     
-0.00238037     -0.00250244     -0.00253906     -0.0026001     
-0.00255127     -0.00255127     -0.00273438     -0.00281982     
-0.00279541     -0.00292969     -0.00289307     -0.00294189     
-0.00291748     -0.00307617     -0.00303955     -0.00297852     
-0.00301514     -0.00310059     -0.00307617     -0.00299072     
-0.00303955     -0.00302734     -0.00303955     -0.00300293     
-0.00313721     -0.00316162     -0.003125     -0.00324707     
-0.00324707     -0.00323486     -0.00322266     -0.00321045     
-0.00338135     -0.00317383     -0.00323486     -0.00306396     
-0.00299072     -0.00300293     -0.00288086     -0.002771     
-0.00281982     -0.00268555     -0.00258789     -0.00253906     
-0.00258789     -0.00246582     -0.00251465     -0.00250244     
-0.00245361     -0.00255127     -0.00264893     -0.00267334     
-0.00262451     -0.00266113     -0.00281982     -0.00272217     
-0.00274658     -0.00274658     -0.00273438     -0.00283203     
-0.00270996     -0.00284424     -0.00268555     -0.00286865     
-0.00272217     -0.00279541     -0.00264893     -0.00268555     
-0.00274658     -0.00262451     -0.00266113     -0.00268555     
-0.00272217     -0.00268555     -0.00279541     -0.00284424     
-0.00292969     -0.00294189     -0.0029541     -0.003125     
-0.00314941     -0.00313721     -0.00325928     -0.00335693     
-0.00330811     -0.00336914     -0.0032959     -0.00339355     
-0.00336914     -0.0032959     -0.00338135     -0.00325928     
-0.00336914     -0.00327148     -0.00327148     -0.00330811     
-0.00327148     -0.00336914     -0.00339355     -0.00349121     
-0.00341797     -0.0034668     -0.00354004     -0.00355225     
-0.00361328     -0.00355225     -0.00361328     -0.00358887     
-0.00350342     -0.00344238     -0.00328369     -0.00334473     
-0.00317383     -0.00322266     -0.00302734     -0.00300293     
-0.00300293     -0.00291748     -0.0029541     -0.00290527     
-0.00284424     -0.00289307     -0.00286865     -0.00280762     
-0.00288086     -0.00288086     -0.00285645     -0.00302734     
-0.00301514     -0.00305176     -0.00307617     -0.00306396     
-0.00318604     -0.00306396     -0.00319824     -0.00325928     
-0.00324707     -0.0032959     -0.00328369     -0.00325928     
-0.00328369     -0.0032959     -0.0032959     -0.00327148     
-0.00330811     -0.00327148     -0.00328369     -0.00322266     
-0.00317383     -0.00325928     -0.00321045     -0.00311279     
-0.00322266     -0.00313721     -0.00316162     -0.00294189     
-0.00305176     -0.00291748     -0.00285645     -0.00283203     
-0.00256348     -0.00268555     -0.00249023     -0.00252686     
-0.00233154     -0.00235596     -0.00233154     -0.00236816     
-0.00239258     -0.00238037     -0.00244141     -0.0024292     
-0.00247803     -0.00252686     -0.00266113     -0.00264893     
-0.00262451     -0.00263672     -0.00269775     -0.00272217     
-0.00272217     -0.00252686     -0.00269775     -0.00263672     
-0.00258789     -0.00255127     -0.0026123     -0.0026001     
-0.00258789     -0.00244141     -0.00264893     -0.00263672     
-0.00269775     -0.00272217     -0.0027832     -0.00285645     
-0.00290527     -0.00301514     -0.00311279     -0.00322266     
-0.00323486     -0.0032959     -0.00330811     -0.00328369     
-0.00322266     -0.00314941     -0.00310059     -0.00296631     
-0.00296631     -0.00297852     -0.00275879     -0.00283203     
-0.00272217     -0.00268555     -0.00267334     -0.00273438     
-0.00273438     -0.00273438     -0.00288086     -0.00290527     
-0.00302734     -0.00307617     -0.00318604     -0.00325928     
-0.00335693     -0.00343018     -0.00339355     -0.003479     
-0.00356445     -0.00349121     -0.00351563     -0.00349121     
-0.00349121     -0.00335693     -0.003479     -0.003479     
-0.00339355     -0.00338135     -0.00335693     -0.00325928     
-0.00327148     -0.00321045     -0.00324707     -0.00316162     
-0.00316162     -0.00305176     -0.00319824     -0.00318604     
-0.00322266     -0.00324707     -0.00322266     -0.00324707     
-0.00325928     -0.00318604     -0.00324707     -0.00314941     
-0.00327148     -0.00324707     -0.00316162     -0.00317383     
-0.00310059     -0.00310059     -0.00301514     -0.00307617     
-0.0029541     -0.00289307     -0.00291748     -0.00279541     
-0.00281982     -0.00270996     -0.00266113     -0.00266113     
-0.00255127     -0.00255127     -0.00255127     -0.00255127     
-0.00245361     -0.00252686     -0.00245361     -0.00238037     
-0.00251465     -0.00241699     -0.00249023     -0.0024292     
-0.00244141     -0.00255127     -0.00250244     -0.00246582     
-0.00255127     -0.00251465     -0.00255127     -0.00253906     
-0.00256348     -0.00251465     -0.00255127     -0.00250244     
-0.00251465     -0.00252686     -0.00244141     -0.00249023     
-0.00239258     -0.00239258     -0.00244141     -0.00244141     
-0.00238037     -0.0024292     -0.00251465     -0.00252686     
-0.00241699     -0.00238037     -0.00233154     -0.00235596     
-0.00219727     -0.00227051     -0.00216064     -0.00220947     
-0.00211182     -0.0020752     -0.00222168     -0.00219727     
-0.00227051     -0.0024292     -0.00256348     -0.0026001     
-0.00272217     -0.00285645     -0.00289307     -0.00311279     
-0.00322266     -0.00334473     -0.00336914     -0.00343018     
-0.00362549     -0.00350342     -0.00355225     -0.00360107     
-0.00354004     -0.003479     -0.003479     -0.00345459     
-0.00339355     -0.00327148     -0.00332031     -0.00318604     
-0.00324707     -0.00321045     -0.00314941     -0.00314941     
-0.00311279     -0.00318604     -0.00306396     -0.00316162     
-0.00314941     -0.00305176     -0.00303955     -0.00301514     
-0.00297852     -0.00280762     -0.00284424     -0.00288086     
-0.00272217     -0.00270996     -0.00262451     -0.00273438     
-0.00262451     -0.00269775     -0.00270996     -0.00270996     
-0.00286865     -0.00272217     -0.00283203     -0.00288086     
-0.00290527     -0.00299072     -0.00305176     -0.00314941     
-0.003125     -0.00319824     -0.00328369     -0.00332031     
-0.00322266     -0.00324707     -0.00327148     -0.00321045     
-0.00319824     -0.00311279     -0.00302734     -0.00301514     
-0.00301514     -0.00281982     -0.00284424     -0.00268555     
-0.00275879     -0.0026123     -0.0026123     -0.0026001     
-0.00256348     -0.00246582     -0.00241699     -0.00247803     
-0.00227051     -0.00220947     -0.00216064     -0.00203857     
-0.00202637     -0.00200195     -0.00214844     -0.00211182     
-0.0022583     -0.0024292     -0.00235596     -0.00255127     
-0.00256348     -0.00272217     -0.00274658     -0.00289307     
-0.00297852     -0.00299072     -0.00302734     -0.00305176     
-0.00296631     -0.00296631     -0.00303955     -0.00294189     
-0.00294189     -0.00292969     -0.00289307     -0.00289307     
-0.00279541     -0.002771     -0.0027832     -0.00272217     
-0.00267334     -0.0026001     -0.00267334     -0.00266113     
-0.00246582     -0.00262451     -0.00272217     -0.00267334     
-0.00268555     -0.00268555     -0.00285645     -0.00288086     
-0.00289307     -0.00297852     -0.00316162     -0.00310059     
-0.00318604     -0.00333252     -0.00333252     -0.00340576     
-0.00336914     -0.00338135     -0.00333252     -0.00340576     
-0.00327148     -0.00307617     -0.00311279     -0.00311279     
-0.00281982     -0.00288086     -0.002771     -0.00280762     
-0.00266113     -0.00273438     -0.00264893     -0.00266113     
-0.00270996     -0.00266113     -0.00264893     -0.0026123     
-0.00263672     -0.0026001     -0.00264893     -0.00268555     
-0.00266113     -0.00266113     -0.00274658     -0.00283203     
-0.00279541     -0.00270996     -0.00289307     -0.00285645     
-0.00289307     -0.00285645     -0.00286865     -0.00296631     
-0.00285645     -0.00289307     -0.0029541     -0.00286865     
-0.00294189     -0.00289307     -0.00307617     -0.00305176     
-0.00305176     -0.00308838     -0.00316162     -0.00324707     
-0.00308838     -0.00314941     -0.00314941     -0.00308838     
-0.003125     -0.00314941     -0.00311279     -0.00306396     
-0.00305176     -0.00308838     -0.00305176     -0.003125     
-0.00301514     -0.00316162     -0.00316162     -0.00319824     
-0.00323486     -0.00318604     -0.00333252     -0.00341797     
-0.00341797     -0.00341797     -0.00355225     -0.00361328     
-0.00367432     -0.00371094     -0.0036499     -0.00366211     
-0.00368652     -0.00372314     -0.00369873     -0.0036377     
-0.00362549     -0.00352783     -0.00349121     -0.00343018     
-0.00338135     -0.00332031     -0.00338135     -0.00328369     
-0.00324707     -0.00313721     -0.00323486     -0.00328369     
-0.00316162     -0.00318604     -0.00314941     -0.00317383     
-0.00316162     -0.00319824     -0.00314941     -0.00324707     
-0.00333252     -0.00330811     -0.00335693     -0.0032959     
-0.00333252     -0.0032959     -0.00334473     -0.00336914     
-0.00321045     -0.00332031     -0.00314941     -0.00323486     
-0.003125     -0.00310059     -0.00314941     -0.00308838     
-0.00307617     -0.00302734     -0.00308838     -0.00296631     
-0.00285645     -0.0029541     -0.00292969     -0.0029541     
-0.00299072     -0.00300293     -0.00305176     -0.00311279     
-0.00313721     -0.00316162     -0.00323486     -0.00316162     
-0.00323486     -0.00323486     -0.00308838     -0.00316162     
-0.00319824     -0.00313721     -0.00328369     -0.00314941     
-0.00330811     -0.0032959     -0.00327148     -0.00338135     
-0.00330811     -0.00333252     -0.00334473     -0.00343018     
-0.00336914     -0.00339355     -0.00351563     -0.00332031     
-0.00335693     -0.00334473     -0.00335693     -0.00334473     
-0.00328369     -0.00350342     -0.00339355     -0.003479     
-0.0034668     -0.00345459     -0.00351563     -0.00355225     
-0.00351563     -0.00356445     -0.00367432     -0.00371094     
-0.00366211     -0.00357666     -0.00368652     -0.00368652     
-0.00371094     -0.00369873     -0.00367432     -0.00368652     
-0.00366211     -0.00372314     -0.00373535     -0.00368652     
-0.00386963     -0.00375977     -0.00374756     -0.00374756     
-0.00373535     -0.00366211     -0.0036499     -0.00358887     
-0.00358887     -0.00349121     -0.00354004     -0.00345459     
-0.00343018     -0.00338135     -0.00333252     -0.00334473     
-0.00321045     -0.00321045     -0.00310059     -0.00306396     
-0.00300293     -0.00300293     -0.00296631     -0.00288086     
-0.00290527     -0.00296631     -0.00288086     -0.00310059     
-0.00313721     -0.00327148     -0.00330811     -0.00343018     
-0.00355225     -0.00358887     -0.00356445     -0.00360107     
-0.00361328     -0.00358887     -0.0034668     -0.0034668     
-0.00335693     -0.003125     -0.00316162     -0.00303955     
-0.00290527     -0.00281982     -0.002771     -0.00280762     
-0.00269775     -0.00253906     -0.00273438     -0.0026123     
-0.00268555     -0.00273438     -0.00275879     -0.00286865     
-0.00294189     -0.00294189     -0.003125     -0.00308838     
-0.00328369     -0.00322266     -0.00334473     -0.00334473     
-0.00335693     -0.00336914     -0.00330811     -0.00335693     
-0.00322266     -0.00318604     -0.00314941     -0.00316162     
-0.00311279     -0.00299072     -0.00303955     -0.00300293     
-0.00294189     -0.00291748     -0.002771     -0.00290527     
-0.00279541     -0.00290527     -0.00288086     -0.00283203     
-0.00283203     -0.00289307     -0.00288086     -0.0027832     
-0.00281982     -0.0027832     -0.0027832     -0.002771     
-0.00279541     -0.00279541     -0.00266113     -0.00263672     
-0.00257568     -0.00263672     -0.00246582     -0.00241699     
-0.00238037     -0.00234375     -0.00234375     -0.00236816     
-0.00234375     -0.00239258     -0.00244141     -0.00245361     
-0.0026123     -0.00258789     -0.00267334     -0.00262451     
-0.00275879     -0.00268555     -0.002771     -0.00274658     
-0.00275879     -0.00292969     -0.0027832     -0.00284424     
-0.00280762     -0.00288086     -0.00290527     -0.00281982     
-0.00286865     -0.00284424     -0.00288086     -0.00292969     
-0.00280762     -0.00284424     -0.00283203     -0.00290527     
-0.00285645     -0.00280762     -0.0027832     -0.00286865     
-0.00289307     -0.0029541     -0.00290527     -0.00296631     
-0.00302734     -0.00300293     -0.00308838     -0.00302734     
-0.00308838     -0.00291748     -0.00299072     -0.00294189     
-0.00274658     -0.00268555     -0.00272217     -0.00257568     
-0.0026123     -0.00257568     -0.00255127     -0.00255127     
-0.00249023     -0.00253906     -0.0026123     -0.00252686     
-0.00262451     -0.00263672     -0.00270996     -0.00266113     
-0.00272217     -0.00273438     -0.00289307     -0.00296631     
-0.0029541     -0.00302734     -0.00310059     -0.00317383     
-0.00324707     -0.00325928     -0.00338135     -0.00343018     
-0.00345459     -0.00351563     -0.003479     -0.00356445     
-0.00351563     -0.00351563     -0.00358887     -0.00362549     
-0.00352783     -0.00344238     -0.003479     -0.00334473     
-0.00324707     -0.00311279     -0.00311279     -0.00292969     
-0.00286865     -0.00284424     -0.00280762     -0.00270996     
-0.00262451     -0.00257568     -0.00253906     -0.00255127     
-0.00266113     -0.00258789     -0.00275879     -0.00274658     
-0.002771     -0.00289307     -0.00299072     -0.00306396     
-0.00318604     -0.00308838     -0.00313721     -0.00308838     
-0.00311279     -0.00306396     -0.00308838     -0.00302734     
-0.00310059     -0.00305176     -0.00291748     -0.00302734     
-0.00301514     -0.00307617     -0.00316162     -0.00308838     
-0.00323486     -0.00321045     -0.00316162     -0.00322266     
-0.00321045     -0.00323486     -0.00307617     -0.00327148     
-0.00308838     -0.00310059     -0.00307617     -0.00306396     
-0.00296631     -0.00291748     -0.00285645     -0.00289307     
-0.00284424     -0.00292969     -0.00301514     -0.00301514     
-0.00305176     -0.00314941     -0.00318604     -0.00325928     
-0.00338135     -0.00324707     -0.00334473     -0.00344238     
-0.00351563     -0.00349121     -0.00362549     -0.00362549     
-0.00371094     -0.00368652     -0.00377197     -0.00389404     
-0.00386963     -0.00373535     -0.00389404     -0.00389404     
-0.00374756     -0.00369873     -0.0036499     -0.00357666     
-0.00343018     -0.00343018     -0.00338135     -0.00328369     
-0.00324707     -0.00317383     -0.00322266     -0.00313721     
-0.00318604     -0.00321045     -0.00324707     -0.00332031     
-0.00333252     -0.00335693     -0.00334473     -0.00338135     
-0.00339355     -0.00325928     -0.00338135     -0.0032959     
-0.00324707     -0.00327148     -0.0032959     -0.00316162     
-0.00317383     -0.00316162     -0.00322266     -0.00327148     
-0.00314941     -0.00321045     -0.00321045     -0.00323486     
-0.00325928     -0.00317383     -0.00325928     -0.00333252     
-0.00328369     -0.00333252     -0.00332031     -0.00333252     
-0.00355225     -0.0034668     -0.003479     -0.0034668     
-0.00349121     -0.00341797     -0.00338135     -0.00334473     
-0.00325928     -0.00324707     -0.00314941     -0.00318604     
-0.003125     -0.00310059     -0.00314941     -0.003125     
-0.00311279     -0.00308838     -0.003125     -0.00316162     
-0.00291748     -0.00296631     -0.00272217     -0.00269775     
-0.00253906     -0.00251465     -0.00247803     -0.00240479     
-0.00245361     -0.00246582     -0.00244141     -0.00252686     
-0.00257568     -0.00263672     -0.0027832     -0.00288086     
-0.00285645     -0.00294189     -0.00296631     -0.00296631     
-0.00299072     -0.00294189     -0.00299072     -0.00296631     
-0.00302734     -0.00297852     -0.00292969     -0.00303955     
-0.00297852     -0.00290527     -0.00306396     -0.00290527     
-0.00307617     -0.00294189     -0.00299072     -0.00308838     
-0.00306396     -0.00294189     -0.00306396     -0.00308838     
-0.00284424     -0.0029541     -0.00286865     -0.00288086     
-0.002771     -0.00263672     -0.00270996     -0.00270996     
-0.0026001     -0.00262451     -0.00255127     -0.00270996     
-0.00258789     -0.0026001     -0.00262451     -0.00262451     
-0.00269775     -0.00267334     -0.00269775     -0.00258789     
-0.00255127     -0.00252686     -0.00251465     -0.00247803     
-0.00246582     -0.00244141     -0.0024292     -0.00240479     
-0.00241699     -0.00241699     -0.00252686     -0.0026123     
-0.00274658     -0.00269775     -0.00284424     -0.00283203     
-0.00294189     -0.00299072     -0.003125     -0.00305176     
-0.00306396     -0.00308838     -0.00310059     -0.00301514     
-0.0029541     -0.0029541     -0.00297852     -0.00291748     
-0.00296631     -0.00290527     -0.00280762     -0.00292969     
-0.00272217     -0.00268555     -0.00270996     -0.00267334     
-0.00268555     -0.00266113     -0.00263672     -0.00274658     
-0.00266113     -0.00270996     -0.00267334     -0.00279541     
-0.00279541     -0.00290527     -0.00285645     -0.00283203     
-0.00296631     -0.00289307     -0.00299072     -0.00292969     
-0.00296631     -0.00297852     -0.00306396     -0.00306396     
-0.00301514     -0.00297852     -0.00308838     -0.00306396     
-0.00299072     -0.0029541     -0.00303955     -0.00288086     
-0.00290527     -0.00291748     -0.00300293     -0.00292969     
-0.00290527     -0.00290527     -0.00300293     -0.00283203     
-0.00288086     -0.00289307     -0.00288086     -0.00279541     
-0.00288086     -0.00275879     -0.00273438     -0.002771     
-0.00272217     -0.00263672     -0.00269775     -0.00267334     
-0.00268555     -0.00263672     -0.00274658     -0.0027832     
-0.00273438     -0.00281982     -0.00273438     -0.00286865     
-0.00292969     -0.0029541     -0.00299072     -0.00302734     
-0.00299072     -0.00299072     -0.00302734     -0.00299072     
-0.0029541     -0.00296631     -0.00290527     -0.00285645     
-0.00294189     -0.00286865     -0.00288086     -0.00296631     
-0.00300293     -0.00299072     -0.00310059     -0.00308838     
-0.00324707     -0.00313721     -0.00333252     -0.00332031     
-0.00341797     -0.00335693     -0.00344238     -0.00338135     
-0.00343018     -0.00338135     -0.00338135     -0.00325928     
-0.00327148     -0.00319824     -0.00319824     -0.00313721     
-0.00303955     -0.00294189     -0.00291748     -0.00300293     
-0.00281982     -0.00280762     -0.00274658     -0.00275879     
-0.00269775     -0.00263672     -0.00250244     -0.00266113     
-0.00251465     -0.00250244     -0.00252686     -0.00250244     
-0.00247803     -0.00247803     -0.00250244     -0.00264893     
-0.00270996     -0.00275879     -0.00273438     -0.00289307     
-0.00289307     -0.0029541     -0.00307617     -0.00311279     
-0.00317383     -0.00322266     -0.00324707     -0.00325928     
-0.0032959     -0.00319824     -0.00330811     -0.00313721     
-0.00316162     -0.00316162     -0.003125     -0.003125     
-0.00301514     -0.00286865     -0.00296631     -0.00288086     
-0.00291748     -0.00284424     -0.00288086     -0.0029541     
-0.00289307     -0.00285645     -0.00286865     -0.0029541     
-0.00292969     -0.00296631     -0.00286865     -0.00290527     
-0.00292969     -0.00283203     -0.00289307     -0.00288086     
-0.00285645     -0.00283203     -0.0027832     -0.00286865     
-0.00283203     -0.00286865     -0.00286865     -0.00281982     
-0.00280762     -0.00279541     -0.00281982     -0.00272217     
-0.00267334     -0.00267334     -0.00262451     -0.0026001     
-0.00266113     -0.00263672     -0.00262451     -0.00268555     
-0.00264893     -0.00255127     -0.002771     -0.00273438     
-0.00272217     -0.00275879     -0.0027832     -0.00275879     
-0.00275879     -0.00280762     -0.00274658     -0.00267334     
-0.0027832     -0.00267334     -0.00268555     -0.00252686     
-0.00249023     -0.00238037     -0.00234375     -0.00228271     
-0.00219727     -0.00206299     -0.0020752     -0.0020874     
-0.00203857     -0.00200195     -0.00209961     -0.00213623     
-0.00212402     -0.00220947     -0.00235596     -0.00246582     
-0.00240479     -0.00252686     -0.0026001     -0.00274658     
-0.00267334     -0.00274658     -0.00272217     -0.00272217     
-0.00280762     -0.00268555     -0.00270996     -0.00269775     
-0.00270996     -0.00258789     -0.00257568     -0.00257568     
-0.00250244     -0.00246582     -0.00241699     -0.00247803     
-0.00252686     -0.00240479     -0.00255127     -0.00252686     
-0.0026001     -0.0026001     -0.00262451     -0.00274658     
-0.00283203     -0.002771     -0.00292969     -0.00289307     
-0.00291748     -0.00281982     -0.00292969     -0.00292969     
-0.00285645     -0.00280762     -0.00284424     -0.00281982     
-0.002771     -0.00291748     -0.00292969     -0.00290527     
-0.0029541     -0.00292969     -0.00303955     -0.00299072     
-0.00300293     -0.00306396     -0.0029541     -0.00303955     
-0.00291748     -0.00300293     -0.00290527     -0.00292969     
-0.00290527     -0.00279541     -0.00296631     -0.00294189     
-0.00286865     -0.00280762     -0.00283203     -0.002771     
-0.00273438     -0.00274658     -0.0027832     -0.0027832     
-0.00280762     -0.00284424     -0.00281982     -0.00289307     
-0.00296631     -0.00284424     -0.00301514     -0.00307617     
-0.0029541     -0.00301514     -0.00305176     -0.00308838     
-0.00311279     -0.00302734     -0.00314941     -0.00305176     
-0.00307617     -0.003125     -0.00318604     -0.00307617     
-0.00307617     -0.00314941     -0.00305176     -0.00308838     
-0.00307617     -0.00305176     -0.00318604     -0.00314941     
-0.003125     -0.00313721     -0.00319824     -0.00334473     
-0.00319824     -0.00334473     -0.00332031     -0.00343018     
-0.00328369     -0.00328369     -0.00328369     -0.00327148     
-0.00328369     -0.00316162     -0.00318604     -0.003125     
-0.00307617     -0.00310059     -0.00317383     -0.00325928     
-0.003125     -0.00321045     -0.00324707     -0.00333252     
-0.00328369     -0.00327148     -0.00336914     -0.00324707     
-0.00322266     -0.0032959     -0.003125     -0.00310059     
-0.00302734     -0.0029541     -0.00299072     -0.00283203     
-0.00290527     -0.00275879     -0.00270996     -0.00268555     
-0.00264893     -0.00263672     -0.00251465     -0.00262451     
-0.00252686     -0.00246582     -0.0026001     -0.00262451     
-0.0026001     -0.00263672     -0.00274658     -0.00270996     
-0.00272217     -0.00284424     -0.00272217     -0.00285645     
-0.00279541     -0.00286865     -0.00289307     -0.00284424     
-0.00296631     -0.00303955     -0.003125     -0.00314941     
-0.00324707     -0.00328369     -0.0034668     -0.003479     
-0.00356445     -0.00362549     -0.00357666     -0.00360107     
-0.00351563     -0.00345459     -0.00336914     -0.00325928     
-0.00330811     -0.00313721     -0.00310059     -0.00302734     
-0.0029541     -0.00299072     -0.00302734     -0.00288086     
-0.00302734     -0.00297852     -0.00292969     -0.00290527     
-0.00285645     -0.0027832     -0.00283203     -0.00281982     
-0.00263672     -0.00253906     -0.00235596     -0.00240479     
-0.0022583     -0.00227051     -0.00223389     -0.00219727     
-0.00217285     -0.00212402     -0.00219727     -0.00222168     
-0.00224609     -0.00236816     -0.0024292     -0.00252686     
-0.00263672     -0.00270996     -0.00284424     -0.0029541     
-0.00303955     -0.00306396     -0.00323486     -0.00322266     
-0.00316162     -0.00314941     -0.00325928     -0.00318604     
-0.00310059     -0.00307617     -0.00313721     -0.00302734     
-0.00297852     -0.00294189     -0.0029541     -0.00292969     
-0.00294189     -0.00294189     -0.00296631     -0.00303955     
-0.00310059     -0.00307617     -0.00313721     -0.00317383     
-0.00319824     -0.00319824     -0.00323486     -0.00332031     
-0.00324707     -0.00317383     -0.003125     -0.00317383     
-0.00297852     -0.00302734     -0.00288086     -0.00290527     
-0.00284424     -0.00279541     -0.00279541     -0.00275879     
-0.00267334     -0.00266113     -0.00268555     -0.00274658     
-0.0026123     -0.00268555     -0.00269775     -0.00272217     
-0.00264893     -0.00268555     -0.00283203     -0.00272217     
-0.00268555     -0.00269775     -0.00272217     -0.00270996     
-0.00273438     -0.00263672     -0.00270996     -0.00274658     
-0.00272217     -0.00275879     -0.00283203     -0.0027832     
-0.00288086     -0.00292969     -0.00291748     -0.00302734     
-0.0029541     -0.00301514     -0.00306396     -0.00302734     
-0.00299072     -0.00290527     -0.00292969     -0.00286865     
-0.002771     -0.00281982     -0.00279541     -0.00257568     
-0.00258789     -0.00255127     -0.00233154     -0.00233154     
-0.0022583     -0.00218506     -0.00216064     -0.00213623     
-0.00213623     -0.00206299     -0.00216064     -0.00235596     
-0.00230713     -0.00228271     -0.00234375     -0.00241699     
-0.00229492     -0.00234375     -0.00227051     -0.00224609     
-0.00231934     -0.00218506     -0.00213623     -0.00212402     
-0.00219727     -0.0020874     -0.00216064     -0.00224609     
-0.00216064     -0.0022583     -0.00234375     -0.00244141     
-0.00249023     -0.0024292     -0.0026001     -0.0026001     
-0.00257568     -0.00262451     -0.00264893     -0.00270996     
-0.00270996     -0.00273438     -0.0029541     -0.00290527     
-0.00302734     -0.00301514     -0.00319824     -0.00330811     
-0.00327148     -0.00336914     -0.00339355     -0.0034668     
-0.00343018     -0.00341797     -0.00340576     -0.00335693     
-0.00328369     -0.00318604     -0.00322266     -0.00319824     
-0.00313721     -0.00314941     -0.00300293     -0.00300293     
-0.00291748     -0.00294189     -0.00288086     -0.00286865     
-0.00286865     -0.00284424     -0.00280762     -0.00279541     
-0.00284424     -0.00283203     -0.00289307     -0.00291748     
-0.00284424     -0.00290527     -0.00292969     -0.00305176     
-0.00303955     -0.00306396     -0.00316162     -0.00317383     
-0.00324707     -0.00311279     -0.0032959     -0.00323486     
-0.00325928     -0.00323486     -0.0032959     -0.00313721     
-0.00323486     -0.00313721     -0.00325928     -0.00324707     
-0.00322266     -0.00327148     -0.0032959     -0.00341797     
-0.00336914     -0.00340576     -0.00333252     -0.00340576     
-0.00323486     -0.00314941     -0.00321045     -0.00308838     
-0.00299072     -0.00301514     -0.00285645     -0.00289307     
-0.00268555     -0.00280762     -0.0027832     -0.00281982     
-0.00283203     -0.00284424     -0.00292969     -0.00303955     
-0.00306396     -0.00303955     -0.003125     -0.00310059     
-0.00316162     -0.00307617     -0.00317383     -0.00325928     
-0.00316162     -0.00324707     -0.00325928     -0.00330811     
-0.00339355     -0.00338135     -0.00336914     -0.00334473     
-0.00339355     -0.00349121     -0.00345459     -0.00352783     
-0.00351563     -0.00339355     -0.00345459     -0.00330811     
-0.00344238     -0.00325928     -0.00321045     -0.00316162     
-0.00314941     -0.00318604     -0.00308838     -0.00308838     
-0.00310059     -0.00306396     -0.00308838     -0.00305176     
-0.00308838     -0.00308838     -0.00311279     -0.00317383     
-0.00321045     -0.00322266     -0.00321045     -0.00335693     
-0.00324707     -0.00327148     -0.00317383     -0.00330811     
-0.00332031     -0.00325928     -0.00323486     -0.00323486     
-0.00336914     -0.00327148     -0.0032959     -0.00334473     
-0.00335693     -0.00328369     -0.00339355     -0.00334473     
-0.00318604     -0.00327148     -0.00321045     -0.00313721     
-0.00307617     -0.00299072     -0.00310059     -0.003125     
-0.00313721     -0.00318604     -0.00324707     -0.00321045     
-0.00324707     -0.00327148     -0.00334473     -0.00333252     
-0.00338135     -0.00335693     -0.00345459     -0.00339355     
-0.00332031     -0.00338135     -0.00334473     -0.00330811     
-0.00327148     -0.00322266     -0.00316162     -0.00307617     
-0.00306396     -0.00301514     -0.00297852     -0.00299072     
-0.00283203     -0.00289307     -0.00285645     -0.00292969     
-0.00289307     -0.00292969     -0.00297852     -0.00296631     
-0.00300293     -0.00290527     -0.00274658     -0.00284424     
-0.00275879     -0.00256348     -0.00263672     -0.00258789     
-0.00244141     -0.00244141     -0.00236816     -0.00236816     
-0.00233154     -0.00220947     -0.00229492     -0.00222168     
-0.00224609     -0.00218506     -0.00234375     -0.00235596     
-0.00222168     -0.00230713     -0.00245361     -0.00241699     
-0.00253906     -0.00251465     -0.00252686     -0.0026001     
-0.00258789     -0.0026123     -0.00273438     -0.00286865     
-0.00284424     -0.00297852     -0.00299072     -0.00305176     
-0.00319824     -0.003125     -0.00319824     -0.00318604     
-0.00322266     -0.00330811     -0.00323486     -0.00330811     
-0.00316162     -0.00318604     -0.00317383     -0.00311279     
-0.00301514     -0.00289307     -0.00285645     -0.00280762     
-0.00266113     -0.00258789     -0.00251465     -0.00241699     
-0.00241699     -0.00240479     -0.00244141     -0.00244141     
-0.00247803     -0.00244141     -0.00255127     -0.00267334     
-0.002771     -0.00264893     -0.00280762     -0.00288086     
-0.00284424     -0.00286865     -0.00299072     -0.00290527     
-0.00296631     -0.00297852     -0.00297852     -0.00290527     
-0.00288086     -0.00286865     -0.00289307     -0.00288086     
-0.00280762     -0.00284424     -0.00275879     -0.00275879     
-0.00270996     -0.00264893     -0.00262451     -0.00266113     
-0.00264893     -0.00258789     -0.00264893     -0.00273438     
-0.00256348     -0.0026123     -0.00257568     -0.0026123     
-0.0026001     -0.00255127     -0.00264893     -0.00264893     
-0.00269775     -0.0026001     -0.00257568     -0.00279541     
-0.00273438     -0.00285645     -0.00292969     -0.00305176     
-0.00305176     -0.00313721     -0.00321045     -0.00323486     
-0.00336914     -0.00340576     -0.00358887     -0.00352783     
-0.0036499     -0.00367432     -0.00366211     -0.00373535     
-0.00368652     -0.00371094     -0.00378418     -0.00369873     
-0.00372314     -0.00374756     -0.00375977     -0.00369873     
-0.00368652     -0.00357666     -0.00362549     -0.00362549     
-0.00355225     -0.00368652     -0.00351563     -0.00357666     
-0.00354004     -0.00350342     -0.00350342     -0.00338135     
-0.00335693     -0.00340576     -0.00321045     -0.00332031     
-0.00317383     -0.00314941     -0.00307617     -0.003125     
-0.00292969     -0.00283203     -0.00294189     -0.00274658     
-0.00264893     -0.00267334     -0.0026001     -0.00250244     
-0.00253906     -0.00251465     -0.00252686     -0.00258789     
-0.00251465     -0.00257568     -0.00268555     -0.00257568     
-0.00268555     -0.00264893     -0.00270996     -0.00275879     
-0.00266113     -0.00284424     -0.00280762     -0.00284424     
-0.00290527     -0.00280762     -0.00286865     -0.00286865     
-0.00291748     -0.00294189     -0.00285645     -0.00290527     
-0.00294189     -0.00301514     -0.0029541     -0.00307617     
-0.003125     -0.00314941     -0.00321045     -0.00328369     
-0.00323486     -0.003125     -0.00322266     -0.00323486     
-0.00301514     -0.00302734     -0.00297852     -0.00285645     
-0.00284424     -0.00281982     -0.00281982     -0.002771     
-0.00286865     -0.00284424     -0.00289307     -0.00290527     
-0.00291748     -0.00294189     -0.00303955     -0.00296631     
-0.00294189     -0.00290527     -0.00290527     -0.00288086     
-0.00288086     -0.00272217     -0.00283203     -0.002771     
-0.00273438     -0.00270996     -0.00274658     -0.00268555     
-0.00268555     -0.00251465     -0.00258789     -0.00239258     
-0.00238037     -0.00228271     -0.00223389     -0.00216064     
-0.00217285     -0.00217285     -0.00218506     -0.00228271     
-0.00218506     -0.00247803     -0.00256348     -0.00255127     
-0.00258789     -0.00263672     -0.00268555     -0.002771     
-0.00289307     -0.00294189     -0.00294189     -0.00299072     
-0.00290527     -0.00284424     -0.00288086     -0.00288086     
-0.00283203     -0.00286865     -0.00279541     -0.002771     
-0.00273438     -0.00270996     -0.0027832     -0.0027832     
-0.002771     -0.00286865     -0.00283203     -0.00284424     
-0.00291748     -0.00294189     -0.00296631     -0.00294189     
-0.00308838     -0.00300293     -0.00300293     -0.00302734     
-0.00310059     -0.00308838     -0.00313721     -0.00313721     
-0.00314941     -0.00301514     -0.00307617     -0.00286865     

