Source : transient; Time : Wed Jun 14 08:05:18 2017
B0 = 3616.000000 Gauss, mw = 9.686281 GHz
 NDI-T2 sa261 20/2 42/25 523nm/1mJ
1 5000 -1.001e-06 8.997e-06 0 0
s                        V                                                 
-1.2207e-05     -0.00020752     -0.000292969     -0.000231934     
-0.000268555     -0.000549316     -0.000463867     -0.000500488     
-0.000561523     -0.000756836     -0.000842285     -0.000793457     
-0.00090332     -0.00119629     -0.0012085     -0.00108643     
-0.00113525     -0.00135498     -0.00124512     -0.00115967     
-0.00107422     -0.00106201     -0.00090332     -0.000634766     
-0.000549316     -0.000549316     -0.000512695     -0.000244141     
-8.54492e-05     -0.000280762     -0.000109863     0     
4.88281e-05     -4.88281e-05     -0.000146484     -3.66211e-05     
2.44141e-05     -0.000109863     -0.000219727     -4.88281e-05     
-0.000109863     -0.000280762     -0.000476074     -0.000427246     
-0.000378418     -0.000695801     -0.000634766     -0.000512695     
-0.000524902     -0.00057373     -0.000512695     -0.000268555     
-7.32422e-05     -9.76563e-05     8.54492e-05     0.000280762     
0.000598145     0.000415039     0.000512695     0.000671387     
0.000756836     0.000634766     0.000512695     0.000720215     
0.000708008     0.000427246     0.000305176     0.000415039     
0.000402832     0.000109863     0.00012207     0.000231934     
6.10352e-05     0     -0.000146484     -4.88281e-05     
2.44141e-05     -0.000146484     -0.000158691     0     
0     -4.88281e-05     -7.32422e-05     0.000195313     
0.000146484     0.000109863     0.000134277     0.000305176     
0.000354004     0.000256348     9.76563e-05     0.00020752     
0.000354004     0.00012207     7.32422e-05     0.000170898     
0.000268555     0.00012207     7.32422e-05     0.000134277     
0.00020752     0.000109863     8.54492e-05     0.000158691     
0.00032959     0.000158691     0.000170898     0.00020752     
0.000317383     0.000195313     0.000195313     0.000354004     
0.000305176     0.000244141     0.000170898     0.000378418     
0.00032959     0.000195313     0.000354004     0.000512695     
0.000634766     0.000402832     0.00045166     0.000634766     
0.000622559     0.000537109     0.000622559     0.000720215     
0.000756836     0.000537109     0.000598145     0.000769043     
0.000708008     0.000585938     0.000549316     0.000854492     
0.000805664     0.000634766     0.000549316     0.000683594     
0.000695801     0.000524902     0.000488281     0.000561523     
0.000634766     0.000366211     0.000292969     0.000439453     
0.000415039     0.000256348     0.00020752     0.000354004     
0.000378418     0.000146484     6.10352e-05     0.00012207     
0.000292969     2.44141e-05     -1.2207e-05     0.000231934     
0.000219727     0.000183105     6.10352e-05     0.000244141     
0.000231934     4.88281e-05     6.10352e-05     0.000268555     
0.000292969     -1.2207e-05     -4.88281e-05     -2.44141e-05     
-4.88281e-05     -0.000195313     -0.000183105     -3.66211e-05     
-3.66211e-05     -0.000170898     -4.88281e-05     4.88281e-05     
0.00020752     0.000231934     0.000305176     0.000598145     
0.000598145     0.000610352     0.000622559     0.00078125     
0.000793457     0.000793457     0.000854492     0.000976563     
0.00108643     0.000878906     0.00100098     0.0010376     
0.00098877     0.000891113     0.000805664     0.000939941     
0.000854492     0.000695801     0.000598145     0.000561523     
0.000561523     0.000292969     0.000292969     0.000427246     
0.000390625     0.000427246     0.000305176     0.000366211     
0.000317383     0.000378418     0.000402832     0.000561523     
0.000488281     0.000402832     0.000378418     0.000427246     
0.000415039     0.000280762     0.000256348     0.000463867     
0.000354004     0.000231934     0.000219727     0.000366211     
0.000305176     0.000244141     0.000292969     0.000415039     
0.000305176     0.000109863     2.44141e-05     0.000146484     
2.44141e-05     -6.10352e-05     -8.54492e-05     0.00012207     
6.10352e-05     -6.10352e-05     0     0.000146484     
0.000231934     9.76563e-05     0.00020752     0.000488281     
0.000427246     0.000317383     0.000256348     0.000402832     
0.000439453     0.000280762     0.000305176     0.000366211     
0.000476074     0.000268555     0.000170898     0.000341797     
0.000354004     0.000268555     0.000170898     0.000415039     
0.000439453     0.000427246     0.000390625     0.000622559     
0.000769043     0.000549316     0.000720215     0.000805664     
0.000866699     0.000695801     0.000512695     0.000634766     
0.000598145     0.000280762     0.000195313     0.000195313     
0.000170898     -7.32422e-05     -0.000244141     -0.000170898     
-0.000146484     -0.000292969     -0.000305176     -0.000170898     
-0.000170898     -0.000244141     -0.00032959     -0.00020752     
-2.44141e-05     -0.000256348     -0.000158691     -0.000146484     
0     -0.000219727     -0.000256348     -0.000134277     
-0.000146484     -0.000183105     -0.000244141     -4.88281e-05     
-0.000109863     -0.000256348     -0.000244141     -0.000305176     
-0.000292969     -0.000378418     -0.00045166     -0.000183105     
-0.000317383     -0.000524902     -0.000500488     -0.000366211     
-0.000415039     -0.00045166     -0.000341797     -0.000268555     
-0.000134277     -0.000280762     -0.000268555     -0.000109863     
-9.76563e-05     -0.000244141     -8.54492e-05     1.2207e-05     
0.000134277     0.000109863     8.54492e-05     0.000231934     
0.000439453     0.000439453     0.000439453     0.000708008     
0.00078125     0.000720215     0.000769043     0.000939941     
0.000756836     0.000610352     0.000671387     0.00057373     
0.000634766     0.000317383     0.000183105     0.000183105     
8.54492e-05     -9.76563e-05     -0.000146484     1.2207e-05     
-3.66211e-05     -0.000158691     -0.000109863     -0.000134277     
-4.88281e-05     -0.000170898     -0.000158691     3.66211e-05     
-1.2207e-05     -7.32422e-05     -0.000146484     -9.76563e-05     
-0.00012207     -0.000183105     -0.000256348     -0.000244141     
-0.000146484     -0.000415039     -0.000427246     -0.000390625     
-0.00032959     -0.00045166     -0.000439453     -0.000231934     
-0.000134277     -0.000219727     -0.000134277     3.66211e-05     
0.000219727     0.000195313     0.000268555     0.00045166     
0.000476074     0.000402832     0.000305176     0.000415039     
0.000378418     0.000170898     0.00012207     0.000256348     
0.000256348     0     4.88281e-05     0.000170898     
0.000183105     0.000109863     2.44141e-05     0.00032959     
0.000341797     0.000183105     0.00020752     0.000317383     
0.000366211     0.000158691     0.00032959     0.000402832     
0.000378418     0.000354004     0.000390625     0.000463867     
0.000390625     0.000366211     0.000341797     0.000488281     
0.000402832     0.000146484     0.000231934     0.000134277     
7.32422e-05     -0.000109863     -0.000183105     -0.000158691     
-1.2207e-05     -0.000268555     -0.000280762     -0.000158691     
-8.54492e-05     -0.00020752     -0.000158691     0.00012207     
0.000146484     0     3.66211e-05     0.000219727     
0.000195313     0.000158691     7.32422e-05     0.000366211     
0.000354004     0.000195313     0.000268555     0.000305176     
0.000549316     0.000280762     0.000427246     0.000732422     
0.000793457     0.000708008     0.000830078     0.000915527     
0.00098877     0.000805664     0.000891113     0.00109863     
0.00112305     0.000915527     0.000769043     0.000878906     
0.000793457     0.000524902     0.000439453     0.000561523     
0.000500488     0.000256348     0.000183105     0.000231934     
0.000390625     0.000183105     0.000317383     0.000500488     
0.000646973     0.00057373     0.000622559     0.000744629     
0.000866699     0.000805664     0.000805664     0.0010376     
0.00102539     0.000878906     0.000830078     0.000976563     
0.000891113     0.000708008     0.000537109     0.000720215     
0.000732422     0.00057373     0.000256348     0.000366211     
0.000427246     0.000195313     0.000256348     0.000317383     
0.000341797     0.000268555     0.000195313     0.000256348     
0.00020752     0.000134277     8.54492e-05     0.000146484     
0.00020752     -4.88281e-05     -1.2207e-05     0.00012207     
0.000109863     7.32422e-05     1.2207e-05     0.000244141     
0.000146484     0.000134277     0.00012207     0.000402832     
0.000280762     0.000256348     0.000341797     0.00045166     
0.000439453     0.000305176     0.00020752     0.000415039     
0.000427246     0.00020752     0.000268555     0.00045166     
0.000512695     0.000195313     0.000341797     0.000598145     
0.000500488     0.000415039     0.00045166     0.000744629     
0.000891113     0.000756836     0.000756836     0.00098877     
0.00107422     0.000927734     0.00098877     0.00109863     
0.00117188     0.000878906     0.000671387     0.000891113     
0.000842285     0.00057373     0.000500488     0.000720215     
0.000671387     0.000390625     0.000415039     0.000524902     
0.000720215     0.000695801     0.000793457     0.00126953     
0.00145264     0.00164795     0.0019043     0.00245361     
0.00288086     0.00322266     0.00356445     0.00411377     
0.00462646     0.00471191     0.0050415     0.00544434     
0.00583496     0.00603027     0.00629883     0.0067749     
0.00705566     0.00715332     0.00740967     0.00778809     
0.00812988     0.00826416     0.00858154     0.00892334     
0.00911865     0.00938721     0.00960693     0.00992432     
0.0102173     0.0104248     0.0107178     0.0111694     
0.011499     0.011731     0.0121704     0.0125977     
0.0129272     0.0131958     0.0136719     0.0141235     
0.0143677     0.0146362     0.0147949     0.0151733     
0.0154175     0.0155029     0.0158569     0.015918     
0.0161743     0.016272     0.0163208     0.016626     
0.0166992     0.0168213     0.01698     0.0174194     
0.017627     0.0178467     0.0181274     0.0183594     
0.0187378     0.0189331     0.0191528     0.0194214     
0.019751     0.019751     0.0198853     0.0203003     
0.020459     0.0205933     0.020874     0.021228     
0.0213867     0.0215088     0.0217163     0.0221313     
0.02229     0.0224365     0.0226929     0.0231323     
0.0232666     0.0232056     0.0234985     0.0236938     
0.0239746     0.0239624     0.024231     0.0245117     
0.0247437     0.0248047     0.0249023     0.0253662     
0.0255493     0.0255737     0.0257324     0.0259644     
0.0262329     0.0261108     0.0262329     0.0264526     
0.0265625     0.0264526     0.0264404     0.026709     
0.026709     0.0266724     0.0266357     0.0268433     
0.0270752     0.0269165     0.0271118     0.0273438     
0.0274658     0.0274658     0.027478     0.02771     
0.0279419     0.0279175     0.0280762     0.0283447     
0.0283691     0.0282959     0.0283447     0.02854     
0.0285156     0.0285034     0.0285156     0.0286865     
0.0286499     0.0285889     0.0285645     0.0287231     
0.0286865     0.0286133     0.0288086     0.0289185     
0.0289917     0.0289673     0.0290161     0.029187     
0.0293335     0.0293457     0.0294556     0.0296143     
0.0297607     0.0296143     0.0296997     0.029895     
0.029895     0.0297852     0.0297241     0.0299316     
0.0297607     0.0296509     0.029541     0.0296387     
0.0294556     0.0291748     0.0292114     0.0291748     
0.0291016     0.0288208     0.0286865     0.0287598     
0.0286133     0.028479     0.0283325     0.0285034     
0.0285645     0.0284058     0.0284058     0.0285278     
0.0285278     0.028418     0.0284302     0.0285156     
0.0284302     0.0282349     0.0279785     0.0280518     
0.0278076     0.0275146     0.0274414     0.0273315     
0.0272949     0.0269653     0.0268311     0.0268311     
0.0267944     0.0266479     0.0265625     0.0267578     
0.0268066     0.0266357     0.0266602     0.026709     
0.0269653     0.0267212     0.0268555     0.0271118     
0.0271973     0.0270386     0.0268188     0.0269531     
0.0269897     0.0267334     0.0265869     0.0266968     
0.0266479     0.0262939     0.0261963     0.0262329     
0.026062     0.0258667     0.0257568     0.0258179     
0.025708     0.0255249     0.0254272     0.0253784     
0.025415     0.0252319     0.025061     0.0252075     
0.0250488     0.0248901     0.0246338     0.0246826     
0.0244751     0.024292     0.0239258     0.023938     
0.0237793     0.0235352     0.0233398     0.0233643     
0.0231934     0.0230347     0.022876     0.0231079     
0.0230469     0.0229004     0.0228882     0.0229492     
0.0229736     0.0226807     0.0227905     0.0227539     
0.0227051     0.0226196     0.0223877     0.0224487     
0.0223877     0.0222046     0.0220825     0.022168     
0.0220093     0.0217285     0.0217285     0.0216309     
0.0215576     0.0212891     0.0210938     0.0211914     
0.0209717     0.0207031     0.0204346     0.0203369     
0.0202393     0.0199585     0.0198486     0.0197388     
0.0195557     0.0192627     0.0190552     0.0190796     
0.0189209     0.0187012     0.0185791     0.018689     
0.0185059     0.0183105     0.0183105     0.0182251     
0.0182373     0.0178223     0.0178345     0.0177124     
0.0177368     0.0173828     0.0171509     0.0171387     
0.0169434     0.0166382     0.0165405     0.0164063     
0.0164795     0.0162231     0.01604     0.0161743     
0.0160522     0.0158447     0.0157471     0.0158569     
0.0158569     0.0156616     0.0155273     0.0156006     
0.015686     0.0154907     0.0154175     0.0154907     
0.015564     0.0154175     0.0152466     0.0153076     
0.0153931     0.0151733     0.0150635     0.0151123     
0.0151489     0.0148438     0.0146484     0.0146973     
0.0146118     0.0144531     0.0142334     0.0142822     
0.014209     0.0139282     0.0136108     0.0135864     
0.0134399     0.0131348     0.0130127     0.012915     
0.0127075     0.0123657     0.0121826     0.0121338     
0.0120972     0.0119873     0.0119385     0.0119507     
0.0119385     0.011792     0.011792     0.0117798     
0.0117676     0.0117065     0.0115967     0.011792     
0.0117065     0.0115479     0.0114502     0.0114746     
0.0114868     0.011377     0.0113281     0.0114502     
0.0113525     0.0111938     0.0111694     0.0112305     
0.0111206     0.011084     0.0109985     0.0111084     
0.0111328     0.0110596     0.0110474     0.0110962     
0.0110474     0.0109131     0.0108398     0.0110107     
0.0108521     0.0106934     0.0104858     0.0106689     
0.0104492     0.0102295     0.0101563     0.010144     
0.010144     0.00992432     0.00985107     0.00991211     
0.00991211     0.00970459     0.00975342     0.0098999     
0.00991211     0.00970459     0.00969238     0.00977783     
0.00991211     0.00968018     0.00963135     0.00997314     
0.00985107     0.00968018     0.00974121     0.00983887     
0.00985107     0.00969238     0.0097168     0.00985107     
0.0098999     0.00963135     0.00950928     0.00968018     
0.00950928     0.00941162     0.00930176     0.00933838     
0.00939941     0.00919189     0.00913086     0.00931396     
0.00927734     0.00910645     0.00906982     0.00922852     
0.00921631     0.00919189     0.00905762     0.00922852     
0.00916748     0.00919189     0.00909424     0.00931396     
0.00948486     0.00928955     0.00936279     0.00952148     
0.00952148     0.00952148     0.00946045     0.00964355     
0.00977783     0.00963135     0.00955811     0.00963135     
0.00975342     0.00957031     0.00966797     0.00983887     
0.00993652     0.00986328     0.00979004     0.0100464     
0.0100708     0.00994873     0.00998535     0.0101929     
0.010144     0.0098877     0.00998535     0.00992432     
0.0100342     0.00987549     0.00986328     0.0100098     
0.0100586     0.00992432     0.0100098     0.0100342     
0.0101074     0.0100342     0.010022     0.0102661     
0.0101929     0.0101563     0.0100952     0.0102417     
0.0102173     0.0101929     0.0101318     0.0103516     
0.010437     0.0104004     0.010498     0.0106567     
0.0108032     0.0107056     0.0108154     0.0110229     
0.0110718     0.0110474     0.0109131     0.0111572     
0.0111938     0.0109741     0.0111206     0.0112549     
0.0113281     0.0111206     0.0111694     0.0112793     
0.0112427     0.0111816     0.011084     0.0112915     
0.0113037     0.0112061     0.0110962     0.0111206     
0.0113159     0.0110352     0.0111206     0.0112305     
0.0112427     0.0111694     0.0111816     0.0112793     
0.0113525     0.0113281     0.0113159     0.0115112     
0.0116211     0.011499     0.011499     0.0115845     
0.0115845     0.0115479     0.0115601     0.0116577     
0.0115967     0.0115967     0.0114136     0.0115234     
0.0115845     0.0114014     0.0114746     0.0115479     
0.0115967     0.0114136     0.0113525     0.0115112     
0.0114746     0.0114014     0.011438     0.0114624     
0.0115112     0.0112183     0.0112671     0.0112671     
0.0111694     0.0110718     0.0109253     0.0111084     
0.0110107     0.0110229     0.0109741     0.011145     
0.0112427     0.0111938     0.011377     0.0115112     
0.011731     0.0116699     0.0117188     0.0118652     
0.0119507     0.0118408     0.0119019     0.0119751     
0.0120117     0.0117432     0.0116455     0.0116577     
0.0115845     0.0114502     0.0113037     0.011499     
0.0114868     0.0113525     0.0112915     0.0115723     
0.0115723     0.0114502     0.0115601     0.0117188     
0.0118042     0.0115601     0.0116699     0.0117554     
0.0118042     0.0116577     0.0115601     0.0117065     
0.0115723     0.0115234     0.0114624     0.0115601     
0.0115967     0.011377     0.0114868     0.0117065     
0.0116821     0.0115845     0.0114258     0.0115356     
0.0115723     0.011438     0.0113525     0.0114258     
0.0115112     0.0112305     0.0112793     0.0112671     
0.0112061     0.0111816     0.0111328     0.0112305     
0.0112671     0.0110474     0.0109741     0.0109741     
0.0110107     0.0108276     0.0106812     0.0107666     
0.010791     0.0105591     0.010437     0.0104858     
0.0105103     0.010376     0.0103516     0.0105103     
0.0106689     0.0104492     0.0104736     0.0105347     
0.0107178     0.0105835     0.0106323     0.0107544     
0.0107544     0.0106689     0.0105713     0.0107422     
0.010791     0.0105835     0.0105835     0.0108032     
0.0108276     0.0108643     0.0107056     0.0109009     
0.0108154     0.0107788     0.0107666     0.0109253     
0.0108398     0.0105835     0.0105591     0.0105469     
0.0105225     0.0102783     0.0102295     0.0103638     
0.0102905     0.0100464     0.00997314     0.00998535     
0.00998535     0.00987549     0.00981445     0.00985107     
0.00977783     0.00959473     0.00943604     0.00958252     
0.00949707     0.009375     0.00921631     0.00931396     
0.00936279     0.00904541     0.00899658     0.00895996     
0.00904541     0.00889893     0.00878906     0.0088623     
0.00878906     0.00854492     0.00849609     0.00854492     
0.00855713     0.00823975     0.00819092     0.00830078     
0.00842285     0.00819092     0.0081665     0.00837402     
0.00838623     0.00836182     0.00827637     0.00852051     
0.00858154     0.00845947     0.00828857     0.00841064     
0.00842285     0.00819092     0.00811768     0.00823975     
0.00806885     0.00791016     0.00776367     0.00778809     
0.00783691     0.00766602     0.00767822     0.00778809     
0.0078125     0.00767822     0.00762939     0.00780029     
0.00776367     0.00770264     0.00766602     0.00776367     
0.00784912     0.00760498     0.0074707     0.00748291     
0.0074707     0.00725098     0.00721436     0.0072998     
0.00722656     0.00693359     0.00684814     0.00692139     
0.00684814     0.00666504     0.00661621     0.00664063     
0.00668945     0.00643311     0.00638428     0.00634766     
0.00629883     0.00620117     0.00611572     0.00628662     
0.00617676     0.00604248     0.00595703     0.00605469     
0.00609131     0.00584717     0.00587158     0.00594482     
0.00603027     0.00582275     0.00567627     0.00583496     
0.0059082     0.00570068     0.0055542     0.00570068     
0.0057251     0.00544434     0.00540771     0.00552979     
0.00541992     0.00527344     0.00517578     0.00531006     
0.00531006     0.00513916     0.0050415     0.00516357     
0.00509033     0.00500488     0.00510254     0.00517578     
0.00527344     0.00507813     0.00509033     0.00523682     
0.00518799     0.00500488     0.0050293     0.0052002     
0.00527344     0.00490723     0.00482178     0.00495605     
0.00507813     0.00484619     0.00479736     0.00505371     
0.0050293     0.0048584     0.00463867     0.00472412     
0.0046875     0.00452881     0.00440674     0.00441895     
0.00443115     0.00411377     0.00397949     0.00402832     
0.00407715     0.00397949     0.00400391     0.00419922     
0.0043457     0.00421143     0.00432129     0.00443115     
0.0045166     0.00446777     0.00440674     0.00462646     
0.00454102     0.00450439     0.00435791     0.00441895     
0.00447998     0.00429688     0.00423584     0.00426025     
0.00426025     0.00410156     0.00405273     0.00395508     
0.0039917     0.00386963     0.00378418     0.00391846     
0.00400391     0.00380859     0.00375977     0.00389404     
0.00393066     0.00385742     0.00400391     0.0041626     
0.00427246     0.00426025     0.0041626     0.0043335     
0.0043335     0.00428467     0.0041626     0.00430908     
0.00423584     0.00391846     0.00396729     0.00386963     
0.00383301     0.00360107     0.00356445     0.00377197     
0.00366211     0.00355225     0.00366211     0.00369873     
0.00385742     0.00391846     0.00396729     0.00407715     
0.00404053     0.00396729     0.00394287     0.00402832     
0.00388184     0.00374756     0.0036499     0.00379639     
0.00367432     0.00340576     0.00334473     0.00336914     
0.00339355     0.00323486     0.00328369     0.0034668     
0.00355225     0.00341797     0.00339355     0.00360107     
0.00375977     0.00368652     0.00372314     0.00388184     
0.00410156     0.00380859     0.00384521     0.00413818     
0.00415039     0.00401611     0.00400391     0.00419922     
0.00424805     0.00413818     0.00401611     0.00411377     
0.00428467     0.00402832     0.00407715     0.00421143     
0.00428467     0.00415039     0.00415039     0.0043335     
0.00440674     0.0043457     0.0043457     0.00461426     
0.00454102     0.00445557     0.00435791     0.00446777     
0.00443115     0.00439453     0.00429688     0.00449219     
0.00446777     0.00432129     0.00427246     0.00439453     
0.00440674     0.00427246     0.00437012     0.0045166     
0.00454102     0.0043457     0.0043457     0.00445557     
0.0045166     0.00445557     0.00445557     0.00461426     
0.00473633     0.00458984     0.00474854     0.00477295     
0.00480957     0.00491943     0.00484619     0.00511475     
0.00499268     0.00500488     0.00500488     0.00505371     
0.00512695     0.00494385     0.00511475     0.00513916     
0.00522461     0.00512695     0.0050293     0.0052002     
0.00513916     0.00498047     0.00507813     0.00518799     
0.00512695     0.00506592     0.00499268     0.00516357     
0.00518799     0.00511475     0.0050415     0.00534668     
0.00537109     0.00510254     0.00505371     0.00528564     
0.00510254     0.00489502     0.0048584     0.00489502     
0.00484619     0.00446777     0.0043457     0.00439453     
0.00439453     0.00422363     0.00413818     0.00443115     
0.00441895     0.0043335     0.0043335     0.00445557     
0.00469971     0.00466309     0.00466309     0.00494385     
0.00500488     0.00494385     0.00477295     0.00505371     
0.0050415     0.00489502     0.0048584     0.00490723     
0.0050415     0.00471191     0.00469971     0.00484619     
0.00480957     0.00466309     0.00465088     0.0048584     
0.00491943     0.00490723     0.00477295     0.00495605     
0.00505371     0.00500488     0.00500488     0.00509033     
0.00507813     0.00496826     0.00493164     0.0048584     
0.00493164     0.00478516     0.00472412     0.00493164     
0.00498047     0.00487061     0.00488281     0.0050415     
0.00513916     0.00500488     0.00507813     0.00515137     
0.00515137     0.00509033     0.00496826     0.00490723     
0.00494385     0.00474854     0.00477295     0.00472412     
0.00467529     0.0045166     0.00437012     0.00449219     
0.00432129     0.00418701     0.00413818     0.0043457     
0.00422363     0.00404053     0.00412598     0.00410156     
0.00410156     0.00393066     0.00395508     0.00418701     
0.00411377     0.00402832     0.00402832     0.00405273     
0.00418701     0.00410156     0.00418701     0.0043457     
0.00432129     0.0041626     0.0041748     0.00440674     
0.0043335     0.00428467     0.00430908     0.00445557     
0.00446777     0.00429688     0.00424805     0.00426025     
0.0043335     0.00407715     0.00411377     0.00418701     
0.0041748     0.00405273     0.00404053     0.00412598     
0.00413818     0.00397949     0.00405273     0.00424805     
0.00439453     0.00413818     0.0041748     0.00438232     
0.00438232     0.0043457     0.00423584     0.00452881     
0.00456543     0.00447998     0.00450439     0.00461426     
0.00474854     0.00445557     0.00456543     0.0046875     
0.00469971     0.00447998     0.00440674     0.00444336     
0.00429688     0.00402832     0.00396729     0.00395508     
0.00394287     0.00384521     0.0036377     0.00385742     
0.00375977     0.00369873     0.0036499     0.00378418     
0.00380859     0.00371094     0.00357666     0.00372314     
0.00377197     0.00350342     0.0034668     0.00358887     
0.0034668     0.00318604     0.00308838     0.00310059     
0.00302734     0.00289307     0.00288086     0.00292969     
0.00301514     0.00270996     0.00286865     0.00291748     
0.00299072     0.00294189     0.00297852     0.00319824     
0.00319824     0.003125     0.00310059     0.00327148     
0.00327148     0.00310059     0.00323486     0.00325928     
0.00333252     0.00318604     0.00308838     0.00319824     
0.00310059     0.00291748     0.0029541     0.00305176     
0.00297852     0.00280762     0.00275879     0.00281982     
0.00275879     0.00258789     0.00255127     0.00280762     
0.00273438     0.00258789     0.00249023     0.00274658     
0.00263672     0.00253906     0.00257568     0.00274658     
0.00283203     0.00266113     0.00263672     0.00273438     
0.0027832     0.00266113     0.00263672     0.002771     
0.00273438     0.00251465     0.00246582     0.00245361     
0.00267334     0.00233154     0.00235596     0.00253906     
0.00266113     0.00252686     0.00245361     0.00263672     
0.00269775     0.00255127     0.00258789     0.00275879     
0.00294189     0.00269775     0.00268555     0.00274658     
0.00283203     0.00273438     0.00273438     0.002771     
0.0027832     0.00258789     0.00245361     0.00252686     
0.00257568     0.00231934     0.00218506     0.00233154     
0.0022583     0.00219727     0.00196533     0.00206299     
0.00202637     0.00195313     0.00187988     0.00198975     
0.00198975     0.00166016     0.00181885     0.00172119     
0.00168457     0.00151367     0.00141602     0.00147705     
0.00141602     0.00118408     0.00112305     0.00118408     
0.00112305     0.000866699     0.00098877     0.00100098     
0.00115967     0.0010498     0.00100098     0.00128174     
0.00128174     0.0012207     0.00128174     0.00155029     
0.00157471     0.00151367     0.00142822     0.00152588     
0.00158691     0.0013916     0.00140381     0.0015625     
0.00150146     0.00129395     0.00131836     0.00140381     
0.00148926     0.00125732     0.00130615     0.00140381     
0.00150146     0.00142822     0.00131836     0.0015625     
0.00155029     0.00144043     0.00140381     0.00166016     
0.00163574     0.00142822     0.00145264     0.0015625     
0.00158691     0.00131836     0.00133057     0.00155029     
0.00157471     0.00147705     0.00146484     0.0015625     
0.00158691     0.00148926     0.00157471     0.00170898     
0.00177002     0.00152588     0.00136719     0.0013916     
0.00141602     0.00114746     0.00090332     0.00108643     
0.00115967     0.000915527     0.000817871     0.00090332     
0.00112305     0.000939941     0.00109863     0.00124512     
0.00130615     0.00133057     0.0012207     0.00144043     
0.00140381     0.00130615     0.00140381     0.00150146     
0.00151367     0.00147705     0.00151367     0.00163574     
0.00168457     0.00170898     0.00174561     0.00192871     
0.00187988     0.00174561     0.00166016     0.00164795     
0.00166016     0.00134277     0.0012085     0.00124512     
0.0012207     0.000952148     0.000830078     0.000939941     
0.000915527     0.000915527     0.000891113     0.000976563     
0.0012207     0.00108643     0.00118408     0.00131836     
0.00140381     0.00145264     0.00135498     0.00172119     
0.00166016     0.00146484     0.00148926     0.00159912     
0.00148926     0.00144043     0.00150146     0.00161133     
0.00162354     0.00147705     0.00150146     0.00169678     
0.00168457     0.00164795     0.00164795     0.00181885     
0.00187988     0.00177002     0.00184326     0.00187988     
0.00189209     0.00166016     0.00150146     0.00172119     
0.00167236     0.0013916     0.00129395     0.00147705     
0.00148926     0.0013916     0.00142822     0.00169678     
0.00181885     0.00168457     0.0017334     0.00197754     
0.00202637     0.00192871     0.00202637     0.00220947     
0.00220947     0.00200195     0.0019043     0.00197754     
0.00203857     0.00167236     0.00169678     0.0019043     
0.00184326     0.00162354     0.00157471     0.00164795     
0.00167236     0.00161133     0.00152588     0.00184326     
0.00202637     0.00179443     0.00185547     0.00211182     
0.00227051     0.00209961     0.00216064     0.00238037     
0.00245361     0.00239258     0.00236816     0.00258789     
0.0026001     0.00247803     0.00247803     0.00272217     
0.00268555     0.00262451     0.00253906     0.00272217     
0.00267334     0.00258789     0.00252686     0.00266113     
0.0026123     0.00247803     0.00247803     0.00245361     
0.00240479     0.00241699     0.00228271     0.00240479     
0.00228271     0.00219727     0.00216064     0.00213623     
0.00217285     0.00202637     0.00213623     0.00219727     
0.00220947     0.00201416     0.00196533     0.0020752     
0.00201416     0.00200195     0.00195313     0.00209961     
0.00209961     0.00196533     0.00195313     0.00201416     
0.00213623     0.00201416     0.00195313     0.00219727     
0.00217285     0.00196533     0.00194092     0.00205078     
0.00202637     0.00187988     0.00184326     0.00192871     
0.00189209     0.00174561     0.00166016     0.00185547     
0.00179443     0.0017334     0.00172119     0.00187988     
0.00181885     0.00180664     0.00170898     0.0017334     
0.00178223     0.00157471     0.00151367     0.0017334     
0.00167236     0.00150146     0.00144043     0.00148926     
0.00148926     0.00140381     0.00148926     0.00159912     
0.00184326     0.00175781     0.00170898     0.00205078     
0.00211182     0.0020874     0.00219727     0.00251465     
0.00268555     0.00258789     0.00257568     0.00279541     
0.00291748     0.00273438     0.00273438     0.00288086     
0.00286865     0.00269775     0.0026123     0.00264893     
0.00266113     0.00244141     0.00230713     0.00240479     
0.00231934     0.00200195     0.00201416     0.00201416     
0.00192871     0.00181885     0.00174561     0.00194092     
0.00175781     0.00172119     0.00164795     0.00178223     
0.00175781     0.00162354     0.00172119     0.00175781     
0.00180664     0.00163574     0.00155029     0.00164795     
0.00157471     0.00142822     0.00144043     0.00153809     
0.00148926     0.00124512     0.00123291     0.00134277     
0.00133057     0.0012207     0.00111084     0.00144043     
0.00134277     0.00131836     0.00129395     0.00145264     
0.00148926     0.00136719     0.0015625     0.00169678     
0.0017334     0.00168457     0.00163574     0.00183105     
0.00186768     0.00181885     0.00170898     0.00197754     
0.00203857     0.0019043     0.00177002     0.00178223     
0.00158691     0.00140381     0.0012207     0.00129395     
0.00112305     0.000866699     0.000671387     0.000769043     
0.000610352     0.000463867     0.000549316     0.000622559     
0.00078125     0.000634766     0.000732422     0.000939941     
0.00098877     0.000964355     0.000964355     0.0012207     
0.00128174     0.00117188     0.00117188     0.00129395     
0.00142822     0.00134277     0.00130615     0.00148926     
0.00148926     0.00134277     0.00114746     0.00129395     
0.00115967     0.00102539     0.0010498     0.00108643     
0.00123291     0.000952148     0.000976563     0.00113525     
0.00108643     0.0010498     0.00108643     0.0012207     
0.0012207     0.0010376     0.00100098     0.00113525     
0.00112305     0.000964355     0.000927734     0.0010376     
0.00106201     0.000952148     0.000708008     0.000830078     
0.000793457     0.000732422     0.00057373     0.000671387     
0.000756836     0.000598145     0.000561523     0.000646973     
0.000695801     0.000634766     0.000622559     0.000756836     
0.000842285     0.00078125     0.000756836     0.000854492     
0.00101318     0.000817871     0.000915527     0.000842285     
0.000854492     0.000817871     0.000683594     0.000842285     
0.000695801     0.000537109     0.000415039     0.000598145     
0.000549316     0.000219727     0.000195313     0.000231934     
0.000305176     4.88281e-05     3.66211e-05     0.000219727     
0.000244141     0.000170898     0.00012207     0.000231934     
0.00032959     0.000244141     0.00032959     0.000524902     
0.000598145     0.000610352     0.000476074     0.000842285     
0.000927734     0.000830078     0.000805664     0.00107422     
0.0010376     0.000854492     0.000866699     0.000891113     
0.000830078     0.000524902     0.000561523     0.000488281     
0.000402832     0.000244141     0.000134277     0.000146484     
0.000170898     -4.88281e-05     3.66211e-05     0.000183105     
0.000378418     0.00020752     0.000244141     0.000500488     
0.000500488     0.000378418     0.000488281     0.00078125     
0.000769043     0.000549316     0.000378418     0.000488281     
0.000634766     0.000402832     0.000427246     0.000524902     
0.000561523     0.000354004     0.000292969     0.000463867     
0.000488281     0.000268555     0.000268555     0.000427246     
0.000488281     0.000292969     0.000219727     0.000488281     
0.000561523     0.000463867     0.000476074     0.000744629     
0.00078125     0.000732422     0.000744629     0.000891113     
0.000915527     0.000769043     0.000793457     0.000830078     
0.000939941     0.000695801     0.000561523     0.000622559     
0.000683594     0.000512695     0.000488281     0.00065918     
0.000646973     0.000476074     0.000549316     0.000610352     
0.000524902     0.000524902     0.000463867     0.000634766     
0.000488281     0.000463867     0.00032959     0.000598145     
0.000598145     0.000415039     0.000488281     0.000610352     
0.000842285     0.000793457     0.000732422     0.000939941     
0.00102539     0.000964355     0.00098877     0.00109863     
0.00114746     0.000927734     0.000793457     0.000964355     
0.000817871     0.000610352     0.000524902     0.000671387     
0.000524902     0.00032959     0.000183105     0.00032959     
0.000292969     0.00020752     0.000219727     0.000317383     
0.000476074     0.00032959     0.00020752     0.000402832     
0.00045166     0.00032959     0.000268555     0.000476074     
0.000439453     0.000219727     0.000170898     0.000219727     
0.000390625     0.00012207     9.76563e-05     0.000354004     
0.000402832     0.000280762     0.000109863     0.000378418     
0.000476074     0.000390625     0.000463867     0.000610352     
0.000854492     0.000646973     0.000756836     0.000854492     
0.000939941     0.00090332     0.000842285     0.00106201     
0.00109863     0.000927734     0.000854492     0.000964355     
0.000976563     0.000732422     0.000708008     0.000830078     
0.000915527     0.000793457     0.000732422     0.000915527     
0.00098877     0.000939941     0.00090332     0.00111084     
0.0012085     0.00102539     0.00100098     0.0010498     
0.00106201     0.000976563     0.000866699     0.00100098     
0.000927734     0.000744629     0.000610352     0.000561523     
0.000561523     0.000427246     0.000439453     0.000585938     
0.00045166     0.000427246     0.000390625     0.000561523     
0.000720215     0.000695801     0.000732422     0.00102539     
0.00108643     0.000952148     0.00102539     0.00118408     
0.00118408     0.00101318     0.00101318     0.00112305     
0.00114746     0.00078125     0.00065918     0.000732422     
0.000695801     0.000549316     0.000585938     0.000769043     
0.00078125     0.000683594     0.000671387     0.00102539     
0.0010498     0.00107422     0.00108643     0.00136719     
0.00141602     0.00131836     0.00131836     0.00151367     
0.00153809     0.00133057     0.00128174     0.00155029     
0.00146484     0.00135498     0.00131836     0.00152588     
0.00153809     0.00142822     0.00150146     0.00159912     
0.00174561     0.00146484     0.0013916     0.00157471     
0.00155029     0.00128174     0.00108643     0.00126953     
0.0012207     0.00090332     0.000708008     0.000854492     
0.000878906     0.000598145     0.000598145     0.000756836     
0.000842285     0.000830078     0.000805664     0.000976563     
0.00111084     0.0010376     0.00108643     0.00130615     
0.00140381     0.00117188     0.00112305     0.0012085     
0.0010498     0.00098877     0.000817871     0.00101318     
0.000939941     0.000817871     0.000720215     0.000891113     
0.00102539     0.000891113     0.000964355     0.00112305     
0.0012085     0.00115967     0.00115967     0.00128174     
0.00126953     0.00115967     0.00117188     0.00126953     
0.00140381     0.00118408     0.00124512     0.00129395     
0.00151367     0.00140381     0.00145264     0.00172119     
0.00167236     0.00159912     0.00151367     0.00166016     
0.00164795     0.00141602     0.00142822     0.00142822     
0.00144043     0.00112305     0.0010376     0.00112305     
0.000964355     0.000842285     0.000915527     0.000915527     
0.000915527     0.000744629     0.000732422     0.000878906     
0.000964355     0.000927734     0.000830078     0.00114746     
0.00109863     0.00107422     0.000878906     0.00113525     
0.00117188     0.000976563     0.0010498     0.00129395     
0.00136719     0.00109863     0.00113525     0.00135498     
0.00137939     0.00113525     0.00111084     0.00133057     
0.00125732     0.00098877     0.000878906     0.000915527     
0.00101318     0.000622559     0.000500488     0.00078125     
0.000744629     0.000585938     0.000439453     0.000708008     
0.000732422     0.000500488     0.000561523     0.000683594     
0.00078125     0.000598145     0.000561523     0.000671387     
0.000708008     0.000500488     0.000512695     0.00057373     
0.00057373     0.000390625     0.000292969     0.000231934     
0.000280762     0.000158691     0     0.000195313     
9.76563e-05     3.66211e-05     -2.44141e-05     8.54492e-05     
0.000146484     0.000146484     0.000158691     0.000390625     
0.000622559     0.000427246     0.000610352     0.000744629     
0.000842285     0.000805664     0.000695801     0.000939941     
0.000939941     0.00078125     0.000720215     0.000769043     
0.000817871     0.000524902     0.000598145     0.000683594     
0.00065918     0.000585938     0.000524902     0.000708008     
0.000512695     0.000439453     0.000366211     0.00045166     
0.000354004     0.000134277     0.000170898     9.76563e-05     
0.000146484     1.2207e-05     2.44141e-05     0.000219727     
0.000305176     0.000183105     0.000317383     0.000561523     
0.000598145     0.000622559     0.000769043     0.0010498     
0.00109863     0.00102539     0.00108643     0.00118408     
0.00115967     0.00108643     0.00100098     0.00119629     
0.00106201     0.000891113     0.000830078     0.000793457     
0.00078125     0.000500488     0.000500488     0.000598145     
0.000537109     0.000415039     0.000305176     0.000378418     
0.000366211     0.000134277     0.000158691     0.000170898     
0.000231934     0     -8.54492e-05     0     
-1.2207e-05     -0.00012207     -0.000231934     7.32422e-05     
9.76563e-05     7.32422e-05     6.10352e-05     0.000195313     
0.000415039     0.000158691     0.000378418     0.000500488     
0.000524902     0.000366211     0.000219727     0.000317383     
0.00020752     4.88281e-05     0.000109863     0.000158691     
0.000183105     7.32422e-05     0     0.00012207     
0.000183105     0.000256348     0.000219727     0.000463867     
0.000549316     0.000476074     0.00045166     0.000390625     
0.000561523     0.000427246     0.000476074     0.000561523     
0.000598145     0.000378418     0.00032959     0.000378418     
0.000402832     0.000292969     0.000219727     0.00032959     
0.000415039     0.000195313     0.000170898     0.000244141     
0.00032959     0.000268555     0.000195313     0.000463867     
0.000549316     0.000415039     0.000427246     0.00065918     
0.000695801     0.00065918     0.000720215     0.000769043     
0.00098877     0.000793457     0.000732422     0.000878906     
0.00078125     0.000622559     0.000598145     0.000793457     
0.000708008     0.000561523     0.000488281     0.000683594     
0.000610352     0.000537109     0.000390625     0.00065918     
0.000598145     0.00045166     0.000366211     0.000524902     
0.000524902     0.000415039     0.000341797     0.000463867     
0.000622559     0.000476074     0.000341797     0.000561523     
0.000537109     0.000476074     0.000366211     0.000524902     
0.000634766     0.00045166     0.000378418     0.000390625     
0.000598145     0.000366211     0.000354004     0.000524902     
0.000476074     0.000354004     0.000219727     0.000378418     
0.00045166     0.000305176     0.000305176     0.000268555     
0.00045166     0.000231934     0.000317383     0.000317383     
0.000292969     0.000231934     0.000170898     0.000292969     
0.000183105     9.76563e-05     1.2207e-05     4.88281e-05     
8.54492e-05     -8.54492e-05     -6.10352e-05     0.000109863     
0     -6.10352e-05     -0.000170898     0     
-7.32422e-05     -0.000195313     -0.000256348     -0.000146484     
-0.000134277     -0.000366211     -0.000488281     -0.000427246     
-0.00032959     -0.000341797     -0.000366211     -0.000305176     
-0.000183105     -0.000158691     -0.00020752     1.2207e-05     
9.76563e-05     -3.66211e-05     0.000158691     0.000256348     
0.000354004     0.000341797     0.000146484     0.00032959     
0.000305176     0.000256348     0.000195313     0.000378418     
0.000366211     0.000292969     0.000341797     0.000231934     
0.000317383     0.000256348     0.000219727     0.000390625     
0.000402832     0.000305176     0.000341797     0.000354004     
0.000463867     0.000341797     0.000317383     0.000500488     
0.000402832     0.000195313     0.000170898     0.000366211     
0.000317383     0.000244141     0.000183105     0.000415039     
0.000463867     0.000280762     0.000317383     0.000317383     
0.000402832     0.000231934     0.000109863     0.000244141     
0.000292969     -9.76563e-05     -0.000183105     -0.000158691     
-0.000292969     -0.000402832     -0.000537109     -0.000463867     
-0.000354004     -0.000500488     -0.00057373     -0.000268555     
-0.000170898     -0.000244141     -0.00020752     9.76563e-05     
0.000268555     0.000146484     0.00012207     0.000305176     
0.000378418     0.000146484     0.000134277     0.00032959     
0.000244141     0.00012207     -4.88281e-05     0.000170898     
0.000268555     0.000134277     8.54492e-05     0.000305176     
0.000488281     0.000390625     0.000280762     0.000549316     
0.000512695     0.000549316     0.000439453     0.000683594     
0.000720215     0.000756836     0.000598145     0.000732422     
0.000878906     0.000732422     0.000695801     0.00078125     
0.000854492     0.000817871     0.000634766     0.000756836     
0.000732422     0.000598145     0.000671387     0.00078125     
0.000817871     0.000598145     0.000671387     0.00065918     
0.000683594     0.000622559     0.000476074     0.000708008     
0.000598145     0.000488281     0.000415039     0.000415039     
0.000463867     0.000366211     0.000415039     0.000463867     
0.000646973     0.000524902     0.000476074     0.000622559     
0.000585938     0.000634766     0.000500488     0.000646973     
0.00065918     0.000354004     0.000292969     0.000354004     
0.00020752     8.54492e-05     -6.10352e-05     0.000134277     
2.44141e-05     -0.00012207     -0.000256348     -6.10352e-05     
-0.000146484     -0.000354004     -0.000292969     -0.000146484     
-0.000146484     -0.000366211     -0.000183105     -0.000170898     
-0.000183105     -0.000219727     -0.00020752     -2.44141e-05     
4.88281e-05     -0.00012207     -8.54492e-05     1.2207e-05     
0.00012207     -6.10352e-05     -8.54492e-05     0.000280762     
0.000134277     -4.88281e-05     -9.76563e-05     8.54492e-05     
0.000146484     -7.32422e-05     -0.00012207     8.54492e-05     
0.000183105     -0.000134277     -8.54492e-05     3.66211e-05     
9.76563e-05     4.88281e-05     3.66211e-05     0.000280762     
0.000305176     0.00020752     0.000195313     0.000415039     
0.000390625     0.00020752     0.00020752     0.00045166     
0.000390625     0.000256348     0.00012207     0.000231934     
0.000195313     0.000134277     1.2207e-05     9.76563e-05     
0.000134277     -6.10352e-05     -2.44141e-05     -2.44141e-05     
3.66211e-05     -2.44141e-05     -4.88281e-05     0.00012207     
0.000170898     4.88281e-05     9.76563e-05     0.000158691     
0.000231934     -4.88281e-05     3.66211e-05     0.000146484     
6.10352e-05     -6.10352e-05     -0.000183105     -4.88281e-05     
-0.000183105     -0.000256348     -0.000292969     -0.000146484     
-0.000170898     -0.000280762     -0.000170898     -0.000134277     
-2.44141e-05     -4.88281e-05     -7.32422e-05     0.000183105     
0.000195313     2.44141e-05     0.000109863     0.000134277     
0.000134277     -8.54492e-05     -7.32422e-05     0.000109863     
3.66211e-05     -4.88281e-05     -0.000109863     0.00012207     
7.32422e-05     9.76563e-05     0.000183105     0.000378418     
0.000427246     0.000305176     0.000280762     0.000341797     
0.000524902     0.00020752     0.000268555     0.000402832     
0.000378418     0.000109863     1.2207e-05     0.000134277     
0.000134277     -2.44141e-05     -2.44141e-05     6.10352e-05     
6.10352e-05     -0.000170898     -0.000219727     -0.000158691     
-0.00020752     -0.000341797     -0.000476074     -0.000268555     
-0.000268555     -0.000476074     -0.000512695     -0.000463867     
-0.00032959     -0.000488281     -0.000415039     -0.00020752     
-0.000146484     -0.000280762     -0.000195313     1.2207e-05     
4.88281e-05     -6.10352e-05     1.2207e-05     0.000158691     
0.000134277     8.54492e-05     -0.000170898     -3.66211e-05     
-7.32422e-05     -0.00020752     -0.000158691     -3.66211e-05     
-4.88281e-05     0     -0.000183105     -4.88281e-05     
0.00012207     -2.44141e-05     -6.10352e-05     0.00020752     
0.000292969     0.000170898     0.000146484     0.000354004     
0.000378418     0.000256348     0.000292969     0.00045166     
0.000390625     3.66211e-05     4.88281e-05     -6.10352e-05     
-0.000158691     -0.00032959     -0.000549316     -0.000439453     
-0.000524902     -0.000671387     -0.000805664     -0.000622559     
-0.00057373     -0.000732422     -0.000622559     -0.000402832     
-0.000231934     -0.000317383     -0.000231934     -6.10352e-05     
3.66211e-05     -6.10352e-05     8.54492e-05     0.000183105     
0.000109863     2.44141e-05     -3.66211e-05     -4.88281e-05     
-2.44141e-05     -0.000134277     -0.000231934     -0.000170898     
-0.00012207     -0.000268555     -0.000402832     -0.000195313     
-0.000231934     -0.00045166     -0.000415039     -0.000280762     
-0.000292969     -0.00045166     -0.000524902     -0.000488281     
-0.00045166     -0.00057373     -0.000524902     -0.000354004     
-0.000378418     -0.000402832     -0.000427246     -0.000317383     
-0.00012207     -0.000231934     -0.000219727     0.000146484     
0.000134277     6.10352e-05     -1.2207e-05     0.000231934     
0.000317383     0.000244141     0.00020752     0.000341797     
0.000500488     0.000268555     0.000317383     0.000488281     
0.00045166     0.000317383     0.000244141     0.000280762     
0.00032959     0.000158691     -7.32422e-05     -7.32422e-05     
3.66211e-05     -0.000146484     -0.000366211     -0.000146484     
-6.10352e-05     -0.000256348     -0.000305176     -0.000146484     
-0.000183105     -0.000158691     -2.44141e-05     0.000170898     
0.000146484     -7.32422e-05     8.54492e-05     8.54492e-05     
8.54492e-05     -2.44141e-05     -0.00012207     -4.88281e-05     
-2.44141e-05     -0.000231934     -0.000292969     -0.000170898     
-0.000195313     -0.000244141     -0.000195313     9.76563e-05     
3.66211e-05     4.88281e-05     -1.2207e-05     0.000134277     
0.000183105     9.76563e-05     0     0.000146484     
0.00012207     -0.000109863     -6.10352e-05     -0.000109863     
-4.88281e-05     -0.000341797     -0.000292969     -0.000195313     
-9.76563e-05     -0.000256348     -0.000305176     -0.000231934     
-0.000170898     -0.000268555     -0.000244141     -4.88281e-05     
-6.10352e-05     -0.000146484     -0.000134277     -1.2207e-05     
0     -0.000158691     -0.000146484     7.32422e-05     
-6.10352e-05     -0.000134277     -0.000183105     -0.000158691     
-7.32422e-05     -0.000195313     -0.00012207     2.44141e-05     
4.88281e-05     2.44141e-05     0     0.000219727     
0.000195313     8.54492e-05     0.000158691     0.000134277     
0.000195313     -7.32422e-05     -0.000183105     -0.000134277     
-0.000231934     -0.000317383     -0.000402832     -0.000183105     
-0.000231934     -0.000292969     -0.000512695     -0.000317383     
-0.000134277     -0.000390625     -0.000354004     -0.000158691     
-0.000195313     -0.00032959     -0.000439453     -0.000268555     
-0.000280762     -0.000354004     -0.00032959     -0.000109863     
-7.32422e-05     -0.000158691     -3.66211e-05     2.44141e-05     
7.32422e-05     0.000183105     0.000158691     0.000415039     
0.000390625     0.000354004     0.000280762     0.000292969     
0.000268555     6.10352e-05     1.2207e-05     1.2207e-05     
-3.66211e-05     -0.000268555     -0.00032959     -0.000354004     
-0.000402832     -0.000500488     -0.000500488     -0.000390625     
-0.00032959     -0.000488281     -0.000402832     -0.000366211     
-0.000231934     -0.000231934     -0.000231934     -1.2207e-05     
-6.10352e-05     -0.00012207     -0.000219727     -6.10352e-05     
-7.32422e-05     -0.000341797     -0.000341797     -0.000305176     
-0.00032959     -0.000476074     -0.000671387     -0.00065918     
-0.000708008     -0.000842285     -0.00090332     -0.000878906     
-0.000927734     -0.00111084     -0.00115967     -0.00102539     
-0.00106201     -0.00112305     -0.00117188     -0.000915527     
-0.000891113     -0.00090332     -0.000915527     -0.000561523     
-0.000646973     -0.000695801     -0.000549316     -0.000341797     
-0.000256348     -0.000427246     -0.000366211     -0.000231934     
-0.000170898     -0.000183105     -0.00020752     1.2207e-05     
0.00012207     -8.54492e-05     -1.2207e-05     0.000134277     
0.000292969     8.54492e-05     6.10352e-05     0.000341797     
0.000354004     0.000158691     4.88281e-05     0.000231934     
0.000268555     0.000195313     0.000146484     0.000256348     
0.000378418     0.000170898     0.000170898     0.000402832     
0.000354004     0.000195313     0.000134277     0.000268555     
0.000317383     4.88281e-05     -6.10352e-05     2.44141e-05     
3.66211e-05     -8.54492e-05     -0.000158691     -2.44141e-05     
-4.88281e-05     -7.32422e-05     -0.00020752     -0.000134277     
-2.44141e-05     -9.76563e-05     -0.00012207     3.66211e-05     
0.000146484     -1.2207e-05     -2.44141e-05     -3.66211e-05     
1.2207e-05     -7.32422e-05     -0.000158691     -7.32422e-05     
-2.44141e-05     -0.000317383     -0.000292969     -0.000183105     
-0.000134277     -0.000256348     -0.000231934     -0.000134277     
-9.76563e-05     -0.000158691     -0.000146484     -2.44141e-05     
-0.000231934     -0.00032959     -0.000317383     -0.00020752     
-0.00032959     -0.000585938     -0.000634766     -0.000732422     
-0.000708008     -0.00090332     -0.000964355     -0.000830078     
-0.000817871     -0.000866699     -0.000891113     -0.000744629     
-0.000622559     -0.000695801     -0.000512695     -0.00032959     
-0.00012207     -0.000146484     -0.000195313     0.000134277     
0.00020752     0.000183105     7.32422e-05     0.000317383     
0.00032959     0.000195313     -3.66211e-05     3.66211e-05     
4.88281e-05     -0.000195313     -0.00032959     -0.000134277     
-0.000170898     -0.000256348     -0.000402832     -0.000183105     
-0.00012207     -0.000195313     -6.10352e-05     1.2207e-05     
0.000170898     -3.66211e-05     -6.10352e-05     9.76563e-05     
2.44141e-05     2.44141e-05     -0.000170898     -7.32422e-05     
-0.000134277     -0.000256348     -0.000427246     -0.000341797     
-0.000366211     -0.00065918     -0.000634766     -0.000476074     
-0.000537109     -0.000695801     -0.000671387     -0.000585938     
-0.00045166     -0.000598145     -0.000585938     -0.000378418     
-0.000317383     -0.000390625     -0.000549316     -0.000341797     
-0.000366211     -0.000561523     -0.000549316     -0.00045166     
-0.000378418     -0.000512695     -0.000549316     -0.000415039     
-0.000305176     -0.000305176     -0.000195313     -6.10352e-05     
9.76563e-05     4.88281e-05     4.88281e-05     0.000244141     
0.000231934     0.000170898     0.000195313     0.000268555     
0.000268555     -3.66211e-05     3.66211e-05     6.10352e-05     
2.44141e-05     -0.000109863     -0.000170898     -3.66211e-05     
-0.000146484     -0.000292969     -0.00032959     -8.54492e-05     
-0.000146484     -0.000305176     -0.000219727     -7.32422e-05     
-1.2207e-05     -0.000256348     -0.000280762     -0.000244141     
-0.000219727     -0.000390625     -0.000488281     -0.000439453     
-0.000476074     -0.00065918     -0.000732422     -0.000708008     
-0.000805664     -0.000878906     -0.0010376     -0.000793457     
-0.000891113     -0.0010498     -0.00123291     -0.00108643     
-0.00107422     -0.00112305     -0.00117188     -0.00090332     
-0.000817871     -0.00102539     -0.00098877     -0.000817871     
-0.000769043     -0.00078125     -0.000793457     -0.00065918     
-0.000512695     -0.000683594     -0.000671387     -0.000634766     
-0.000390625     -0.000646973     -0.000500488     -0.000195313     
-0.000256348     -0.000317383     -0.00032959     -0.000109863     
0     -0.00020752     -0.00020752     -8.54492e-05     
-1.2207e-05     -0.00020752     -0.000183105     -0.000109863     
-0.000195313     -0.000244141     -0.000305176     -0.000146484     
-0.000195313     -0.000292969     -0.000317383     -0.00020752     
-0.000146484     -0.000219727     -0.000268555     6.10352e-05     
-1.2207e-05     -1.2207e-05     3.66211e-05     0.000134277     
0.000146484     0.00012207     4.88281e-05     0.000146484     
0.000195313     0     -2.44141e-05     -0.000170898     
-3.66211e-05     -0.000292969     -0.000366211     -0.000354004     
-0.000341797     -0.000561523     -0.000683594     -0.00065918     
-0.000622559     -0.000817871     -0.000769043     -0.000622559     
-0.000634766     -0.000646973     -0.000756836     -0.00057373     
-0.000585938     -0.00065918     -0.000634766     -0.000427246     
-0.00045166     -0.000622559     -0.000427246     -0.000427246     
-0.00032959     -0.000402832     -0.000378418     -0.000146484     
-0.000146484     -0.000219727     -0.000146484     -1.2207e-05     
3.66211e-05     -7.32422e-05     -0.000183105     0.000134277     
7.32422e-05     -0.000183105     -0.000231934     -0.00012207     
-0.000146484     -0.000427246     -0.000415039     -0.000195313     
-0.000354004     -0.000610352     -0.000549316     -0.000512695     
-0.000549316     -0.000769043     -0.000769043     -0.000683594     
-0.000671387     -0.000830078     -0.00090332     -0.000732422     
-0.000732422     -0.00090332     -0.000805664     -0.000732422     
-0.000561523     -0.000756836     -0.000842285     -0.000549316     
-0.000549316     -0.000683594     -0.000817871     -0.000524902     
-0.000549316     -0.000732422     -0.000756836     -0.000610352     
-0.000463867     -0.000695801     -0.000610352     -0.000317383     
-0.000256348     -0.000292969     -0.000305176     -0.000109863     
2.44141e-05     -2.44141e-05     1.2207e-05     0.000231934     
0.000366211     0.000268555     0.000170898     0.000292969     
0.00020752     0.000195313     7.32422e-05     0.000280762     
0.000158691     4.88281e-05     0     -0.000146484     
0     -0.000256348     -0.000280762     -0.000195313     
-0.000134277     -0.000378418     -0.000402832     -0.00032959     
-0.000256348     -0.000378418     -0.000341797     -0.000146484     
-7.32422e-05     -0.000183105     -0.000146484     -3.66211e-05     
-3.66211e-05     -3.66211e-05     -0.000183105     -2.44141e-05     
-7.32422e-05     -0.000305176     -0.000292969     -0.000219727     
-0.000317383     -0.000476074     -0.000402832     -0.000427246     
-0.000354004     -0.000524902     -0.000585938     -0.000488281     
-0.000463867     -0.000524902     -0.000646973     -0.000500488     
-0.000427246     -0.000585938     -0.000671387     -0.00045166     
-0.000561523     -0.000634766     -0.000695801     -0.000427246     
-0.000500488     -0.000561523     -0.000646973     -0.000415039     
-0.000402832     -0.000500488     -0.000476074     -0.000366211     
-0.000244141     -0.00045166     -0.000537109     -0.000244141     
-0.000244141     -0.000415039     -0.000354004     -0.000195313     
-0.000109863     -0.000292969     -0.000268555     -0.000280762     
0     -0.000256348     -0.000244141     -4.88281e-05     
-1.2207e-05     -3.66211e-05     -0.000256348     -3.66211e-05     
4.88281e-05     -1.2207e-05     -1.2207e-05     0.000219727     
0.000280762     7.32422e-05     0.000109863     0.000219727     
0.000280762     0.000134277     8.54492e-05     0.000170898     
0.000170898     -0.00012207     -0.000292969     -0.00020752     
-0.000268555     -0.000476074     -0.000585938     -0.000427246     
-0.00045166     -0.00065918     -0.000744629     -0.000695801     
-0.000756836     -0.000842285     -0.000842285     -0.000732422     
-0.00065918     -0.00078125     -0.000744629     -0.000744629     
-0.000683594     -0.000695801     -0.000646973     -0.000561523     
-0.000415039     -0.000500488     -0.00057373     -0.000476074     
-0.000354004     -0.000500488     -0.000512695     -0.000500488     
-0.000524902     -0.00065918     -0.000805664     -0.000720215     
-0.000854492     -0.00098877     -0.00107422     -0.00098877     
-0.00109863     -0.00125732     -0.00117188     -0.00123291     
-0.00106201     -0.00128174     -0.00126953     -0.000927734     
-0.000927734     -0.00090332     -0.000927734     -0.000708008     
-0.000561523     -0.000683594     -0.000512695     -0.000366211     
-0.000231934     -0.000378418     -0.00057373     -0.000280762     
-0.000268555     -0.000402832     -0.000427246     -0.000109863     
-0.000158691     -0.000292969     -0.000219727     -0.000183105     
-3.66211e-05     -0.00012207     -0.000146484     0     
-1.2207e-05     -9.76563e-05     -0.000195313     -0.000170898     
-0.000183105     -0.00032959     -0.000354004     -0.000292969     
-0.000219727     -0.000488281     -0.00057373     -0.000402832     
-0.000402832     -0.000537109     -0.000500488     -0.000292969     
-0.000183105     -0.00032959     -0.00045166     -0.000341797     
-0.000195313     -0.000402832     -0.000390625     -0.000280762     
-0.000268555     -0.000366211     -0.000488281     -0.000378418     
-0.000378418     -0.000622559     -0.000634766     -0.000549316     
-0.00057373     -0.000671387     -0.000891113     -0.00090332     
-0.000854492     -0.00102539     -0.00106201     -0.000964355     
-0.000927734     -0.00101318     -0.0012085     -0.00111084     
-0.000891113     -0.00117188     -0.00111084     -0.00101318     
-0.00098877     -0.00112305     -0.00113525     -0.0010498     
-0.00101318     -0.00111084     -0.00107422     -0.000952148     
-0.000830078     -0.00108643     -0.000878906     -0.000732422     
-0.000817871     -0.000793457     -0.000744629     -0.000500488     
-0.000512695     -0.000598145     -0.000549316     -0.00032959     
-0.000390625     -0.000378418     -0.000268555     -0.000109863     
-2.44141e-05     -7.32422e-05     -4.88281e-05     4.88281e-05     
-1.2207e-05     -4.88281e-05     -7.32422e-05     2.44141e-05     
-1.2207e-05     -0.000195313     -0.000317383     -0.00020752     
-0.000268555     -0.000439453     -0.000549316     -0.000402832     
-0.000488281     -0.000683594     -0.000805664     -0.00057373     
-0.000756836     -0.000830078     -0.000756836     -0.000732422     
-0.000622559     -0.000830078     -0.000915527     -0.000744629     
-0.00078125     -0.00090332     -0.000927734     -0.00065918     
-0.000671387     -0.00090332     -0.000805664     -0.000756836     
-0.000646973     -0.000769043     -0.000769043     -0.000598145     
-0.000585938     -0.000671387     -0.000842285     -0.000622559     
-0.000634766     -0.00078125     -0.000854492     -0.000695801     
-0.000634766     -0.000830078     -0.000769043     -0.000756836     
-0.000708008     -0.000695801     -0.000671387     -0.000390625     
-0.000317383     -0.000427246     -0.000427246     -0.000341797     
-0.000195313     -0.000292969     -0.000378418     -0.000146484     
-0.000158691     -0.000256348     -0.000402832     -0.000341797     
-0.000378418     -0.000415039     -0.00057373     -0.000524902     
-0.000439453     -0.000695801     -0.000756836     -0.000720215     
-0.000585938     -0.000769043     -0.000817871     -0.000683594     
-0.000671387     -0.000769043     -0.000744629     -0.000756836     
-0.000695801     -0.000952148     -0.000830078     -0.000610352     
-0.000683594     -0.000598145     -0.000830078     -0.00065918     
-0.000610352     -0.000683594     -0.000634766     -0.000415039     
-0.000561523     -0.000708008     -0.000683594     -0.000671387     
-0.00065918     -0.000866699     -0.000842285     -0.000720215     
-0.00078125     -0.000939941     -0.000964355     -0.000878906     
-0.000793457     -0.000964355     -0.000878906     -0.000756836     
-0.000732422     -0.000732422     -0.000756836     -0.000585938     
-0.000549316     -0.000646973     -0.000549316     -0.000231934     
-0.00020752     -0.000317383     -0.000366211     -0.000268555     
-9.76563e-05     -0.000366211     -0.000354004     -0.000256348     
-0.000183105     -0.000463867     -0.00057373     -0.000427246     
-0.000500488     -0.000720215     -0.000695801     -0.000622559     
-0.00057373     -0.000878906     -0.00090332     -0.000817871     
-0.00102539     -0.0010498     -0.0012085     -0.00106201     
-0.00112305     -0.00131836     -0.00140381     -0.00129395     
-0.00109863     -0.00123291     -0.0012085     -0.000939941     
-0.000805664     -0.000842285     -0.000769043     -0.000610352     
-0.000378418     -0.000488281     -0.000439453     -0.000134277     
1.2207e-05     -4.88281e-05     -0.000158691     6.10352e-05     
0     -1.2207e-05     -7.32422e-05     9.76563e-05     
1.2207e-05     -8.54492e-05     -0.000170898     -0.000146484     
-0.000146484     -0.000427246     -0.000378418     -0.000439453     
-0.000439453     -0.000598145     -0.000634766     -0.000610352     
-0.000683594     -0.00078125     -0.000720215     -0.000695801     
-0.000561523     -0.000769043     -0.000708008     -0.000598145     
-0.000524902     -0.000585938     -0.000549316     -0.000415039     
-0.000439453     -0.000524902     -0.000500488     -0.000390625     
-0.00045166     -0.000561523     -0.000476074     -0.000378418     
-0.000463867     -0.000537109     -0.000646973     -0.000524902     
-0.000463867     -0.000537109     -0.000671387     -0.000488281     
-0.000402832     -0.000585938     -0.000720215     -0.000585938     
-0.000598145     -0.000732422     -0.000817871     -0.000610352     
-0.000524902     -0.000744629     -0.000830078     -0.000549316     
-0.000585938     -0.000732422     -0.000585938     -0.000415039     
-0.00045166     -0.000512695     -0.000646973     -0.000585938     
-0.000585938     -0.000817871     -0.000878906     -0.000708008     
-0.00078125     -0.0010376     -0.00117188     -0.0010498     
-0.00100098     -0.00118408     -0.00118408     -0.0010498     
-0.00108643     -0.00117188     -0.00136719     -0.00124512     
-0.00118408     -0.00128174     -0.0013916     -0.0012207     
-0.0010498     -0.00130615     -0.00125732     -0.00107422     
-0.000927734     -0.0010498     -0.00098877     -0.000744629     
-0.000695801     -0.00065918     -0.000598145     -0.000561523     
-0.000439453     -0.000598145     -0.000683594     -0.000512695     
-0.000598145     -0.000744629     -0.000952148     -0.00090332     
-0.000866699     -0.00106201     -0.0012085     -0.0010376     
-0.000927734     -0.00108643     -0.00115967     -0.00100098     
-0.000817871     -0.00098877     -0.00090332     -0.000671387     
-0.000646973     -0.000708008     -0.000683594     -0.000598145     
-0.000402832     -0.000549316     -0.000390625     -0.000195313     
-6.10352e-05     -0.000146484     -0.000109863     0.000134277     
3.66211e-05     -2.44141e-05     4.88281e-05     9.76563e-05     
-3.66211e-05     -0.000231934     -0.000292969     -0.000268555     
-0.000378418     -0.00065918     -0.00065918     -0.000598145     
-0.000598145     -0.000708008     -0.00078125     -0.000683594     
-0.000549316     -0.000683594     -0.000537109     -0.000378418     
-0.000378418     -0.000512695     -0.000537109     -0.000463867     
-0.000341797     -0.000524902     -0.000708008     -0.000500488     
-0.000561523     -0.000830078     -0.000720215     -0.000769043     
-0.000744629     -0.0010498     -0.000927734     -0.00090332     
-0.000891113     -0.00100098     -0.00107422     -0.000952148     
-0.000878906     -0.00113525     -0.00098877     -0.000964355     
-0.000817871     -0.0010376     -0.00117188     -0.000891113     
-0.00090332     -0.000952148     -0.00107422     -0.000769043     
-0.00078125     -0.000939941     -0.0010376     -0.00100098     
-0.000842285     -0.0012085     -0.00101318     -0.000952148     
-0.000891113     -0.00098877     -0.00107422     -0.000952148     
-0.000805664     -0.00090332     -0.000793457     -0.00057373     
-0.000427246     -0.000463867     -0.000463867     -0.000292969     
-0.000219727     -0.000219727     -0.00020752     -0.000158691     
-0.000244141     -0.000476074     -0.000537109     -0.000598145     
-0.000598145     -0.000830078     -0.000830078     -0.000854492     
-0.000891113     -0.00098877     -0.00106201     -0.00112305     
-0.00106201     -0.00106201     -0.0010376     -0.000866699     
-0.000732422     -0.000952148     -0.000817871     -0.000622559     
-0.000549316     -0.000610352     -0.000695801     -0.000402832     
-0.000537109     -0.000585938     -0.000720215     -0.000622559     
-0.000720215     -0.000915527     -0.000793457     -0.000817871     
-0.000793457     -0.00100098     -0.00113525     -0.000939941     
-0.000939941     -0.00109863     -0.00102539     -0.00114746     
-0.00090332     -0.00108643     -0.0012207     -0.00102539     
-0.0010498     -0.00111084     -0.00119629     -0.000842285     
-0.000830078     -0.000976563     -0.00100098     -0.000793457     
-0.000817871     -0.000878906     -0.000842285     -0.000683594     
-0.000708008     -0.000805664     -0.00090332     -0.000830078     
-0.000817871     -0.000976563     -0.00098877     -0.000756836     
-0.00078125     -0.0010376     -0.000964355     -0.000830078     
-0.000769043     -0.000817871     -0.000805664     -0.000512695     
-0.00045166     -0.000585938     -0.000537109     -0.000378418     
-0.000292969     -0.000463867     -0.000476074     -0.000390625     
-0.000231934     -0.000549316     -0.000683594     -0.000561523     
-0.000671387     -0.000793457     -0.000866699     -0.000769043     
-0.000744629     -0.000878906     -0.000866699     -0.000769043     
-0.000756836     -0.000769043     -0.000817871     -0.000585938     
-0.000598145     -0.000671387     -0.000732422     -0.000598145     
-0.000598145     -0.000695801     -0.000695801     -0.000537109     
-0.000415039     -0.000598145     -0.000610352     -0.000549316     
-0.00045166     -0.000585938     -0.000585938     -0.000439453     
-0.000537109     -0.000720215     -0.000830078     -0.000830078     
-0.000817871     -0.00117188     -0.00117188     -0.00118408     
-0.00119629     -0.00135498     -0.00163574     -0.00151367     
-0.00155029     -0.00157471     -0.00157471     -0.00125732     
-0.00123291     -0.00128174     -0.00101318     -0.000964355     
-0.000756836     -0.000793457     -0.000622559     -0.000390625     
-0.000354004     -0.00045166     -0.000427246     -0.000390625     
-0.000268555     -0.00057373     -0.000683594     -0.000463867     
-0.000561523     -0.000830078     -0.000964355     -0.000830078     
-0.000891113     -0.00113525     -0.00115967     -0.000964355     
-0.0010376     -0.00130615     -0.00135498     -0.00123291     
-0.00117188     -0.00147705     -0.00151367     -0.00125732     
-0.00123291     -0.00141602     -0.00146484     -0.00128174     
-0.00124512     -0.00135498     -0.00135498     -0.00129395     
-0.00108643     -0.00126953     -0.00134277     -0.00117188     
-0.00107422     -0.00119629     -0.00128174     -0.0010376     
-0.000952148     -0.00113525     -0.00115967     -0.00102539     
-0.000878906     -0.00100098     -0.000915527     -0.000891113     
-0.000878906     -0.000927734     -0.0010498     -0.00102539     
-0.00100098     -0.00113525     -0.00112305     -0.00102539     
-0.000964355     -0.00102539     -0.00106201     -0.000866699     
-0.000817871     -0.000842285     -0.000695801     -0.000512695     
-0.000415039     -0.000378418     -0.000500488     -0.000305176     
-0.000195313     -0.000354004     -0.000268555     -0.000158691     
-9.76563e-05     -0.000219727     -0.000244141     -0.000183105     
-0.000134277     -0.00032959     -0.000366211     -0.000244141     
-0.000183105     -0.000463867     -0.000439453     -0.000488281     
-0.000463867     -0.000537109     -0.000537109     -0.000476074     
-0.000634766     -0.000732422     -0.000756836     -0.000598145     
-0.000720215     -0.000866699     -0.000793457     -0.000805664     
-0.000866699     -0.000866699     -0.00108643     -0.000915527     
-0.000891113     -0.000976563     -0.000915527     -0.000756836     
-0.000598145     -0.000671387     -0.000537109     -0.00032959     
-0.000256348     -0.000244141     -0.000256348     6.10352e-05     
4.88281e-05     -6.10352e-05     -0.000146484     2.44141e-05     
-7.32422e-05     -9.76563e-05     -6.10352e-05     -6.10352e-05     
-3.66211e-05     -0.000195313     -0.000292969     -7.32422e-05     
-0.000146484     -0.000402832     -0.000378418     -0.000231934     
-0.00032959     -0.000549316     -0.000537109     -0.00045166     
-0.000390625     -0.000646973     -0.00065918     -0.000500488     
-0.000549316     -0.000622559     -0.000854492     -0.000720215     
-0.000744629     -0.000793457     -0.000817871     -0.000671387     
-0.000537109     -0.000744629     -0.000695801     -0.000549316     
-0.000524902     -0.000549316     -0.000537109     -0.000305176     
-0.000219727     -0.000378418     -0.00045166     -0.000341797     
-0.000317383     -0.000354004     -0.000488281     -0.000183105     
-0.00032959     -0.00032959     -0.000366211     -0.00032959     
-0.000231934     -0.000354004     -0.000354004     -0.000170898     
-9.76563e-05     -0.000366211     -0.000280762     -0.000183105     
-0.000231934     -0.000354004     -0.000415039     -0.000390625     
-0.000378418     -0.000512695     -0.000622559     -0.000598145     
-0.00057373     -0.000805664     -0.000646973     -0.000585938     
-0.000634766     -0.000708008     -0.000769043     -0.000598145     
-0.000720215     -0.000769043     -0.000756836     -0.000537109     
-0.000549316     -0.000708008     -0.000720215     -0.000683594     
-0.000549316     -0.000695801     -0.000756836     -0.000549316     
-0.000512695     -0.000610352     -0.00065918     -0.000622559     
-0.000488281     -0.000488281     -0.000512695     -0.000415039     
-0.000463867     -0.000549316     -0.00065918     -0.000512695     
-0.000488281     -0.000598145     -0.000549316     -0.000305176     
-0.000341797     -0.00045166     -0.000402832     -0.000244141     
-0.00012207     -0.000256348     -0.000170898     0.00012207     
0.000134277     -4.88281e-05     -0.000146484     -1.2207e-05     
0     -0.00020752     -0.000280762     -0.000158691     
-6.10352e-05     -0.000231934     -0.000305176     0     
-2.44141e-05     -8.54492e-05     -2.44141e-05     0.000195313     
0.000354004     0.000195313     0.000146484     0.000268555     
0.000305176     7.32422e-05     4.88281e-05     4.88281e-05     
0     -0.000183105     -0.000378418     -0.000317383     
-0.00032959     -0.000598145     -0.000610352     -0.000488281     
-0.000402832     -0.000537109     -0.000622559     -0.000476074     
-0.000476074     -0.000476074     -0.000500488     -0.000390625     
-0.000512695     -0.000512695     -0.000708008     -0.000671387     
-0.00065918     -0.000854492     -0.000817871     -0.000744629     
-0.00078125     -0.000976563     -0.000976563     -0.00090332     
-0.000854492     -0.000915527     -0.000915527     -0.000720215     
-0.000634766     -0.000708008     -0.00057373     -0.000378418     
-0.000292969     -0.000280762     -0.000292969     3.66211e-05     
-7.32422e-05     -0.000158691     -0.00020752     -0.00020752     
-0.000268555     -0.000439453     -0.000524902     -0.000549316     
-0.000427246     -0.000744629     -0.000854492     -0.000634766     
-0.000744629     -0.000830078     -0.000793457     -0.000549316     
-0.000585938     -0.000695801     -0.000634766     -0.000537109     
-0.000598145     -0.00057373     -0.000646973     -0.000415039     
-0.000476074     -0.000610352     -0.000646973     -0.000463867     
-0.000610352     -0.000744629     -0.00065918     -0.000585938     
-0.000549316     -0.000744629     -0.00078125     -0.000756836     
-0.000793457     -0.00100098     -0.000939941     -0.000854492     
-0.000817871     -0.00111084     -0.00101318     -0.00090332     
-0.000744629     -0.00101318     -0.00098877     -0.000634766     
-0.000671387     -0.000695801     -0.000830078     -0.000683594     
-0.000646973     -0.000793457     -0.000927734     -0.000683594     
-0.000610352     -0.000878906     -0.00090332     -0.000744629     
-0.000622559     -0.000769043     -0.00078125     -0.000610352     
-0.000500488     -0.000598145     -0.000646973     -0.000390625     
-0.000305176     -0.000378418     -0.000354004     -0.000146484     
-6.10352e-05     -0.00020752     -0.000170898     -9.76563e-05     
-0.00012207     -0.000219727     -0.000256348     -0.000280762     
-0.000183105     -0.000427246     -0.000390625     -0.000305176     
-0.000231934     -0.000317383     -0.000268555     0     
0     -4.88281e-05     4.88281e-05     0.00012207     
0.00012207     -9.76563e-05     -3.66211e-05     -9.76563e-05     
-0.000268555     -0.000476074     -0.000744629     -0.000683594     
-0.000866699     -0.0010376     -0.00113525     -0.00102539     
-0.00108643     -0.00118408     -0.00112305     -0.00111084     
-0.000976563     -0.00108643     -0.00111084     -0.000854492     
-0.00090332     -0.00100098     -0.000939941     -0.000891113     
-0.000830078     -0.000915527     -0.000805664     -0.000708008     
-0.000671387     -0.000732422     -0.000769043     -0.000524902     
-0.000537109     -0.000634766     -0.000585938     -0.000415039     
-0.000378418     -0.000598145     -0.000671387     -0.000524902     
-0.000427246     -0.000720215     -0.000744629     -0.000585938     
-0.000598145     -0.00078125     -0.000830078     -0.000610352     
-0.00057373     -0.00065918     -0.000585938     -0.000244141     
-3.66211e-05     -0.000134277     -8.54492e-05     0.000231934     
0.00020752     0.00020752     0.000183105     0.000390625     
0.000415039     0.000341797     0.000195313     0.000292969     
0.000402832     0.000170898     0.000195313     0.000390625     
0.000390625     0.000256348     0.00032959     0.000463867     
0.000598145     0.000500488     0.000561523     0.000732422     
0.000805664     0.000695801     0.000561523     0.000646973     
0.000537109     0.000366211     0.000244141     0.000305176     
0.000183105     -3.66211e-05     -0.000231934     -0.000219727     
-0.000134277     -0.000292969     -0.000305176     -0.000195313     
-0.000109863     -0.000268555     -0.000195313     -0.000183105     
-0.000146484     -0.000195313     -0.000244141     -8.54492e-05     
-2.44141e-05     -0.000366211     -0.000415039     -0.000402832     
-0.000549316     -0.000720215     -0.000769043     -0.000549316     
-0.000805664     -0.000866699     -0.000805664     -0.000646973     
-0.000744629     -0.000805664     -0.00065918     -0.000524902     
-0.00032959     -0.000500488     -0.000402832     -0.000146484     
-6.10352e-05     -0.000170898     -9.76563e-05     3.66211e-05     
0.000109863     -9.76563e-05     -4.88281e-05     0     
-8.54492e-05     -0.000195313     -0.000366211     -0.000219727     
-0.000268555     -0.000463867     -0.000585938     -0.000439453     
-0.000415039     -0.000585938     -0.000598145     -0.000439453     
-0.000341797     -0.000549316     -0.00057373     -0.000476074     
-0.000561523     -0.000683594     -0.000720215     -0.000549316     
-0.000622559     -0.000805664     -0.000769043     -0.000756836     
-0.000756836     -0.000878906     -0.000805664     -0.000561523     
-0.000683594     -0.000720215     -0.000695801     -0.000512695     
-0.000378418     -0.000476074     -0.000646973     -0.000390625     
-0.000305176     -0.000537109     -0.000610352     -0.000598145     
-0.000585938     -0.00057373     -0.00065918     -0.000598145     
-0.000500488     -0.000610352     -0.000671387     -0.000524902     
-0.00045166     -0.000537109     -0.000524902     -0.000305176     
-0.000292969     -0.000427246     -0.000549316     -0.000439453     
-0.000476074     -0.000500488     -0.00065918     -0.000463867     
-0.000415039     -0.000671387     -0.000610352     -0.000561523     
-0.000524902     -0.000720215     -0.000683594     -0.00065918     

