Source : transient; Time : Wed Jun 14 05:40:39 2017
B0 = 3760.000000 Gauss, mw = 9.686280 GHz
 NDI-T2 sa261 20/2 42/25 523nm/1mJ
1 5000 -1.001e-06 8.997e-06 0 0
s                        V                                                 
-0.000195313     -0.000305176     -0.000146484     -0.00020752     
-0.000268555     -0.000292969     -0.000219727     -3.66211e-05     
-2.44141e-05     -3.66211e-05     0.000183105     0.000280762     
0.000292969     0.000366211     0.000317383     0.000390625     
0.000244141     0.000317383     0.000280762     0.00012207     
2.44141e-05     -0.000134277     -0.000183105     -0.000231934     
-0.00032959     -0.000415039     -0.000244141     -0.000231934     
-0.00032959     -0.000292969     -0.00012207     -0.00012207     
-9.76563e-05     -6.10352e-05     0.000109863     6.10352e-05     
1.2207e-05     -6.10352e-05     -4.88281e-05     4.88281e-05     
-0.000146484     -0.000109863     2.44141e-05     -0.000134277     
-0.000195313     -0.000292969     -0.000317383     -0.000292969     
-0.000305176     -0.000524902     -0.00057373     -0.000488281     
-0.000634766     -0.000891113     -0.00078125     -0.000793457     
-0.00090332     -0.000952148     -0.000830078     -0.000842285     
-0.000927734     -0.000891113     -0.000805664     -0.000671387     
-0.000817871     -0.000842285     -0.000671387     -0.000646973     
-0.000695801     -0.000793457     -0.000817871     -0.000695801     
-0.000830078     -0.000854492     -0.000927734     -0.000915527     
-0.000866699     -0.000842285     -0.00090332     -0.000830078     
-0.000732422     -0.000695801     -0.000598145     -0.000390625     
-0.000402832     -0.000378418     -0.000219727     -0.000146484     
-0.000256348     -1.2207e-05     2.44141e-05     3.66211e-05     
7.32422e-05     -6.10352e-05     6.10352e-05     -2.44141e-05     
-1.2207e-05     4.88281e-05     -1.2207e-05     -0.00012207     
-0.000134277     -0.000170898     -0.000256348     -0.000219727     
-0.000256348     -0.000280762     -0.000183105     -0.000244141     
-0.00032959     -0.000268555     -0.00020752     -0.00020752     
-0.000244141     -0.000109863     -0.000195313     -0.000158691     
-0.000292969     -0.000158691     -6.10352e-05     -0.000183105     
-0.000244141     -0.000183105     -0.000183105     -9.76563e-05     
-0.000305176     -0.00032959     -0.000244141     -0.000219727     
-0.000402832     -0.000427246     -0.000244141     -0.000219727     
-0.00020752     -0.000158691     -0.000109863     -1.2207e-05     
4.88281e-05     0.00012207     0.000195313     0.000292969     
0.000280762     0.000256348     0.00032959     0.000537109     
0.000415039     0.000427246     0.000463867     0.00057373     
0.000610352     0.00045166     0.000476074     0.000598145     
0.000476074     0.00045166     0.000610352     0.000561523     
0.000561523     0.000549316     0.000634766     0.000732422     
0.000634766     0.000549316     0.000793457     0.000927734     
0.000720215     0.000756836     0.000732422     0.000805664     
0.000683594     0.000695801     0.000830078     0.000744629     
0.000634766     0.000598145     0.000500488     0.000598145     
0.000512695     0.000476074     0.000476074     0.000537109     
0.000537109     0.000439453     0.000512695     0.000585938     
0.000439453     0.000537109     0.000683594     0.00065918     
0.000561523     0.000585938     0.000561523     0.000610352     
0.00065918     0.000598145     0.000671387     0.000720215     
0.000598145     0.000610352     0.000708008     0.000671387     
0.000720215     0.000744629     0.000756836     0.000683594     
0.000756836     0.000720215     0.000671387     0.000598145     
0.000585938     0.000634766     0.000537109     0.000488281     
0.000415039     0.000390625     0.000305176     0.00020752     
0.00012207     6.10352e-05     0.000146484     0.000134277     
8.54492e-05     2.44141e-05     9.76563e-05     0.000183105     
0.00012207     0.000195313     0.000341797     0.000354004     
0.000170898     0.000231934     0.00032959     0.000268555     
0.000158691     8.54492e-05     0.000158691     2.44141e-05     
1.2207e-05     -0.000158691     -0.00032959     -0.000256348     
-0.00045166     -0.000524902     -0.000512695     -0.000476074     
-0.000512695     -0.000476074     -0.000549316     -0.000463867     
-0.00045166     -0.000341797     -0.000256348     -0.000170898     
-0.00012207     -0.000244141     -0.000134277     0     
-6.10352e-05     -0.000158691     -6.10352e-05     -3.66211e-05     
-0.000146484     -0.000183105     -0.000170898     3.66211e-05     
-9.76563e-05     -0.000109863     3.66211e-05     3.66211e-05     
3.66211e-05     -6.10352e-05     8.54492e-05     4.88281e-05     
-4.88281e-05     -7.32422e-05     7.32422e-05     6.10352e-05     
0.00012207     0.000256348     0.000219727     0.000366211     
0.000427246     0.000500488     0.000683594     0.000756836     
0.000646973     0.00065918     0.000805664     0.000805664     
0.000646973     0.000732422     0.00065918     0.00065918     
0.000598145     0.000463867     0.000427246     0.000390625     
0.000317383     0.000244141     0.000280762     0.000219727     
0.00020752     0.000244141     0.000292969     0.000183105     
0.00012207     0.000183105     0.000268555     0.000183105     
7.32422e-05     6.10352e-05     -6.10352e-05     -0.000109863     
-0.000256348     -0.000244141     -0.000317383     -0.000354004     
-0.000427246     -0.00045166     -0.000500488     -0.000488281     
-0.000463867     -0.000561523     -0.000512695     -0.000500488     
-0.000524902     -0.000610352     -0.000585938     -0.000402832     
-0.000598145     -0.000585938     -0.000427246     -0.00045166     
-0.000488281     -0.000549316     -0.000488281     -0.000463867     
-0.000402832     -0.000463867     -0.000512695     -0.000366211     
-0.000463867     -0.00045166     -0.000378418     -0.000366211     
-0.000390625     -0.00045166     -0.00032959     -0.00032959     
-0.000366211     -0.000390625     -0.000231934     -0.00020752     
-0.00032959     -0.00020752     1.2207e-05     4.88281e-05     
0.000158691     0.000195313     0.000170898     0.00032959     
0.000354004     0.000292969     0.000292969     0.000402832     
0.000244141     0.000195313     0.000183105     0.00020752     
6.10352e-05     9.76563e-05     0.000195313     0.000134277     
0.000170898     0.000183105     0.000195313     0.000292969     
0.000219727     0.000158691     0.000219727     0.00012207     
0.000109863     -2.44141e-05     -4.88281e-05     -0.000146484     
-0.000231934     -0.000292969     -0.000256348     -0.000280762     
-0.000427246     -0.000402832     -0.000439453     -0.000378418     
-0.00032959     -0.000292969     -0.000170898     -0.000158691     
-0.000109863     1.2207e-05     4.88281e-05     0.00012207     
0.000183105     0.000231934     0.000305176     0.000268555     
0.000305176     0.000366211     0.00045166     0.000317383     
0.000366211     0.000476074     0.00057373     0.000585938     
0.000524902     0.000610352     0.000646973     0.00065918     
0.000463867     0.000622559     0.000622559     0.000524902     
0.000463867     0.000415039     0.000427246     0.000378418     
0.000231934     0.000305176     0.000366211     0.000439453     
0.000341797     0.000354004     0.00032959     0.000390625     
0.000402832     0.000378418     0.000402832     0.000463867     
0.000390625     0.000195313     0.000134277     0.000158691     
-6.10352e-05     -0.000219727     -6.10352e-05     -0.000268555     
-0.000378418     -0.00045166     -0.000341797     -0.000268555     
-0.000280762     -0.000244141     3.66211e-05     4.88281e-05     
7.32422e-05     0.000134277     0.000231934     0.000280762     
0.000268555     0.000256348     0.000292969     0.00032959     
0.000268555     0.000183105     0.000170898     0.000280762     
0.000231934     8.54492e-05     0.000231934     0.00032959     
0.000134277     0.000195313     0.000292969     0.00032959     
0.000244141     0.000317383     0.000390625     0.000476074     
0.000366211     0.000378418     0.00032959     0.000390625     
0.000317383     0.000292969     0.000305176     0.000378418     
0.000219727     0.000109863     0.000280762     0.000231934     
7.32422e-05     9.76563e-05     2.44141e-05     -2.44141e-05     
-3.66211e-05     -0.00012207     -0.000134277     -3.66211e-05     
-0.000146484     -0.000183105     -7.32422e-05     -6.10352e-05     
-2.44141e-05     0     1.2207e-05     7.32422e-05     
9.76563e-05     0.000134277     0.00032959     0.000231934     
0.000183105     0.000244141     0.000268555     0.000317383     
0.000195313     0.000280762     0.000390625     0.000402832     
0.000341797     0.000268555     0.000354004     0.000390625     
0.000366211     0.000366211     0.000500488     0.000537109     
0.000415039     0.00045166     0.000561523     0.000646973     
0.000439453     0.000561523     0.00057373     0.000561523     
0.000427246     0.000402832     0.000476074     0.000476074     
0.00045166     0.000341797     0.000537109     0.000598145     
0.000427246     0.000463867     0.00057373     0.000646973     
0.000524902     0.000585938     0.00065918     0.000805664     
0.000610352     0.000549316     0.000671387     0.000793457     
0.000769043     0.000744629     0.00098877     0.00107422     
0.00125732     0.00134277     0.00155029     0.00187988     
0.00218506     0.00244141     0.00281982     0.00327148     
0.00349121     0.00390625     0.0043335     0.00476074     
0.00513916     0.00551758     0.00610352     0.00650635     
0.00688477     0.00720215     0.00762939     0.00806885     
0.00843506     0.0088623     0.00914307     0.00955811     
0.00992432     0.0101929     0.0105713     0.0109863     
0.0112671     0.0115723     0.0119995     0.0122681     
0.0127197     0.0129761     0.0133789     0.0138184     
0.0143066     0.0146118     0.0152588     0.0157227     
0.016272     0.0167847     0.0172485     0.0178223     
0.0183716     0.0189697     0.0194824     0.0199219     
0.0203979     0.0208008     0.0213257     0.021582     
0.0218506     0.0223877     0.022644     0.0230103     
0.0232056     0.023584     0.023877     0.0241699     
0.0244507     0.0247925     0.0251343     0.0253052     
0.0256836     0.0259399     0.0263916     0.0267578     
0.0269165     0.0273315     0.0276733     0.0279907     
0.0282837     0.0286377     0.0290161     0.0292969     
0.0294678     0.0298096     0.0302368     0.030481     
0.0308228     0.0309082     0.0312134     0.031604     
0.0317017     0.0319946     0.0322998     0.0325195     
0.0326416     0.0327515     0.032959     0.0332153     
0.0332031     0.0332397     0.0334473     0.033606     
0.0336304     0.0336426     0.0339111     0.0341309     
0.0342407     0.0342285     0.0345215     0.0348633     
0.035083     0.0351685     0.0352905     0.0355469     
0.0355591     0.0357422     0.0359619     0.0360352     
0.0360718     0.0361816     0.0364258     0.0365601     
0.0366821     0.0368774     0.0370728     0.0371582     
0.0372437     0.0373291     0.0374146     0.0376099     
0.037561     0.037561     0.0377319     0.0377075     
0.0378052     0.0377686     0.0379395     0.0379272     
0.0380493     0.0381226     0.0381836     0.038269     
0.0384766     0.0384155     0.0385376     0.0385498     
0.0385498     0.0386353     0.0387817     0.0387573     
0.0388306     0.038855     0.0389038     0.0389771     
0.0389771     0.0388794     0.0390015     0.0388794     
0.0388062     0.0387695     0.0387695     0.0386963     
0.038501     0.0385132     0.0384766     0.0384155     
0.038269     0.0382813     0.0382935     0.0383911     
0.0383911     0.0383789     0.0384644     0.0385376     
0.0384155     0.0385254     0.0385986     0.038562     
0.0384277     0.0384644     0.0386108     0.0384644     
0.0384155     0.0383423     0.0384155     0.0384155     
0.0383057     0.0382202     0.0382568     0.0383301     
0.0381226     0.0380371     0.0380493     0.0379517     
0.0378296     0.0377319     0.0377563     0.0375977     
0.0375122     0.0373169     0.0371704     0.0370728     
0.0368652     0.0367554     0.0366943     0.0365356     
0.036438     0.0362427     0.0362183     0.0362061     
0.0361572     0.036145     0.0362427     0.0363647     
0.0361572     0.0361694     0.0360718     0.0361084     
0.0358887     0.0356323     0.0355591     0.0353394     
0.0351196     0.034729     0.0344604     0.034375     
0.0339966     0.0338135     0.0336548     0.0335815     
0.0333496     0.0331421     0.0330566     0.0329224     
0.0327881     0.0326782     0.0327271     0.0324707     
0.0324097     0.0323364     0.0321289     0.032019     
0.0318726     0.0317993     0.0317993     0.0315796     
0.0313843     0.0312622     0.0311646     0.0310425     
0.0306885     0.0306274     0.0305908     0.0302246     
0.0301147     0.029834     0.0296631     0.0295898     
0.0293335     0.0292969     0.0292114     0.0289429     
0.0288818     0.0287231     0.0285645     0.0286011     
0.0283691     0.0282837     0.0281616     0.0280884     
0.0280518     0.0278442     0.0277344     0.0276855     
0.0274536     0.0274536     0.0275024     0.027417     
0.0272217     0.0271606     0.027124     0.0270996     
0.0269897     0.0268921     0.0269287     0.0267822     
0.0266479     0.0264771     0.0262451     0.0261963     
0.0259277     0.0257202     0.0256836     0.0254028     
0.0251709     0.0248047     0.0247314     0.0245361     
0.0242554     0.0240723     0.0240234     0.0238037     
0.0236938     0.0234375     0.0233887     0.0233521     
0.0232422     0.0230469     0.0231201     0.0231079     
0.0228394     0.0226807     0.0225586     0.022644     
0.0223389     0.022229     0.0221802     0.0222046     
0.021936     0.0217529     0.0218018     0.0216797     
0.021521     0.02146     0.0213013     0.0212524     
0.021167     0.0210571     0.020874     0.020874     
0.0206787     0.0205444     0.0203735     0.0202759     
0.0201294     0.0198608     0.0198486     0.0196289     
0.019458     0.0193237     0.0192627     0.019165     
0.019043     0.0189209     0.0188232     0.0187134     
0.0185547     0.0185059     0.018457     0.0182861     
0.0182007     0.017981     0.0179199     0.0178223     
0.017627     0.0175415     0.0175415     0.0174561     
0.0172852     0.0171387     0.0171509     0.0171143     
0.0169189     0.0169312     0.0167969     0.016748     
0.0166626     0.0165283     0.0164307     0.0164429     
0.016333     0.0161743     0.0163208     0.016272     
0.0161133     0.0161011     0.0160767     0.0161743     
0.0159546     0.0160767     0.0161133     0.0160278     
0.0159668     0.015918     0.0158936     0.0158569     
0.0158325     0.0156494     0.015625     0.015686     
0.0154541     0.0153076     0.0152954     0.0152466     
0.0151123     0.0149902     0.0148926     0.0148926     
0.0149048     0.0146851     0.014624     0.0147339     
0.0145386     0.0144287     0.014502     0.0144165     
0.0143433     0.0141724     0.0141724     0.0143188     
0.0141602     0.0140381     0.0140991     0.0142334     
0.0141724     0.0141235     0.0140991     0.0142944     
0.0141968     0.014209     0.0143677     0.01427     
0.0142212     0.0141968     0.0140625     0.0139648     
0.0139648     0.013916     0.0137329     0.0138428     
0.0137939     0.0137695     0.0137939     0.0139282     
0.0139282     0.0140503     0.0142456     0.0142944     
0.0144287     0.0145752     0.0146729     0.0148315     
0.0149536     0.0149536     0.0152222     0.0151978     
0.0151001     0.0151978     0.0152588     0.0152222     
0.0151123     0.0152344     0.0153198     0.01521     
0.0152344     0.0151489     0.0152832     0.0153442     
0.01521     0.0153198     0.0154907     0.0155396     
0.0155518     0.0157104     0.0157471     0.0158325     
0.0156982     0.0157959     0.0159546     0.0159912     
0.0159302     0.0158203     0.0158691     0.0158447     
0.0156616     0.015625     0.0157715     0.0157471     
0.0155396     0.0155762     0.0157104     0.0157471     
0.0158203     0.0158325     0.0159424     0.0159912     
0.016272     0.0161011     0.0163208     0.0164917     
0.0164429     0.0164795     0.0166992     0.0167847     
0.0166748     0.0167603     0.0168213     0.0168213     
0.0167358     0.0167236     0.016748     0.0167603     
0.0167114     0.0166138     0.0166626     0.0166504     
0.0166016     0.0166016     0.0166748     0.016748     
0.0167603     0.016748     0.0167603     0.0170776     
0.0168701     0.0169189     0.0170654     0.0170044     
0.0169312     0.01698     0.0170654     0.0170166     
0.0169678     0.0170288     0.0170288     0.0171021     
0.0171753     0.0171875     0.0171631     0.0173828     
0.0174683     0.0173828     0.0175659     0.0175781     
0.0175537     0.0174927     0.0176147     0.0176025     
0.0175659     0.0175293     0.0175293     0.0175171     
0.0176025     0.0174438     0.0176147     0.0177124     
0.0177612     0.0178711     0.0179688     0.0179688     
0.0180054     0.0180908     0.0182495     0.0182007     
0.0182495     0.0181885     0.018335     0.0183228     
0.0182861     0.0183105     0.0182861     0.0182373     
0.0181519     0.0181519     0.0181396     0.0181274     
0.0178833     0.017981     0.017981     0.0179199     
0.0179565     0.0178711     0.0178955     0.0179688     
0.0178955     0.0178955     0.017981     0.018042     
0.0178711     0.0179443     0.018042     0.0179443     
0.0178833     0.017981     0.0179688     0.017981     
0.0180542     0.0178833     0.0180542     0.0181152     
0.0181152     0.0180298     0.0181641     0.0181885     
0.0182007     0.0182007     0.0183228     0.0184204     
0.0183228     0.0182983     0.0184692     0.0186035     
0.0184814     0.0184448     0.0185669     0.0185425     
0.0184937     0.0183472     0.0183472     0.0184204     
0.0181885     0.018103     0.0181152     0.0180786     
0.0179077     0.0178589     0.0178223     0.0178345     
0.0177856     0.0177612     0.0178223     0.0178589     
0.0178345     0.0177734     0.0177246     0.0177368     
0.0176392     0.0175293     0.0175049     0.0175415     
0.0174561     0.0172974     0.0172485     0.0173096     
0.0172119     0.0171753     0.0173584     0.0173096     
0.0172852     0.0173584     0.0172974     0.0173462     
0.0172852     0.0172363     0.0172729     0.0171631     
0.0171387     0.0170654     0.0171021     0.0170166     
0.0170288     0.0170166     0.0170776     0.0170288     
0.017041     0.0169678     0.01698     0.0168701     
0.0166748     0.0167358     0.016748     0.0166382     
0.0165283     0.0165039     0.0164185     0.0164429     
0.0163208     0.016394     0.0163696     0.0162354     
0.0162476     0.0161743     0.0161255     0.0160645     
0.015918     0.0158081     0.0158447     0.0157593     
0.0154663     0.0154297     0.0154785     0.0154541     
0.0153442     0.0153687     0.0154419     0.0154663     
0.0155396     0.0154053     0.0154907     0.0156128     
0.0154785     0.0154663     0.0156006     0.0154785     
0.0154175     0.0152954     0.0153198     0.0151733     
0.0150879     0.014917     0.014978     0.0149048     
0.0146973     0.0146729     0.0144897     0.0144287     
0.0143433     0.0141235     0.0140625     0.0139526     
0.0137817     0.0136841     0.0135986     0.0136108     
0.0134277     0.0133423     0.0133179     0.0133423     
0.0132813     0.0131104     0.013269     0.0133057     
0.013147     0.0131592     0.0133057     0.013269     
0.0133301     0.0132202     0.0132568     0.0133057     
0.0132813     0.0131958     0.0133057     0.0133179     
0.0133057     0.013269     0.0133057     0.0132446     
0.013208     0.0131836     0.0130981     0.0130371     
0.0130005     0.012915     0.0129028     0.0128052     
0.0127319     0.0127441     0.0125732     0.0125122     
0.0124146     0.0123535     0.0122681     0.0120361     
0.0119751     0.0119263     0.0119873     0.0118774     
0.0116821     0.0116699     0.0116699     0.0116577     
0.0116089     0.0115845     0.0115601     0.0115723     
0.0114746     0.0113647     0.0113159     0.0112671     
0.0112061     0.0110596     0.011084     0.0109253     
0.010791     0.0108032     0.0108765     0.0108887     
0.0107788     0.0108398     0.0109131     0.0109253     
0.0109863     0.0108887     0.0109863     0.0109253     
0.0108521     0.0106934     0.0106445     0.0105103     
0.010376     0.0100098     0.00999756     0.00987549     
0.00963135     0.00942383     0.00939941     0.00935059     
0.00930176     0.00909424     0.009021     0.00913086     
0.00908203     0.00899658     0.00913086     0.00910645     
0.00911865     0.00899658     0.00894775     0.00919189     
0.00904541     0.00899658     0.00909424     0.00919189     
0.00900879     0.00897217     0.00894775     0.00893555     
0.00880127     0.00874023     0.00883789     0.00875244     
0.0086792     0.00852051     0.00856934     0.00853271     
0.0085083     0.00849609     0.00852051     0.00848389     
0.00838623     0.0083374     0.0083374     0.0083252     
0.0081665     0.00820313     0.00821533     0.00799561     
0.00803223     0.00810547     0.00795898     0.00802002     
0.00810547     0.00799561     0.00820313     0.00820313     
0.00828857     0.00830078     0.00834961     0.00838623     
0.00834961     0.00848389     0.00859375     0.00853271     
0.00845947     0.0083374     0.00843506     0.00839844     
0.00822754     0.00826416     0.00838623     0.00825195     
0.00803223     0.00820313     0.00803223     0.00804443     
0.00800781     0.00803223     0.00802002     0.00789795     
0.00809326     0.00802002     0.00814209     0.00821533     
0.00826416     0.00838623     0.0085083     0.00854492     
0.00853271     0.0086792     0.00881348     0.00880127     
0.00865479     0.00875244     0.0088623     0.00875244     
0.00863037     0.0086792     0.00864258     0.0086792     
0.00847168     0.0083252     0.00841064     0.00828857     
0.0081543     0.00806885     0.00800781     0.00803223     
0.00792236     0.00789795     0.00795898     0.00786133     
0.00778809     0.00775146     0.00786133     0.00783691     
0.00793457     0.00789795     0.00797119     0.00805664     
0.00814209     0.00811768     0.00817871     0.0083374     
0.00831299     0.0083374     0.00847168     0.00854492     
0.00845947     0.00859375     0.00872803     0.00877686     
0.00882568     0.00887451     0.00891113     0.00911865     
0.00911865     0.00914307     0.00910645     0.00921631     
0.00926514     0.00927734     0.00928955     0.00928955     
0.00927734     0.00919189     0.0092041     0.00919189     
0.00904541     0.00906982     0.00894775     0.00893555     
0.00892334     0.00891113     0.00889893     0.00895996     
0.00897217     0.0090332     0.00917969     0.0092041     
0.00925293     0.009375     0.00944824     0.00958252     
0.00958252     0.00961914     0.0097168     0.00977783     
0.00969238     0.0097168     0.00970459     0.0097168     
0.00957031     0.00968018     0.00977783     0.00980225     
0.00980225     0.00982666     0.00998535     0.0100098     
0.0101563     0.0100952     0.010144     0.0101563     
0.0101807     0.0100464     0.0100342     0.0100098     
0.00974121     0.00975342     0.00986328     0.00963135     
0.0095459     0.00949707     0.00946045     0.00943604     
0.00938721     0.00931396     0.00941162     0.00950928     
0.00939941     0.00938721     0.00946045     0.00949707     
0.00953369     0.00958252     0.0097168     0.00974121     
0.00986328     0.00987549     0.00986328     0.00999756     
0.00998535     0.0098999     0.0098877     0.00983887     
0.00980225     0.00965576     0.00958252     0.00959473     
0.00947266     0.00943604     0.00963135     0.00966797     
0.00948486     0.00960693     0.00964355     0.00977783     
0.00983887     0.0098877     0.0100586     0.0100708     
0.0100586     0.0101929     0.0101563     0.0102783     
0.0102417     0.0103149     0.0103027     0.0104126     
0.0103149     0.0103149     0.0104126     0.010376     
0.0102661     0.0103027     0.0103516     0.0103516     
0.0103516     0.0104004     0.010437     0.0104736     
0.0105103     0.0105347     0.0106812     0.0106079     
0.0106567     0.0106201     0.0106079     0.0106445     
0.0105103     0.0105103     0.0104614     0.010376     
0.0103882     0.0102539     0.0102295     0.0102417     
0.0100708     0.0100952     0.0101318     0.0101196     
0.0100952     0.0100708     0.010083     0.0102051     
0.0101685     0.0102905     0.0103394     0.0104858     
0.0105713     0.0105225     0.0105225     0.0106079     
0.010498     0.0105835     0.0106323     0.0106201     
0.010437     0.0104248     0.0104736     0.0103882     
0.0101685     0.0101685     0.0102295     0.00998535     
0.00982666     0.00968018     0.00965576     0.00957031     
0.00932617     0.00916748     0.00922852     0.00909424     
0.00899658     0.00889893     0.00893555     0.00895996     
0.00889893     0.0088623     0.00897217     0.00909424     
0.00914307     0.00911865     0.00921631     0.00922852     
0.00924072     0.0092041     0.00936279     0.00952148     
0.00941162     0.009375     0.00944824     0.00957031     
0.00936279     0.009375     0.00943604     0.00935059     
0.00932617     0.00913086     0.00919189     0.00925293     
0.00913086     0.00900879     0.0090332     0.00908203     
0.00906982     0.00906982     0.00894775     0.0090332     
0.00897217     0.00883789     0.0088623     0.00880127     
0.00870361     0.0085083     0.00854492     0.0083374     
0.00814209     0.00814209     0.00805664     0.00804443     
0.00805664     0.0079834     0.00809326     0.00803223     
0.00812988     0.00820313     0.00839844     0.00843506     
0.00853271     0.00848389     0.00858154     0.00853271     
0.00853271     0.00852051     0.00864258     0.0085083     
0.00841064     0.00830078     0.00822754     0.00811768     
0.00797119     0.00795898     0.00786133     0.00780029     
0.00761719     0.00762939     0.00750732     0.00751953     
0.00732422     0.00734863     0.00744629     0.0072998     
0.00718994     0.00717773     0.00725098     0.00723877     
0.00708008     0.00716553     0.00731201     0.00722656     
0.00725098     0.00721436     0.00718994     0.00715332     
0.00715332     0.00705566     0.00712891     0.00715332     
0.00706787     0.00695801     0.00699463     0.00700684     
0.00689697     0.00689697     0.00686035     0.00698242     
0.00699463     0.00690918     0.00692139     0.0069458     
0.0069458     0.00683594     0.00700684     0.00692139     
0.00689697     0.00679932     0.00686035     0.00682373     
0.00675049     0.00679932     0.00686035     0.00703125     
0.00681152     0.00683594     0.00687256     0.00695801     
0.00675049     0.00675049     0.00687256     0.00667725     
0.00661621     0.00651855     0.00651855     0.00650635     
0.00640869     0.00635986     0.00621338     0.00618896     
0.00618896     0.00604248     0.00592041     0.00594482     
0.00578613     0.00577393     0.0059082     0.00579834     
0.0057373     0.00571289     0.0057251     0.00588379     
0.00581055     0.00582275     0.005896     0.00595703     
0.00584717     0.00579834     0.00581055     0.0057251     
0.00566406     0.0057373     0.00566406     0.00562744     
0.0057251     0.00560303     0.00560303     0.00557861     
0.00560303     0.00556641     0.00562744     0.00561523     
0.00551758     0.00560303     0.00548096     0.00559082     
0.00545654     0.00551758     0.00568848     0.00560303     
0.00562744     0.00560303     0.0057251     0.00577393     
0.00574951     0.0057373     0.005896     0.00583496     
0.0057373     0.00563965     0.00571289     0.00570068     
0.00554199     0.0055542     0.00563965     0.00546875     
0.00561523     0.00544434     0.00560303     0.00566406     
0.00562744     0.00563965     0.00578613     0.00581055     
0.00579834     0.00576172     0.00577393     0.00568848     
0.00557861     0.00552979     0.00554199     0.00545654     
0.00531006     0.0052124     0.00523682     0.00531006     
0.00527344     0.00522461     0.00540771     0.00546875     
0.00550537     0.00554199     0.00556641     0.00567627     
0.00561523     0.00563965     0.00556641     0.00561523     
0.00552979     0.00541992     0.00544434     0.00539551     
0.00535889     0.00545654     0.00540771     0.00544434     
0.00560303     0.00559082     0.00552979     0.00567627     
0.00571289     0.00566406     0.00581055     0.00576172     
0.00579834     0.00582275     0.00599365     0.00587158     
0.005896     0.0060791     0.00605469     0.00612793     
0.00609131     0.00611572     0.00609131     0.00601807     
0.00594482     0.0059082     0.00596924     0.00574951     
0.00568848     0.0055542     0.00554199     0.00541992     
0.00527344     0.00526123     0.00532227     0.0052002     
0.00518799     0.00522461     0.00531006     0.00529785     
0.00532227     0.00546875     0.0055542     0.00557861     
0.00557861     0.00559082     0.00561523     0.0057251     
0.00561523     0.00561523     0.00568848     0.00562744     
0.00545654     0.00543213     0.0053833     0.00544434     
0.00518799     0.00528564     0.0053833     0.00535889     
0.00544434     0.00552979     0.00559082     0.00581055     
0.00595703     0.00585938     0.00611572     0.00617676     
0.00614014     0.00626221     0.00631104     0.00631104     
0.00629883     0.00623779     0.00627441     0.00628662     
0.00623779     0.00611572     0.00617676     0.00618896     
0.0060791     0.00605469     0.00621338     0.00609131     
0.00593262     0.0059082     0.00593262     0.00599365     
0.00592041     0.00585938     0.00595703     0.00615234     
0.00595703     0.00584717     0.00592041     0.00600586     
0.00593262     0.00582275     0.00598145     0.00596924     
0.00596924     0.00592041     0.00598145     0.00599365     
0.00596924     0.00610352     0.00616455     0.00617676     
0.00626221     0.00621338     0.00635986     0.00650635     
0.00643311     0.00654297     0.00666504     0.00668945     
0.00667725     0.00665283     0.0067627     0.00671387     
0.00684814     0.0067749     0.00678711     0.00675049     
0.00671387     0.00667725     0.00661621     0.0065918     
0.00649414     0.00648193     0.00648193     0.00639648     
0.00635986     0.00627441     0.00625     0.00623779     
0.00616455     0.00612793     0.00626221     0.00633545     
0.00633545     0.00646973     0.00648193     0.00651855     
0.00650635     0.00665283     0.00670166     0.0067749     
0.00678711     0.00682373     0.0067627     0.0067627     
0.00672607     0.00683594     0.00690918     0.00693359     
0.00683594     0.00684814     0.00690918     0.00683594     
0.00686035     0.00672607     0.00681152     0.00671387     
0.00654297     0.00628662     0.00640869     0.00629883     
0.00599365     0.00604248     0.00623779     0.00618896     
0.00611572     0.00614014     0.00637207     0.00651855     
0.00648193     0.00655518     0.00675049     0.00687256     
0.00681152     0.0067627     0.00686035     0.00688477     
0.00678711     0.00667725     0.00662842     0.00657959     
0.00651855     0.00639648     0.00632324     0.0064209     
0.00623779     0.00618896     0.00625     0.00626221     
0.00631104     0.00625     0.00633545     0.00635986     
0.00631104     0.00625     0.00634766     0.00627441     
0.00628662     0.00629883     0.00618896     0.00627441     
0.00622559     0.00610352     0.00631104     0.00616455     
0.00618896     0.00611572     0.00605469     0.00605469     
0.00593262     0.00596924     0.00594482     0.00585938     
0.00592041     0.00578613     0.00579834     0.00588379     
0.00581055     0.00584717     0.00600586     0.00594482     
0.00603027     0.00614014     0.00610352     0.00614014     
0.00614014     0.00616455     0.00629883     0.00622559     
0.00612793     0.00616455     0.00615234     0.00618896     
0.00603027     0.00603027     0.00612793     0.00618896     
0.00603027     0.00599365     0.00598145     0.00594482     
0.005896     0.00585938     0.0059082     0.00577393     
0.00567627     0.00559082     0.0055542     0.00561523     
0.00543213     0.00544434     0.00551758     0.00550537     
0.00544434     0.00543213     0.00541992     0.00554199     
0.00554199     0.00550537     0.0057373     0.00577393     
0.0057373     0.00574951     0.00583496     0.00579834     
0.00581055     0.00568848     0.0059082     0.00588379     
0.00582275     0.00568848     0.00568848     0.00578613     
0.00565186     0.00561523     0.0057373     0.00566406     
0.0057373     0.00557861     0.00559082     0.00570068     
0.00566406     0.00546875     0.00550537     0.00561523     
0.00539551     0.00535889     0.00532227     0.00528564     
0.00509033     0.00496826     0.00507813     0.00493164     
0.00483398     0.00476074     0.00472412     0.0046875     
0.00460205     0.00466309     0.00466309     0.00463867     
0.00467529     0.00457764     0.00466309     0.00472412     
0.00474854     0.00469971     0.00490723     0.00478516     
0.00488281     0.0048584     0.00488281     0.00490723     
0.00493164     0.00491943     0.00490723     0.00482178     
0.00489502     0.00478516     0.0048584     0.00482178     
0.00469971     0.00473633     0.00478516     0.00477295     
0.00474854     0.00461426     0.00478516     0.00465088     
0.00456543     0.00465088     0.00465088     0.00461426     
0.00452881     0.00460205     0.00452881     0.00467529     
0.00455322     0.00458984     0.00472412     0.0046875     
0.00471191     0.00471191     0.00466309     0.00477295     
0.00460205     0.00467529     0.00465088     0.00476074     
0.00458984     0.00455322     0.0046875     0.00463867     
0.0045166     0.00460205     0.00479736     0.00478516     
0.00474854     0.00477295     0.00488281     0.00501709     
0.00488281     0.00483398     0.00512695     0.0050293     
0.00500488     0.00488281     0.00476074     0.00487061     
0.00474854     0.00447998     0.00452881     0.00447998     
0.00438232     0.00413818     0.00421143     0.00412598     
0.00405273     0.0039917     0.00404053     0.00413818     
0.00412598     0.00408936     0.00408936     0.00430908     
0.00418701     0.00424805     0.00432129     0.00438232     
0.00432129     0.00422363     0.00439453     0.00437012     
0.00426025     0.00426025     0.00438232     0.00443115     
0.0043335     0.00435791     0.00422363     0.00429688     
0.00423584     0.00410156     0.0041748     0.00407715     
0.00396729     0.00397949     0.00402832     0.00383301     
0.00384521     0.00395508     0.00395508     0.00395508     
0.00397949     0.00389404     0.00395508     0.00400391     
0.00390625     0.00385742     0.00389404     0.0038208     
0.00379639     0.00380859     0.00378418     0.00379639     
0.00379639     0.00372314     0.00395508     0.00394287     
0.00379639     0.0038208     0.00386963     0.00391846     
0.00388184     0.00391846     0.00378418     0.00383301     
0.00375977     0.00360107     0.00360107     0.00373535     
0.00358887     0.00344238     0.0036377     0.00361328     
0.0036377     0.0036377     0.00380859     0.00385742     
0.00377197     0.00394287     0.00406494     0.00404053     
0.00407715     0.00404053     0.00424805     0.00427246     
0.00413818     0.0041748     0.00432129     0.00440674     
0.00430908     0.00426025     0.00428467     0.00422363     
0.00418701     0.00408936     0.00408936     0.00408936     
0.00404053     0.00389404     0.00388184     0.00393066     
0.00386963     0.00394287     0.00401611     0.00401611     
0.00411377     0.00408936     0.00406494     0.00428467     
0.00421143     0.00424805     0.00439453     0.0045166     
0.00445557     0.00446777     0.00457764     0.00465088     
0.0046875     0.00462646     0.00478516     0.00477295     
0.00467529     0.00461426     0.00452881     0.00450439     
0.00439453     0.00432129     0.00422363     0.00424805     
0.00419922     0.00413818     0.0041626     0.00426025     
0.0043335     0.00438232     0.00447998     0.00461426     
0.0046875     0.00488281     0.0048584     0.00498047     
0.00500488     0.00499268     0.00513916     0.00510254     
0.00495605     0.00493164     0.00487061     0.00474854     
0.00457764     0.00461426     0.00458984     0.00437012     
0.00430908     0.00432129     0.00430908     0.00426025     
0.00422363     0.00427246     0.0045166     0.0045166     
0.00457764     0.0046875     0.00466309     0.00478516     
0.00473633     0.00476074     0.00476074     0.00473633     
0.00478516     0.00474854     0.00482178     0.00487061     
0.00480957     0.0048584     0.00506592     0.00516357     
0.0050415     0.00513916     0.0052124     0.00529785     
0.00524902     0.00526123     0.00540771     0.00534668     
0.00540771     0.00533447     0.00537109     0.00554199     
0.00527344     0.00535889     0.00549316     0.00546875     
0.00537109     0.00523682     0.00529785     0.00528564     
0.00518799     0.0050415     0.00513916     0.0050415     
0.00498047     0.00479736     0.00482178     0.0048584     
0.00474854     0.00467529     0.00474854     0.00484619     
0.00472412     0.00469971     0.00476074     0.00494385     
0.00482178     0.00488281     0.00494385     0.00506592     
0.00488281     0.00487061     0.00484619     0.00477295     
0.00471191     0.00463867     0.00465088     0.0046875     
0.0046875     0.00465088     0.00466309     0.00477295     
0.00484619     0.00478516     0.00496826     0.00500488     
0.00500488     0.00483398     0.00501709     0.00469971     
0.00466309     0.00469971     0.00456543     0.00446777     
0.00447998     0.00441895     0.00445557     0.00444336     
0.00446777     0.0045166     0.00458984     0.00458984     
0.0046875     0.0046875     0.00476074     0.00477295     
0.00474854     0.00480957     0.00495605     0.00487061     
0.0048584     0.00483398     0.00479736     0.00488281     
0.00479736     0.00484619     0.00488281     0.00480957     
0.00484619     0.0048584     0.00483398     0.00493164     
0.00487061     0.00487061     0.00490723     0.0048584     
0.00467529     0.00477295     0.00478516     0.00482178     
0.00463867     0.00474854     0.00493164     0.00483398     
0.00476074     0.00483398     0.00483398     0.00476074     
0.00487061     0.00473633     0.00480957     0.00480957     
0.00461426     0.00465088     0.00461426     0.00467529     
0.00461426     0.00457764     0.00467529     0.00469971     
0.0046875     0.00461426     0.00463867     0.00473633     
0.00460205     0.00454102     0.00465088     0.00447998     
0.00432129     0.00423584     0.0041626     0.00423584     
0.00406494     0.00404053     0.00406494     0.00418701     
0.00407715     0.00402832     0.00412598     0.00426025     
0.00421143     0.00423584     0.00438232     0.00438232     
0.00437012     0.00441895     0.00438232     0.00449219     
0.00440674     0.00441895     0.00437012     0.0043457     
0.00423584     0.00411377     0.00405273     0.00406494     
0.00389404     0.00374756     0.00383301     0.00386963     
0.00373535     0.00378418     0.00373535     0.00371094     
0.00375977     0.00378418     0.00385742     0.00372314     
0.00380859     0.00385742     0.00386963     0.00383301     
0.0038208     0.00380859     0.00407715     0.00404053     
0.00401611     0.00397949     0.00402832     0.00404053     
0.00391846     0.0039917     0.00404053     0.0039917     
0.00390625     0.00410156     0.00391846     0.00397949     
0.00391846     0.00394287     0.00402832     0.00410156     
0.00397949     0.00389404     0.0038208     0.00404053     
0.00375977     0.00368652     0.00380859     0.00378418     
0.003479     0.00351563     0.00354004     0.00338135     
0.00323486     0.00323486     0.00332031     0.00327148     
0.00332031     0.00325928     0.00327148     0.00351563     
0.00336914     0.00336914     0.00357666     0.00355225     
0.0036377     0.00355225     0.00361328     0.0036377     
0.0036499     0.00357666     0.00373535     0.00361328     
0.00356445     0.00349121     0.00351563     0.00354004     
0.00341797     0.00335693     0.00333252     0.00330811     
0.00325928     0.00317383     0.00316162     0.0032959     
0.00316162     0.00324707     0.00338135     0.00336914     
0.00343018     0.00339355     0.00345459     0.00366211     
0.00358887     0.00361328     0.00380859     0.00375977     
0.00386963     0.00379639     0.0038208     0.00394287     
0.00389404     0.00374756     0.00383301     0.00386963     
0.00373535     0.00358887     0.00367432     0.00350342     
0.00338135     0.00330811     0.00313721     0.00301514     
0.00303955     0.00273438     0.00268555     0.002771     
0.00272217     0.00272217     0.00291748     0.00289307     
0.00305176     0.00307617     0.00313721     0.003125     
0.00332031     0.00328369     0.00345459     0.00335693     
0.00330811     0.00333252     0.00341797     0.00334473     
0.00327148     0.00338135     0.00332031     0.0032959     
0.00310059     0.00321045     0.00316162     0.00314941     
0.00310059     0.00301514     0.00308838     0.003125     
0.0029541     0.00300293     0.00296631     0.00308838     
0.00307617     0.00317383     0.00339355     0.00330811     
0.0032959     0.00333252     0.00334473     0.00341797     
0.00335693     0.00325928     0.00338135     0.00352783     
0.00335693     0.00332031     0.00352783     0.00367432     
0.00368652     0.00390625     0.00406494     0.00415039     
0.00413818     0.00426025     0.00437012     0.00441895     
0.0043335     0.0043457     0.0043457     0.00424805     
0.00413818     0.00396729     0.00393066     0.00385742     
0.00366211     0.00356445     0.0036377     0.00355225     
0.00338135     0.0034668     0.00339355     0.00344238     
0.00345459     0.00345459     0.00351563     0.00345459     
0.00354004     0.00350342     0.003479     0.00356445     
0.00350342     0.00354004     0.00356445     0.00362549     
0.00368652     0.00367432     0.00373535     0.00378418     
0.00384521     0.00377197     0.00393066     0.0038208     
0.00374756     0.00372314     0.00366211     0.00357666     
0.003479     0.00344238     0.00345459     0.00338135     
0.00335693     0.00325928     0.00325928     0.00322266     
0.00322266     0.003125     0.00317383     0.00321045     
0.00318604     0.00318604     0.00317383     0.00319824     
0.00313721     0.00322266     0.00333252     0.00333252     
0.00332031     0.00341797     0.00341797     0.00352783     
0.00349121     0.00344238     0.003479     0.00341797     
0.00343018     0.00318604     0.00330811     0.00321045     
0.00316162     0.00317383     0.00321045     0.00323486     
0.00317383     0.00318604     0.00330811     0.0034668     
0.00349121     0.00354004     0.00367432     0.00378418     
0.00385742     0.00383301     0.00391846     0.00405273     
0.00378418     0.00384521     0.00404053     0.00397949     
0.00390625     0.00390625     0.00400391     0.00400391     
0.00393066     0.00391846     0.00394287     0.00407715     
0.00390625     0.00393066     0.00394287     0.00397949     
0.00402832     0.00397949     0.00402832     0.00404053     
0.0039917     0.00384521     0.0038208     0.00390625     
0.00378418     0.00368652     0.00362549     0.0036377     
0.00340576     0.00330811     0.0032959     0.00318604     
0.00316162     0.00317383     0.00323486     0.00324707     
0.00327148     0.00332031     0.00335693     0.00357666     
0.00360107     0.00369873     0.00386963     0.00379639     
0.00391846     0.00402832     0.00397949     0.00390625     
0.00388184     0.00393066     0.00384521     0.00378418     
0.00386963     0.00369873     0.00367432     0.0036377     
0.00361328     0.00356445     0.00360107     0.00356445     
0.00360107     0.00358887     0.00371094     0.00369873     
0.0036499     0.00369873     0.00378418     0.00371094     
0.00369873     0.00386963     0.00380859     0.00378418     
0.00375977     0.0038208     0.00375977     0.0038208     
0.00366211     0.00378418     0.00371094     0.00373535     
0.00372314     0.00371094     0.00389404     0.00378418     
0.00373535     0.00366211     0.00368652     0.00368652     
0.00351563     0.00345459     0.00343018     0.00339355     
0.00322266     0.00322266     0.00324707     0.00323486     
0.00317383     0.00314941     0.00330811     0.00335693     
0.00327148     0.00325928     0.00341797     0.00340576     
0.00332031     0.00343018     0.00338135     0.00339355     
0.00323486     0.00316162     0.00311279     0.00314941     
0.00308838     0.00305176     0.00313721     0.00318604     
0.00317383     0.00318604     0.00322266     0.00345459     
0.00336914     0.00335693     0.0034668     0.00374756     
0.00362549     0.00362549     0.00380859     0.00377197     
0.00375977     0.00379639     0.00390625     0.00384521     
0.00389404     0.00385742     0.0038208     0.00394287     
0.00390625     0.00394287     0.0039917     0.00395508     
0.00389404     0.00385742     0.00372314     0.00374756     
0.0036499     0.00350342     0.00350342     0.00341797     
0.00335693     0.00323486     0.00311279     0.00307617     
0.00306396     0.00297852     0.00302734     0.0029541     
0.00284424     0.00279541     0.00281982     0.00275879     
0.00270996     0.00264893     0.00274658     0.00274658     
0.00275879     0.00280762     0.00288086     0.00294189     
0.00291748     0.00299072     0.00308838     0.00314941     
0.00307617     0.00313721     0.00310059     0.00313721     
0.00306396     0.00314941     0.00323486     0.00319824     
0.00322266     0.00316162     0.00327148     0.00333252     
0.00327148     0.00340576     0.00356445     0.00355225     
0.00333252     0.00343018     0.00349121     0.00341797     
0.00333252     0.0032959     0.00343018     0.00330811     
0.00322266     0.00310059     0.00314941     0.00321045     
0.00299072     0.00300293     0.00307617     0.00306396     
0.00296631     0.00286865     0.00288086     0.00288086     
0.00285645     0.00279541     0.00291748     0.00289307     
0.00283203     0.00266113     0.00275879     0.00272217     
0.00257568     0.00246582     0.00239258     0.00238037     
0.00224609     0.00213623     0.00217285     0.00222168     
0.00211182     0.00211182     0.0022583     0.00238037     
0.00234375     0.00241699     0.00266113     0.00257568     
0.00263672     0.00270996     0.00285645     0.00288086     
0.00285645     0.00292969     0.00285645     0.00291748     
0.00286865     0.00284424     0.00294189     0.00302734     
0.00299072     0.00284424     0.00305176     0.00306396     
0.00297852     0.003125     0.00307617     0.00316162     
0.00319824     0.00311279     0.00314941     0.00324707     
0.00301514     0.00316162     0.00324707     0.003125     
0.00307617     0.00301514     0.00290527     0.00291748     
0.00291748     0.00289307     0.00302734     0.00292969     
0.00288086     0.00302734     0.00297852     0.00300293     
0.00294189     0.00302734     0.00317383     0.003125     
0.00313721     0.00306396     0.00310059     0.00314941     
0.00308838     0.00290527     0.00294189     0.00291748     
0.00281982     0.00264893     0.00266113     0.00266113     
0.00247803     0.00247803     0.00255127     0.00253906     
0.00240479     0.00236816     0.00241699     0.0024292     
0.00231934     0.00223389     0.00223389     0.00223389     
0.00209961     0.0020752     0.00218506     0.00205078     
0.00212402     0.00205078     0.00218506     0.00227051     
0.00229492     0.00229492     0.00233154     0.00245361     
0.00253906     0.00244141     0.00264893     0.00270996     
0.00270996     0.00272217     0.002771     0.00285645     
0.00284424     0.00283203     0.00297852     0.00313721     
0.00296631     0.00299072     0.00305176     0.00303955     
0.00299072     0.0029541     0.00314941     0.00296631     
0.0029541     0.00294189     0.00285645     0.00288086     
0.00284424     0.00290527     0.00280762     0.00280762     
0.00283203     0.00279541     0.00285645     0.00288086     
0.00289307     0.00292969     0.00305176     0.00302734     
0.0029541     0.00306396     0.00302734     0.00306396     
0.00305176     0.00300293     0.00314941     0.00308838     
0.00299072     0.00294189     0.00303955     0.0029541     
0.0029541     0.00292969     0.00303955     0.00302734     
0.00305176     0.00301514     0.00306396     0.00314941     
0.003125     0.00311279     0.00327148     0.00333252     
0.00325928     0.00334473     0.00330811     0.00334473     
0.00325928     0.00334473     0.00339355     0.00339355     
0.00345459     0.00340576     0.00340576     0.00332031     
0.00328369     0.00338135     0.00341797     0.00338135     
0.00319824     0.00324707     0.00343018     0.00338135     
0.00325928     0.00328369     0.003479     0.003479     
0.00354004     0.00341797     0.00354004     0.00372314     
0.003479     0.00355225     0.00369873     0.0036377     
0.00351563     0.00344238     0.00336914     0.003479     
0.00336914     0.00321045     0.00332031     0.00328369     
0.00318604     0.00303955     0.00305176     0.00301514     
0.00289307     0.00280762     0.00281982     0.00283203     
0.00270996     0.00268555     0.00266113     0.00296631     
0.00279541     0.00284424     0.00297852     0.00316162     
0.00323486     0.00324707     0.00330811     0.00338135     
0.00339355     0.00341797     0.00335693     0.00345459     
0.00345459     0.00343018     0.00323486     0.00322266     
0.00319824     0.00314941     0.00302734     0.00296631     
0.00296631     0.002771     0.00279541     0.0027832     
0.00258789     0.002771     0.0027832     0.00273438     
0.00280762     0.00281982     0.00283203     0.00292969     
0.00302734     0.00303955     0.00317383     0.00319824     
0.00316162     0.00328369     0.00332031     0.00330811     
0.00332031     0.00332031     0.00343018     0.00340576     
0.00330811     0.00330811     0.00336914     0.00334473     
0.00324707     0.00325928     0.00330811     0.00322266     
0.003125     0.00308838     0.00303955     0.00303955     
0.00299072     0.00292969     0.00296631     0.0029541     
0.00275879     0.00279541     0.00291748     0.00292969     
0.0026123     0.00273438     0.00289307     0.00273438     
0.00264893     0.00263672     0.00274658     0.00279541     
0.00273438     0.00270996     0.00285645     0.00286865     
0.00280762     0.00285645     0.00297852     0.00297852     
0.00297852     0.00292969     0.00297852     0.00296631     
0.00292969     0.0026001     0.00262451     0.00263672     
0.0024292     0.00227051     0.00241699     0.00238037     
0.0022583     0.00223389     0.00236816     0.00241699     
0.00249023     0.00257568     0.00270996     0.00285645     
0.00281982     0.00291748     0.00292969     0.00311279     
0.00300293     0.00303955     0.00310059     0.00302734     
0.00307617     0.00306396     0.00294189     0.00305176     
0.00300293     0.00306396     0.00305176     0.00308838     
0.00301514     0.00296631     0.00297852     0.00290527     
0.00284424     0.00280762     0.00289307     0.00273438     
0.00267334     0.00269775     0.00268555     0.00267334     
0.00270996     0.00262451     0.00275879     0.00283203     
0.00283203     0.00280762     0.00291748     0.00297852     
0.00296631     0.00306396     0.003125     0.00303955     
0.00302734     0.0029541     0.00296631     0.00296631     
0.00292969     0.00292969     0.00294189     0.00303955     
0.00286865     0.00299072     0.00301514     0.00302734     
0.00297852     0.00303955     0.00317383     0.00310059     
0.00305176     0.00301514     0.00303955     0.00311279     
0.00296631     0.00300293     0.00303955     0.00313721     
0.00302734     0.00311279     0.00314941     0.00311279     
0.00316162     0.00324707     0.00330811     0.00328369     
0.00333252     0.00317383     0.00313721     0.00334473     
0.003125     0.00296631     0.00311279     0.00294189     
0.00280762     0.00275879     0.00270996     0.00266113     
0.00255127     0.00249023     0.00252686     0.00268555     
0.0026001     0.00258789     0.00272217     0.0027832     
0.00283203     0.00280762     0.00294189     0.00307617     
0.00305176     0.00300293     0.00299072     0.00317383     
0.00296631     0.00296631     0.00302734     0.00310059     
0.0029541     0.00290527     0.00296631     0.00289307     
0.00284424     0.00283203     0.00288086     0.00289307     
0.0027832     0.00274658     0.00264893     0.00258789     
0.00255127     0.00256348     0.0026001     0.00256348     
0.00240479     0.00246582     0.00255127     0.00250244     
0.00240479     0.00244141     0.0024292     0.00238037     
0.00228271     0.00214844     0.00217285     0.00218506     
0.00205078     0.00211182     0.00227051     0.00224609     
0.00230713     0.00238037     0.00240479     0.00244141     
0.00252686     0.00262451     0.00267334     0.00268555     
0.00267334     0.0026123     0.00264893     0.00256348     
0.00246582     0.00246582     0.00247803     0.00245361     
0.00230713     0.00238037     0.00238037     0.00238037     
0.00239258     0.00238037     0.0026123     0.00264893     
0.00253906     0.00258789     0.00267334     0.00283203     
0.00267334     0.00267334     0.00285645     0.002771     
0.00273438     0.00262451     0.0026123     0.00256348     
0.00252686     0.00238037     0.00245361     0.00240479     
0.00227051     0.00214844     0.00224609     0.00218506     
0.00205078     0.00201416     0.00212402     0.00209961     
0.00209961     0.00196533     0.00194092     0.00209961     
0.00206299     0.00187988     0.00200195     0.00194092     
0.0019165     0.00178223     0.00178223     0.00174561     
0.00172119     0.00179443     0.00185547     0.00214844     
0.00213623     0.00218506     0.00231934     0.00246582     
0.00251465     0.00258789     0.00280762     0.00267334     
0.00266113     0.00263672     0.00256348     0.00258789     
0.00241699     0.00234375     0.00236816     0.00234375     
0.00229492     0.00213623     0.00222168     0.00217285     
0.00209961     0.00200195     0.00222168     0.00222168     
0.0020874     0.00212402     0.00205078     0.00209961     
0.00209961     0.0020752     0.00222168     0.00218506     
0.00224609     0.00228271     0.00233154     0.00239258     
0.00238037     0.00251465     0.00256348     0.00249023     
0.00255127     0.00246582     0.00247803     0.00252686     
0.00236816     0.00234375     0.00227051     0.00227051     
0.00206299     0.00219727     0.00213623     0.0020752     
0.00211182     0.00211182     0.00212402     0.00216064     
0.00212402     0.00206299     0.0020874     0.00214844     
0.00198975     0.00201416     0.00212402     0.00216064     
0.00198975     0.00197754     0.00206299     0.00214844     
0.00205078     0.00217285     0.00233154     0.00233154     
0.00241699     0.00240479     0.00251465     0.0026001     
0.00250244     0.00247803     0.00266113     0.00250244     
0.0024292     0.00230713     0.00245361     0.00238037     
0.00224609     0.00209961     0.00222168     0.00228271     
0.00219727     0.00206299     0.00223389     0.00229492     
0.0022583     0.00228271     0.00235596     0.0024292     
0.00246582     0.0024292     0.00252686     0.00273438     
0.00252686     0.00251465     0.00262451     0.00269775     
0.00258789     0.00253906     0.0026001     0.00257568     
0.00245361     0.00246582     0.00253906     0.00245361     
0.00236816     0.00228271     0.00219727     0.00228271     
0.00213623     0.00203857     0.00217285     0.00218506     
0.00214844     0.00214844     0.00235596     0.00231934     
0.00236816     0.00262451     0.00275879     0.00275879     
0.00289307     0.00286865     0.00284424     0.00291748     
0.00283203     0.00280762     0.0027832     0.00266113     
0.00262451     0.00251465     0.00238037     0.00235596     
0.00229492     0.00228271     0.00249023     0.0024292     
0.00229492     0.00247803     0.00246582     0.00247803     
0.00250244     0.00263672     0.00263672     0.00266113     
0.00264893     0.00272217     0.00267334     0.00272217     
0.00268555     0.00264893     0.00275879     0.00266113     
0.00257568     0.00255127     0.00263672     0.00266113     
0.00257568     0.0026123     0.00274658     0.00269775     
0.00272217     0.002771     0.00269775     0.00273438     
0.00270996     0.00270996     0.00290527     0.00289307     
0.00275879     0.00281982     0.00285645     0.00274658     
0.00279541     0.00269775     0.00281982     0.00284424     
0.00273438     0.00269775     0.00262451     0.00264893     
0.0026123     0.00251465     0.00264893     0.0026123     
0.00257568     0.00250244     0.00247803     0.00257568     
0.00247803     0.0024292     0.00245361     0.00250244     
0.00247803     0.00251465     0.00253906     0.00264893     
0.00253906     0.00263672     0.00275879     0.00263672     
0.0026123     0.00253906     0.00244141     0.00239258     
0.00227051     0.00220947     0.00213623     0.0020752     
0.00206299     0.00195313     0.00196533     0.00198975     
0.00206299     0.00202637     0.00222168     0.00222168     
0.00223389     0.0022583     0.0024292     0.00250244     
0.00250244     0.00246582     0.0026123     0.00255127     
0.0024292     0.0024292     0.00240479     0.00235596     
0.00222168     0.00213623     0.00216064     0.00218506     
0.0020752     0.00194092     0.0020752     0.00211182     
0.00202637     0.00214844     0.0024292     0.00239258     
0.00238037     0.00262451     0.00244141     0.00263672     
0.00258789     0.0026123     0.00275879     0.00264893     
0.00274658     0.00258789     0.0026123     0.00269775     
0.00258789     0.00256348     0.00264893     0.00269775     
0.00257568     0.00257568     0.00262451     0.00258789     
0.00253906     0.00255127     0.0026001     0.00264893     
0.00264893     0.00258789     0.00263672     0.00272217     
0.00258789     0.00250244     0.0026123     0.00263672     
0.00245361     0.00241699     0.00249023     0.00246582     
0.00240479     0.00241699     0.00245361     0.00244141     
0.00249023     0.00241699     0.00250244     0.00255127     
0.00249023     0.00246582     0.00263672     0.00266113     
0.00266113     0.00262451     0.00272217     0.00289307     
0.00274658     0.00283203     0.00292969     0.00310059     
0.00292969     0.00292969     0.00305176     0.00301514     
0.00292969     0.00288086     0.00301514     0.00292969     
0.002771     0.00272217     0.0026123     0.00250244     
0.00236816     0.00233154     0.00223389     0.0020874     
0.00198975     0.00186768     0.0019043     0.00177002     
0.00162354     0.00170898     0.00167236     0.00168457     
0.00177002     0.00174561     0.00180664     0.00181885     
0.00178223     0.00195313     0.00209961     0.00200195     
0.0020752     0.00216064     0.00219727     0.00227051     
0.00228271     0.00227051     0.0024292     0.00250244     
0.00230713     0.0024292     0.00245361     0.00240479     
0.00236816     0.00247803     0.00249023     0.00247803     
0.00238037     0.00233154     0.00231934     0.00233154     
0.00229492     0.00216064     0.00213623     0.00213623     
0.0020874     0.00200195     0.00197754     0.00212402     
0.00192871     0.00211182     0.00223389     0.00227051     
0.00228271     0.00235596     0.00256348     0.0026123     
0.00268555     0.00253906     0.00268555     0.00274658     
0.0026123     0.00262451     0.00257568     0.00251465     
0.00233154     0.00228271     0.00229492     0.00227051     
0.0020874     0.00198975     0.00197754     0.00206299     
0.00197754     0.0019043     0.00187988     0.00186768     
0.00186768     0.00167236     0.00159912     0.00163574     
0.00162354     0.00155029     0.00162354     0.00168457     
0.00151367     0.00158691     0.00167236     0.00177002     
0.0017334     0.00179443     0.0019165     0.00197754     
0.00200195     0.00202637     0.00203857     0.00206299     
0.00209961     0.00214844     0.00212402     0.0020752     
0.00203857     0.00194092     0.0019165     0.00189209     
0.00169678     0.0017334     0.0019165     0.0019165     
0.00181885     0.00197754     0.00203857     0.00214844     
0.00222168     0.00228271     0.00249023     0.00246582     
0.00227051     0.00233154     0.00235596     0.00231934     
0.00219727     0.00222168     0.00212402     0.00212402     
0.00213623     0.00201416     0.00211182     0.00213623     
0.00206299     0.00220947     0.00239258     0.00235596     
0.00234375     0.00252686     0.00240479     0.00262451     
0.00257568     0.0026001     0.00266113     0.0026001     
0.0026001     0.00255127     0.00258789     0.00250244     
0.0022583     0.00228271     0.00238037     0.00213623     
0.00202637     0.00196533     0.00201416     0.00205078     
0.00196533     0.00187988     0.00203857     0.00206299     
0.00201416     0.00196533     0.00205078     0.00217285     
0.00206299     0.00198975     0.00213623     0.00214844     
0.00212402     0.0020752     0.00205078     0.00209961     
0.00206299     0.00203857     0.00201416     0.00206299     
0.0020752     0.00198975     0.00205078     0.0020752     
0.00211182     0.00205078     0.00227051     0.00236816     
0.00240479     0.0024292     0.0026001     0.00263672     
0.00252686     0.00258789     0.00273438     0.00281982     
0.00273438     0.00264893     0.00266113     0.0026001     
0.00251465     0.00252686     0.00251465     0.00244141     
0.00244141     0.00244141     0.00230713     0.00244141     
0.00235596     0.00239258     0.00245361     0.00251465     
0.00249023     0.00246582     0.00246582     0.00255127     
0.00246582     0.00257568     0.00262451     0.00264893     
0.00272217     0.00268555     0.00280762     0.00281982     
0.00281982     0.00286865     0.00307617     0.00308838     
0.00305176     0.00313721     0.00308838     0.00305176     
0.00303955     0.00297852     0.00302734     0.00291748     
0.00272217     0.00270996     0.00270996     0.00250244     
0.00238037     0.00239258     0.00234375     0.00236816     
0.00220947     0.00217285     0.00220947     0.00209961     
0.00206299     0.00206299     0.00209961     0.00213623     
0.00197754     0.00196533     0.00202637     0.00203857     
0.00184326     0.00186768     0.00197754     0.00194092     
0.00180664     0.00181885     0.00185547     0.00187988     
0.0019165     0.00172119     0.00186768     0.00196533     
0.00196533     0.00189209     0.00209961     0.00212402     
0.00220947     0.00220947     0.00228271     0.00245361     
0.00244141     0.00227051     0.00227051     0.00230713     
0.00228271     0.00212402     0.00222168     0.00216064     
0.00209961     0.00198975     0.00197754     0.00200195     
0.0019043     0.00186768     0.00192871     0.00196533     
0.00183105     0.00186768     0.00172119     0.00178223     
0.00181885     0.00180664     0.00195313     0.00203857     
0.00213623     0.00200195     0.00216064     0.00230713     
0.00229492     0.00240479     0.0024292     0.00246582     
0.00250244     0.00244141     0.00241699     0.00244141     
0.00234375     0.00228271     0.00234375     0.00217285     
0.0020752     0.00209961     0.00205078     0.00202637     
0.00197754     0.00196533     0.00209961     0.0020752     
0.00202637     0.00202637     0.00214844     0.00211182     
0.00206299     0.00209961     0.00217285     0.00209961     
0.00209961     0.00198975     0.00206299     0.00202637     
0.00196533     0.00197754     0.00198975     0.00201416     
0.00202637     0.00211182     0.00196533     0.00201416     
0.00211182     0.0020874     0.0022583     0.00227051     
0.00231934     0.00218506     0.00241699     0.00252686     
0.00236816     0.0024292     0.00253906     0.00257568     
0.00258789     0.00257568     0.00270996     0.00269775     
0.00267334     0.00280762     0.00281982     0.00285645     
0.00286865     0.00266113     0.00266113     0.00270996     
0.0024292     0.00236816     0.00228271     0.00223389     
0.00202637     0.00189209     0.00185547     0.00183105     
0.00168457     0.00163574     0.00179443     0.00181885     
0.0017334     0.00167236     0.00181885     0.00178223     
0.00180664     0.00179443     0.00192871     0.0019043     
0.00198975     0.00195313     0.00186768     0.00219727     
0.00192871     0.0019165     0.00200195     0.0020752     
0.00202637     0.0019043     0.0019165     0.00189209     
0.00184326     0.00177002     0.00180664     0.00169678     
0.00174561     0.00164795     0.00169678     0.00175781     
0.00167236     0.0017334     0.00192871     0.00192871     
0.0019165     0.0019043     0.0020752     0.00211182     
0.00205078     0.00209961     0.00214844     0.00224609     
0.00227051     0.0022583     0.00235596     0.00240479     
0.00236816     0.00246582     0.00258789     0.00255127     
0.00263672     0.00263672     0.00266113     0.00267334     
0.00272217     0.00256348     0.0026123     0.00252686     
0.00240479     0.00230713     0.00229492     0.00212402     
0.00196533     0.00203857     0.0019043     0.00181885     
0.0017334     0.00157471     0.00161133     0.0015625     
0.00157471     0.00162354     0.00172119     0.00179443     
0.00181885     0.00187988     0.00201416     0.00222168     
0.00214844     0.00229492     0.00240479     0.00240479     
0.00239258     0.00249023     0.00249023     0.00247803     
0.00245361     0.00240479     0.00241699     0.00255127     
0.00235596     0.00234375     0.00247803     0.00244141     
0.00234375     0.00240479     0.00245361     0.00249023     
0.00239258     0.0022583     0.00219727     0.00222168     
0.00198975     0.0019165     0.00194092     0.00181885     
0.00162354     0.00142822     0.00133057     0.0013916     
0.00124512     0.00115967     0.00117188     0.00128174     
0.00119629     0.00119629     0.00117188     0.00144043     
0.00150146     0.00162354     0.00178223     0.00195313     
0.00202637     0.00218506     0.00229492     0.00231934     
0.00230713     0.0024292     0.00246582     0.00247803     
0.00238037     0.00228271     0.00227051     0.00220947     
0.00206299     0.00195313     0.00197754     0.00181885     
0.00163574     0.00161133     0.00153809     0.00150146     
0.00153809     0.00140381     0.00153809     0.00151367     
0.00146484     0.00147705     0.00159912     0.00155029     
0.00164795     0.00161133     0.0015625     0.00170898     
0.00167236     0.00155029     0.0015625     0.00161133     
0.00153809     0.00161133     0.0017334     0.0017334     
0.00164795     0.00177002     0.00174561     0.00177002     
0.00174561     0.00181885     0.00177002     0.00187988     
0.00181885     0.00174561     0.00174561     0.00180664     
0.00178223     0.00177002     0.00183105     0.0019043     
0.00180664     0.00186768     0.00202637     0.00196533     
0.00206299     0.00201416     0.00194092     0.00186768     
0.00197754     0.00186768     0.00175781     0.00180664     
0.0015625     0.00144043     0.00169678     0.00164795     
0.00162354     0.00158691     0.00162354     0.00177002     
0.00183105     0.00181885     0.00192871     0.00201416     
0.00205078     0.00195313     0.00186768     0.0019165     
0.00185547     0.00177002     0.00180664     0.00178223     
0.00178223     0.00169678     0.00168457     0.00195313     
0.00186768     0.00178223     0.00195313     0.0020752     
0.0020874     0.00205078     0.00213623     0.00220947     
0.00213623     0.00216064     0.00228271     0.00223389     
0.00238037     0.00246582     0.00241699     0.00257568     
0.00258789     0.00249023     0.00257568     0.00252686     
0.00252686     0.00231934     0.00235596     0.00220947     
0.00212402     0.00211182     0.00203857     0.0020752     
0.0020752     0.00200195     0.00205078     0.00216064     
0.00216064     0.00222168     0.00233154     0.00235596     
0.00247803     0.00247803     0.00257568     0.00256348     
0.00262451     0.0026123     0.002771     0.002771     
0.00275879     0.00280762     0.00281982     0.00273438     
0.00269775     0.00281982     0.00274658     0.00268555     
0.00262451     0.00253906     0.00240479     0.00244141     
0.00240479     0.00231934     0.00234375     0.00234375     
0.00218506     0.00209961     0.00230713     0.00231934     
0.00216064     0.00228271     0.00235596     0.00235596     
0.00236816     0.00235596     0.00246582     0.00241699     
0.00250244     0.00244141     0.00246582     0.00253906     
0.00240479     0.00224609     0.00227051     0.00223389     
0.0020752     0.0019043     0.00194092     0.00187988     
0.00167236     0.00157471     0.00146484     0.00144043     
0.00146484     0.00129395     0.00141602     0.00137939     
0.00140381     0.00123291     0.00115967     0.00140381     
0.00129395     0.00123291     0.00130615     0.00144043     
0.00129395     0.00131836     0.00135498     0.00148926     
0.00146484     0.00152588     0.00172119     0.0017334     
0.00170898     0.00177002     0.00184326     0.00192871     
0.00198975     0.00197754     0.00211182     0.00216064     
0.00218506     0.00209961     0.00213623     0.00231934     
0.00218506     0.00218506     0.00224609     0.00217285     
0.00212402     0.00214844     0.00198975     0.0019165     
0.00189209     0.00175781     0.00178223     0.00167236     
0.00158691     0.00157471     0.00148926     0.00137939     
0.00126953     0.00128174     0.00136719     0.00123291     
0.00125732     0.00124512     0.00134277     0.00124512     
0.00144043     0.00153809     0.00169678     0.00164795     
0.00172119     0.00187988     0.00186768     0.00200195     
0.00201416     0.0020752     0.00209961     0.00213623     
0.00211182     0.00203857     0.0020874     0.00219727     
0.00205078     0.00197754     0.00200195     0.00205078     
0.00185547     0.00179443     0.00184326     0.00172119     
0.00153809     0.00178223     0.00174561     0.00167236     
0.00167236     0.00157471     0.00157471     0.00166016     
0.00162354     0.00167236     0.00185547     0.00184326     
0.00195313     0.0019165     0.00201416     0.0020752     
0.00212402     0.00201416     0.00220947     0.00227051     
0.00222168     0.00205078     0.00222168     0.00214844     
0.00212402     0.0020752     0.00211182     0.00218506     
0.00211182     0.00202637     0.00213623     0.00234375     
0.00213623     0.00216064     0.00239258     0.00239258     
0.00222168     0.00229492     0.00246582     0.00244141     
0.00234375     0.00238037     0.00245361     0.00241699     
0.00234375     0.00229492     0.00217285     0.00224609     
0.00217285     0.00200195     0.00203857     0.00202637     
0.00198975     0.0019165     0.0019043     0.00192871     
0.00189209     0.00195313     0.00196533     0.0020874     
0.00211182     0.00197754     0.00211182     0.00219727     
0.0020874     0.00217285     0.00231934     0.00218506     
0.00218506     0.00227051     0.00235596     0.00229492     
0.00235596     0.00239258     0.00252686     0.00240479     
0.00241699     0.00244141     0.0024292     0.0024292     
0.00217285     0.00235596     0.00228271     0.00223389     
0.00211182     0.00203857     0.00200195     0.00200195     
0.0019165     0.00179443     0.00177002     0.00179443     
0.00164795     0.00162354     0.00166016     0.00170898     
0.00152588     0.00162354     0.00184326     0.0017334     
0.00167236     0.00164795     0.00178223     0.00185547     
0.00177002     0.0017334     0.00183105     0.00180664     
0.00169678     0.00169678     0.00177002     0.00184326     
0.00184326     0.00178223     0.00185547     0.0019043     
0.00192871     0.00189209     0.00194092     0.00205078     
0.0019165     0.00189209     0.00205078     0.00197754     
0.00196533     0.00175781     0.00170898     0.0017334     
0.00162354     0.00157471     0.00148926     0.00152588     
0.0013916     0.00140381     0.00128174     0.00140381     
0.0012207     0.0012085     0.00126953     0.00129395     
0.00114746     0.00102539     0.00102539     0.000964355     
0.000891113     0.000927734     0.00090332     0.000915527     
0.000915527     0.000878906     0.00098877     0.00107422     
0.00109863     0.0012207     0.00133057     0.00135498     
0.00153809     0.00161133     0.00166016     0.00181885     
0.00184326     0.00175781     0.0019043     0.0019165     
0.00184326     0.00181885     0.00178223     0.00169678     
0.00161133     0.0015625     0.0015625     0.00146484     
0.00142822     0.00140381     0.00141602     0.00137939     
0.00128174     0.00144043     0.00146484     0.00145264     
0.00145264     0.00158691     0.00152588     0.00172119     
0.00167236     0.00169678     0.00179443     0.00174561     
0.00187988     0.00181885     0.00196533     0.00201416     
0.00194092     0.00197754     0.00211182     0.00216064     
0.00201416     0.0020874     0.00209961     0.00202637     
0.00196533     0.00187988     0.00197754     0.00187988     
0.00183105     0.00167236     0.00168457     0.00183105     
0.00172119     0.00157471     0.00175781     0.00172119     
0.00168457     0.00170898     0.00167236     0.00167236     
0.00164795     0.00159912     0.00164795     0.00168457     
0.00163574     0.00152588     0.00159912     0.00153809     
0.00151367     0.00153809     0.00167236     0.00168457     
0.00162354     0.0015625     0.00157471     0.00189209     
0.00174561     0.00163574     0.00179443     0.00196533     
0.00180664     0.00184326     0.0019165     0.00200195     
0.00189209     0.00194092     0.00195313     0.00192871     
0.00197754     0.0019165     0.00186768     0.00192871     
0.00181885     0.00178223     0.00172119     0.00180664     
0.00183105     0.00163574     0.00181885     0.00175781     
0.00162354     0.0017334     0.00179443     0.00172119     
0.00170898     0.00163574     0.00159912     0.00163574     
0.00148926     0.00148926     0.0015625     0.00141602     
0.00146484     0.00142822     0.00147705     0.00153809     
0.00155029     0.00164795     0.00177002     0.00178223     
0.00170898     0.00183105     0.00180664     0.00179443     
0.00172119     0.00178223     0.00179443     0.00167236     
0.00164795     0.00161133     0.00157471     0.00161133     
0.00158691     0.00148926     0.00166016     0.00175781     
0.00159912     0.00159912     0.0017334     0.00196533     
0.00175781     0.00179443     0.00201416     0.00200195     
0.00200195     0.00205078     0.00202637     0.00203857     
0.00217285     0.00200195     0.00205078     0.00213623     
0.00197754     0.00180664     0.00187988     0.0019165     
0.00174561     0.00167236     0.00179443     0.00179443     
0.00178223     0.00164795     0.00175781     0.00183105     
0.00172119     0.00158691     0.00172119     0.00164795     
0.00162354     0.00155029     0.00157471     0.00158691     
0.00150146     0.00146484     0.00141602     0.00164795     
0.00152588     0.00148926     0.00147705     0.00162354     
0.00147705     0.00152588     0.00167236     0.00162354     
0.00168457     0.00168457     0.00164795     0.00174561     
0.00170898     0.00177002     0.00170898     0.00174561     
0.00179443     0.00158691     0.00158691     0.0015625     
0.00135498     0.00144043     0.00159912     0.00137939     
0.00126953     0.00126953     0.0012085     0.00123291     
0.00123291     0.00115967     0.00133057     0.00128174     
0.00134277     0.00134277     0.00144043     0.00148926     

