Source : transient; Time : Wed Jun 14 08:34:51 2017
B0 = 3316.000000 Gauss, mw = 9.686280 GHz
 NDI-T2 sa261 20/2 42/25 523nm/1mJ
1 5000 -1.001e-06 8.997e-06 0 0
s                        V                                                 
3.66211e-05     -8.54492e-05     -1.2207e-05     8.54492e-05     
8.54492e-05     6.10352e-05     0.00012207     0.000183105     
0.000292969     0.000109863     0.000134277     0.000305176     
0.000378418     0.000366211     0.000378418     0.000402832     
0.000610352     0.000439453     0.00045166     0.000646973     
0.000646973     0.000537109     0.00057373     0.00065918     
0.000732422     0.000537109     0.000561523     0.000622559     
0.000561523     0.000537109     0.000598145     0.000415039     
0.000585938     0.00032959     0.00032959     0.000402832     
0.000622559     0.00057373     0.000500488     0.00057373     
0.000708008     0.000622559     0.000646973     0.000732422     
0.00090332     0.00078125     0.000830078     0.000915527     
0.000915527     0.000756836     0.000683594     0.000756836     
0.000720215     0.000500488     0.000524902     0.000488281     
0.000500488     0.000183105     0.000231934     0.000195313     
0.000231934     0.000280762     0.000183105     0.000378418     
0.000415039     0.000378418     0.000634766     0.000610352     
0.000842285     0.00078125     0.000952148     0.00098877     
0.00111084     0.000878906     0.000952148     0.000939941     
0.00101318     0.000842285     0.000756836     0.000683594     
0.000683594     0.000500488     0.000549316     0.00045166     
0.000463867     0.000366211     0.000256348     0.000415039     
0.000524902     0.00032959     0.000390625     0.000549316     
0.000671387     0.000549316     0.000671387     0.000646973     
0.000854492     0.00078125     0.000708008     0.00090332     
0.000854492     0.000805664     0.000878906     0.000866699     
0.000830078     0.000744629     0.000756836     0.000683594     
0.000793457     0.000708008     0.000683594     0.000744629     
0.000671387     0.000634766     0.000512695     0.000524902     
0.000415039     0.000244141     0.000219727     0.000195313     
0.000134277     1.2207e-05     -1.2207e-05     -3.66211e-05     
0.000109863     1.2207e-05     2.44141e-05     0.000146484     
0.000256348     9.76563e-05     0.000170898     0.000317383     
0.000500488     0.00045166     0.000488281     0.000720215     
0.000744629     0.000720215     0.000805664     0.000756836     
0.000964355     0.00078125     0.000805664     0.000842285     
0.00090332     0.000634766     0.000695801     0.000646973     
0.000561523     0.000354004     0.000354004     0.000439453     
0.000244141     0.00012207     0.000183105     0.00012207     
0.000219727     0.00012207     0.00012207     0.000256348     
0.000280762     0.000341797     0.000244141     0.000500488     
0.00057373     0.00057373     0.000585938     0.000610352     
0.000720215     0.000634766     0.000671387     0.000634766     
0.000549316     0.000476074     0.000463867     0.000317383     
0.000402832     0.000158691     0.000219727     0.000183105     
0.000317383     9.76563e-05     0.000195313     0.000268555     
0.000512695     0.000427246     0.000415039     0.000598145     
0.000744629     0.000634766     0.000866699     0.00090332     
0.00101318     0.000756836     0.000952148     0.000830078     
0.000915527     0.000854492     0.000622559     0.00078125     
0.00078125     0.000500488     0.000500488     0.000585938     
0.000488281     0.000366211     0.000378418     0.000317383     
0.00045166     0.000231934     0.000183105     0.000256348     
0.000134277     -3.66211e-05     -4.88281e-05     -2.44141e-05     
2.44141e-05     -0.00020752     -0.000244141     -4.88281e-05     
8.54492e-05     -4.88281e-05     0     7.32422e-05     
0.000354004     0.000195313     0.000244141     0.000378418     
0.000488281     0.000390625     0.000402832     0.000463867     
0.000439453     0.000195313     0.000195313     0.000170898     
0.000256348     7.32422e-05     7.32422e-05     7.32422e-05     
0.000195313     6.10352e-05     0.000158691     0.00020752     
0.000354004     0.000219727     0.000354004     0.000354004     
0.000390625     0.00032959     0.000268555     0.000244141     
0.000219727     0.00012207     -1.2207e-05     -0.00012207     
-2.44141e-05     -0.000292969     -0.000268555     -0.000268555     
-0.00020752     -0.000109863     -0.000256348     -3.66211e-05     
2.44141e-05     -1.2207e-05     0.000146484     0.000158691     
0.00032959     0.000244141     0.000280762     0.000256348     
0.000280762     0.000170898     0.000244141     0.000183105     
0.000292969     0.000158691     0.000109863     0.000195313     
0.000280762     6.10352e-05     0.000195313     0.000158691     
0.000341797     0.000244141     0.000280762     0.00032959     
0.000366211     0.000268555     0.000231934     0.000305176     
0.000378418     0.000268555     0.000341797     0.000415039     
0.000378418     0.000341797     0.000341797     0.000488281     
0.000524902     0.000402832     0.000463867     0.000512695     
0.000695801     0.000500488     0.000561523     0.000598145     
0.000756836     0.000610352     0.00057373     0.000830078     
0.000842285     0.00078125     0.000878906     0.000976563     
0.00113525     0.00100098     0.00117188     0.0012207     
0.00125732     0.00117188     0.00118408     0.00112305     
0.00118408     0.000976563     0.000927734     0.000927734     
0.000878906     0.00065918     0.000585938     0.000561523     
0.00065918     0.000512695     0.000524902     0.000549316     
0.000622559     0.000439453     0.000476074     0.000512695     
0.000500488     0.000390625     0.000390625     0.000341797     
0.00057373     0.000280762     0.000317383     0.000415039     
0.000415039     0.000402832     0.000439453     0.000463867     
0.000537109     0.000476074     0.00045166     0.000463867     
0.000524902     0.000439453     0.000512695     0.000463867     
0.000512695     0.000561523     0.000463867     0.000524902     
0.000708008     0.000622559     0.00065918     0.000646973     
0.000793457     0.000598145     0.000646973     0.00065918     
0.000695801     0.000549316     0.000537109     0.00057373     
0.000695801     0.000463867     0.000537109     0.000378418     
0.000549316     0.000439453     0.00032959     0.000292969     
0.000317383     0.000183105     7.32422e-05     -2.44141e-05     
-1.2207e-05     -0.00012207     -0.000170898     -0.000219727     
-1.2207e-05     -0.000305176     -4.88281e-05     -1.2207e-05     
6.10352e-05     4.88281e-05     8.54492e-05     0.00020752     
0.000244141     6.10352e-05     0.000146484     0.000268555     
0.000317383     0.000219727     0.000256348     0.000378418     
0.000634766     0.00045166     0.000512695     0.000695801     
0.000769043     0.000793457     0.000744629     0.000830078     
0.000927734     0.000732422     0.000720215     0.000732422     
0.000720215     0.000524902     0.000585938     0.000634766     
0.000756836     0.000524902     0.00065918     0.000695801     
0.000878906     0.000769043     0.000805664     0.000915527     
0.0010376     0.000854492     0.000915527     0.000939941     
0.00098877     0.000854492     0.000805664     0.000915527     
0.000939941     0.000830078     0.000817871     0.000793457     
0.00100098     0.000866699     0.00101318     0.00102539     
0.00115967     0.0012207     0.00119629     0.00123291     
0.00137939     0.00128174     0.00131836     0.00142822     
0.0015625     0.00133057     0.00141602     0.00145264     
0.00134277     0.00140381     0.00131836     0.00126953     
0.00129395     0.00098877     0.00112305     0.000927734     
0.000915527     0.000756836     0.000720215     0.000671387     
0.000598145     0.000378418     0.000463867     0.000317383     
0.000390625     0.000341797     0.00032959     0.000354004     
0.000561523     0.000354004     0.000354004     0.000366211     
0.000561523     0.000439453     0.000427246     0.000402832     
0.000378418     0.00020752     0.000231934     0.000146484     
0.000231934     -3.66211e-05     4.88281e-05     -4.88281e-05     
4.88281e-05     -7.32422e-05     -4.88281e-05     1.2207e-05     
3.66211e-05     -1.2207e-05     0     0.000134277     
0.000231934     7.32422e-05     0.00020752     0.00020752     
0.000317383     0.000280762     0.000244141     0.000378418     
0.000366211     0.000366211     0.000476074     0.00057373     
0.000646973     0.000610352     0.000646973     0.000610352     
0.000695801     0.000512695     0.000549316     0.000549316     
0.00057373     0.000415039     0.00045166     0.000524902     
0.000585938     0.000195313     0.000317383     0.000366211     
0.000439453     0.000231934     0.000244141     0.000390625     
0.00045166     0.000402832     0.000476074     0.000500488     
0.00065918     0.000634766     0.000646973     0.00065918     
0.000842285     0.00065918     0.000769043     0.000769043     
0.000769043     0.000756836     0.000622559     0.000744629     
0.000732422     0.00057373     0.000524902     0.000610352     
0.000585938     0.00020752     8.54492e-05     -3.66211e-05     
-0.000244141     -0.000671387     -0.00101318     -0.00126953     
-0.00169678     -0.00216064     -0.00266113     -0.00294189     
-0.00335693     -0.00400391     -0.0043335     -0.00469971     
-0.00506592     -0.00561523     -0.00603027     -0.00654297     
-0.00662842     -0.00721436     -0.00759277     -0.00806885     
-0.00822754     -0.00864258     -0.00889893     -0.00931396     
-0.00950928     -0.00991211     -0.0101929     -0.010437     
-0.0106812     -0.011084     -0.0114014     -0.011731     
-0.0119751     -0.0125977     -0.0127075     -0.0131714     
-0.0134155     -0.0139038     -0.0142822     -0.0145264     
-0.014917     -0.0153687     -0.0156494     -0.0159912     
-0.0162964     -0.016748     -0.01698     -0.017334     
-0.0175415     -0.0181152     -0.0184937     -0.0186646     
-0.0190063     -0.0194214     -0.0198608     -0.0201904     
-0.0202759     -0.0207886     -0.0211914     -0.0213379     
-0.0215576     -0.0219727     -0.0222046     -0.0224365     
-0.0225098     -0.022937     -0.0230225     -0.0231689     
-0.0233765     -0.0236328     -0.0237915     -0.0239258     
-0.0240723     -0.024353     -0.0244751     -0.024707     
-0.0248291     -0.0250732     -0.0253418     -0.0255493     
-0.025708     -0.0260132     -0.0262939     -0.0265625     
-0.0267334     -0.0272339     -0.0274414     -0.0276489     
-0.0279297     -0.0282837     -0.0284424     -0.0285034     
-0.0287476     -0.0289429     -0.0291748     -0.0293335     
-0.0293213     -0.0297119     -0.0296509     -0.0297119     
-0.029895     -0.0300659     -0.0303345     -0.0304321     
-0.0305664     -0.030957     -0.0311523     -0.0313477     
-0.0314697     -0.0318115     -0.0319458     -0.0321533     
-0.0323364     -0.0325806     -0.0326172     -0.0328125     
-0.0327515     -0.0328735     -0.0329346     -0.0329224     
-0.0328979     -0.0331665     -0.0331909     -0.0332764     
-0.0332275     -0.0334473     -0.0335938     -0.033667     
-0.0337402     -0.0340088     -0.0339722     -0.0340454     
-0.0340332     -0.0343262     -0.0342041     -0.0341553     
-0.0341064     -0.0342651     -0.0341553     -0.0342041     
-0.0341309     -0.0341309     -0.0342407     -0.0342651     
-0.0342773     -0.0344971     -0.0344604     -0.034668     
-0.0346069     -0.0346924     -0.0348022     -0.0347534     
-0.0347778     -0.0348022     -0.0348267     -0.0347412     
-0.0345337     -0.0347046     -0.0347168     -0.0346069     
-0.0344604     -0.0345947     -0.0345459     -0.0345947     
-0.0344971     -0.0346924     -0.0346436     -0.0346802     
-0.0345215     -0.034668     -0.0346069     -0.0345093     
-0.0343506     -0.0343872     -0.0342896     -0.0341431     
-0.0339722     -0.0341064     -0.0340576     -0.0341187     
-0.0340332     -0.0340942     -0.0341919     -0.0342407     
-0.0340088     -0.0343628     -0.0343262     -0.0342041     
-0.0341553     -0.0341431     -0.0341187     -0.0340088     
-0.0337891     -0.03396     -0.0338013     -0.0336182     
-0.0335083     -0.0335571     -0.0334595     -0.0333862     
-0.0333618     -0.0334106     -0.0333496     -0.0332764     
-0.0332031     -0.0332153     -0.033252     -0.0331543     
-0.0329346     -0.0329468     -0.0328735     -0.0327393     
-0.0325439     -0.0323853     -0.0322021     -0.0321167     
-0.0318359     -0.0318726     -0.0315796     -0.0315063     
-0.0312378     -0.0312134     -0.0311035     -0.0309082     
-0.0307983     -0.0308838     -0.0307983     -0.0307617     
-0.0306763     -0.0307617     -0.0305908     -0.0304443     
-0.0303711     -0.0305542     -0.0302368     -0.0302246     
-0.0300537     -0.0300659     -0.0300903     -0.0299316     
-0.0297363     -0.0298218     -0.0297363     -0.0295532     
-0.0292847     -0.0293091     -0.0292236     -0.0290161     
-0.0287109     -0.0287109     -0.0285156     -0.0281982     
-0.0280396     -0.0279297     -0.0279053     -0.0276855     
-0.0274658     -0.0276733     -0.0275024     -0.0273438     
-0.0271484     -0.0273071     -0.0272217     -0.027002     
-0.0269165     -0.0270752     -0.0268311     -0.0266602     
-0.0265503     -0.0265259     -0.026416     -0.0262207     
-0.0260498     -0.0260498     -0.0259155     -0.0256958     
-0.0254761     -0.0254761     -0.0253418     -0.0252441     
-0.0251099     -0.0251099     -0.0250122     -0.0249634     
-0.0248657     -0.024939     -0.0247314     -0.0247559     
-0.0245972     -0.0245728     -0.0245117     -0.0244141     
-0.0243408     -0.0244019     -0.0242798     -0.0241699     
-0.0240601     -0.0241455     -0.0240845     -0.0239258     
-0.0238037     -0.0237549     -0.0237183     -0.0234985     
-0.0235107     -0.023584     -0.0234253     -0.0233887     
-0.0232056     -0.0231567     -0.0231812     -0.0231079     
-0.0229126     -0.0229248     -0.0228027     -0.0227783     
-0.0224854     -0.0224976     -0.0225464     -0.0223511     
-0.0222168     -0.0222778     -0.0220459     -0.0220093     
-0.0217651     -0.0217896     -0.0217163     -0.0214966     
-0.0212769     -0.0214233     -0.0212402     -0.0211548     
-0.0209473     -0.0210571     -0.0208862     -0.0208252     
-0.0206787     -0.0207642     -0.0206909     -0.0205078     
-0.0203613     -0.0203491     -0.0202515     -0.0200195     
-0.0198608     -0.0199585     -0.0197144     -0.0196533     
-0.0194702     -0.0195313     -0.019519     -0.0192993     
-0.0193726     -0.0194946     -0.0193848     -0.0193237     
-0.0193115     -0.019397     -0.0193604     -0.0191895     
-0.019043     -0.0191895     -0.019043     -0.0189331     
-0.0186523     -0.01875     -0.0185669     -0.0184082     
-0.0182617     -0.0183472     -0.0182739     -0.0182129     
-0.0180298     -0.0181763     -0.018103     -0.0180542     
-0.0181396     -0.0182495     -0.018103     -0.0180908     
-0.0179199     -0.0179932     -0.0178955     -0.0177612     
-0.0175781     -0.0176758     -0.0175293     -0.0174072     
-0.0173218     -0.0173462     -0.017395     -0.0173218     
-0.0172852     -0.0174683     -0.017395     -0.0173828     
-0.0172852     -0.0174683     -0.0174438     -0.0174927     
-0.0174438     -0.0174927     -0.0175049     -0.0173584     
-0.0173706     -0.0174194     -0.0173218     -0.0172729     
-0.0171875     -0.017334     -0.0172729     -0.0172241     
-0.0171387     -0.0172729     -0.0172363     -0.0173462     
-0.0172363     -0.0174561     -0.0174927     -0.0174805     
-0.0174194     -0.0175659     -0.0177246     -0.0176025     
-0.0176025     -0.0177612     -0.0177246     -0.0177124     
-0.0175659     -0.0177246     -0.0176636     -0.0175659     
-0.0174927     -0.0176392     -0.0174561     -0.0174561     
-0.0173828     -0.0173706     -0.0173584     -0.0173706     
-0.0172607     -0.017395     -0.0174072     -0.0173462     
-0.0173706     -0.0174805     -0.0174805     -0.0175049     
-0.0173706     -0.0174683     -0.0175293     -0.017395     
-0.0174072     -0.0174683     -0.0174683     -0.0173584     
-0.0172241     -0.0173706     -0.0172729     -0.0171753     
-0.0171997     -0.0172241     -0.0172852     -0.0171997     
-0.0171631     -0.0174438     -0.0172607     -0.0173096     
-0.0172363     -0.0173706     -0.0174316     -0.0174316     
-0.0172974     -0.0175903     -0.0175415     -0.0175903     
-0.0175537     -0.0176514     -0.0176025     -0.0175781     
-0.0175903     -0.017749     -0.0177368     -0.0178101     
-0.0176758     -0.0178345     -0.0178711     -0.0178223     
-0.0179199     -0.018103     -0.018042     -0.0181152     
-0.0180664     -0.0181641     -0.0182129     -0.0182007     
-0.0180054     -0.0181396     -0.0181274     -0.0180786     
-0.0179932     -0.0179688     -0.0181641     -0.0179443     
-0.0179443     -0.0181763     -0.0180542     -0.0181396     
-0.018103     -0.0182617     -0.0183716     -0.018396     
-0.0183716     -0.0185547     -0.0185059     -0.0185913     
-0.0184937     -0.0186523     -0.0186157     -0.0185547     
-0.0185303     -0.0186646     -0.0186035     -0.0185425     
-0.0186035     -0.0186279     -0.0186646     -0.0187378     
-0.0186401     -0.01875     -0.0186646     -0.0187378     
-0.0185669     -0.0186523     -0.0186768     -0.0186157     
-0.0184814     -0.0185913     -0.0185669     -0.0185059     
-0.018335     -0.0184326     -0.0185303     -0.018457     
-0.0183716     -0.0185913     -0.0184448     -0.0184814     
-0.0185181     -0.0185913     -0.0186646     -0.0185913     
-0.0185303     -0.0186401     -0.0187134     -0.0187012     
-0.0185181     -0.0187744     -0.0187622     -0.0186523     
-0.0185913     -0.0187622     -0.0186646     -0.0187012     
-0.0185181     -0.0186768     -0.0185913     -0.0186401     
-0.0185181     -0.0186768     -0.0186401     -0.018689     
-0.0184937     -0.0186768     -0.0186401     -0.0186279     
-0.0186035     -0.0186157     -0.0186279     -0.0186401     
-0.0185547     -0.018689     -0.0186646     -0.0186157     
-0.0184692     -0.018689     -0.0185791     -0.0184814     
-0.0184082     -0.0183594     -0.0184326     -0.018335     
-0.0182373     -0.0183838     -0.0183472     -0.0182983     
-0.0181519     -0.0183594     -0.0182861     -0.0182739     
-0.0182495     -0.0183472     -0.0183472     -0.0182983     
-0.0182495     -0.0183472     -0.0182861     -0.0182495     
-0.0182495     -0.0184082     -0.0183228     -0.018335     
-0.0182739     -0.0183838     -0.018457     -0.0183472     
-0.0182373     -0.0184082     -0.0183228     -0.0183472     
-0.0182007     -0.0183594     -0.0183594     -0.0182861     
-0.0181763     -0.0183472     -0.0182983     -0.0182251     
-0.0181274     -0.0180542     -0.0180664     -0.0179565     
-0.0177368     -0.0179321     -0.0177246     -0.0176392     
-0.0174438     -0.0174927     -0.0174072     -0.0172119     
-0.0171875     -0.0173706     -0.0173462     -0.0172852     
-0.0172729     -0.0174072     -0.0174194     -0.0174316     
-0.0174194     -0.0176147     -0.0176025     -0.0174438     
-0.0174561     -0.0174683     -0.0174316     -0.0172974     
-0.0171753     -0.0171753     -0.0171509     -0.0169678     
-0.0167969     -0.0168579     -0.0167847     -0.0167114     
-0.0165405     -0.0167603     -0.0166382     -0.016687     
-0.0165527     -0.0167114     -0.0168091     -0.0169189     
-0.0167847     -0.017041     -0.0171021     -0.0171387     
-0.0170532     -0.0172241     -0.0172607     -0.0172241     
-0.0171387     -0.0172485     -0.0171753     -0.0171509     
-0.0169556     -0.01698     -0.0168579     -0.0166382     
-0.0165649     -0.0165527     -0.0165039     -0.0164429     
-0.0163208     -0.016333     -0.0164917     -0.0164917     
-0.0163086     -0.0166504     -0.016626     -0.0166382     
-0.0167114     -0.0166504     -0.0168335     -0.0167236     
-0.0165527     -0.0166504     -0.0165283     -0.0163818     
-0.0161255     -0.0161255     -0.0160034     -0.0157593     
-0.0156372     -0.0156128     -0.0153931     -0.0152832     
-0.0151001     -0.0151123     -0.0150757     -0.0150879     
-0.0149414     -0.0150635     -0.0150024     -0.0149902     
-0.0149292     -0.0149414     -0.0149048     -0.0148071     
-0.0147217     -0.0147339     -0.0146606     -0.0145264     
-0.0143188     -0.0144287     -0.01427     -0.0141968     
-0.0140015     -0.0140869     -0.0140259     -0.0137817     
-0.0137085     -0.0137939     -0.0138184     -0.0136108     
-0.0135986     -0.0137695     -0.0136841     -0.0135742     
-0.0135254     -0.0135986     -0.0137329     -0.0136719     
-0.0136719     -0.0138062     -0.0137451     -0.0137695     
-0.0137329     -0.013916     -0.013855     -0.0138062     
-0.0136841     -0.013855     -0.0138306     -0.0137451     
-0.0135986     -0.0137573     -0.013623     -0.0135376     
-0.0132813     -0.0134277     -0.0132813     -0.0131836     
-0.0129883     -0.0131104     -0.0130615     -0.0130493     
-0.0130127     -0.0131104     -0.0131348     -0.0131592     
-0.013147     -0.0133179     -0.0133179     -0.0133423     
-0.0131348     -0.0133301     -0.0132202     -0.0131348     
-0.0131104     -0.0129761     -0.0130127     -0.0128174     
-0.0127808     -0.012915     -0.0127197     -0.0126709     
-0.0126221     -0.0128296     -0.0126831     -0.0127197     
-0.0128052     -0.0128662     -0.0128174     -0.0128052     
-0.0127686     -0.0127197     -0.0126343     -0.0125366     
-0.0124146     -0.0124512     -0.0122437     -0.012146     
-0.0119385     -0.0119507     -0.0118042     -0.0118286     
-0.0117554     -0.0118652     -0.011853     -0.0118774     
-0.0118286     -0.0119995     -0.0120483     -0.0120483     
-0.0119995     -0.0123413     -0.0121948     -0.0121582     
-0.0121338     -0.0122314     -0.0121948     -0.012207     
-0.0120605     -0.012207     -0.0121338     -0.0120361     
-0.0119141     -0.0119873     -0.0120117     -0.0118896     
-0.0118286     -0.0119263     -0.0119751     -0.011792     
-0.0117676     -0.0118408     -0.011853     -0.0118408     
-0.0116455     -0.0118652     -0.011792     -0.0116455     
-0.0116821     -0.0116821     -0.0117188     -0.0115967     
-0.0115112     -0.0117065     -0.0116211     -0.0115723     
-0.0114502     -0.0116333     -0.0115112     -0.0115234     
-0.0114258     -0.0115845     -0.0115112     -0.011438     
-0.0112915     -0.0114014     -0.0113525     -0.0112549     
-0.0112183     -0.0113403     -0.0113525     -0.0113525     
-0.0112793     -0.0114502     -0.0115723     -0.0115845     
-0.0115356     -0.011792     -0.0118286     -0.0119507     
-0.0119019     -0.0121094     -0.012207     -0.0121826     
-0.012146     -0.0124023     -0.0123169     -0.0122192     
-0.0122314     -0.0122925     -0.0121948     -0.0121094     
-0.0120239     -0.0121216     -0.0119873     -0.0118408     
-0.0117432     -0.0116211     -0.0116577     -0.0114624     
-0.0113525     -0.011438     -0.0113403     -0.0112671     
-0.0112305     -0.0112061     -0.0112671     -0.0112305     
-0.0112549     -0.0114136     -0.0112549     -0.011377     
-0.0112793     -0.0112793     -0.0112915     -0.0112915     
-0.0111694     -0.0113525     -0.0112915     -0.0113159     
-0.0111816     -0.0113037     -0.0113892     -0.0112671     
-0.0112061     -0.0115234     -0.0114258     -0.0114258     
-0.0114014     -0.0116577     -0.0115967     -0.0115601     
-0.0114868     -0.0116699     -0.0116699     -0.0116455     
-0.0114502     -0.0114136     -0.011377     -0.0112427     
-0.0110596     -0.0111328     -0.0108643     -0.0109985     
-0.0107788     -0.0108032     -0.0109009     -0.0108032     
-0.0108398     -0.0109375     -0.0110107     -0.0111084     
-0.0109619     -0.0112061     -0.0112915     -0.0112793     
-0.0112549     -0.0115356     -0.011499     -0.0115479     
-0.0114746     -0.011731     -0.0116821     -0.0116943     
-0.0117065     -0.0118042     -0.0117188     -0.0117065     
-0.0115967     -0.0116699     -0.0115479     -0.0116821     
-0.0115845     -0.0117432     -0.0116699     -0.0116699     
-0.0116577     -0.0117188     -0.0117554     -0.0118652     
-0.0117432     -0.0119751     -0.0120239     -0.0120483     
-0.0119995     -0.0121338     -0.012207     -0.012207     
-0.012146     -0.0122925     -0.0122314     -0.0122437     
-0.0120483     -0.0121216     -0.0120605     -0.0120117     
-0.0118896     -0.0119141     -0.0119629     -0.0118774     
-0.0117798     -0.0119995     -0.0120239     -0.0120361     
-0.0120483     -0.0121826     -0.0121826     -0.0121704     
-0.0119873     -0.0121704     -0.0120728     -0.0120361     
-0.0118896     -0.0119263     -0.0117676     -0.0118408     
-0.0116577     -0.0118042     -0.0117676     -0.011731     
-0.0116333     -0.0117798     -0.0117676     -0.0118042     
-0.0117188     -0.011792     -0.0117554     -0.011792     
-0.0116943     -0.0119507     -0.0118896     -0.0119507     
-0.0117676     -0.011853     -0.011853     -0.011792     
-0.0117432     -0.011853     -0.0118408     -0.0117676     
-0.0116699     -0.0118042     -0.0116821     -0.0116821     
-0.0115479     -0.0117065     -0.0116089     -0.0114868     
-0.0114258     -0.0115234     -0.0114502     -0.0113403     
-0.0111938     -0.0113647     -0.0112305     -0.0110962     
-0.0111084     -0.0113159     -0.0113037     -0.0111938     
-0.0112183     -0.0114624     -0.0114624     -0.0114746     
-0.0114014     -0.0115356     -0.0115723     -0.0115967     
-0.0114502     -0.0116455     -0.0114502     -0.011377     
-0.0112305     -0.011145     -0.0111938     -0.0111328     
-0.0110352     -0.0112671     -0.0111816     -0.0112427     
-0.0111938     -0.0114502     -0.011438     -0.0115479     
-0.0116211     -0.0117798     -0.0118408     -0.0118164     
-0.0118286     -0.0119141     -0.0119629     -0.011853     
-0.011731     -0.0118896     -0.0117554     -0.0116577     
-0.0116821     -0.0115723     -0.0116089     -0.0113647     
-0.0112671     -0.011377     -0.0112183     -0.0111084     
-0.0109009     -0.0108765     -0.0108765     -0.0106201     
-0.010498     -0.0105713     -0.0104126     -0.0103516     
-0.0101563     -0.0102173     -0.0101929     -0.0101318     
-0.0100952     -0.0102661     -0.0102417     -0.0102539     
-0.0102173     -0.010437     -0.0104492     -0.0105225     
-0.0104248     -0.0106445     -0.01073     -0.0106812     
-0.0105713     -0.0108032     -0.0107178     -0.0108398     
-0.0105591     -0.0106934     -0.0107178     -0.0105591     
-0.010437     -0.0105957     -0.0106323     -0.0104004     
-0.0103882     -0.0104858     -0.010437     -0.0104614     
-0.0102295     -0.0103638     -0.0104248     -0.0102173     
-0.0102173     -0.0102905     -0.0101807     -0.0102173     
-0.00998535     -0.0101196     -0.010083     -0.0101196     
-0.0100464     -0.0103027     -0.0102905     -0.0103149     
-0.0103149     -0.0105469     -0.010498     -0.0104858     
-0.0104126     -0.0105591     -0.0104492     -0.0104614     
-0.0102295     -0.0102417     -0.0101563     -0.0101074     
-0.00994873     -0.0100098     -0.00992432     -0.00983887     
-0.00975342     -0.00980225     -0.00987549     -0.00981445     
-0.00965576     -0.00997314     -0.00985107     -0.00982666     
-0.00980225     -0.00998535     -0.0100342     -0.00993652     
-0.00975342     -0.010022     -0.0100342     -0.00996094     
-0.00979004     -0.0100342     -0.00991211     -0.00987549     
-0.00991211     -0.00996094     -0.0100586     -0.00996094     
-0.00991211     -0.010022     -0.00999756     -0.0100464     
-0.00981445     -0.00996094     -0.00991211     -0.00983887     
-0.00974121     -0.00977783     -0.00981445     -0.00977783     
-0.00966797     -0.00980225     -0.00976563     -0.00968018     
-0.00961914     -0.00969238     -0.00965576     -0.00952148     
-0.00939941     -0.00958252     -0.00952148     -0.00936279     
-0.00932617     -0.00947266     -0.00939941     -0.00952148     
-0.009375     -0.00957031     -0.00952148     -0.00959473     
-0.00947266     -0.00952148     -0.00955811     -0.00942383     
-0.00932617     -0.00938721     -0.00931396     -0.00915527     
-0.009021     -0.00900879     -0.0088623     -0.00878906     
-0.00861816     -0.00880127     -0.00882568     -0.00866699     
-0.00866699     -0.00875244     -0.00882568     -0.00881348     
-0.00872803     -0.00888672     -0.00889893     -0.00895996     
-0.00887451     -0.009021     -0.00900879     -0.00898438     
-0.00892334     -0.009021     -0.00893555     -0.00893555     
-0.0088623     -0.0090332     -0.00894775     -0.00895996     
-0.00882568     -0.00894775     -0.00889893     -0.00877686     
-0.00872803     -0.00893555     -0.00892334     -0.00891113     
-0.00883789     -0.00908203     -0.00909424     -0.00904541     
-0.00898438     -0.00919189     -0.00927734     -0.00911865     
-0.00915527     -0.00925293     -0.00925293     -0.00915527     
-0.0090332     -0.00908203     -0.00906982     -0.00898438     
-0.00882568     -0.00892334     -0.00878906     -0.00865479     
-0.00861816     -0.00838623     -0.00844727     -0.00827637     
-0.00821533     -0.00820313     -0.00804443     -0.00814209     
-0.00788574     -0.00800781     -0.00806885     -0.00795898     
-0.00791016     -0.00808105     -0.00804443     -0.00805664     
-0.00804443     -0.00817871     -0.00819092     -0.00810547     
-0.00808105     -0.00831299     -0.00827637     -0.00819092     
-0.00799561     -0.0081665     -0.0081543     -0.00812988     
-0.00799561     -0.00811768     -0.00817871     -0.0081543     
-0.0079834     -0.00814209     -0.0081665     -0.00819092     
-0.00805664     -0.00828857     -0.00836182     -0.0083252     
-0.00830078     -0.00843506     -0.00861816     -0.00859375     
-0.00853271     -0.00883789     -0.00875244     -0.00891113     
-0.0088623     -0.00904541     -0.00917969     -0.0090332     
-0.00904541     -0.00915527     -0.00917969     -0.00909424     
-0.0088623     -0.00893555     -0.00893555     -0.00882568     
-0.00859375     -0.00876465     -0.00858154     -0.00849609     
-0.00838623     -0.00849609     -0.00834961     -0.00834961     
-0.00830078     -0.00845947     -0.0083252     -0.00830078     
-0.00826416     -0.00834961     -0.00828857     -0.00838623     
-0.00828857     -0.00852051     -0.00849609     -0.00836182     
-0.0083252     -0.00853271     -0.00847168     -0.00841064     
-0.00821533     -0.00839844     -0.00828857     -0.00821533     
-0.00810547     -0.00812988     -0.00810547     -0.00806885     
-0.00809326     -0.00820313     -0.00830078     -0.00841064     
-0.00831299     -0.00860596     -0.00860596     -0.00856934     
-0.00875244     -0.00881348     -0.00893555     -0.0088623     
-0.00882568     -0.00897217     -0.00882568     -0.00883789     
-0.00872803     -0.00878906     -0.00874023     -0.00860596     
-0.00855713     -0.00853271     -0.0085083     -0.0083252     
-0.00817871     -0.00828857     -0.00822754     -0.00812988     
-0.00803223     -0.0081543     -0.0081665     -0.0081543     
-0.00810547     -0.00817871     -0.00831299     -0.00826416     
-0.00822754     -0.00841064     -0.00847168     -0.00854492     
-0.00842285     -0.00865479     -0.00860596     -0.0086792     
-0.00872803     -0.00881348     -0.0088501     -0.00882568     
-0.00892334     -0.00913086     -0.00909424     -0.0090332     
-0.00908203     -0.00921631     -0.00917969     -0.00914307     
-0.00904541     -0.00917969     -0.00921631     -0.00908203     
-0.00898438     -0.00915527     -0.00917969     -0.00913086     
-0.00906982     -0.00921631     -0.00922852     -0.00922852     
-0.00910645     -0.00917969     -0.00928955     -0.00930176     
-0.00922852     -0.00942383     -0.00939941     -0.00931396     
-0.00925293     -0.00935059     -0.009375     -0.00933838     
-0.00919189     -0.00943604     -0.00933838     -0.00927734     
-0.00922852     -0.00931396     -0.00927734     -0.00921631     
-0.0090332     -0.00917969     -0.00900879     -0.00899658     
-0.00877686     -0.00892334     -0.00882568     -0.00877686     
-0.00869141     -0.00877686     -0.00881348     -0.0086792     
-0.00875244     -0.00880127     -0.00887451     -0.00881348     
-0.00869141     -0.00898438     -0.00899658     -0.00889893     
-0.00895996     -0.0090332     -0.00911865     -0.00900879     
-0.00909424     -0.00922852     -0.0092041     -0.00921631     
-0.0092041     -0.00925293     -0.00924072     -0.00919189     
-0.00914307     -0.00919189     -0.00904541     -0.00900879     
-0.0088501     -0.00883789     -0.00877686     -0.00876465     
-0.00865479     -0.00875244     -0.00863037     -0.00866699     
-0.00842285     -0.00848389     -0.0085083     -0.00843506     
-0.0081543     -0.00841064     -0.0083374     -0.00823975     
-0.00806885     -0.00826416     -0.00812988     -0.00817871     
-0.00812988     -0.00838623     -0.00831299     -0.00827637     
-0.0083374     -0.00847168     -0.00855713     -0.00842285     
-0.00853271     -0.00878906     -0.0086792     -0.00869141     
-0.00863037     -0.00861816     -0.00872803     -0.00861816     
-0.0086792     -0.00865479     -0.00870361     -0.00863037     
-0.00854492     -0.00861816     -0.00864258     -0.00845947     
-0.0083252     -0.0085083     -0.00844727     -0.00843506     
-0.0083252     -0.00852051     -0.0083252     -0.00836182     
-0.00825195     -0.00849609     -0.0083374     -0.00830078     
-0.00817871     -0.00826416     -0.00819092     -0.00812988     
-0.00812988     -0.00817871     -0.00806885     -0.00793457     
-0.00777588     -0.00793457     -0.00794678     -0.00784912     
-0.0076416     -0.00782471     -0.00770264     -0.00765381     
-0.00753174     -0.00759277     -0.00760498     -0.00751953     
-0.00738525     -0.00754395     -0.00749512     -0.00753174     
-0.00753174     -0.00769043     -0.00772705     -0.00783691     
-0.00782471     -0.00797119     -0.00806885     -0.00794678     
-0.00788574     -0.00805664     -0.00804443     -0.00787354     
-0.00780029     -0.0079834     -0.00791016     -0.00782471     
-0.0078125     -0.00795898     -0.00788574     -0.00797119     
-0.00795898     -0.00808105     -0.00809326     -0.00800781     
-0.00791016     -0.00810547     -0.00806885     -0.00799561     
-0.0078125     -0.0079834     -0.00802002     -0.00789795     
-0.00775146     -0.00800781     -0.00809326     -0.00793457     
-0.00791016     -0.00820313     -0.00811768     -0.00809326     
-0.00795898     -0.00805664     -0.00804443     -0.0079834     
-0.00795898     -0.00805664     -0.00808105     -0.00791016     
-0.00778809     -0.00788574     -0.00786133     -0.00788574     
-0.00776367     -0.00789795     -0.00789795     -0.00773926     
-0.00776367     -0.00780029     -0.00780029     -0.00773926     
-0.00758057     -0.00773926     -0.00767822     -0.0076416     
-0.00748291     -0.00751953     -0.00750732     -0.00737305     
-0.00717773     -0.00736084     -0.00714111     -0.0071167     
-0.00701904     -0.00722656     -0.00701904     -0.00701904     
-0.00695801     -0.00714111     -0.00715332     -0.00715332     
-0.00709229     -0.00714111     -0.00727539     -0.0072998     
-0.00710449     -0.0072998     -0.00725098     -0.00726318     
-0.00717773     -0.00742188     -0.00722656     -0.00723877     
-0.00716553     -0.0072998     -0.00733643     -0.00717773     
-0.00714111     -0.00714111     -0.00715332     -0.00703125     
-0.00686035     -0.00709229     -0.00697021     -0.00687256     
-0.00684814     -0.00687256     -0.00692139     -0.0067749     
-0.00682373     -0.00712891     -0.00706787     -0.00721436     
-0.00723877     -0.00739746     -0.00740967     -0.0074585     
-0.00744629     -0.00761719     -0.00760498     -0.0076416     
-0.00748291     -0.00767822     -0.00762939     -0.0076416     
-0.00753174     -0.00776367     -0.00767822     -0.00758057     
-0.00756836     -0.0076416     -0.00753174     -0.00751953     
-0.0074585     -0.00759277     -0.00737305     -0.00721436     
-0.00716553     -0.0072876     -0.00712891     -0.00709229     
-0.0069458     -0.0069458     -0.00698242     -0.00675049     
-0.00661621     -0.00675049     -0.00673828     -0.00655518     
-0.00634766     -0.00651855     -0.00639648     -0.00644531     
-0.00632324     -0.00633545     -0.00653076     -0.00644531     
-0.00646973     -0.00661621     -0.00668945     -0.00678711     
-0.00675049     -0.00698242     -0.00698242     -0.00701904     
-0.00704346     -0.00725098     -0.00716553     -0.00721436     
-0.00716553     -0.00720215     -0.00723877     -0.00712891     
-0.00693359     -0.0071167     -0.00700684     -0.00705566     
-0.00688477     -0.00701904     -0.00699463     -0.0069458     
-0.00697021     -0.0071167     -0.00710449     -0.00710449     
-0.00703125     -0.00717773     -0.00721436     -0.00721436     
-0.00712891     -0.0072998     -0.00722656     -0.00712891     
-0.00710449     -0.00718994     -0.00716553     -0.00701904     
-0.00699463     -0.00714111     -0.00701904     -0.00700684     
-0.00686035     -0.00697021     -0.00697021     -0.00675049     
-0.00667725     -0.00679932     -0.0067749     -0.00664063     
-0.006604     -0.00670166     -0.00673828     -0.00670166     
-0.00670166     -0.00690918     -0.00688477     -0.0069458     
-0.0069458     -0.00710449     -0.00704346     -0.00705566     
-0.00699463     -0.00716553     -0.00704346     -0.00705566     
-0.00688477     -0.00695801     -0.00686035     -0.00683594     
-0.00678711     -0.00684814     -0.00681152     -0.00667725     
-0.00661621     -0.00668945     -0.006604     -0.00648193     
-0.00643311     -0.00666504     -0.0065918     -0.00661621     
-0.00648193     -0.00667725     -0.00670166     -0.00671387     
-0.00664063     -0.00689697     -0.00684814     -0.0067749     
-0.00670166     -0.0067627     -0.00681152     -0.0067749     
-0.00662842     -0.00681152     -0.00682373     -0.00675049     
-0.00673828     -0.00681152     -0.00675049     -0.00675049     
-0.00662842     -0.00682373     -0.00670166     -0.0065918     
-0.00651855     -0.00667725     -0.00661621     -0.00656738     
-0.00645752     -0.00664063     -0.00654297     -0.00653076     
-0.00635986     -0.00655518     -0.00651855     -0.00654297     
-0.00640869     -0.0065918     -0.00654297     -0.00649414     
-0.00644531     -0.00661621     -0.00664063     -0.00665283     
-0.00670166     -0.00692139     -0.00686035     -0.00698242     
-0.00689697     -0.00718994     -0.00708008     -0.00705566     
-0.00708008     -0.00715332     -0.0071167     -0.00701904     
-0.00686035     -0.00683594     -0.00681152     -0.00664063     
-0.00651855     -0.00672607     -0.00664063     -0.00653076     
-0.00650635     -0.00656738     -0.00673828     -0.00665283     
-0.00666504     -0.00686035     -0.00684814     -0.00684814     
-0.00683594     -0.00695801     -0.00710449     -0.00715332     
-0.0071167     -0.00738525     -0.00740967     -0.00758057     
-0.0074707     -0.00758057     -0.00769043     -0.00766602     
-0.00755615     -0.00787354     -0.00778809     -0.00777588     
-0.00760498     -0.00766602     -0.00769043     -0.00755615     
-0.00743408     -0.00742188     -0.00734863     -0.00715332     
-0.00701904     -0.00716553     -0.00692139     -0.0069458     
-0.00679932     -0.00690918     -0.00689697     -0.00679932     
-0.00688477     -0.00697021     -0.00716553     -0.00705566     
-0.00700684     -0.00720215     -0.00715332     -0.0071167     
-0.00700684     -0.00708008     -0.00703125     -0.00687256     
-0.00679932     -0.00681152     -0.0067749     -0.00657959     
-0.00648193     -0.00668945     -0.00662842     -0.00648193     
-0.00639648     -0.00654297     -0.00655518     -0.00649414     
-0.00648193     -0.00665283     -0.00651855     -0.00657959     
-0.00655518     -0.0067627     -0.00665283     -0.00668945     
-0.0065918     -0.00666504     -0.00667725     -0.00671387     
-0.00655518     -0.00673828     -0.00682373     -0.00673828     
-0.0067749     -0.00692139     -0.00693359     -0.00709229     
-0.00698242     -0.00726318     -0.00723877     -0.00736084     
-0.00738525     -0.00744629     -0.00756836     -0.00751953     
-0.00740967     -0.00751953     -0.0074585     -0.00742188     
-0.00727539     -0.00748291     -0.00743408     -0.00739746     
-0.00744629     -0.00740967     -0.00751953     -0.00733643     
-0.00733643     -0.00736084     -0.00732422     -0.00733643     
-0.00718994     -0.0072998     -0.00721436     -0.0072876     
-0.00714111     -0.0072876     -0.00723877     -0.0072998     
-0.0071167     -0.00736084     -0.00725098     -0.00726318     
-0.00723877     -0.00739746     -0.00733643     -0.00733643     
-0.00722656     -0.00738525     -0.00755615     -0.00738525     
-0.0072876     -0.00742188     -0.00731201     -0.00727539     
-0.00715332     -0.00737305     -0.00722656     -0.00721436     
-0.00709229     -0.00718994     -0.00708008     -0.00700684     
-0.00697021     -0.00714111     -0.00704346     -0.00697021     
-0.00690918     -0.00699463     -0.00701904     -0.00693359     
-0.00682373     -0.00705566     -0.00705566     -0.00692139     
-0.00689697     -0.00701904     -0.00688477     -0.00690918     
-0.00670166     -0.00684814     -0.00670166     -0.006604     
-0.00645752     -0.00653076     -0.00656738     -0.0064209     
-0.00628662     -0.00650635     -0.00633545     -0.00635986     
-0.00631104     -0.00644531     -0.00637207     -0.00635986     
-0.00629883     -0.00643311     -0.00639648     -0.0064209     
-0.00640869     -0.00653076     -0.00654297     -0.0065918     
-0.00653076     -0.00675049     -0.00671387     -0.00686035     
-0.00675049     -0.00697021     -0.00705566     -0.00698242     
-0.00704346     -0.00717773     -0.00716553     -0.00714111     
-0.0071167     -0.00709229     -0.00715332     -0.00700684     
-0.00684814     -0.00690918     -0.00673828     -0.00667725     
-0.00656738     -0.00653076     -0.00653076     -0.00627441     
-0.00631104     -0.00631104     -0.00616455     -0.00621338     
-0.0060791     -0.00615234     -0.00609131     -0.00609131     
-0.00592041     -0.0060791     -0.00611572     -0.00612793     
-0.00604248     -0.00623779     -0.00621338     -0.00628662     
-0.00628662     -0.00653076     -0.00637207     -0.00639648     
-0.00631104     -0.00640869     -0.00632324     -0.00627441     
-0.00622559     -0.00623779     -0.00626221     -0.00620117     
-0.00611572     -0.00623779     -0.00618896     -0.00623779     
-0.00600586     -0.00609131     -0.0060791     -0.00585938     
-0.0057251     -0.00568848     -0.00565186     -0.00545654     
-0.00526123     -0.00539551     -0.00529785     -0.00534668     
-0.00532227     -0.00541992     -0.00552979     -0.00537109     
-0.00552979     -0.00562744     -0.00563965     -0.00567627     
-0.00560303     -0.00574951     -0.00584717     -0.0057251     
-0.00566406     -0.0059082     -0.00592041     -0.00585938     
-0.0057373     -0.00604248     -0.00592041     -0.00595703     
-0.00592041     -0.00611572     -0.00614014     -0.00614014     
-0.0060791     -0.00618896     -0.00626221     -0.00618896     
-0.00612793     -0.00623779     -0.00618896     -0.00596924     
-0.0059082     -0.00599365     -0.00595703     -0.00587158     
-0.0057251     -0.00587158     -0.00579834     -0.00583496     
-0.00578613     -0.00581055     -0.0059082     -0.00585938     
-0.00584717     -0.00595703     -0.00598145     -0.00594482     
-0.005896     -0.00610352     -0.00593262     -0.00592041     
-0.00604248     -0.00618896     -0.00618896     -0.00614014     
-0.00611572     -0.00626221     -0.00633545     -0.00631104     
-0.00626221     -0.00632324     -0.00622559     -0.00617676     
-0.00603027     -0.00601807     -0.00581055     -0.00566406     
-0.00550537     -0.00557861     -0.00537109     -0.0053833     
-0.00527344     -0.00544434     -0.0053833     -0.00554199     
-0.00543213     -0.00568848     -0.00574951     -0.00582275     
-0.0059082     -0.00596924     -0.00618896     -0.00610352     
-0.00610352     -0.00627441     -0.00611572     -0.00612793     
-0.00596924     -0.00599365     -0.00606689     -0.00595703     
-0.00584717     -0.00600586     -0.00595703     -0.00594482     
-0.0059082     -0.0060791     -0.00622559     -0.00614014     
-0.0060791     -0.00631104     -0.00635986     -0.00628662     
-0.00631104     -0.00631104     -0.00639648     -0.00627441     
-0.00614014     -0.00629883     -0.00628662     -0.00612793     
-0.00604248     -0.00609131     -0.00605469     -0.00594482     
-0.0059082     -0.00600586     -0.00592041     -0.00588379     
-0.00584717     -0.00600586     -0.0059082     -0.00604248     
-0.00596924     -0.00618896     -0.00614014     -0.00609131     
-0.00605469     -0.00617676     -0.00618896     -0.00601807     
-0.00594482     -0.00614014     -0.00609131     -0.00611572     
-0.00585938     -0.00605469     -0.00599365     -0.00603027     
-0.00604248     -0.00620117     -0.00616455     -0.00616455     
-0.00617676     -0.00625     -0.00638428     -0.00632324     
-0.00623779     -0.00646973     -0.00635986     -0.00645752     
-0.00631104     -0.00643311     -0.0065918     -0.00635986     
-0.00632324     -0.00649414     -0.00639648     -0.00637207     
-0.00622559     -0.00632324     -0.00626221     -0.00612793     
-0.00592041     -0.00603027     -0.00585938     -0.00587158     
-0.00559082     -0.00566406     -0.00565186     -0.00556641     
-0.00548096     -0.0057373     -0.00567627     -0.00562744     
-0.00562744     -0.00584717     -0.00584717     -0.00578613     
-0.00579834     -0.00594482     -0.00598145     -0.0060791     
-0.00595703     -0.00620117     -0.00621338     -0.00626221     
-0.00623779     -0.0064209     -0.00645752     -0.0064209     
-0.00635986     -0.00665283     -0.00666504     -0.00651855     
-0.00643311     -0.00655518     -0.00654297     -0.00637207     
-0.00625     -0.00629883     -0.00626221     -0.00601807     
-0.00596924     -0.00595703     -0.00593262     -0.00577393     
-0.00566406     -0.00571289     -0.00584717     -0.00576172     
-0.0057373     -0.005896     -0.00592041     -0.00585938     
-0.0057251     -0.00600586     -0.00600586     -0.00593262     
-0.00585938     -0.00606689     -0.00599365     -0.00605469     
-0.00598145     -0.00614014     -0.00625     -0.00622559     
-0.00626221     -0.00643311     -0.00651855     -0.00644531     
-0.00643311     -0.00656738     -0.00651855     -0.006604     
-0.00646973     -0.00655518     -0.00656738     -0.00639648     
-0.00629883     -0.00627441     -0.00631104     -0.00621338     
-0.00614014     -0.00616455     -0.00612793     -0.00614014     
-0.00593262     -0.00611572     -0.00611572     -0.00604248     
-0.00598145     -0.00601807     -0.00603027     -0.00583496     
-0.00579834     -0.00579834     -0.00579834     -0.0057251     
-0.00571289     -0.00576172     -0.00571289     -0.00581055     
-0.0057373     -0.00585938     -0.00582275     -0.00584717     
-0.00584717     -0.00605469     -0.00605469     -0.00600586     
-0.00595703     -0.00615234     -0.00617676     -0.0060791     
-0.00599365     -0.00614014     -0.00611572     -0.00610352     
-0.00599365     -0.00604248     -0.00600586     -0.00596924     
-0.00579834     -0.00599365     -0.00593262     -0.005896     
-0.0057251     -0.00581055     -0.00583496     -0.00571289     
-0.00563965     -0.00587158     -0.00581055     -0.0057251     
-0.00561523     -0.00585938     -0.00576172     -0.0057251     
-0.00559082     -0.00579834     -0.00579834     -0.00559082     
-0.00561523     -0.00570068     -0.00570068     -0.0055542     
-0.00554199     -0.00574951     -0.00567627     -0.00574951     
-0.0055542     -0.00579834     -0.00585938     -0.00578613     
-0.00576172     -0.00599365     -0.00585938     -0.00587158     
-0.00581055     -0.00592041     -0.00587158     -0.00582275     
-0.00563965     -0.00583496     -0.0057373     -0.00566406     
-0.00550537     -0.00549316     -0.00548096     -0.0053833     
-0.00527344     -0.00534668     -0.00533447     -0.00527344     
-0.00516357     -0.00539551     -0.00533447     -0.00537109     
-0.00541992     -0.00560303     -0.00559082     -0.00566406     
-0.0057251     -0.00583496     -0.00592041     -0.0059082     
-0.00588379     -0.00609131     -0.00609131     -0.00598145     
-0.00593262     -0.00604248     -0.00605469     -0.00585938     
-0.00582275     -0.00588379     -0.00577393     -0.00574951     
-0.00561523     -0.00563965     -0.00563965     -0.00563965     
-0.00541992     -0.00559082     -0.00562744     -0.00574951     
-0.00568848     -0.00581055     -0.00585938     -0.00596924     
-0.00585938     -0.00616455     -0.00605469     -0.00606689     
-0.0059082     -0.00598145     -0.0059082     -0.00585938     
-0.00561523     -0.00579834     -0.00562744     -0.00545654     
-0.0053833     -0.00549316     -0.00532227     -0.00545654     
-0.0052002     -0.00534668     -0.00539551     -0.00534668     
-0.00526123     -0.00540771     -0.00554199     -0.00537109     
-0.00544434     -0.00566406     -0.00567627     -0.00563965     
-0.00561523     -0.00562744     -0.0057251     -0.00560303     
-0.00557861     -0.00559082     -0.00550537     -0.00539551     
-0.00524902     -0.00524902     -0.0052124     -0.00499268     
-0.00499268     -0.0052124     -0.00532227     -0.00527344     
-0.00529785     -0.0055542     -0.00565186     -0.00556641     
-0.00557861     -0.0059082     -0.00583496     -0.00582275     
-0.0057251     -0.0059082     -0.00571289     -0.00568848     
-0.00567627     -0.00582275     -0.0057373     -0.00579834     
-0.00576172     -0.00577393     -0.0057373     -0.00577393     
-0.00567627     -0.005896     -0.00571289     -0.00570068     
-0.00563965     -0.00571289     -0.00574951     -0.00559082     
-0.0055542     -0.0057251     -0.00566406     -0.00563965     
-0.00552979     -0.00578613     -0.00568848     -0.00568848     
-0.00570068     -0.00576172     -0.00579834     -0.00576172     
-0.00570068     -0.00588379     -0.00587158     -0.00585938     
-0.00587158     -0.00598145     -0.0059082     -0.0059082     
-0.00587158     -0.00593262     -0.00585938     -0.00593262     
-0.00571289     -0.00583496     -0.00577393     -0.00568848     
-0.00556641     -0.00566406     -0.00563965     -0.00549316     
-0.00531006     -0.00544434     -0.00532227     -0.00515137     
-0.00507813     -0.00515137     -0.00510254     -0.00494385     
-0.0048584     -0.00511475     -0.00500488     -0.00506592     
-0.00498047     -0.00510254     -0.00518799     -0.0052124     
-0.00506592     -0.00527344     -0.00524902     -0.00531006     
-0.0052124     -0.00527344     -0.00527344     -0.00522461     
-0.0050293     -0.00524902     -0.00529785     -0.00513916     
-0.00511475     -0.00513916     -0.00527344     -0.00517578     
-0.00493164     -0.00515137     -0.00506592     -0.00494385     
-0.00478516     -0.00493164     -0.00482178     -0.00469971     
-0.00456543     -0.00476074     -0.00466309     -0.00474854     
-0.0046875     -0.00482178     -0.00494385     -0.00500488     
-0.00487061     -0.00510254     -0.00518799     -0.00522461     
-0.00522461     -0.00535889     -0.00540771     -0.00543213     
-0.00548096     -0.00560303     -0.00563965     -0.00576172     
-0.00565186     -0.00583496     -0.00585938     -0.0059082     
-0.00599365     -0.00605469     -0.00605469     -0.00598145     
-0.00595703     -0.00599365     -0.00579834     -0.00579834     
-0.00561523     -0.00571289     -0.00548096     -0.00526123     
-0.00522461     -0.0052002     -0.00515137     -0.00507813     
-0.00494385     -0.00522461     -0.00509033     -0.00528564     
-0.00516357     -0.00534668     -0.00544434     -0.00548096     
-0.00551758     -0.0057251     -0.00568848     -0.00583496     
-0.00563965     -0.00582275     -0.00576172     -0.00567627     
-0.00560303     -0.00578613     -0.00560303     -0.0055542     
-0.00544434     -0.00557861     -0.00560303     -0.00539551     
-0.00523682     -0.00541992     -0.00533447     -0.0052002     
-0.00511475     -0.00515137     -0.00510254     -0.00496826     
-0.00478516     -0.00500488     -0.00488281     -0.00472412     
-0.00473633     -0.00489502     -0.00490723     -0.00474854     
-0.00472412     -0.00491943     -0.00480957     -0.00476074     
-0.00472412     -0.00477295     -0.00478516     -0.00462646     
-0.00460205     -0.00471191     -0.00469971     -0.00471191     
-0.00458984     -0.00478516     -0.00493164     -0.00490723     
-0.00488281     -0.00516357     -0.00523682     -0.00537109     
-0.00524902     -0.00550537     -0.00548096     -0.00554199     
-0.00551758     -0.00588379     -0.00584717     -0.0059082     
-0.00592041     -0.00600586     -0.00603027     -0.00592041     
-0.0059082     -0.00594482     -0.00578613     -0.00565186     
-0.00537109     -0.00537109     -0.00522461     -0.00501709     
-0.00478516     -0.00494385     -0.00479736     -0.00465088     
-0.00460205     -0.00474854     -0.00480957     -0.0046875     
-0.00467529     -0.00489502     -0.00494385     -0.00494385     
-0.00501709     -0.00526123     -0.00526123     -0.00526123     
-0.00532227     -0.00541992     -0.00541992     -0.0053833     
-0.0053833     -0.00548096     -0.00544434     -0.00554199     
-0.00545654     -0.0055542     -0.00543213     -0.00554199     
-0.00544434     -0.00554199     -0.00554199     -0.00549316     
-0.00543213     -0.00560303     -0.00546875     -0.00554199     
-0.00543213     -0.00557861     -0.00551758     -0.00559082     
-0.00539551     -0.00563965     -0.00560303     -0.00551758     
-0.00544434     -0.0055542     -0.00556641     -0.00549316     
-0.00557861     -0.00567627     -0.0055542     -0.00563965     
-0.00545654     -0.00560303     -0.00552979     -0.00532227     
-0.0052124     -0.00533447     -0.0052124     -0.00507813     
-0.00489502     -0.00496826     -0.00487061     -0.00477295     
-0.00471191     -0.00474854     -0.00484619     -0.00466309     
-0.00478516     -0.0048584     -0.00496826     -0.00496826     
-0.00489502     -0.00522461     -0.0052002     -0.00522461     
-0.00515137     -0.0052002     -0.00534668     -0.00527344     
-0.00507813     -0.00535889     -0.00533447     -0.00515137     
-0.00515137     -0.00522461     -0.00517578     -0.00524902     
-0.00518799     -0.00537109     -0.00527344     -0.00533447     
-0.00529785     -0.00546875     -0.00559082     -0.00550537     
-0.00550537     -0.00568848     -0.00557861     -0.00556641     
-0.00543213     -0.00560303     -0.00546875     -0.00526123     
-0.00523682     -0.00522461     -0.00523682     -0.00515137     
-0.00501709     -0.00510254     -0.00510254     -0.0050415     
-0.00487061     -0.00506592     -0.00498047     -0.00498047     
-0.00494385     -0.00498047     -0.00509033     -0.00494385     
-0.00495605     -0.00516357     -0.0050415     -0.00509033     
-0.00498047     -0.0050415     -0.00499268     -0.00494385     
-0.00489502     -0.00510254     -0.0050293     -0.0050293     
-0.00500488     -0.00515137     -0.00522461     -0.00526123     
-0.00506592     -0.00533447     -0.00535889     -0.00533447     
-0.00526123     -0.00532227     -0.00539551     -0.00531006     
-0.00518799     -0.00543213     -0.00541992     -0.00537109     
-0.0053833     -0.00548096     -0.00549316     -0.00554199     
-0.00559082     -0.00570068     -0.00579834     -0.00574951     
-0.00571289     -0.00585938     -0.0059082     -0.00579834     
-0.00578613     -0.00595703     -0.00587158     -0.00584717     
-0.00567627     -0.00579834     -0.00574951     -0.00546875     
-0.00548096     -0.00554199     -0.00548096     -0.00529785     
-0.00510254     -0.0052002     -0.00516357     -0.00506592     
-0.0050415     -0.00522461     -0.00528564     -0.00527344     
-0.00531006     -0.00557861     -0.00562744     -0.00565186     
-0.00559082     -0.00595703     -0.00596924     -0.00592041     
-0.00583496     -0.00593262     -0.00587158     -0.00582275     
-0.00581055     -0.005896     -0.00571289     -0.00549316     
-0.00544434     -0.00554199     -0.00546875     -0.00539551     
-0.0052124     -0.00546875     -0.00533447     -0.00528564     
-0.00517578     -0.00534668     -0.00544434     -0.00529785     
-0.00529785     -0.00549316     -0.00537109     -0.00543213     
-0.00529785     -0.00532227     -0.00527344     -0.0052124     
-0.00511475     -0.00517578     -0.00513916     -0.00495605     
-0.00484619     -0.00488281     -0.00488281     -0.00479736     
-0.00466309     -0.0048584     -0.00477295     -0.00471191     
-0.00478516     -0.00499268     -0.00491943     -0.00505371     
-0.00499268     -0.0052124     -0.00518799     -0.00523682     
-0.00513916     -0.00526123     -0.00527344     -0.0052002     
-0.00491943     -0.00506592     -0.00506592     -0.00491943     
-0.0046875     -0.0048584     -0.00471191     -0.00471191     
-0.00461426     -0.00488281     -0.00471191     -0.00487061     
-0.00478516     -0.00500488     -0.0052124     -0.00509033     
-0.00532227     -0.00548096     -0.00552979     -0.00552979     
-0.0055542     -0.00571289     -0.00561523     -0.00559082     
-0.00549316     -0.00544434     -0.00548096     -0.00533447     
-0.00515137     -0.00507813     -0.00510254     -0.00489502     
-0.00479736     -0.00488281     -0.00479736     -0.00483398     
-0.00469971     -0.00480957     -0.0046875     -0.00474854     
-0.00471191     -0.00494385     -0.00482178     -0.00477295     
-0.00474854     -0.00488281     -0.00494385     -0.00483398     
-0.00484619     -0.00506592     -0.00510254     -0.00498047     
-0.00501709     -0.00515137     -0.00518799     -0.00506592     
-0.00506592     -0.00529785     -0.00517578     -0.00518799     
-0.0050293     -0.0052002     -0.00509033     -0.00499268     
-0.00487061     -0.00496826     -0.00494385     -0.00489502     
-0.00482178     -0.00491943     -0.00500488     -0.00501709     
-0.00490723     -0.00512695     -0.00516357     -0.00505371     
-0.00511475     -0.00515137     -0.0052124     -0.00501709     
-0.00500488     -0.00517578     -0.00509033     -0.0050415     
-0.0050293     -0.00517578     -0.00515137     -0.00510254     
-0.00509033     -0.00529785     -0.00523682     -0.00527344     
-0.00513916     -0.0052124     -0.00517578     -0.0052002     
-0.00511475     -0.0052124     -0.00515137     -0.00516357     
-0.00510254     -0.00517578     -0.00512695     -0.00516357     
-0.00523682     -0.00535889     -0.00535889     -0.00531006     
-0.00523682     -0.00546875     -0.00537109     -0.0053833     
-0.00523682     -0.00529785     -0.00511475     -0.00494385     
-0.00487061     -0.00488281     -0.00469971     -0.00452881     
-0.00432129     -0.00456543     -0.00423584     -0.00422363     
-0.00424805     -0.00428467     -0.0043335     -0.00429688     
-0.00450439     -0.00462646     -0.00465088     -0.00478516     
-0.00480957     -0.00500488     -0.00510254     -0.00510254     
-0.00509033     -0.00531006     -0.00524902     -0.00516357     
-0.00511475     -0.00523682     -0.00515137     -0.00500488     
-0.0048584     -0.00512695     -0.00494385     -0.00489502     
-0.00477295     -0.00488281     -0.00480957     -0.00462646     
-0.00460205     -0.00472412     -0.00465088     -0.00456543     
-0.00452881     -0.00455322     -0.00456543     -0.00444336     
-0.00440674     -0.00463867     -0.00462646     -0.00465088     
-0.0046875     -0.00487061     -0.00498047     -0.00499268     
-0.00509033     -0.00517578     -0.00529785     -0.0053833     
-0.00533447     -0.00549316     -0.00549316     -0.00546875     
-0.00541992     -0.00548096     -0.00549316     -0.00539551     
-0.00539551     -0.00551758     -0.00540771     -0.00533447     
-0.00532227     -0.00527344     -0.00535889     -0.00533447     
-0.0052124     -0.00539551     -0.00528564     -0.00533447     
-0.00523682     -0.00539551     -0.00537109     -0.00541992     
-0.00528564     -0.00540771     -0.00531006     -0.00518799     
-0.00510254     -0.00523682     -0.00515137     -0.00501709     
-0.00480957     -0.00494385     -0.00496826     -0.0048584     
-0.0048584     -0.0050293     -0.00488281     -0.0050415     
-0.00491943     -0.0050293     -0.00509033     -0.00499268     
-0.0050293     -0.00513916     -0.00511475     -0.00496826     
-0.00482178     -0.00489502     -0.00483398     -0.00478516     
-0.00465088     -0.00466309     -0.00482178     -0.00467529     
-0.00463867     -0.00463867     -0.00476074     -0.00478516     
-0.00473633     -0.00494385     -0.00496826     -0.00498047     
-0.00494385     -0.00505371     -0.00516357     -0.00506592     
-0.00495605     -0.0052002     -0.00510254     -0.00500488     
-0.00495605     -0.00501709     -0.00507813     -0.00505371     
-0.00495605     -0.00528564     -0.00517578     -0.00522461     
-0.00515137     -0.00517578     -0.0052124     -0.00513916     
-0.00513916     -0.00517578     -0.00512695     -0.00515137     
-0.00498047     -0.00506592     -0.0050415     -0.00498047     
-0.00495605     -0.00498047     -0.00498047     -0.00484619     
-0.00476074     -0.00480957     -0.00484619     -0.00462646     
-0.00457764     -0.00479736     -0.00461426     -0.00454102     
-0.00456543     -0.00473633     -0.00477295     -0.00465088     
-0.00467529     -0.00496826     -0.00493164     -0.00499268     
-0.00496826     -0.0050415     -0.0050415     -0.00510254     
-0.00493164     -0.00506592     -0.00487061     -0.00500488     
-0.00479736     -0.0048584     -0.00490723     -0.00483398     
-0.00477295     -0.0050415     -0.00496826     -0.00498047     
-0.00483398     -0.00500488     -0.00499268     -0.00488281     
-0.00476074     -0.00499268     -0.00491943     -0.00488281     
-0.00482178     -0.00498047     -0.00495605     -0.00500488     
-0.00495605     -0.00526123     -0.00526123     -0.00523682     
-0.00509033     -0.00529785     -0.00528564     -0.00518799     
-0.00507813     -0.00516357     -0.0050293     -0.0050415     
-0.00491943     -0.00490723     -0.00495605     -0.00478516     
-0.00474854     -0.00480957     -0.00480957     -0.00466309     
-0.00461426     -0.00480957     -0.00474854     -0.00467529     
-0.00472412     -0.00494385     -0.00493164     -0.00500488     
-0.00498047     -0.00523682     -0.0052002     -0.00511475     
-0.0050415     -0.00539551     -0.00532227     -0.00526123     
-0.00512695     -0.00527344     -0.00518799     -0.00507813     
-0.00510254     -0.00516357     -0.00505371     -0.00496826     
-0.00484619     -0.00487061     -0.00479736     -0.00479736     
-0.00467529     -0.0048584     -0.00476074     -0.00458984     
-0.00460205     -0.00465088     -0.00458984     -0.00445557     
-0.00430908     -0.0043457     -0.00423584     -0.0041748     
-0.00405273     -0.00427246     -0.00426025     -0.00430908     
-0.00437012     -0.00446777     -0.00466309     -0.00474854     
-0.00473633     -0.00490723     -0.00490723     -0.0050415     
-0.00488281     -0.0050415     -0.00498047     -0.00487061     
-0.00473633     -0.00472412     -0.00471191     -0.00461426     
-0.00449219     -0.00458984     -0.00461426     -0.00460205     
-0.0045166     -0.0046875     -0.00463867     -0.00467529     
-0.00467529     -0.00487061     -0.00479736     -0.00483398     
-0.00478516     -0.00491943     -0.00489502     -0.00471191     
-0.00473633     -0.00489502     -0.0046875     -0.00474854     
-0.00462646     -0.00474854     -0.00482178     -0.00482178     
-0.00478516     -0.00496826     -0.00493164     -0.00491943     
-0.00487061     -0.0050293     -0.0050415     -0.00495605     
-0.00483398     -0.00488281     -0.00495605     -0.00473633     
-0.00471191     -0.00474854     -0.0046875     -0.00449219     
-0.00447998     -0.00458984     -0.00440674     -0.00435791     
-0.00428467     -0.00440674     -0.00440674     -0.00430908     
-0.00426025     -0.00445557     -0.00437012     -0.0043457     
-0.00435791     -0.00441895     -0.0043335     -0.0043335     
-0.00424805     -0.00443115     -0.00432129     -0.00438232     
-0.00430908     -0.00440674     -0.00441895     -0.0043335     
-0.00422363     -0.00443115     -0.00429688     -0.00429688     
-0.00413818     -0.00429688     -0.0041748     -0.00411377     
-0.00413818     -0.0043335     -0.00422363     -0.00418701     
-0.00423584     -0.00435791     -0.00435791     -0.00423584     
-0.0041748     -0.00437012     -0.00423584     -0.00415039     
-0.00401611     -0.00410156     -0.00405273     -0.00397949     
-0.00378418     -0.00395508     -0.00388184     -0.00388184     
-0.00385742     -0.00397949     -0.00400391     -0.00406494     
-0.00408936     -0.00426025     -0.00427246     -0.00430908     
-0.00428467     -0.00439453     -0.00444336     -0.00443115     
-0.0043457     -0.00452881     -0.00444336     -0.00444336     
-0.00427246     -0.00443115     -0.00444336     -0.00423584     
-0.00426025     -0.00435791     -0.00441895     -0.00422363     
-0.00412598     -0.00441895     -0.00440674     -0.00439453     
-0.00424805     -0.00440674     -0.00449219     -0.00438232     
-0.00439453     -0.00457764     -0.00460205     -0.00454102     
-0.00460205     -0.00479736     -0.00471191     -0.00479736     
-0.00465088     -0.00472412     -0.00476074     -0.00452881     
-0.00446777     -0.00461426     -0.00437012     -0.0043335     
-0.00426025     -0.0043335     -0.00432129     -0.00423584     
-0.00419922     -0.00440674     -0.00440674     -0.00439453     
-0.00430908     -0.00456543     -0.00452881     -0.00452881     
-0.00446777     -0.00465088     -0.0046875     -0.00461426     
-0.00447998     -0.00455322     -0.00447998     -0.0043335     
-0.00423584     -0.00432129     -0.00424805     -0.00408936     
-0.00405273     -0.0041748     -0.00413818     -0.00430908     
-0.00418701     -0.00446777     -0.00452881     -0.00454102     
-0.0046875     -0.00488281     -0.0048584     -0.00483398     
-0.00483398     -0.00491943     -0.00491943     -0.00479736     
-0.00460205     -0.00471191     -0.00462646     -0.00449219     
-0.00446777     -0.00435791     -0.00438232     -0.00429688     
-0.00415039     -0.00424805     -0.0041748     -0.00422363     
-0.00405273     -0.0041626     -0.00421143     -0.00422363     
-0.00422363     -0.00438232     -0.00445557     -0.00449219     
-0.00432129     -0.00465088     -0.00460205     -0.00457764     
-0.00455322     -0.00460205     -0.00446777     -0.00444336     
-0.00430908     -0.00445557     -0.0043335     -0.00438232     
-0.00422363     -0.00427246     -0.00432129     -0.00430908     
-0.00428467     -0.00454102     -0.00447998     -0.00454102     
-0.0045166     -0.00457764     -0.00465088     -0.0045166     
-0.00449219     -0.00456543     -0.00449219     -0.0043457     
-0.00415039     -0.0043335     -0.0041748     -0.00421143     
-0.00402832     -0.00407715     -0.0041748     -0.00400391     
-0.00404053     -0.0041626     -0.0041748     -0.00421143     
-0.00395508     -0.00424805     -0.0041748     -0.00407715     
-0.00391846     -0.0039917     -0.00400391     -0.00383301     
-0.00362549     -0.00374756     -0.00368652     -0.00360107     
-0.00341797     -0.00358887     -0.00354004     -0.00351563     
-0.00340576     -0.00368652     -0.00367432     -0.00375977     
-0.00374756     -0.00389404     -0.00406494     -0.00419922     
-0.00418701     -0.00447998     -0.00445557     -0.00467529     
-0.00458984     -0.00483398     -0.00479736     -0.0046875     
-0.00466309     -0.00477295     -0.00476074     -0.0046875     
-0.00460205     -0.00463867     -0.00463867     -0.00469971     
-0.00458984     -0.00473633     -0.00462646     -0.0046875     
-0.00471191     -0.00472412     -0.00483398     -0.00484619     
-0.00477295     -0.00494385     -0.00495605     -0.00495605     
-0.00484619     -0.00493164     -0.00496826     -0.00476074     
-0.00484619     -0.00484619     -0.00471191     -0.00472412     
-0.00456543     -0.00461426     -0.00460205     -0.00452881     
-0.00435791     -0.00452881     -0.00440674     -0.00426025     
-0.00413818     -0.00415039     -0.00415039     -0.00397949     
-0.00384521     -0.0039917     -0.00389404     -0.00393066     
-0.00386963     -0.00400391     -0.0039917     -0.00406494     
-0.00406494     -0.0041748     -0.00426025     -0.00415039     
-0.0041748     -0.00429688     -0.00440674     -0.00437012     
-0.00427246     -0.00457764     -0.00449219     -0.00449219     
-0.00446777     -0.00458984     -0.00465088     -0.00449219     
-0.00455322     -0.00466309     -0.00461426     -0.0045166     
-0.0045166     -0.00465088     -0.0046875     -0.00463867     
-0.00455322     -0.00478516     -0.00482178     -0.00476074     
-0.0046875     -0.00477295     -0.00479736     -0.00476074     
-0.0046875     -0.00472412     -0.00461426     -0.00469971     
-0.00447998     -0.00457764     -0.00457764     -0.0045166     
-0.00460205     -0.00477295     -0.00471191     -0.00477295     
-0.00469971     -0.00495605     -0.00493164     -0.00487061     
-0.00477295     -0.00506592     -0.00496826     -0.00488281     
-0.00484619     -0.00488281     -0.00487061     -0.00477295     
-0.00469971     -0.00471191     -0.00471191     -0.00471191     
-0.00463867     -0.00477295     -0.00474854     -0.00476074     
-0.00478516     -0.00489502     -0.00496826     -0.00490723     
-0.00487061     -0.0048584     -0.00488281     -0.00472412     
-0.00471191     -0.00469971     -0.00446777     -0.00438232     
-0.00423584     -0.00423584     -0.00407715     -0.00396729     
-0.00389404     -0.00406494     -0.00402832     -0.00395508     
-0.00384521     -0.00404053     -0.00400391     -0.00407715     
-0.00388184     -0.00395508     -0.00402832     -0.00391846     
-0.00389404     -0.00393066     -0.00393066     -0.00394287     
-0.00385742     -0.00419922     -0.00410156     -0.0041748     
-0.0041748     -0.0043335     -0.00443115     -0.00440674     
-0.00444336     -0.00469971     -0.00469971     -0.00471191     
-0.00466309     -0.00472412     -0.00478516     -0.00471191     
-0.00466309     -0.00483398     -0.00477295     -0.00474854     
-0.00473633     -0.00479736     -0.00490723     -0.00489502     
-0.00480957     -0.00495605     -0.0050293     -0.0050293     
-0.00493164     -0.00500488     -0.00496826     -0.00496826     
-0.00477295     -0.00490723     -0.00484619     -0.00479736     
-0.00467529     -0.0048584     -0.00472412     -0.00469971     
-0.00463867     -0.00480957     -0.00476074     -0.00473633     
-0.00463867     -0.00473633     -0.00455322     -0.00441895     
-0.0043335     -0.0045166     -0.00437012     -0.00432129     
-0.0041626     -0.0043335     -0.00435791     -0.00432129     
-0.00426025     -0.00432129     -0.00432129     -0.00429688     
-0.00422363     -0.00413818     -0.0041626     -0.00405273     
-0.00404053     -0.00424805     -0.0041748     -0.00411377     
-0.00410156     -0.00429688     -0.00435791     -0.0043457     
-0.00419922     -0.00441895     -0.00444336     -0.00437012     
-0.00430908     -0.00445557     -0.00441895     -0.00427246     
-0.00429688     -0.00443115     -0.00432129     -0.00437012     
-0.00421143     -0.00432129     -0.00440674     -0.00437012     
-0.00418701     -0.00441895     -0.00438232     -0.00437012     
-0.00435791     -0.00435791     -0.00449219     -0.00435791     
-0.0043457     -0.00439453     -0.00437012     -0.0043457     
-0.00422363     -0.00435791     -0.00427246     -0.00432129     
-0.00432129     -0.00444336     -0.00444336     -0.00440674     
-0.00437012     -0.00450439     -0.00446777     -0.00437012     
-0.00418701     -0.00446777     -0.00437012     -0.00422363     
-0.00412598     -0.00411377     -0.0041626     -0.00401611     
-0.00397949     -0.00413818     -0.00422363     -0.0041626     
-0.00400391     -0.00430908     -0.00429688     -0.00418701     
-0.00415039     -0.00445557     -0.00438232     -0.00432129     
-0.00426025     -0.00439453     -0.0043335     -0.0041748     
-0.00412598     -0.00424805     -0.00419922     -0.00407715     
-0.00397949     -0.00405273     -0.00393066     -0.00390625     
-0.00380859     -0.00395508     -0.00394287     -0.00389404     
-0.0038208     -0.00393066     -0.00405273     -0.00404053     
-0.00386963     -0.00422363     -0.0041748     -0.00418701     
-0.00418701     -0.00423584     -0.00428467     -0.00428467     
-0.0041748     -0.0043457     -0.00428467     -0.00426025     
-0.00413818     -0.00421143     -0.00421143     -0.00412598     
-0.00411377     -0.0041626     -0.00418701     -0.00415039     
-0.00415039     -0.00441895     -0.0043457     -0.00446777     
-0.00456543     -0.00467529     -0.00474854     -0.00487061     
-0.00474854     -0.00478516     -0.00478516     -0.0048584     
-0.00462646     -0.00483398     -0.00474854     -0.00471191     
-0.00456543     -0.00466309     -0.00456543     -0.00449219     
-0.00437012     -0.00452881     -0.00450439     -0.00449219     
-0.00445557     -0.0045166     -0.00454102     -0.00445557     
-0.0043335     -0.00458984     -0.00440674     -0.00435791     
-0.00419922     -0.00438232     -0.00438232     -0.00427246     
-0.00424805     -0.00444336     -0.00452881     -0.00443115     
-0.00435791     -0.00452881     -0.00458984     -0.00456543     
-0.00447998     -0.00461426     -0.00452881     -0.00445557     
-0.00441895     -0.00428467     -0.00427246     -0.00413818     
-0.00394287     -0.0041748     -0.00397949     -0.00388184     
-0.0038208     -0.0039917     -0.00397949     -0.00390625     
-0.00391846     -0.00421143     -0.00406494     -0.00413818     
-0.00423584     -0.00446777     -0.00444336     -0.00455322     
-0.00454102     -0.00480957     -0.00478516     -0.00478516     
-0.00480957     -0.00494385     -0.00495605     -0.00489502     
-0.00487061     -0.00501709     -0.00480957     -0.00495605     
-0.00466309     -0.00476074     -0.00466309     -0.0045166     
-0.00443115     -0.0043335     -0.00427246     -0.00413818     
-0.00395508     -0.0039917     -0.0039917     -0.00379639     
-0.00367432     -0.00394287     -0.00371094     -0.00367432     
-0.00366211     -0.00369873     -0.00373535     -0.00361328     
-0.00358887     -0.00371094     -0.00358887     -0.00367432     
-0.00362549     -0.00373535     -0.0038208     -0.00371094     
-0.0038208     -0.00405273     -0.00405273     -0.00411377     
-0.0039917     -0.00405273     -0.00396729     -0.00391846     
-0.00372314     -0.00394287     -0.00383301     -0.00373535     
-0.00361328     -0.00366211     -0.00369873     -0.00358887     
-0.00355225     -0.00374756     -0.00357666     -0.00355225     
-0.00349121     -0.00367432     -0.00356445     -0.00352783     
-0.00345459     -0.0036499     -0.00361328     -0.003479     
-0.00350342     -0.00355225     -0.00374756     -0.0036499     
-0.0036377     -0.00378418     -0.00384521     -0.00379639     
-0.00380859     -0.00385742     -0.00407715     -0.00379639     
-0.00380859     -0.00388184     -0.00379639     -0.00380859     
-0.00367432     -0.00372314     -0.00368652     -0.00371094     
-0.00361328     -0.00391846     -0.0039917     -0.00391846     
-0.00391846     -0.0041626     -0.00411377     -0.00406494     
-0.00404053     -0.00430908     -0.00424805     -0.00411377     
-0.00401611     -0.00406494     -0.00410156     -0.00394287     
-0.00394287     -0.00397949     -0.00394287     -0.00383301     
-0.00380859     -0.00386963     -0.00373535     -0.00385742     
-0.00377197     -0.00394287     -0.00390625     -0.00385742     
-0.00393066     -0.00408936     -0.00413818     -0.00411377     
-0.00408936     -0.00421143     -0.00428467     -0.00424805     
-0.00406494     -0.00428467     -0.00418701     -0.00407715     
-0.0041626     -0.00419922     -0.00413818     -0.00408936     
-0.00400391     -0.00406494     -0.0039917     -0.00401611     
-0.00383301     -0.00394287     -0.00396729     -0.00388184     
-0.00380859     -0.00385742     -0.00390625     -0.00383301     
-0.00373535     -0.00405273     -0.00395508     -0.00393066     
-0.00393066     -0.0041626     -0.00421143     -0.00423584     
-0.00419922     -0.00445557     -0.00441895     -0.00435791     
-0.0043335     -0.00450439     -0.0045166     -0.00438232     
-0.00419922     -0.00437012     -0.00418701     -0.00415039     
-0.00395508     -0.0039917     -0.00396729     -0.00377197     
-0.00372314     -0.00375977     -0.00375977     -0.00366211     
-0.00350342     -0.00366211     -0.00373535     -0.0036499     
-0.00362549     -0.00374756     -0.00385742     -0.00378418     
-0.00384521     -0.00393066     -0.00404053     -0.00404053     
-0.00404053     -0.00429688     -0.00426025     -0.00423584     
-0.00422363     -0.00445557     -0.0045166     -0.00438232     
-0.00438232     -0.00463867     -0.00450439     -0.00449219     
-0.00439453     -0.00449219     -0.00443115     -0.00438232     
-0.00428467     -0.00444336     -0.0043335     -0.00426025     
-0.00424805     -0.00423584     -0.00419922     -0.00419922     
-0.00395508     -0.00411377     -0.00404053     -0.00401611     
-0.00388184     -0.00411377     -0.00411377     -0.00397949     
-0.00408936     -0.00412598     -0.00402832     -0.00404053     
-0.00396729     -0.00394287     -0.00400391     -0.00389404     
-0.00379639     -0.00396729     -0.00389404     -0.00377197     
-0.00378418     -0.00386963     -0.00394287     -0.0038208     
-0.00393066     -0.00411377     -0.00408936     -0.00432129     
-0.00432129     -0.00455322     -0.00465088     -0.00472412     
-0.00474854     -0.00496826     -0.00495605     -0.00488281     
-0.00476074     -0.00496826     -0.00476074     -0.00456543     
-0.0045166     -0.00465088     -0.00443115     -0.00435791     
-0.00419922     -0.00438232     -0.00432129     -0.00412598     
-0.0041626     -0.00438232     -0.00428467     -0.00422363     
-0.00421143     -0.00438232     -0.00426025     -0.00438232     
-0.00412598     -0.00432129     -0.00426025     -0.00412598     
-0.0039917     -0.00412598     -0.00408936     -0.00379639     
-0.00371094     -0.00386963     -0.00372314     -0.00372314     
-0.00356445     -0.00360107     -0.0036499     -0.00355225     
-0.00352783     -0.0036377     -0.00357666     -0.00357666     
-0.00356445     -0.00380859     -0.00383301     -0.00377197     
-0.00384521     -0.00402832     -0.00402832     -0.0039917     
-0.00380859     -0.00393066     -0.00395508     -0.00372314     
-0.00362549     -0.00373535     -0.00354004     -0.00361328     
-0.0034668     -0.00350342     -0.00350342     -0.00362549     
-0.00354004     -0.00371094     -0.00378418     -0.00384521     
-0.00374756     -0.00386963     -0.00389404     -0.00388184     
-0.00377197     -0.00394287     -0.00384521     -0.00367432     
-0.0036499     -0.00360107     -0.00367432     -0.00356445     
-0.00352783     -0.00352783     -0.0034668     -0.00355225     
-0.003479     -0.00360107     -0.0034668     -0.00355225     
-0.00356445     -0.00352783     -0.00358887     -0.00356445     
-0.00356445     -0.00366211     -0.00358887     -0.0036377     
-0.00360107     -0.00375977     -0.00368652     -0.00368652     
-0.00380859     -0.0038208     -0.00379639     -0.00383301     
-0.00366211     -0.00395508     -0.0038208     -0.00372314     
-0.00377197     -0.00391846     -0.00388184     -0.00384521     
-0.00378418     -0.00408936     -0.00418701     -0.00402832     
-0.00406494     -0.00427246     -0.00426025     -0.00421143     
-0.00423584     -0.00432129     -0.00426025     -0.00428467     
-0.00405273     -0.00412598     -0.00413818     -0.00405273     

