Source : transient; Time : Wed Jun 14 05:33:26 2017
B0 = 3136.000000 Gauss, mw = 9.686281 GHz
 NDI-T2 sa261 20/2 42/25 523nm/1mJ
1 5000 -1.001e-06 8.997e-06 0 0
s                        V                                                 
-6.10352e-05     4.88281e-05     -4.88281e-05     -0.000195313     
-0.00020752     -8.54492e-05     -0.00012207     -2.44141e-05     
-0.000170898     -7.32422e-05     6.10352e-05     0     
-9.76563e-05     8.54492e-05     0.000195313     0.000134277     
0.000195313     0.000170898     0.000195313     9.76563e-05     
-0.000219727     -7.32422e-05     -2.44141e-05     -0.000219727     
-0.000280762     -0.00020752     -0.00020752     -0.00032959     
-0.000366211     -0.000231934     -0.000146484     -0.00012207     
-0.000244141     -0.000109863     -2.44141e-05     -0.00020752     
-0.000305176     -0.000183105     -0.000134277     -0.000170898     
-0.00032959     -0.00020752     -0.000280762     -0.000427246     
-0.000427246     -0.000231934     -0.000354004     -0.000366211     
-0.000463867     -0.000415039     -0.000415039     -0.000549316     
-0.000646973     -0.00045166     -0.000305176     -0.000402832     
-0.000500488     -0.000134277     -0.000146484     -7.32422e-05     
-4.88281e-05     0.000231934     0.00032959     0.000427246     
0.000463867     0.00065918     0.000891113     0.00078125     
0.000720215     0.000891113     0.000964355     0.000769043     
0.000793457     0.000646973     0.000695801     0.000390625     
0.000317383     0.000317383     0.000256348     0.000280762     
0.000146484     0.000219727     0.000317383     0.000109863     
7.32422e-05     0.000109863     0.00020752     0.000109863     
2.44141e-05     0.000134277     6.10352e-05     7.32422e-05     
-0.000109863     -0.000109863     -3.66211e-05     8.54492e-05     
-0.00012207     0     0.00012207     3.66211e-05     
-1.2207e-05     0.000280762     0.000244141     0.00045166     
0.000390625     0.000610352     0.000488281     0.000646973     
0.000366211     0.000585938     0.000610352     0.000500488     
0.000415039     0.00045166     0.000488281     0.000427246     
0.000317383     0.000268555     0.000427246     0.000292969     
0.000256348     0.000366211     0.000341797     0.000183105     
0.000292969     0.000366211     0.000402832     0.000402832     
0.000390625     0.000537109     0.000634766     0.00057373     
0.000476074     0.000708008     0.000866699     0.00078125     
0.000732422     0.000793457     0.00090332     0.000952148     
0.000622559     0.000878906     0.000927734     0.000878906     
0.000793457     0.000952148     0.000830078     0.000830078     
0.000683594     0.000793457     0.000708008     0.000708008     
0.000561523     0.000610352     0.000756836     0.000463867     
0.000439453     0.000610352     0.000524902     0.000561523     
0.000512695     0.000646973     0.000683594     0.000671387     
0.000561523     0.000720215     0.000878906     0.000817871     
0.000756836     0.000842285     0.00106201     0.00090332     
0.000939941     0.000927734     0.00101318     0.000866699     
0.000915527     0.000915527     0.000927734     0.000756836     
0.000708008     0.000830078     0.00078125     0.000683594     
0.000646973     0.000695801     0.000732422     0.000561523     
0.00045166     0.000622559     0.000598145     0.000671387     
0.000439453     0.000610352     0.000695801     0.000537109     
0.000512695     0.000744629     0.000756836     0.000610352     
0.000622559     0.000732422     0.00065918     0.00045166     
0.000341797     0.00032959     0.000268555     0.000317383     
-8.54492e-05     0.00020752     0.000146484     1.2207e-05     
-3.66211e-05     0.000134277     0.000256348     0.000195313     
0.000231934     0.00045166     0.000524902     0.000488281     
0.000476074     0.000671387     0.000854492     0.000622559     
0.000720215     0.000793457     0.000915527     0.000769043     
0.000793457     0.000817871     0.000805664     0.000891113     
0.000671387     0.000695801     0.000817871     0.00057373     
0.000476074     0.000524902     0.000549316     0.000524902     
0.00032959     0.000476074     0.000488281     0.000268555     
0.000170898     0.000354004     0.000439453     0.00032959     
0.000170898     0.000292969     0.000280762     0.000170898     
3.66211e-05     0.000219727     0.000280762     0.000195313     
0.000183105     0.000500488     0.00032959     0.000341797     
0.000305176     0.000500488     0.000476074     0.000561523     
0.00045166     0.000537109     0.000646973     0.000378418     
0.000317383     0.000427246     0.000366211     0.000305176     
0.000244141     0.000280762     0.000390625     0.000195313     
0.000158691     0.000231934     0.000354004     0.000231934     
0.000244141     0.000439453     0.00045166     0.000366211     
0.000366211     0.000524902     0.000439453     0.000524902     
0.000427246     0.000524902     0.000561523     0.000488281     
0.000415039     0.000622559     0.000708008     0.000695801     
0.000500488     0.000695801     0.000585938     0.000500488     
0.000256348     0.000378418     0.000244141     0.000146484     
0.000109863     1.2207e-05     -3.66211e-05     -0.000146484     
-0.000292969     -9.76563e-05     -4.88281e-05     -9.76563e-05     
-0.00020752     0     9.76563e-05     0     
4.88281e-05     0.000195313     0.000354004     0.000390625     
0.00032959     0.000512695     0.00065918     0.000488281     
0.000622559     0.000732422     0.000817871     0.000805664     
0.000732422     0.000732422     0.000854492     0.000732422     
0.000610352     0.000708008     0.000683594     0.000585938     
0.000524902     0.000585938     0.000634766     0.000512695     
0.000305176     0.000488281     0.000561523     0.000512695     
0.000427246     0.000634766     0.000610352     0.000537109     
0.000390625     0.000549316     0.000561523     0.000537109     
0.000354004     0.000561523     0.000646973     0.000415039     
0.000256348     0.000610352     0.000476074     0.000463867     
0.000390625     0.000476074     0.000488281     0.000366211     
0.000402832     0.000415039     0.000524902     0.000390625     
0.000317383     0.000402832     0.000415039     0.000231934     
0.000195313     0.000170898     0.000256348     0.000146484     
6.10352e-05     8.54492e-05     0.000146484     -7.32422e-05     
-0.000170898     -2.44141e-05     0     -2.44141e-05     
-4.88281e-05     0     7.32422e-05     -4.88281e-05     
-9.76563e-05     8.54492e-05     -2.44141e-05     0     
-0.000219727     -0.000158691     -0.000195313     -0.000256348     
-0.000415039     -0.000268555     -0.000292969     -0.000280762     
-0.000366211     -9.76563e-05     -8.54492e-05     -2.44141e-05     
9.76563e-05     0.000280762     0.000354004     0.000585938     
0.000390625     0.000646973     0.000769043     0.00065918     
0.000646973     0.000744629     0.000854492     0.000634766     
0.00065918     0.000683594     0.000744629     0.000598145     
0.000524902     0.000732422     0.000720215     0.000671387     
0.000695801     0.000720215     0.000769043     0.000683594     
0.000610352     0.00065918     0.000695801     0.000622559     
0.000488281     0.000744629     0.000793457     0.000683594     
0.000756836     0.000842285     0.000939941     0.000964355     
0.000939941     0.00115967     0.00112305     0.000939941     
0.00098877     0.00111084     0.00098877     0.00090332     
0.000854492     0.000830078     0.000817871     0.00057373     
0.000354004     0.000537109     0.000537109     0.000341797     
0.00012207     0.000317383     0.000158691     8.54492e-05     
-4.88281e-05     2.44141e-05     2.44141e-05     4.88281e-05     
-4.88281e-05     8.54492e-05     0.000256348     0.00012207     
4.88281e-05     0.000170898     0.000231934     0.000244141     
0.000158691     0.00020752     0.000341797     0.000109863     
3.66211e-05     6.10352e-05     0.000109863     1.2207e-05     
-0.000146484     2.44141e-05     -4.88281e-05     -8.54492e-05     
-2.44141e-05     4.88281e-05     9.76563e-05     0.00020752     
4.88281e-05     0.000341797     0.000378418     0.000390625     
0.000366211     0.000512695     0.000646973     0.000610352     
0.000598145     0.00078125     0.000830078     0.000756836     
0.000732422     0.000854492     0.000891113     0.00078125     
0.000732422     0.000732422     0.000634766     0.000524902     
0.000244141     0.000439453     0.000292969     0.000231934     
0.000146484     0.000219727     0.000378418     0.00020752     
0.000170898     0.000183105     0.000488281     0.000427246     
0.000402832     0.000537109     0.000683594     0.000366211     
0.000500488     0.000708008     0.000671387     0.00065918     
0.000439453     0.000561523     0.000683594     0.000500488     
0.000378418     0.000549316     0.000622559     0.000500488     
0.000488281     0.00065918     0.00065918     0.000524902     
0.000354004     0.000524902     0.000500488     0.000427246     
0.000256348     0.000354004     0.000378418     0.000158691     
-1.2207e-05     7.32422e-05     3.66211e-05     -2.44141e-05     
-0.000280762     -0.000158691     -0.000183105     -0.000549316     
-0.00090332     -0.000720215     -0.00102539     -0.00126953     
-0.00164795     -0.00178223     -0.00212402     -0.00257568     
-0.00303955     -0.00324707     -0.00360107     -0.00413818     
-0.00461426     -0.00505371     -0.00548096     -0.00606689     
-0.006604     -0.00704346     -0.00742188     -0.00795898     
-0.00842285     -0.00892334     -0.00928955     -0.00987549     
-0.0103394     -0.0106812     -0.0111328     -0.0115234     
-0.0120483     -0.0124268     -0.0127441     -0.0134155     
-0.0138672     -0.0141479     -0.0146484     -0.0151001     
-0.0155396     -0.0158691     -0.0162842     -0.0167603     
-0.0171997     -0.0175293     -0.0178833     -0.0183105     
-0.0188599     -0.0190308     -0.0195801     -0.0200317     
-0.0205688     -0.0209717     -0.0214233     -0.0218018     
-0.0224976     -0.0228882     -0.0233643     -0.0239014     
-0.0243896     -0.0247803     -0.0251343     -0.0255737     
-0.0259155     -0.0261475     -0.0264282     -0.0267822     
-0.0272217     -0.0273682     -0.0275269     -0.0279175     
-0.0281738     -0.0283936     -0.0286255     -0.0291138     
-0.029541     -0.0297729     -0.0300659     -0.0305054     
-0.0310303     -0.0312012     -0.0315308     -0.0319702     
-0.0323486     -0.0324585     -0.0327271     -0.0329346     
-0.0333008     -0.033313     -0.0335327     -0.0338623     
-0.0341553     -0.0341675     -0.0345825     -0.0348267     
-0.0351563     -0.0352905     -0.035498     -0.0358032     
-0.036145     -0.0361816     -0.0363037     -0.0365356     
-0.0368652     -0.0368164     -0.0370361     -0.0372803     
-0.0376465     -0.0375244     -0.0376953     -0.0380005     
-0.0381714     -0.0383301     -0.0382935     -0.0386963     
-0.0388184     -0.0388184     -0.0389771     -0.0391846     
-0.039209     -0.0394287     -0.0393555     -0.0396606     
-0.0398071     -0.0397705     -0.0397949     -0.0400146     
-0.0401001     -0.0400879     -0.0401611     -0.0402832     
-0.0405518     -0.0405762     -0.0406494     -0.0408325     
-0.040979     -0.0410522     -0.0412842     -0.0414429     
-0.0417358     -0.041748     -0.0418579     -0.042041     
-0.0423218     -0.0421631     -0.0422729     -0.042395     
-0.0425415     -0.0424194     -0.042334     -0.0424927     
-0.0425293     -0.0424194     -0.0425293     -0.0425537     
-0.0427856     -0.0426025     -0.042688     -0.0427246     
-0.042981     -0.0428223     -0.0428345     -0.0430298     
-0.0430786     -0.0430298     -0.0430298     -0.043042     
-0.0431396     -0.0430908     -0.042981     -0.0432007     
-0.0432251     -0.0431152     -0.0430176     -0.0429565     
-0.042981     -0.0427979     -0.0426514     -0.0427002     
-0.042749     -0.0424316     -0.0423462     -0.0422363     
-0.0422241     -0.0420654     -0.0418823     -0.0419312     
-0.0419556     -0.0415527     -0.0414429     -0.0414673     
-0.0414063     -0.0412109     -0.0411133     -0.0411621     
-0.0412231     -0.0410522     -0.0410889     -0.0410156     
-0.0411987     -0.0410278     -0.0411011     -0.0412231     
-0.0413086     -0.0410278     -0.04104     -0.0409302     
-0.0409424     -0.0407349     -0.040625     -0.0405518     
-0.040564     -0.0403687     -0.0401855     -0.0402222     
-0.0401489     -0.0400879     -0.0399902     -0.0400513     
-0.0400513     -0.0399292     -0.0396851     -0.0397339     
-0.0396606     -0.0394043     -0.0393066     -0.0393433     
-0.0391602     -0.038916     -0.0387817     -0.0385376     
-0.0384766     -0.0382813     -0.0380127     -0.0379761     
-0.0379028     -0.0377197     -0.0374878     -0.0372681     
-0.0373291     -0.037146     -0.0370117     -0.0370117     
-0.037085     -0.0368408     -0.0368408     -0.0367676     
-0.0368164     -0.0365845     -0.0365479     -0.0366089     
-0.0365356     -0.0363037     -0.0362671     -0.0360107     
-0.0360962     -0.0358276     -0.0356201     -0.0355103     
-0.035437     -0.0351685     -0.0349487     -0.0348389     
-0.0347046     -0.0343506     -0.0340698     -0.0341064     
-0.0338867     -0.0336914     -0.0334595     -0.0334473     
-0.0332275     -0.0331299     -0.0328491     -0.0328735     
-0.0327515     -0.0324951     -0.0322998     -0.0321533     
-0.0321045     -0.0316895     -0.0315308     -0.0314819     
-0.031311     -0.0310181     -0.0308228     -0.0307007     
-0.0306641     -0.0304688     -0.0303101     -0.0303223     
-0.0303101     -0.0301392     -0.0299683     -0.0299072     
-0.0299438     -0.0296509     -0.02948     -0.0294434     
-0.02948     -0.0291748     -0.0289063     -0.0287598     
-0.0287354     -0.0283325     -0.028125     -0.0280273     
-0.0279663     -0.0276733     -0.0275513     -0.0274536     
-0.0274048     -0.0273926     -0.0270996     -0.027124     
-0.0271362     -0.0269531     -0.0268188     -0.0267944     
-0.0267578     -0.0266235     -0.0263794     -0.026416     
-0.0262817     -0.0260254     -0.0258423     -0.0256714     
-0.0256714     -0.025415     -0.025293     -0.0252808     
-0.0252808     -0.0249756     -0.0248779     -0.0247803     
-0.0247559     -0.0245239     -0.0243896     -0.0243042     
-0.0242676     -0.0241455     -0.023938     -0.0238037     
-0.0239258     -0.0237427     -0.0235962     -0.023584     
-0.0237183     -0.0234009     -0.0233643     -0.0234009     
-0.0233276     -0.02323     -0.0232056     -0.0231812     
-0.0233398     -0.0231079     -0.0230591     -0.0231689     
-0.0231201     -0.0229858     -0.0228394     -0.0229492     
-0.0229004     -0.0228271     -0.0226074     -0.0225708     
-0.0225098     -0.0223267     -0.0221191     -0.022168     
-0.0221558     -0.0219971     -0.021814     -0.0218262     
-0.0217773     -0.0216675     -0.0216919     -0.0216553     
-0.0218384     -0.0216797     -0.0215454     -0.021582     
-0.0216309     -0.0214966     -0.0213623     -0.0212891     
-0.0213867     -0.021167     -0.0210083     -0.0210083     
-0.0208374     -0.0206543     -0.0206055     -0.0207153     
-0.0206665     -0.0204468     -0.0203979     -0.0203491     
-0.0205078     -0.0202393     -0.020166     -0.0202881     
-0.0202759     -0.0198853     -0.0200195     -0.0198608     
-0.019812     -0.0196533     -0.0196411     -0.0196289     
-0.0196411     -0.0195313     -0.0194214     -0.0194702     
-0.0194946     -0.0194092     -0.0194458     -0.0195313     
-0.0195435     -0.019519     -0.0194458     -0.0195068     
-0.0195313     -0.0194702     -0.0195068     -0.0196167     
-0.0196533     -0.0195313     -0.0195923     -0.0196045     
-0.0197876     -0.0197266     -0.0197266     -0.0197632     
-0.0198853     -0.0197998     -0.019873     -0.0198486     
-0.0198364     -0.0197632     -0.019751     -0.0198242     
-0.0198975     -0.0197144     -0.0195313     -0.019519     
-0.0195068     -0.0192627     -0.0191772     -0.019165     
-0.0191162     -0.0189697     -0.0189209     -0.0187988     
-0.0188354     -0.0187622     -0.0187012     -0.018811     
-0.0188965     -0.0187744     -0.0187378     -0.0189453     
-0.0189575     -0.0189697     -0.0190063     -0.0192749     
-0.0193848     -0.0194092     -0.0194092     -0.0197754     
-0.0198486     -0.0199341     -0.0199463     -0.020166     
-0.0203369     -0.0201782     -0.0202026     -0.0202637     
-0.0203003     -0.0200317     -0.0200317     -0.0200562     
-0.0200439     -0.0197632     -0.0197144     -0.0196655     
-0.0197021     -0.0194824     -0.0193115     -0.0195435     
-0.0195801     -0.0193726     -0.0193115     -0.0193359     
-0.0194702     -0.0193726     -0.0193726     -0.0195313     
-0.0196167     -0.0195679     -0.0194824     -0.0196167     
-0.019751     -0.0194702     -0.0195557     -0.0196411     
-0.0196899     -0.0195435     -0.0195557     -0.0196533     
-0.0197144     -0.0196777     -0.0196533     -0.019812     
-0.0199585     -0.0198486     -0.019812     -0.0199463     
-0.0200562     -0.0200073     -0.0198975     -0.020166     
-0.0201416     -0.0199341     -0.0199219     -0.0200317     
-0.020166     -0.0199463     -0.0200073     -0.0200317     
-0.0201904     -0.0200195     -0.0199219     -0.0200195     
-0.0201172     -0.0199463     -0.0199951     -0.0200684     
-0.0201172     -0.0199585     -0.0199829     -0.0200439     
-0.0201904     -0.0201294     -0.0200684     -0.0201904     
-0.0203613     -0.0202637     -0.0203247     -0.0203613     
-0.0203613     -0.0204834     -0.0204224     -0.0204834     
-0.0207642     -0.0205811     -0.0205933     -0.0205933     
-0.0207031     -0.0206177     -0.0205322     -0.0206787     
-0.0206299     -0.0205322     -0.0204346     -0.0204956     
-0.0204468     -0.020459     -0.0203247     -0.0205444     
-0.020459     -0.0203857     -0.0203491     -0.0202759     
-0.0202637     -0.0201172     -0.020105     -0.0201294     
-0.0202026     -0.0200317     -0.0199951     -0.0199707     
-0.0200439     -0.019873     -0.019873     -0.0200684     
-0.0201294     -0.0199829     -0.0200317     -0.0201538     
-0.020166     -0.0200928     -0.0201172     -0.0202393     
-0.0203003     -0.0202759     -0.0202271     -0.0203247     
-0.0204102     -0.0203125     -0.020166     -0.0203735     
-0.0204712     -0.0201782     -0.0202759     -0.0203979     
-0.0203735     -0.0202759     -0.0202637     -0.0203979     
-0.0204224     -0.0204224     -0.0201782     -0.0202637     
-0.0202393     -0.0200317     -0.0198975     -0.0200562     
-0.0199097     -0.0197754     -0.0195435     -0.0195923     
-0.0196411     -0.0196045     -0.0195068     -0.0195923     
-0.0197021     -0.0196045     -0.0197388     -0.0196777     
-0.0198364     -0.019873     -0.0198608     -0.0199463     
-0.0200195     -0.019873     -0.0198364     -0.0197998     
-0.0197754     -0.0196289     -0.0195923     -0.0195679     
-0.0196289     -0.019397     -0.0193848     -0.0193115     
-0.0192505     -0.0190308     -0.0189697     -0.0189941     
-0.0189819     -0.0188354     -0.01875     -0.0187134     
-0.0188965     -0.0187256     -0.0187378     -0.0188232     
-0.0189331     -0.0187378     -0.0187012     -0.018811     
-0.0187988     -0.0187378     -0.0185547     -0.0187744     
-0.0187134     -0.0185303     -0.0184204     -0.0185181     
-0.0184692     -0.0183716     -0.0182495     -0.018457     
-0.018457     -0.0184448     -0.0183838     -0.0185181     
-0.0186279     -0.018457     -0.0184814     -0.0186768     
-0.0187622     -0.0186279     -0.0185791     -0.0186523     
-0.0187622     -0.0184692     -0.018396     -0.0184448     
-0.018396     -0.0182007     -0.0181396     -0.0179688     
-0.0179077     -0.0177002     -0.0175903     -0.0174194     
-0.0174072     -0.0172485     -0.0169434     -0.0169189     
-0.0169312     -0.016626     -0.016687     -0.0166748     
-0.0166626     -0.0164917     -0.0164673     -0.0164917     
-0.0165527     -0.016394     -0.0161865     -0.016394     
-0.0163696     -0.0161621     -0.0160889     -0.0160889     
-0.0159668     -0.015918     -0.015686     -0.0157349     
-0.0155762     -0.0154297     -0.015332     -0.015271     
-0.0151978     -0.0151489     -0.0150757     -0.0151489     
-0.0152222     -0.0151855     -0.0151733     -0.0151123     
-0.0152466     -0.0151367     -0.0151367     -0.0152466     
-0.015332     -0.0151489     -0.0149902     -0.0150513     
-0.0151978     -0.0150024     -0.0149536     -0.0149414     
-0.0150391     -0.0148071     -0.0147461     -0.014624     
-0.0146851     -0.0144775     -0.0144043     -0.0143188     
-0.0145386     -0.0141724     -0.0141724     -0.0140991     
-0.0140869     -0.0138672     -0.0137451     -0.0137329     
-0.0136841     -0.0134155     -0.0132568     -0.0131836     
-0.0130615     -0.0129883     -0.0127563     -0.0129272     
-0.0128418     -0.012793     -0.0127563     -0.0127808     
-0.0129517     -0.0128418     -0.0127563     -0.0129272     
-0.0130737     -0.0126465     -0.0126343     -0.0127319     
-0.0126465     -0.012439     -0.0123779     -0.0123047     
-0.0124146     -0.0122559     -0.0121216     -0.012207     
-0.0123047     -0.012146     -0.012207     -0.0122925     
-0.0124512     -0.0122437     -0.0122559     -0.0122803     
-0.0123047     -0.012207     -0.0120483     -0.0122681     
-0.0122681     -0.0119629     -0.0120361     -0.0119507     
-0.0120117     -0.0119019     -0.011853     -0.0119263     
-0.0119629     -0.011853     -0.011792     -0.0118042     
-0.0118652     -0.0117798     -0.0116211     -0.0117676     
-0.0117188     -0.0116333     -0.0114502     -0.0114136     
-0.0114502     -0.0112671     -0.0111084     -0.0111938     
-0.0112061     -0.0109253     -0.0109863     -0.0108765     
-0.0109497     -0.0109619     -0.0108765     -0.0109009     
-0.0110962     -0.0110107     -0.0111328     -0.0111328     
-0.0113037     -0.0113647     -0.0112915     -0.0113647     
-0.0115723     -0.0112793     -0.0112671     -0.0112427     
-0.0112915     -0.0109253     -0.0108521     -0.010791     
-0.0106812     -0.0104126     -0.0104492     -0.0103149     
-0.0103394     -0.010144     -0.0101318     -0.0101929     
-0.0103516     -0.0101563     -0.010083     -0.0102417     
-0.0102905     -0.0102295     -0.0101074     -0.0102173     
-0.0102417     -0.010022     -0.0098999     -0.00987549     
-0.00979004     -0.00963135     -0.00946045     -0.00961914     
-0.00965576     -0.00957031     -0.0095459     -0.00969238     
-0.00985107     -0.00981445     -0.00987549     -0.0101685     
-0.0103149     -0.0103271     -0.010376     -0.010498     
-0.0106323     -0.0105347     -0.0104858     -0.0106079     
-0.0107056     -0.0104614     -0.0104614     -0.0103271     
-0.0102051     -0.010083     -0.0100464     -0.00992432     
-0.0100342     -0.00979004     -0.00958252     -0.00966797     
-0.00970459     -0.00944824     -0.00953369     -0.00953369     
-0.00963135     -0.00941162     -0.00947266     -0.00950928     
-0.0095459     -0.00957031     -0.00948486     -0.00975342     
-0.00986328     -0.00983887     -0.00979004     -0.00996094     
-0.0100098     -0.0100342     -0.00991211     -0.0101685     
-0.0102295     -0.0100708     -0.0100098     -0.0101318     
-0.0101196     -0.00996094     -0.00996094     -0.00999756     
-0.00996094     -0.0098877     -0.00975342     -0.00970459     
-0.00974121     -0.00953369     -0.00948486     -0.00952148     
-0.00950928     -0.00927734     -0.00925293     -0.00927734     
-0.00947266     -0.00930176     -0.00931396     -0.00953369     
-0.00974121     -0.00957031     -0.0097168     -0.00983887     
-0.00993652     -0.00996094     -0.00999756     -0.0100464     
-0.0102905     -0.0100464     -0.010083     -0.00996094     
-0.0100586     -0.0098999     -0.00981445     -0.00992432     
-0.00987549     -0.00991211     -0.00976563     -0.00982666     
-0.00996094     -0.00987549     -0.0098999     -0.0100952     
-0.0102295     -0.0101318     -0.010083     -0.0103027     
-0.010376     -0.0102783     -0.0103638     -0.0105835     
-0.0107666     -0.0106445     -0.0106201     -0.0108643     
-0.0108032     -0.0108276     -0.0108154     -0.0108887     
-0.0109619     -0.0106812     -0.0106812     -0.0106567     
-0.0105347     -0.0103149     -0.0102295     -0.0102295     
-0.0102051     -0.0098999     -0.0098877     -0.00981445     
-0.00996094     -0.00983887     -0.00980225     -0.0100342     
-0.0101563     -0.00998535     -0.0102051     -0.0102173     
-0.0103516     -0.0102661     -0.0102783     -0.0103638     
-0.0103271     -0.0102295     -0.00999756     -0.0100464     
-0.00994873     -0.00981445     -0.009729     -0.00980225     
-0.00982666     -0.00982666     -0.00975342     -0.00993652     
-0.0100952     -0.0101685     -0.0102783     -0.010498     
-0.0106689     -0.0106079     -0.0107178     -0.0107544     
-0.0108398     -0.0107056     -0.0106445     -0.010791     
-0.0107788     -0.0105957     -0.0105835     -0.0104858     
-0.0106445     -0.0105225     -0.0104126     -0.0104858     
-0.0106201     -0.0103882     -0.0103394     -0.0103027     
-0.0103516     -0.0101807     -0.0100586     -0.0101685     
-0.0100952     -0.00993652     -0.00998535     -0.00979004     
-0.010022     -0.00982666     -0.00981445     -0.0098877     
-0.0100586     -0.00999756     -0.00982666     -0.010022     
-0.0100098     -0.0100342     -0.00993652     -0.010083     
-0.0102417     -0.0100952     -0.0100708     -0.0102051     
-0.0102417     -0.0102783     -0.0102173     -0.0103638     
-0.0104614     -0.0104004     -0.0102783     -0.0102661     
-0.0102905     -0.0101685     -0.0101318     -0.0102295     
-0.0102051     -0.0100098     -0.0100342     -0.00999756     
-0.00994873     -0.00991211     -0.00983887     -0.00983887     
-0.00991211     -0.00968018     -0.009729     -0.0097168     
-0.00976563     -0.00952148     -0.00955811     -0.00965576     
-0.00970459     -0.00953369     -0.00953369     -0.00953369     
-0.00982666     -0.00953369     -0.00974121     -0.00982666     
-0.0100098     -0.00998535     -0.0100098     -0.0101318     
-0.0102905     -0.0102539     -0.0102173     -0.010498     
-0.0105957     -0.0104126     -0.0104248     -0.0104614     
-0.010376     -0.0103516     -0.0101196     -0.0102295     
-0.0102783     -0.010144     -0.00999756     -0.0100098     
-0.00992432     -0.00976563     -0.0097168     -0.009729     
-0.00976563     -0.0095459     -0.00959473     -0.00959473     
-0.00968018     -0.00959473     -0.00960693     -0.00964355     
-0.00976563     -0.00965576     -0.00968018     -0.00966797     
-0.00970459     -0.00953369     -0.00938721     -0.00944824     
-0.00943604     -0.00908203     -0.00913086     -0.00900879     
-0.00892334     -0.00892334     -0.00889893     -0.00878906     
-0.0090332     -0.00889893     -0.00891113     -0.00898438     
-0.00900879     -0.0090332     -0.00897217     -0.00924072     
-0.00905762     -0.009021     -0.00889893     -0.00894775     
-0.00893555     -0.00887451     -0.00870361     -0.00893555     
-0.00893555     -0.00881348     -0.00874023     -0.00872803     
-0.00882568     -0.00878906     -0.00871582     -0.00887451     
-0.0090332     -0.00880127     -0.00877686     -0.00892334     
-0.00897217     -0.00882568     -0.00872803     -0.00880127     
-0.00889893     -0.00859375     -0.00843506     -0.00836182     
-0.0083374     -0.0081543     -0.0079834     -0.00795898     
-0.00808105     -0.00793457     -0.00777588     -0.00786133     
-0.0081665     -0.00795898     -0.00793457     -0.00817871     
-0.0083374     -0.00811768     -0.00836182     -0.00823975     
-0.00837402     -0.00828857     -0.00820313     -0.00828857     
-0.00831299     -0.00802002     -0.00782471     -0.00777588     
-0.00778809     -0.00754395     -0.00733643     -0.0074585     
-0.00743408     -0.00732422     -0.00722656     -0.00739746     
-0.00740967     -0.00737305     -0.00732422     -0.00748291     
-0.00761719     -0.00744629     -0.00744629     -0.00749512     
-0.00753174     -0.00738525     -0.00723877     -0.0072998     
-0.00734863     -0.00710449     -0.00695801     -0.00688477     
-0.00693359     -0.0067749     -0.0065918     -0.00662842     
-0.0067627     -0.00654297     -0.00648193     -0.00657959     
-0.00667725     -0.00657959     -0.00668945     -0.00684814     
-0.00698242     -0.00699463     -0.00709229     -0.00692139     
-0.00725098     -0.00717773     -0.00715332     -0.00731201     
-0.00737305     -0.00722656     -0.00709229     -0.00725098     
-0.0072876     -0.0071167     -0.00695801     -0.0071167     
-0.00716553     -0.00701904     -0.00687256     -0.00701904     
-0.00690918     -0.0069458     -0.00686035     -0.00699463     
-0.00706787     -0.00692139     -0.00689697     -0.00697021     
-0.00705566     -0.00690918     -0.00683594     -0.00695801     
-0.00703125     -0.00682373     -0.00679932     -0.0067749     
-0.00679932     -0.006604     -0.00657959     -0.0067627     
-0.00672607     -0.00654297     -0.00656738     -0.00653076     
-0.00650635     -0.00635986     -0.00638428     -0.00633545     
-0.00632324     -0.00614014     -0.00599365     -0.00614014     
-0.00614014     -0.00585938     -0.00596924     -0.00596924     
-0.00600586     -0.00583496     -0.00579834     -0.00579834     
-0.00584717     -0.00585938     -0.00568848     -0.00594482     
-0.00605469     -0.00595703     -0.00595703     -0.00605469     
-0.00616455     -0.00609131     -0.00604248     -0.00632324     
-0.00632324     -0.00618896     -0.00612793     -0.00617676     
-0.00622559     -0.00593262     -0.00594482     -0.00585938     
-0.00576172     -0.0055542     -0.00545654     -0.00545654     
-0.00543213     -0.00528564     -0.00526123     -0.0052124     
-0.00529785     -0.0052002     -0.00512695     -0.00516357     
-0.0053833     -0.00518799     -0.00524902     -0.00543213     
-0.00549316     -0.00533447     -0.00540771     -0.00546875     
-0.00546875     -0.0053833     -0.0053833     -0.00526123     
-0.00544434     -0.00524902     -0.00516357     -0.00515137     
-0.00517578     -0.00498047     -0.00488281     -0.00511475     
-0.0050293     -0.00498047     -0.00494385     -0.00500488     
-0.00513916     -0.00509033     -0.00513916     -0.00541992     
-0.00548096     -0.00543213     -0.00551758     -0.00559082     
-0.00574951     -0.00571289     -0.0057251     -0.00582275     
-0.00599365     -0.00588379     -0.00587158     -0.00592041     
-0.00598145     -0.00595703     -0.00587158     -0.00592041     
-0.00601807     -0.00587158     -0.00587158     -0.00585938     
-0.00596924     -0.0059082     -0.00587158     -0.00605469     
-0.00626221     -0.00606689     -0.00614014     -0.00623779     
-0.00632324     -0.00622559     -0.00605469     -0.00617676     
-0.00627441     -0.00599365     -0.00595703     -0.00594482     
-0.00584717     -0.00577393     -0.00576172     -0.00579834     
-0.00592041     -0.00587158     -0.00581055     -0.00593262     
-0.00604248     -0.00594482     -0.00593262     -0.00612793     
-0.00618896     -0.00609131     -0.00595703     -0.00615234     
-0.00606689     -0.00585938     -0.00584717     -0.00587158     
-0.00592041     -0.00577393     -0.00579834     -0.0057373     
-0.00581055     -0.00579834     -0.00576172     -0.00598145     
-0.00616455     -0.00600586     -0.00615234     -0.00627441     
-0.00653076     -0.00650635     -0.00648193     -0.00666504     
-0.0067627     -0.00665283     -0.00656738     -0.00654297     
-0.00654297     -0.00632324     -0.00621338     -0.00628662     
-0.00622559     -0.00604248     -0.00599365     -0.005896     
-0.00612793     -0.00601807     -0.00605469     -0.00620117     
-0.00631104     -0.00631104     -0.00638428     -0.00657959     
-0.00656738     -0.00667725     -0.00670166     -0.00683594     
-0.00700684     -0.0069458     -0.00686035     -0.00698242     
-0.00689697     -0.0067749     -0.00668945     -0.0067749     
-0.00681152     -0.00665283     -0.00655518     -0.00651855     
-0.00670166     -0.0065918     -0.00656738     -0.00684814     
-0.00692139     -0.00681152     -0.00679932     -0.00678711     
-0.00683594     -0.00667725     -0.00651855     -0.0065918     
-0.006604     -0.00645752     -0.00635986     -0.00625     
-0.00629883     -0.00614014     -0.00606689     -0.00621338     
-0.00629883     -0.00606689     -0.00599365     -0.0060791     
-0.00632324     -0.00604248     -0.00616455     -0.00625     
-0.00627441     -0.00621338     -0.00626221     -0.00634766     
-0.00645752     -0.00651855     -0.00648193     -0.006604     
-0.00679932     -0.00668945     -0.00670166     -0.00683594     
-0.00684814     -0.00687256     -0.00670166     -0.00688477     
-0.00675049     -0.00662842     -0.0065918     -0.00656738     
-0.0065918     -0.00648193     -0.00651855     -0.00650635     
-0.00675049     -0.00655518     -0.00646973     -0.00654297     
-0.00657959     -0.00638428     -0.00629883     -0.00634766     
-0.0064209     -0.00623779     -0.00611572     -0.00606689     
-0.00614014     -0.00596924     -0.00588379     -0.0060791     
-0.00609131     -0.00579834     -0.00588379     -0.00588379     
-0.00585938     -0.00585938     -0.00587158     -0.00583496     
-0.00609131     -0.0057373     -0.00581055     -0.00581055     
-0.00582275     -0.00576172     -0.0057373     -0.0059082     
-0.00583496     -0.00582275     -0.00576172     -0.00587158     
-0.00596924     -0.00593262     -0.0057373     -0.00596924     
-0.00615234     -0.0060791     -0.00595703     -0.00615234     
-0.00623779     -0.00621338     -0.00611572     -0.00627441     
-0.00638428     -0.00616455     -0.00614014     -0.00622559     
-0.00622559     -0.0060791     -0.00604248     -0.00603027     
-0.00609131     -0.005896     -0.005896     -0.0059082     
-0.00594482     -0.00582275     -0.00582275     -0.00601807     
-0.00609131     -0.00593262     -0.00600586     -0.00593262     
-0.00600586     -0.0059082     -0.00574951     -0.00588379     
-0.00588379     -0.00568848     -0.00571289     -0.00562744     
-0.00571289     -0.00565186     -0.00563965     -0.0057251     
-0.00574951     -0.00571289     -0.00568848     -0.00581055     
-0.00582275     -0.00574951     -0.0057373     -0.0059082     
-0.00592041     -0.00592041     -0.00578613     -0.00584717     
-0.00592041     -0.00592041     -0.00582275     -0.0059082     
-0.00594482     -0.0057373     -0.0057373     -0.00571289     
-0.00579834     -0.00578613     -0.0057251     -0.00582275     
-0.00604248     -0.00592041     -0.00592041     -0.005896     
-0.00605469     -0.00595703     -0.00578613     -0.00583496     
-0.005896     -0.00552979     -0.00540771     -0.00527344     
-0.00529785     -0.0050293     -0.00493164     -0.00490723     
-0.00495605     -0.00478516     -0.0048584     -0.00473633     
-0.00487061     -0.00483398     -0.00483398     -0.00511475     
-0.00513916     -0.00512695     -0.00516357     -0.00533447     
-0.00534668     -0.00543213     -0.00540771     -0.0055542     
-0.00566406     -0.00560303     -0.00551758     -0.00577393     
-0.00577393     -0.00552979     -0.00561523     -0.00576172     
-0.00583496     -0.00568848     -0.00567627     -0.00566406     
-0.00574951     -0.00559082     -0.00546875     -0.00557861     
-0.00557861     -0.0053833     -0.00527344     -0.00516357     
-0.00527344     -0.00511475     -0.00499268     -0.00512695     
-0.0052124     -0.00501709     -0.0050293     -0.00501709     
-0.00510254     -0.00491943     -0.00494385     -0.00496826     
-0.00509033     -0.00491943     -0.00487061     -0.00487061     
-0.00495605     -0.00458984     -0.00458984     -0.00478516     
-0.00476074     -0.00449219     -0.00455322     -0.00443115     
-0.0045166     -0.00444336     -0.00419922     -0.00443115     
-0.00444336     -0.0043457     -0.0043457     -0.00437012     
-0.00440674     -0.00444336     -0.00438232     -0.00454102     
-0.00460205     -0.0045166     -0.00461426     -0.00460205     
-0.00463867     -0.00455322     -0.00454102     -0.00455322     
-0.00460205     -0.00446777     -0.00445557     -0.00446777     
-0.00454102     -0.00440674     -0.00441895     -0.00446777     
-0.0045166     -0.0043457     -0.0043335     -0.00430908     
-0.00440674     -0.00419922     -0.00413818     -0.00413818     
-0.00429688     -0.00405273     -0.00419922     -0.00412598     
-0.00407715     -0.00404053     -0.00407715     -0.00404053     
-0.0043335     -0.00418701     -0.0041626     -0.00429688     
-0.00443115     -0.00428467     -0.00427246     -0.00457764     
-0.00449219     -0.00441895     -0.00440674     -0.00446777     
-0.00438232     -0.0043457     -0.00413818     -0.0043335     
-0.00422363     -0.00406494     -0.00404053     -0.00400391     
-0.00396729     -0.00388184     -0.00375977     -0.00388184     
-0.00393066     -0.00373535     -0.00375977     -0.00388184     
-0.00385742     -0.00390625     -0.00390625     -0.0039917     
-0.00423584     -0.00412598     -0.00405273     -0.00423584     
-0.0043335     -0.00426025     -0.00439453     -0.00446777     
-0.00456543     -0.00446777     -0.00443115     -0.00449219     
-0.00449219     -0.00426025     -0.00412598     -0.00423584     
-0.00435791     -0.00405273     -0.00408936     -0.00407715     
-0.00421143     -0.00407715     -0.00410156     -0.00432129     
-0.00439453     -0.00432129     -0.00435791     -0.0045166     
-0.00445557     -0.00449219     -0.00440674     -0.00455322     
-0.00450439     -0.0043457     -0.00424805     -0.00430908     
-0.00438232     -0.00421143     -0.00402832     -0.00415039     
-0.00422363     -0.00397949     -0.0039917     -0.00390625     
-0.0039917     -0.00389404     -0.00379639     -0.00397949     
-0.00404053     -0.00394287     -0.0039917     -0.00391846     
-0.00412598     -0.0039917     -0.00397949     -0.00413818     
-0.00427246     -0.00415039     -0.00421143     -0.0041748     
-0.00426025     -0.00412598     -0.00413818     -0.00419922     
-0.0041748     -0.00412598     -0.0041626     -0.00400391     
-0.0041626     -0.00402832     -0.00394287     -0.00401611     
-0.00400391     -0.00383301     -0.00384521     -0.00386963     
-0.00385742     -0.00375977     -0.00373535     -0.00386963     
-0.00388184     -0.00374756     -0.00372314     -0.00395508     
-0.00402832     -0.00390625     -0.00378418     -0.00415039     
-0.00418701     -0.00411377     -0.00408936     -0.00415039     
-0.0043457     -0.0041626     -0.00412598     -0.0043335     
-0.0043457     -0.00423584     -0.00421143     -0.00423584     
-0.00438232     -0.00406494     -0.00421143     -0.00419922     
-0.0043335     -0.00402832     -0.00401611     -0.00400391     
-0.00401611     -0.0038208     -0.00384521     -0.00395508     
-0.00402832     -0.00380859     -0.00368652     -0.00385742     
-0.00401611     -0.00373535     -0.00375977     -0.00384521     
-0.00393066     -0.00372314     -0.0036499     -0.00375977     
-0.00367432     -0.00367432     -0.00360107     -0.00366211     
-0.00374756     -0.00366211     -0.00354004     -0.00372314     
-0.00375977     -0.00379639     -0.00371094     -0.00386963     
-0.00396729     -0.00384521     -0.00388184     -0.00394287     
-0.00391846     -0.00389404     -0.00406494     -0.00402832     
-0.00413818     -0.00411377     -0.00421143     -0.00426025     
-0.00435791     -0.00426025     -0.00429688     -0.00438232     
-0.00449219     -0.00423584     -0.0041626     -0.00413818     
-0.00426025     -0.00404053     -0.00405273     -0.00413818     
-0.00424805     -0.00408936     -0.00421143     -0.00429688     
-0.00437012     -0.00445557     -0.00450439     -0.00455322     
-0.00488281     -0.00469971     -0.00463867     -0.00465088     
-0.00477295     -0.00461426     -0.0045166     -0.00465088     
-0.00462646     -0.00455322     -0.00449219     -0.00460205     
-0.00465088     -0.00454102     -0.00444336     -0.00461426     
-0.00461426     -0.00449219     -0.00439453     -0.00440674     
-0.00443115     -0.00440674     -0.0041748     -0.0041748     
-0.00424805     -0.00394287     -0.00383301     -0.00388184     
-0.00393066     -0.00378418     -0.00372314     -0.00379639     
-0.00379639     -0.0036377     -0.00361328     -0.00374756     
-0.00374756     -0.00371094     -0.0038208     -0.00396729     
-0.00402832     -0.00396729     -0.00411377     -0.00419922     
-0.00432129     -0.00421143     -0.00429688     -0.00443115     
-0.00455322     -0.00432129     -0.00452881     -0.00446777     
-0.00454102     -0.00444336     -0.00439453     -0.00450439     
-0.00447998     -0.00437012     -0.00429688     -0.00445557     
-0.00449219     -0.00438232     -0.00438232     -0.00455322     
-0.00467529     -0.00472412     -0.00465088     -0.00482178     
-0.0048584     -0.0048584     -0.00489502     -0.00494385     
-0.00501709     -0.00489502     -0.00480957     -0.00472412     
-0.0048584     -0.00473633     -0.00458984     -0.00462646     
-0.00457764     -0.00446777     -0.00440674     -0.0043335     
-0.00440674     -0.00426025     -0.00424805     -0.00439453     
-0.00443115     -0.00429688     -0.00432129     -0.00435791     
-0.0045166     -0.00443115     -0.00450439     -0.00466309     
-0.00473633     -0.00479736     -0.0048584     -0.00483398     
-0.00505371     -0.00489502     -0.00498047     -0.00510254     
-0.0052002     -0.00505371     -0.00494385     -0.00506592     
-0.00493164     -0.00491943     -0.00480957     -0.00495605     
-0.00495605     -0.00474854     -0.00474854     -0.00489502     
-0.00480957     -0.00474854     -0.00476074     -0.00498047     
-0.0050415     -0.00491943     -0.00484619     -0.00493164     
-0.00506592     -0.00484619     -0.00479736     -0.00494385     
-0.00490723     -0.00471191     -0.00469971     -0.00465088     
-0.00467529     -0.00450439     -0.00438232     -0.00457764     
-0.00456543     -0.00435791     -0.00430908     -0.0043457     
-0.00435791     -0.00413818     -0.00402832     -0.0039917     
-0.0041748     -0.00405273     -0.0038208     -0.00389404     
-0.00391846     -0.00372314     -0.00377197     -0.00383301     
-0.00393066     -0.00374756     -0.00380859     -0.0038208     
-0.00391846     -0.00388184     -0.00375977     -0.00395508     
-0.00407715     -0.00411377     -0.0039917     -0.00413818     
-0.00422363     -0.00426025     -0.00415039     -0.00430908     
-0.00439453     -0.00426025     -0.00418701     -0.00426025     
-0.00423584     -0.00402832     -0.00396729     -0.00397949     
-0.00396729     -0.00367432     -0.00366211     -0.00356445     
-0.00352783     -0.00335693     -0.00333252     -0.00340576     
-0.00338135     -0.00333252     -0.00328369     -0.00334473     
-0.0034668     -0.00332031     -0.00336914     -0.00351563     
-0.00361328     -0.00349121     -0.003479     -0.00349121     
-0.003479     -0.00340576     -0.00339355     -0.00323486     
-0.00350342     -0.003125     -0.00323486     -0.00325928     
-0.00323486     -0.00324707     -0.00318604     -0.00336914     
-0.00330811     -0.00344238     -0.00334473     -0.00350342     
-0.00366211     -0.00358887     -0.00355225     -0.00384521     
-0.00378418     -0.00372314     -0.00372314     -0.00372314     
-0.00384521     -0.00372314     -0.0036377     -0.00371094     
-0.00380859     -0.00362549     -0.00358887     -0.00358887     
-0.00354004     -0.00341797     -0.0032959     -0.00340576     
-0.00343018     -0.00319824     -0.00311279     -0.003125     
-0.00308838     -0.00292969     -0.00290527     -0.00294189     
-0.00292969     -0.00270996     -0.00272217     -0.00268555     
-0.00281982     -0.00266113     -0.00273438     -0.00288086     
-0.00313721     -0.00290527     -0.00308838     -0.00316162     
-0.00325928     -0.00325928     -0.00318604     -0.00334473     
-0.00343018     -0.00330811     -0.00317383     -0.00321045     
-0.00314941     -0.00302734     -0.00281982     -0.0029541     
-0.00290527     -0.00283203     -0.00267334     -0.00286865     
-0.00291748     -0.00284424     -0.00285645     -0.00301514     
-0.003125     -0.00310059     -0.00323486     -0.00311279     
-0.00336914     -0.00330811     -0.00338135     -0.00352783     
-0.0036499     -0.00351563     -0.00371094     -0.00357666     
-0.00379639     -0.0036499     -0.00357666     -0.00368652     
-0.00368652     -0.00355225     -0.0034668     -0.00333252     
-0.00336914     -0.00314941     -0.00301514     -0.00316162     
-0.003125     -0.00310059     -0.00300293     -0.00297852     
-0.00313721     -0.00301514     -0.00303955     -0.00318604     
-0.00335693     -0.00319824     -0.00314941     -0.00330811     
-0.0032959     -0.00317383     -0.00306396     -0.003125     
-0.00305176     -0.00291748     -0.00269775     -0.0027832     
-0.00275879     -0.00268555     -0.00256348     -0.00264893     
-0.00284424     -0.00274658     -0.00269775     -0.00284424     
-0.00308838     -0.00291748     -0.0029541     -0.0032959     
-0.00340576     -0.00318604     -0.00330811     -0.00349121     
-0.00356445     -0.00340576     -0.003479     -0.00358887     
-0.00368652     -0.00357666     -0.00355225     -0.00350342     
-0.00360107     -0.00339355     -0.00340576     -0.00338135     
-0.00343018     -0.00328369     -0.00318604     -0.00324707     
-0.00338135     -0.00313721     -0.00328369     -0.00340576     
-0.00345459     -0.00327148     -0.00333252     -0.00341797     
-0.003479     -0.00340576     -0.00325928     -0.00350342     
-0.003479     -0.00333252     -0.00332031     -0.00335693     
-0.00339355     -0.00339355     -0.00318604     -0.00335693     
-0.00339355     -0.00323486     -0.00322266     -0.00322266     
-0.00325928     -0.00311279     -0.00300293     -0.00318604     
-0.00318604     -0.00305176     -0.00305176     -0.00311279     
-0.00317383     -0.00310059     -0.00306396     -0.003125     
-0.00332031     -0.00323486     -0.00319824     -0.00321045     
-0.00334473     -0.00311279     -0.00310059     -0.00316162     
-0.0032959     -0.00314941     -0.00313721     -0.00317383     
-0.00321045     -0.00323486     -0.00332031     -0.0032959     
-0.0036499     -0.00360107     -0.0036377     -0.00369873     
-0.00386963     -0.00396729     -0.00391846     -0.0041748     
-0.00424805     -0.00422363     -0.00413818     -0.00412598     
-0.00424805     -0.00413818     -0.00386963     -0.00402832     
-0.00397949     -0.00385742     -0.00374756     -0.00371094     
-0.00371094     -0.00354004     -0.00345459     -0.0036499     
-0.00366211     -0.00352783     -0.00355225     -0.00355225     
-0.00366211     -0.00350342     -0.00350342     -0.00355225     
-0.00369873     -0.00351563     -0.00341797     -0.00343018     
-0.00352783     -0.0032959     -0.00318604     -0.0032959     
-0.00335693     -0.00310059     -0.00316162     -0.00305176     
-0.00325928     -0.00311279     -0.00306396     -0.00321045     
-0.00338135     -0.00313721     -0.0032959     -0.00333252     
-0.00339355     -0.00328369     -0.00321045     -0.0032959     
-0.00323486     -0.00319824     -0.00303955     -0.00301514     
-0.00291748     -0.00292969     -0.00273438     -0.00279541     
-0.00283203     -0.00280762     -0.00272217     -0.00279541     
-0.00292969     -0.00291748     -0.00294189     -0.00314941     
-0.00318604     -0.00311279     -0.00322266     -0.00327148     
-0.00340576     -0.00328369     -0.00333252     -0.00345459     
-0.00350342     -0.00334473     -0.00332031     -0.00333252     
-0.00332031     -0.00321045     -0.00310059     -0.00314941     
-0.0032959     -0.00314941     -0.00299072     -0.00318604     
-0.00325928     -0.00308838     -0.00311279     -0.00327148     
-0.00327148     -0.0032959     -0.00324707     -0.00324707     
-0.00349121     -0.00333252     -0.00332031     -0.00345459     
-0.00344238     -0.00330811     -0.00321045     -0.00322266     
-0.00324707     -0.00318604     -0.00308838     -0.00317383     
-0.00324707     -0.00306396     -0.00290527     -0.00291748     
-0.00292969     -0.00281982     -0.00267334     -0.00266113     
-0.00284424     -0.00268555     -0.00255127     -0.00270996     
-0.00289307     -0.00268555     -0.00275879     -0.00296631     
-0.00308838     -0.00292969     -0.00302734     -0.00307617     
-0.00335693     -0.00319824     -0.00327148     -0.00349121     
-0.00345459     -0.00340576     -0.00350342     -0.0034668     
-0.0036499     -0.00355225     -0.00345459     -0.00367432     
-0.00380859     -0.00372314     -0.00360107     -0.00374756     
-0.00394287     -0.00367432     -0.00384521     -0.00404053     
-0.00406494     -0.00391846     -0.00385742     -0.00395508     
-0.00401611     -0.00379639     -0.00355225     -0.00371094     
-0.00369873     -0.00341797     -0.00327148     -0.00324707     
-0.003125     -0.00317383     -0.00288086     -0.00306396     
-0.00308838     -0.00285645     -0.00280762     -0.00281982     
-0.002771     -0.00269775     -0.00272217     -0.00273438     
-0.00270996     -0.00268555     -0.00264893     -0.00268555     
-0.00279541     -0.00268555     -0.00264893     -0.0027832     
-0.00301514     -0.00285645     -0.00279541     -0.00303955     
-0.00317383     -0.00316162     -0.00318604     -0.0032959     
-0.00352783     -0.00338135     -0.00341797     -0.00360107     
-0.0036377     -0.00362549     -0.00369873     -0.00369873     
-0.00388184     -0.00367432     -0.00367432     -0.00366211     
-0.00385742     -0.00371094     -0.00349121     -0.00366211     
-0.00367432     -0.00351563     -0.0034668     -0.00351563     
-0.00358887     -0.00343018     -0.00339355     -0.00367432     
-0.00362549     -0.00351563     -0.00340576     -0.00356445     
-0.0036377     -0.00343018     -0.00338135     -0.0034668     
-0.00341797     -0.00308838     -0.00301514     -0.00299072     
-0.00297852     -0.00280762     -0.00267334     -0.00269775     
-0.00292969     -0.00264893     -0.00257568     -0.00263672     
-0.00275879     -0.00258789     -0.00266113     -0.00286865     
-0.00305176     -0.00288086     -0.0029541     -0.00299072     
-0.00307617     -0.00296631     -0.00291748     -0.00310059     
-0.00319824     -0.00288086     -0.00308838     -0.00294189     
-0.00306396     -0.00296631     -0.00292969     -0.00300293     
-0.00303955     -0.00302734     -0.00281982     -0.00301514     
-0.00303955     -0.00292969     -0.00280762     -0.00307617     
-0.00301514     -0.00301514     -0.00290527     -0.00301514     
-0.003125     -0.00301514     -0.0029541     -0.00313721     
-0.00317383     -0.00305176     -0.00311279     -0.00301514     
-0.00306396     -0.00290527     -0.00280762     -0.00289307     
-0.00296631     -0.00258789     -0.00256348     -0.00253906     
-0.00246582     -0.00224609     -0.00220947     -0.00223389     
-0.00227051     -0.00214844     -0.00213623     -0.00214844     
-0.0022583     -0.00212402     -0.00217285     -0.00227051     
-0.00231934     -0.00220947     -0.00227051     -0.00219727     
-0.00240479     -0.00219727     -0.00209961     -0.0022583     
-0.0022583     -0.0020874     -0.0020752     -0.00201416     
-0.00202637     -0.00203857     -0.00194092     -0.00219727     
-0.00230713     -0.00222168     -0.00217285     -0.00241699     
-0.00249023     -0.00255127     -0.00255127     -0.00257568     
-0.00275879     -0.00267334     -0.00263672     -0.00256348     
-0.00268555     -0.0026001     -0.00256348     -0.00268555     
-0.00270996     -0.00266113     -0.00251465     -0.00246582     
-0.00264893     -0.00249023     -0.00240479     -0.00246582     
-0.00255127     -0.0022583     -0.00231934     -0.00222168     
-0.00229492     -0.00219727     -0.00220947     -0.00228271     
-0.00250244     -0.00224609     -0.00228271     -0.00245361     
-0.00266113     -0.00245361     -0.0026001     -0.00269775     
-0.00279541     -0.00270996     -0.00269775     -0.00274658     
-0.00280762     -0.00275879     -0.00257568     -0.002771     
-0.00274658     -0.00256348     -0.00233154     -0.00235596     
-0.00230713     -0.00212402     -0.00189209     -0.00192871     
-0.00200195     -0.00184326     -0.00177002     -0.00181885     
-0.00203857     -0.00198975     -0.00201416     -0.00220947     
-0.00252686     -0.00244141     -0.00247803     -0.00267334     
-0.00286865     -0.00266113     -0.002771     -0.00292969     
-0.00289307     -0.0027832     -0.00273438     -0.002771     
-0.00284424     -0.00258789     -0.00267334     -0.00270996     
-0.002771     -0.00267334     -0.00270996     -0.00275879     
-0.00283203     -0.0027832     -0.00272217     -0.002771     
-0.00296631     -0.00266113     -0.00264893     -0.00266113     
-0.00272217     -0.00251465     -0.00234375     -0.00247803     
-0.00240479     -0.00228271     -0.00218506     -0.00224609     
-0.00223389     -0.00216064     -0.00205078     -0.00227051     
-0.00222168     -0.0022583     -0.00211182     -0.00209961     
-0.00223389     -0.00211182     -0.00203857     -0.00218506     
-0.00235596     -0.00220947     -0.0022583     -0.00235596     
-0.00240479     -0.00246582     -0.00244141     -0.00262451     
-0.00292969     -0.00263672     -0.00272217     -0.00274658     
-0.00272217     -0.0026001     -0.00251465     -0.00256348     
-0.00257568     -0.00244141     -0.00234375     -0.00227051     
-0.00247803     -0.00238037     -0.0022583     -0.0024292     
-0.00255127     -0.00230713     -0.00252686     -0.00250244     
-0.00252686     -0.00249023     -0.00246582     -0.00258789     
-0.00253906     -0.00250244     -0.00236816     -0.00249023     
-0.00250244     -0.0024292     -0.00233154     -0.00249023     
-0.00255127     -0.0026123     -0.00251465     -0.00258789     
-0.00263672     -0.00270996     -0.00273438     -0.00297852     
-0.00308838     -0.00302734     -0.00311279     -0.00318604     
-0.00336914     -0.0032959     -0.00332031     -0.00349121     
-0.00352783     -0.0032959     -0.00332031     -0.00321045     
-0.00325928     -0.00305176     -0.00290527     -0.00294189     
-0.00299072     -0.00275879     -0.00272217     -0.00272217     
-0.00289307     -0.0026123     -0.0026001     -0.0027832     
-0.00280762     -0.00275879     -0.00292969     -0.00275879     
-0.00310059     -0.00296631     -0.00286865     -0.00296631     
-0.00310059     -0.00291748     -0.00279541     -0.00291748     
-0.00297852     -0.002771     -0.00266113     -0.00286865     
-0.00285645     -0.00270996     -0.0026001     -0.00279541     
-0.002771     -0.00267334     -0.00270996     -0.002771     
-0.00279541     -0.00267334     -0.00253906     -0.00250244     
-0.00267334     -0.00245361     -0.00228271     -0.00239258     
-0.00239258     -0.00224609     -0.00216064     -0.00217285     
-0.00236816     -0.00222168     -0.00230713     -0.00268555     
-0.00281982     -0.00269775     -0.00289307     -0.00307617     
-0.00330811     -0.00319824     -0.00332031     -0.00336914     
-0.00343018     -0.00324707     -0.00310059     -0.00306396     
-0.00316162     -0.00275879     -0.00281982     -0.00283203     
-0.00285645     -0.00267334     -0.0026123     -0.00264893     
-0.00269775     -0.00270996     -0.00253906     -0.00272217     
-0.00280762     -0.00268555     -0.00253906     -0.00256348     
-0.0026001     -0.00256348     -0.00234375     -0.00257568     
-0.0026001     -0.00252686     -0.00245361     -0.00263672     
-0.00273438     -0.0026123     -0.0027832     -0.00289307     
-0.00305176     -0.00302734     -0.00305176     -0.00313721     
-0.00327148     -0.00317383     -0.00323486     -0.00321045     
-0.00334473     -0.00316162     -0.00301514     -0.00303955     
-0.00305176     -0.00290527     -0.00288086     -0.00292969     
-0.00300293     -0.00283203     -0.00281982     -0.00286865     
-0.00283203     -0.00274658     -0.00275879     -0.00272217     
-0.00288086     -0.00264893     -0.00266113     -0.00258789     
-0.00257568     -0.00253906     -0.00233154     -0.00247803     
-0.00244141     -0.00234375     -0.00228271     -0.00228271     
-0.00234375     -0.00229492     -0.00216064     -0.00230713     
-0.0022583     -0.00214844     -0.00205078     -0.00196533     
-0.0020752     -0.00192871     -0.00183105     -0.00194092     
-0.0020874     -0.00192871     -0.0019165     -0.00194092     
-0.00197754     -0.00185547     -0.00186768     -0.00192871     
-0.00201416     -0.00177002     -0.00177002     -0.0019043     
-0.00194092     -0.00178223     -0.00175781     -0.00187988     
-0.00202637     -0.00196533     -0.00203857     -0.00196533     
-0.00213623     -0.00203857     -0.00200195     -0.00212402     
-0.00228271     -0.00213623     -0.00220947     -0.00209961     
-0.00227051     -0.00219727     -0.00219727     -0.00233154     
-0.00253906     -0.00245361     -0.00240479     -0.00252686     
-0.00258789     -0.00257568     -0.00245361     -0.00264893     
-0.002771     -0.00262451     -0.00252686     -0.00262451     
-0.00262451     -0.00251465     -0.00240479     -0.00264893     
-0.00266113     -0.00252686     -0.00255127     -0.00251465     
-0.00266113     -0.00264893     -0.00246582     -0.00257568     
-0.00267334     -0.00249023     -0.00241699     -0.00240479     
-0.00238037     -0.00233154     -0.00217285     -0.00220947     
-0.00238037     -0.00220947     -0.00220947     -0.00219727     
-0.00233154     -0.00223389     -0.00224609     -0.00240479     
-0.00241699     -0.00228271     -0.00239258     -0.00229492     
-0.00245361     -0.00234375     -0.00222168     -0.00234375     
-0.00239258     -0.00229492     -0.00227051     -0.00217285     
-0.00216064     -0.00206299     -0.00194092     -0.00200195     
-0.00198975     -0.00177002     -0.00169678     -0.00174561     
-0.00167236     -0.00167236     -0.00159912     -0.00172119     
-0.00177002     -0.0017334     -0.00172119     -0.00179443     
-0.00195313     -0.00184326     -0.00196533     -0.00222168     
-0.00228271     -0.0022583     -0.00228271     -0.00236816     
-0.00253906     -0.00224609     -0.00222168     -0.00239258     
-0.00246582     -0.0020874     -0.00205078     -0.00197754     
-0.00189209     -0.00166016     -0.00161133     -0.00159912     
-0.00164795     -0.00145264     -0.00130615     -0.0013916     
-0.00158691     -0.00134277     -0.00153809     -0.00169678     
-0.00179443     -0.00183105     -0.00200195     -0.0020874     
-0.00220947     -0.00236816     -0.00222168     -0.00245361     
-0.00251465     -0.00224609     -0.00219727     -0.00228271     
-0.00219727     -0.00217285     -0.0019165     -0.00202637     
-0.00201416     -0.00189209     -0.00181885     -0.00184326     
-0.00192871     -0.00181885     -0.00179443     -0.00178223     
-0.00185547     -0.00177002     -0.00170898     -0.00162354     
-0.00172119     -0.00164795     -0.00159912     -0.00169678     
-0.00177002     -0.00169678     -0.00172119     -0.00174561     
-0.00180664     -0.00168457     -0.00167236     -0.00183105     
-0.00194092     -0.00185547     -0.00186768     -0.00189209     
-0.0019043     -0.00184326     -0.00178223     -0.00178223     
-0.00196533     -0.00178223     -0.00172119     -0.00164795     
-0.00180664     -0.00167236     -0.00161133     -0.00180664     
-0.00197754     -0.00178223     -0.00174561     -0.0019043     
-0.00200195     -0.00196533     -0.00189209     -0.00203857     
-0.00209961     -0.00201416     -0.00202637     -0.00187988     
-0.00187988     -0.00186768     -0.00174561     -0.00178223     
-0.00189209     -0.00167236     -0.00163574     -0.00181885     
-0.00185547     -0.00178223     -0.00178223     -0.00192871     
-0.00203857     -0.00189209     -0.00185547     -0.00195313     
-0.00201416     -0.00189209     -0.0019165     -0.00200195     
-0.00217285     -0.00203857     -0.0020874     -0.0020874     
-0.00219727     -0.0020874     -0.0020752     -0.00229492     
-0.00246582     -0.00216064     -0.00222168     -0.00217285     
-0.00223389     -0.00213623     -0.00216064     -0.00222168     
-0.00222168     -0.00213623     -0.00197754     -0.00206299     
-0.00218506     -0.00206299     -0.00192871     -0.00214844     
-0.0020752     -0.00202637     -0.00186768     -0.00184326     
-0.0019043     -0.00163574     -0.0015625     -0.00167236     
-0.00168457     -0.00144043     -0.00144043     -0.00144043     
-0.00153809     -0.00135498     -0.00147705     -0.00166016     
-0.00174561     -0.00169678     -0.00177002     -0.00187988     
-0.00202637     -0.00196533     -0.00200195     -0.00214844     
-0.00238037     -0.00224609     -0.00222168     -0.00224609     
-0.00235596     -0.0022583     -0.00222168     -0.00219727     
-0.00219727     -0.00211182     -0.00206299     -0.00200195     
-0.0020874     -0.00187988     -0.0019043     -0.00202637     
-0.00235596     -0.00212402     -0.00214844     -0.00233154     
-0.00234375     -0.00238037     -0.00233154     -0.00246582     
-0.0026001     -0.0024292     -0.00240479     -0.0026001     
-0.00235596     -0.00233154     -0.00231934     -0.00240479     
-0.00238037     -0.00223389     -0.00216064     -0.00222168     
-0.00220947     -0.00212402     -0.00205078     -0.00211182     
-0.00218506     -0.00196533     -0.00194092     -0.00200195     
-0.00202637     -0.00186768     -0.00185547     -0.0019165     
-0.00194092     -0.00175781     -0.00183105     -0.00186768     
-0.00192871     -0.00187988     -0.00187988     -0.00195313     
-0.0020752     -0.00181885     -0.00177002     -0.00177002     
-0.00185547     -0.00159912     -0.00162354     -0.00169678     
-0.00175781     -0.0015625     -0.00153809     -0.00158691     
-0.00162354     -0.00159912     -0.00150146     -0.0017334     
-0.0019165     -0.0017334     -0.00172119     -0.0019043     
-0.00203857     -0.00198975     -0.00187988     -0.00214844     
-0.00220947     -0.0020874     -0.00213623     -0.00219727     
-0.0022583     -0.00219727     -0.00213623     -0.00220947     
-0.00235596     -0.00220947     -0.00219727     -0.00218506     
-0.00228271     -0.00211182     -0.00209961     -0.00218506     
-0.00217285     -0.00203857     -0.00183105     -0.00183105     
-0.0019165     -0.00169678     -0.00159912     -0.00179443     
-0.00187988     -0.00175781     -0.00177002     -0.00183105     
-0.0019165     -0.00186768     -0.00195313     -0.00192871     
-0.00209961     -0.00198975     -0.00197754     -0.00200195     
-0.00209961     -0.00200195     -0.00194092     -0.00216064     
-0.00214844     -0.00224609     -0.00211182     -0.00214844     
-0.00227051     -0.00220947     -0.00205078     -0.00214844     
-0.00212402     -0.0019043     -0.00175781     -0.00186768     
-0.00175781     -0.00159912     -0.00147705     -0.00151367     
-0.00155029     -0.00137939     -0.00134277     -0.00146484     
-0.00155029     -0.00147705     -0.00150146     -0.00177002     
-0.00196533     -0.00177002     -0.00189209     -0.00214844     
-0.00216064     -0.00205078     -0.00227051     -0.00230713     
-0.00249023     -0.00234375     -0.00235596     -0.00231934     
-0.00244141     -0.00219727     -0.0020752     -0.00234375     
-0.00241699     -0.00203857     -0.0020752     -0.00214844     
-0.00218506     -0.00197754     -0.00197754     -0.00195313     
-0.00200195     -0.00180664     -0.00175781     -0.00179443     
-0.00174561     -0.00168457     -0.00155029     -0.00172119     
-0.00174561     -0.00159912     -0.00152588     -0.00155029     
-0.00157471     -0.00150146     -0.00145264     -0.00152588     
-0.00161133     -0.00136719     -0.0013916     -0.00137939     
-0.00141602     -0.00141602     -0.00142822     -0.00158691     
-0.0017334     -0.00162354     -0.00170898     -0.00181885     
-0.00206299     -0.00195313     -0.00202637     -0.00214844     
-0.00231934     -0.00214844     -0.00224609     -0.00229492     
-0.0022583     -0.00218506     -0.00219727     -0.00222168     
-0.00229492     -0.00228271     -0.00216064     -0.00211182     
-0.00231934     -0.00222168     -0.00217285     -0.0022583     
-0.00244141     -0.00235596     -0.00214844     -0.00228271     
-0.00230713     -0.00214844     -0.0020752     -0.0022583     
-0.00222168     -0.00213623     -0.00209961     -0.00231934     
-0.00230713     -0.00235596     -0.00229492     -0.00257568     
-0.00268555     -0.00258789     -0.00269775     -0.002771     
-0.00290527     -0.0027832     -0.00275879     -0.00289307     
-0.00284424     -0.0026001     -0.00257568     -0.00240479     
-0.00249023     -0.00211182     -0.00206299     -0.00214844     
-0.0020752     -0.00195313     -0.0019043     -0.00184326     
-0.00195313     -0.00186768     -0.00198975     -0.00205078     
-0.00218506     -0.00209961     -0.0020752     -0.00212402     
-0.00228271     -0.00197754     -0.00203857     -0.00213623     
-0.00202637     -0.00181885     -0.0019043     -0.00189209     
-0.0019043     -0.00181885     -0.00166016     -0.00187988     
-0.00197754     -0.00195313     -0.00185547     -0.00197754     
-0.00201416     -0.00214844     -0.00206299     -0.00224609     
-0.0024292     -0.00233154     -0.00236816     -0.00244141     
-0.00250244     -0.00244141     -0.00239258     -0.00235596     
-0.00241699     -0.00228271     -0.00213623     -0.00213623     
-0.00217285     -0.00195313     -0.00192871     -0.00196533     
-0.00209961     -0.00201416     -0.00201416     -0.00206299     
-0.00229492     -0.00223389     -0.00228271     -0.00247803     
-0.00266113     -0.00255127     -0.00264893     -0.00262451     
-0.00272217     -0.00253906     -0.00258789     -0.00256348     
-0.00266113     -0.00240479     -0.00229492     -0.00238037     
-0.00241699     -0.00230713     -0.00214844     -0.00230713     
-0.00230713     -0.00217285     -0.00212402     -0.00213623     
-0.0020752     -0.00195313     -0.00177002     -0.00180664     
-0.00170898     -0.00162354     -0.00152588     -0.00150146     
-0.00161133     -0.00158691     -0.00159912     -0.00179443     
-0.00195313     -0.00183105     -0.00183105     -0.00203857     
-0.00209961     -0.00201416     -0.00198975     -0.00214844     
-0.00219727     -0.00196533     -0.00198975     -0.00198975     
-0.00202637     -0.00187988     -0.00186768     -0.00205078     
-0.0020874     -0.0019043     -0.00181885     -0.00185547     
-0.00205078     -0.00185547     -0.00180664     -0.00198975     
-0.00209961     -0.00179443     -0.00189209     -0.00184326     
-0.00189209     -0.00177002     -0.00174561     -0.00184326     
-0.00184326     -0.00180664     -0.00167236     -0.00175781     
-0.00186768     -0.00166016     -0.00159912     -0.00175781     
-0.00177002     -0.00161133     -0.0015625     -0.00163574     
-0.00152588     -0.00151367     -0.0013916     -0.00146484     
-0.00145264     -0.00128174     -0.00118408     -0.00108643     
-0.00117188     -0.000952148     -0.000854492     -0.000964355     
-0.000964355     -0.000805664     -0.000854492     -0.000952148     
-0.00109863     -0.00107422     -0.00113525     -0.00134277     
-0.00158691     -0.00150146     -0.00157471     -0.00174561     
-0.00196533     -0.00194092     -0.00194092     -0.00206299     
-0.00217285     -0.00203857     -0.00220947     -0.0020752     
-0.0022583     -0.00219727     -0.00206299     -0.00229492     
-0.00244141     -0.00220947     -0.00228271     -0.0024292     
-0.00252686     -0.00240479     -0.00251465     -0.00269775     
-0.00275879     -0.00267334     -0.00270996     -0.00285645     
-0.00269775     -0.00272217     -0.00256348     -0.00257568     
-0.00258789     -0.00236816     -0.00229492     -0.00223389     
-0.00229492     -0.00203857     -0.00194092     -0.0020752     
-0.00203857     -0.00185547     -0.00183105     -0.00174561     
-0.00180664     -0.00168457     -0.00161133     -0.00180664     
-0.00184326     -0.00166016     -0.00177002     -0.00174561     
-0.00183105     -0.00178223     -0.00179443     -0.00185547     
-0.00200195     -0.00184326     -0.00184326     -0.00192871     
-0.00203857     -0.00181885     -0.00196533     -0.00211182     
-0.00220947     -0.00200195     -0.00201416     -0.00209961     
-0.00220947     -0.0020874     -0.00201416     -0.00218506     
-0.00217285     -0.00209961     -0.0020752     -0.0020752     
-0.0020752     -0.00211182     -0.00196533     -0.00217285     
-0.00223389     -0.0020752     -0.00201416     -0.00212402     
-0.00213623     -0.00201416     -0.0020874     -0.00214844     
-0.00224609     -0.00219727     -0.00214844     -0.00229492     
-0.00235596     -0.00227051     -0.00227051     -0.00238037     
-0.00238037     -0.00227051     -0.0022583     -0.00223389     
-0.00233154     -0.00216064     -0.00206299     -0.00222168     
-0.00234375     -0.00213623     -0.00211182     -0.00212402     
-0.00220947     -0.0020874     -0.00211182     -0.00218506     
-0.00236816     -0.00223389     -0.00224609     -0.00227051     
-0.00239258     -0.00233154     -0.0022583     -0.00253906     
-0.00255127     -0.00251465     -0.00245361     -0.00253906     
-0.0026123     -0.00255127     -0.00238037     -0.00256348     
-0.00251465     -0.0024292     -0.00224609     -0.00214844     
-0.00214844     -0.0019165     -0.0017334     -0.00164795     
-0.00170898     -0.00140381     -0.00123291     -0.00125732     
-0.00124512     -0.00115967     -0.00107422     -0.00134277     
-0.00146484     -0.0012207     -0.00136719     -0.00146484     
-0.0015625     -0.00142822     -0.00146484     -0.00159912     
-0.00167236     -0.00144043     -0.00147705     -0.00153809     
-0.00161133     -0.00141602     -0.00134277     -0.00155029     
-0.00166016     -0.00148926     -0.00159912     -0.00162354     
-0.00184326     -0.00180664     -0.00186768     -0.00214844     
-0.00223389     -0.00231934     -0.00222168     -0.00241699     
-0.00255127     -0.00250244     -0.00240479     -0.0026001     
-0.00258789     -0.00236816     -0.00222168     -0.00220947     
-0.00214844     -0.00200195     -0.0019043     -0.00200195     
-0.00189209     -0.00184326     -0.00185547     -0.0019043     
-0.0019043     -0.00189209     -0.00186768     -0.00192871     
-0.0020752     -0.00185547     -0.00194092     -0.00178223     
-0.00184326     -0.00175781     -0.00161133     -0.00168457     
-0.00175781     -0.00161133     -0.00159912     -0.00166016     
-0.00174561     -0.00166016     -0.00170898     -0.00187988     
-0.00187988     -0.00177002     -0.00180664     -0.00166016     
-0.00200195     -0.00178223     -0.00177002     -0.00189209     
-0.00209961     -0.00197754     -0.00194092     -0.00220947     
-0.00230713     -0.00218506     -0.00223389     -0.00236816     
-0.00231934     -0.00222168     -0.0020874     -0.0020752     
-0.00201416     -0.00185547     -0.00169678     -0.00172119     
-0.00172119     -0.00158691     -0.00159912     -0.00155029     
-0.00168457     -0.0015625     -0.00166016     -0.00183105     
-0.00184326     -0.00177002     -0.00169678     -0.00177002     
-0.0019165     -0.00179443     -0.0017334     -0.00187988     
-0.00192871     -0.00184326     -0.00195313     -0.00201416     
-0.00214844     -0.0020752     -0.00211182     -0.00236816     
-0.00252686     -0.00240479     -0.00236816     -0.00244141     
-0.0026123     -0.00236816     -0.00247803     -0.00255127     
-0.00256348     -0.00241699     -0.00233154     -0.00231934     
-0.00235596     -0.00220947     -0.00201416     -0.0022583     
-0.00230713     -0.00201416     -0.0019165     -0.00197754     
-0.00184326     -0.00175781     -0.00163574     -0.00174561     
-0.00168457     -0.00145264     -0.00147705     -0.00152588     
-0.00145264     -0.00135498     -0.00137939     -0.00144043     
-0.00144043     -0.00131836     -0.00126953     -0.00140381     
-0.00151367     -0.00145264     -0.00150146     -0.00163574     
-0.00180664     -0.00183105     -0.00174561     -0.00189209     
-0.0020752     -0.00183105     -0.00189209     -0.00197754     
-0.0020874     -0.00181885     -0.00187988     -0.0020752     
-0.00201416     -0.00198975     -0.00202637     -0.00194092     
-0.00220947     -0.00202637     -0.00192871     -0.00195313     
-0.00203857     -0.00184326     -0.00175781     -0.00186768     
-0.00181885     -0.00168457     -0.00158691     -0.00162354     
-0.00167236     -0.00155029     -0.00147705     -0.00169678     
-0.00169678     -0.00166016     -0.00146484     -0.00157471     
-0.00161133     -0.00140381     -0.00129395     -0.00141602     
-0.00153809     -0.0012085     -0.00114746     -0.00129395     
-0.00128174     -0.00114746     -0.00113525     -0.00117188     
-0.00135498     -0.00115967     -0.00117188     -0.00125732     
-0.00130615     -0.0012085     -0.00135498     -0.00141602     
-0.00152588     -0.00145264     -0.00140381     -0.00145264     
-0.00158691     -0.00142822     -0.00134277     -0.00147705     
-0.00153809     -0.00133057     -0.00133057     -0.00135498     
-0.00136719     -0.00115967     -0.00117188     -0.00128174     
-0.00129395     -0.00131836     -0.0012085     -0.00142822     
-0.00146484     -0.0013916     -0.00137939     -0.0015625     
-0.0015625     -0.0015625     -0.00147705     -0.00157471     
-0.00159912     -0.00157471     -0.00151367     -0.00163574     
-0.00166016     -0.00150146     -0.0015625     -0.00142822     
-0.00159912     -0.00145264     -0.00130615     -0.00135498     
-0.00147705     -0.00128174     -0.0012207     -0.00118408     
-0.00114746     -0.00111084     -0.000939941     -0.00108643     
-0.00123291     -0.00098877     -0.00108643     -0.00119629     
-0.00124512     -0.00115967     -0.00115967     -0.00123291     
-0.00125732     -0.00119629     -0.00118408     -0.00100098     
-0.00128174     -0.00109863     -0.00102539     -0.00106201     
-0.00130615     -0.0010376     -0.000964355     -0.0012085     
-0.00118408     -0.00115967     -0.00113525     -0.00130615     
-0.00140381     -0.00133057     -0.00125732     -0.00136719     
-0.00136719     -0.00142822     -0.00133057     -0.00150146     
-0.00166016     -0.00152588     -0.00148926     -0.00146484     
-0.00162354     -0.00151367     -0.00153809     -0.00170898     
-0.00166016     -0.00147705     -0.00151367     -0.00146484     
-0.00151367     -0.00135498     -0.00129395     -0.0013916     
-0.00140381     -0.00119629     -0.00109863     -0.0010376     
-0.00119629     -0.000805664     -0.000866699     -0.000805664     
-0.000769043     -0.000610352     -0.000500488     -0.000500488     
-0.00057373     -0.000231934     -0.000415039     -0.000537109     
-0.000512695     -0.000341797     -0.000427246     -0.000622559     
-0.00065918     -0.000756836     -0.000610352     -0.000939941     
-0.00106201     -0.00100098     -0.000927734     -0.00113525     
-0.00113525     -0.00113525     -0.000976563     -0.0012207     
-0.0012207     -0.00102539     -0.0010376     -0.00112305     
-0.00126953     -0.00112305     -0.00109863     -0.00131836     
-0.00130615     -0.00119629     -0.00119629     -0.00114746     
-0.00124512     -0.00118408     -0.00114746     -0.0012207     
-0.00131836     -0.0012085     -0.00111084     -0.0010376     
-0.00113525     -0.000964355     -0.000817871     -0.000927734     
-0.000964355     -0.000817871     -0.000732422     -0.000830078     
-0.000683594     -0.000744629     -0.000732422     -0.000671387     
-0.000915527     -0.000720215     -0.000671387     -0.000610352     
-0.000769043     -0.000585938     -0.000524902     -0.000646973     
-0.000671387     -0.000634766     -0.000439453     -0.000598145     
-0.000634766     -0.000561523     -0.000549316     -0.000915527     
-0.000927734     -0.000939941     -0.000927734     -0.00114746     
-0.00135498     -0.00137939     -0.0013916     -0.00153809     
-0.00181885     -0.00170898     -0.00167236     -0.00175781     
-0.00178223     -0.00167236     -0.00167236     -0.00175781     
-0.00192871     -0.00157471     -0.00152588     -0.00162354     
-0.00167236     -0.00147705     -0.00148926     -0.00152588     
-0.0015625     -0.00141602     -0.00137939     -0.00129395     
-0.00137939     -0.00128174     -0.00112305     -0.00128174     
-0.00131836     -0.0010376     -0.00113525     -0.00113525     
-0.00115967     -0.00101318     -0.00108643     -0.00125732     
-0.0012207     -0.00115967     -0.00106201     -0.00117188     
-0.00123291     -0.0012085     -0.00123291     -0.00133057     
-0.00126953     -0.00136719     -0.00130615     -0.00137939     
-0.0015625     -0.00147705     -0.00140381     -0.0015625     
-0.00166016     -0.00147705     -0.00153809     -0.00153809     
-0.00158691     -0.0015625     -0.00152588     -0.00161133     
-0.00170898     -0.00157471     -0.00161133     -0.00157471     
-0.00169678     -0.00161133     -0.00153809     -0.00169678     
-0.00172119     -0.00159912     -0.00158691     -0.00163574     
-0.00172119     -0.00153809     -0.00155029     -0.00164795     
-0.00172119     -0.00153809     -0.00158691     -0.00148926     
-0.00161133     -0.00146484     -0.00135498     -0.00146484     
-0.0015625     -0.00129395     -0.00113525     -0.00128174     
-0.00113525     -0.00102539     -0.000915527     -0.000915527     
-0.000927734     -0.000830078     -0.000671387     -0.00078125     
-0.000817871     -0.000695801     -0.000634766     -0.000891113     
-0.000891113     -0.00078125     -0.000891113     -0.000976563     
-0.0010376     -0.00108643     -0.0010376     -0.00117188     
-0.00124512     -0.00102539     -0.00108643     -0.0010498     
-0.00117188     -0.00098877     -0.000976563     -0.00102539     
-0.00111084     -0.000793457     -0.00078125     -0.000720215     
-0.000708008     -0.000598145     -0.000524902     -0.000598145     
-0.000598145     -0.000476074     -0.000378418     -0.00045166     
-0.000646973     -0.000439453     -0.00057373     -0.000756836     
-0.000830078     -0.00078125     -0.000756836     -0.000927734     
-0.000976563     -0.000964355     -0.000805664     -0.00112305     
-0.00117188     -0.000976563     -0.000891113     -0.00106201     
-0.000939941     -0.00098877     -0.00090332     -0.000964355     
-0.0010498     -0.000915527     -0.00106201     -0.0010376     
-0.00114746     -0.00101318     -0.00109863     -0.00117188     
-0.00124512     -0.00123291     -0.00125732     -0.00125732     
-0.00136719     -0.00124512     -0.00125732     -0.00126953     
-0.00134277     -0.00128174     -0.00137939     -0.00137939     
-0.00141602     -0.00131836     -0.00141602     -0.0013916     
-0.00153809     -0.00137939     -0.00136719     -0.00146484     
-0.00150146     -0.00150146     -0.00155029     -0.00151367     
-0.0017334     -0.00151367     -0.00152588     -0.00161133     
-0.00164795     -0.00155029     -0.00148926     -0.00152588     
-0.00155029     -0.00140381     -0.00129395     -0.00130615     
-0.00126953     -0.0012085     -0.00108643     -0.00133057     
-0.00124512     -0.00107422     -0.00113525     -0.00109863     
-0.00115967     -0.00108643     -0.0010376     -0.0012085     
-0.00137939     -0.00114746     -0.00111084     -0.00130615     
-0.00142822     -0.00131836     -0.00125732     -0.0013916     
-0.00155029     -0.00147705     -0.00136719     -0.00145264     
-0.00151367     -0.0013916     -0.00137939     -0.00155029     
-0.00167236     -0.00151367     -0.00147705     -0.00148926     
-0.00161133     -0.00148926     -0.0013916     -0.00148926     
-0.00153809     -0.00125732     -0.00133057     -0.00124512     
-0.00118408     -0.00100098     -0.00090332     -0.00100098     
-0.000939941     -0.000842285     -0.000695801     -0.000793457     
-0.00078125     -0.000683594     -0.00065918     -0.00065918     
-0.00078125     -0.000732422     -0.00057373     -0.00065918     
-0.000817871     -0.000708008     -0.000646973     -0.000891113     
-0.000952148     -0.000842285     -0.000891113     -0.000939941     
-0.00112305     -0.0010376     -0.00115967     -0.00125732     
-0.00144043     -0.0013916     -0.00146484     -0.00147705     
-0.00158691     -0.00163574     -0.00158691     -0.00172119     
-0.00177002     -0.00158691     -0.00155029     -0.00158691     

