Source : transient; Time : Wed Jun 14 04:48:08 2017
B0 = 3812.000000 Gauss, mw = 9.686280 GHz
 NDI-T2 sa261 20/2 42/25 523nm/1mJ
1 5000 -1.001e-06 8.997e-06 0 0
s                        V                                                 
0.000378418     0.000524902     0.000280762     0.000463867     
0.000537109     0.000537109     0.000524902     0.000549316     
0.000769043     0.000708008     0.000512695     0.000524902     
0.00065918     0.000585938     0.000378418     0.000378418     
0.000415039     0.000317383     0.000170898     0.000183105     
0.000341797     0.000244141     0.000256348     0.000195313     
0.000402832     0.000427246     0.000463867     0.000415039     
0.00065918     0.000634766     0.00045166     0.000524902     
0.000671387     0.000549316     0.000378418     0.000305176     
0.000537109     0.000390625     0.000231934     0.00032959     
0.00032959     0.00032959     0.000170898     0.000195313     
0.000317383     0.000231934     0.000170898     0.000231934     
0.00020752     0.000183105     4.88281e-05     0.000256348     
0.000268555     0.000317383     0.000146484     0.000244141     
0.000317383     0.000317383     0.000268555     0.000280762     
0.000268555     0.000366211     0.00012207     0.000219727     
0.000280762     0.000268555     -2.44141e-05     0.000109863     
0.00020752     8.54492e-05     2.44141e-05     8.54492e-05     
0.000292969     0.000231934     0.000109863     0.000268555     
0.000500488     0.000488281     0.000402832     0.000390625     
0.000561523     0.000524902     0.000390625     0.000402832     
0.000622559     0.000512695     0.000292969     0.000305176     
0.000354004     0.000354004     0.000146484     0.000183105     
0.000354004     0.000292969     2.44141e-05     0.000146484     
0.000231934     0.000109863     0     6.10352e-05     
7.32422e-05     0.000109863     -0.000109863     -4.88281e-05     
4.88281e-05     0     -4.88281e-05     2.44141e-05     
7.32422e-05     0.000158691     -2.44141e-05     0.000134277     
0.000231934     0.00020752     4.88281e-05     0.000268555     
0.000402832     0.000354004     0.00032959     0.000366211     
0.000585938     0.000500488     0.000463867     0.000585938     
0.000695801     0.000732422     0.000695801     0.000720215     
0.000952148     0.00078125     0.000695801     0.000805664     
0.000854492     0.000732422     0.000634766     0.000549316     
0.00065918     0.000634766     0.00032959     0.000341797     
0.000439453     0.000439453     0.000305176     0.000268555     
0.000488281     0.000537109     0.00045166     0.000488281     
0.000720215     0.000854492     0.000732422     0.000915527     
0.000939941     0.00106201     0.000866699     0.00101318     
0.00109863     0.0010376     0.00098877     0.000891113     
0.000976563     0.000927734     0.000744629     0.00065918     
0.000646973     0.000671387     0.000390625     0.000390625     
0.000598145     0.000512695     0.000439453     0.000488281     
0.000708008     0.000634766     0.000622559     0.000610352     
0.000817871     0.000708008     0.000463867     0.000354004     
0.00045166     0.000183105     0     -0.000146484     
-7.32422e-05     -0.000366211     -0.000463867     -0.000524902     
-0.000549316     -0.000500488     -0.000732422     -0.000720215     
-0.000476074     -0.000439453     -0.000634766     -0.000476074     
-0.000170898     -0.000244141     -0.000463867     -0.000170898     
-9.76563e-05     0     -0.00032959     -4.88281e-05     
0     -1.2207e-05     -0.000183105     -0.000219727     
2.44141e-05     0     -0.000231934     -0.000170898     
6.10352e-05     -3.66211e-05     -0.000268555     -0.000146484     
-4.88281e-05     -8.54492e-05     -0.000305176     -0.000292969     
-0.000134277     -0.00020752     -0.00032959     -0.00032959     
-0.00020752     -0.000268555     -0.000512695     -0.000500488     
-0.000427246     -0.000463867     -0.000622559     -0.000598145     
-0.000500488     -0.000537109     -0.000561523     -0.000561523     
-0.000378418     -0.000378418     -0.00045166     -0.000244141     
-0.000183105     -8.54492e-05     -0.000158691     -0.000109863     
-6.10352e-05     2.44141e-05     -6.10352e-05     -8.54492e-05     
-3.66211e-05     4.88281e-05     -0.000109863     0.000109863     
8.54492e-05     0.00020752     0     0.000109863     
0.000317383     0.00032959     0.000170898     0.000317383     
0.000439453     0.000402832     0.000305176     0.000354004     
0.000500488     0.000402832     0.000219727     0.000402832     
0.000488281     0.000305176     0.00020752     0.000158691     
0.000292969     0.000170898     4.88281e-05     -3.66211e-05     
0.000195313     8.54492e-05     -7.32422e-05     -0.00020752     
-1.2207e-05     -3.66211e-05     -0.000244141     -0.000244141     
8.54492e-05     -4.88281e-05     -0.000244141     -9.76563e-05     
0.00020752     0.00020752     3.66211e-05     0.000195313     
0.000427246     0.000366211     0.000341797     0.000463867     
0.000476074     0.00057373     0.000354004     0.000427246     
0.000415039     0.000439453     0.000170898     0.000390625     
0.000341797     0.000354004     0.000134277     0.000195313     
0.000292969     0.00020752     6.10352e-05     8.54492e-05     
0.000195313     0.000109863     -0.000146484     -3.66211e-05     
-0.000146484     -0.000134277     -0.000231934     -0.000317383     
-0.00020752     -0.000244141     -0.000305176     -0.000231934     
-3.66211e-05     -4.88281e-05     -7.32422e-05     0     
0.000219727     0.000256348     0.000134277     0.000170898     
0.000402832     0.000390625     0.000256348     0.00020752     
0.000463867     0.000415039     0.000183105     0.000268555     
0.000292969     0.000378418     0.00012207     0.000244141     
0.000354004     0.000427246     0.000292969     0.000415039     
0.000463867     0.000610352     0.000305176     0.000341797     
0.000512695     0.000561523     0.00032959     0.000366211     
0.00045166     0.000415039     0.000219727     0.000195313     
0.000280762     0.000170898     -1.2207e-05     1.2207e-05     
2.44141e-05     4.88281e-05     -0.000134277     -7.32422e-05     
1.2207e-05     -0.00012207     -4.88281e-05     -7.32422e-05     
1.2207e-05     0     -8.54492e-05     -0.000170898     
6.10352e-05     -1.2207e-05     -0.000195313     -9.76563e-05     
2.44141e-05     1.2207e-05     -0.00012207     -0.000134277     
8.54492e-05     -0.00012207     -0.000195313     -8.54492e-05     
-3.66211e-05     2.44141e-05     -0.000219727     -4.88281e-05     
0.000109863     8.54492e-05     0     0.000231934     
0.000427246     0.000390625     0.000280762     0.000390625     
0.000500488     0.000622559     0.000317383     0.000402832     
0.000512695     0.000512695     0.000170898     0.000280762     
0.000427246     0.000378418     0.000183105     0.000292969     
0.000366211     0.000463867     0.000268555     0.000378418     
0.000463867     0.000463867     0.000354004     0.000354004     
0.00057373     0.000524902     0.000439453     0.000488281     
0.000708008     0.000561523     0.000512695     0.000695801     
0.000720215     0.000683594     0.000537109     0.000561523     
0.000683594     0.000610352     0.000476074     0.00032959     
0.000500488     0.000463867     0.000292969     0.000317383     
0.000292969     0.000305176     0.00020752     0.000268555     
0.000378418     0.000366211     0.000268555     0.000292969     
0.000390625     0.00045166     0.000280762     0.000354004     
0.000390625     0.000537109     0.000390625     0.000537109     
0.000683594     0.00065918     0.000585938     0.000695801     
0.000842285     0.000866699     0.000744629     0.000866699     
0.000964355     0.000952148     0.000744629     0.000866699     
0.00100098     0.000964355     0.000793457     0.000866699     
0.000878906     0.00098877     0.000732422     0.000695801     
0.000793457     0.00078125     0.000585938     0.00057373     
0.000695801     0.00057373     0.000317383     0.00032959     
0.000463867     0.000292969     0.000158691     0.000183105     
0.000292969     0.000158691     0     8.54492e-05     
0.000183105     0.000109863     -1.2207e-05     1.2207e-05     
0.000134277     8.54492e-05     -0.000158691     0     
7.32422e-05     7.32422e-05     -0.000195313     -3.66211e-05     
0     4.88281e-05     -8.54492e-05     -3.66211e-05     
8.54492e-05     1.2207e-05     -2.44141e-05     -9.76563e-05     
3.66211e-05     -1.2207e-05     -0.000146484     -0.00012207     
0     0     -0.000170898     -0.000146484     
6.10352e-05     -8.54492e-05     -0.000158691     -3.66211e-05     
0.000109863     -6.10352e-05     -0.000195313     -3.66211e-05     
0.000280762     7.32422e-05     -3.66211e-05     0.000146484     
0.000427246     0.00032959     0.000219727     0.000292969     
0.000549316     0.00057373     0.000512695     0.000634766     
0.000793457     0.000793457     0.00065918     0.000695801     
0.000830078     0.000878906     0.000646973     0.000708008     
0.000695801     0.000720215     0.000354004     0.00057373     
0.000585938     0.00065918     0.00045166     0.000634766     
0.000854492     0.00098877     0.00111084     0.00136719     
0.00183105     0.00202637     0.00223389     0.00249023     
0.00307617     0.00340576     0.003479     0.00383301     
0.00422363     0.00435791     0.00444336     0.00462646     
0.00506592     0.00512695     0.00515137     0.00539551     
0.00571289     0.00585938     0.00598145     0.00631104     
0.00675049     0.00708008     0.00715332     0.00751953     
0.00819092     0.00836182     0.00859375     0.00905762     
0.00942383     0.0097168     0.00979004     0.0102173     
0.0106812     0.0108765     0.0108765     0.0112793     
0.0118042     0.0119629     0.0119629     0.0125854     
0.0128662     0.0133179     0.0134888     0.013855     
0.0142822     0.0147217     0.0148315     0.0152222     
0.0157349     0.015979     0.0161499     0.0164429     
0.0167847     0.0169678     0.0171509     0.0175293     
0.0177979     0.0180298     0.0181152     0.018457     
0.0187134     0.0188599     0.019043     0.0192871     
0.0195923     0.0196899     0.0197144     0.0199219     
0.020166     0.0202148     0.0203247     0.0205933     
0.020874     0.0209595     0.0211426     0.0212769     
0.0215942     0.0217163     0.0218262     0.0220337     
0.0222778     0.0224609     0.0224609     0.0226685     
0.0229004     0.0230103     0.0229736     0.0231201     
0.0233398     0.0234619     0.0233643     0.0236938     
0.0237793     0.0239868     0.0239258     0.0241333     
0.0244263     0.0245483     0.0246094     0.0247803     
0.0251709     0.0252197     0.0252563     0.025415     
0.025647     0.0257935     0.0257813     0.0259644     
0.0261841     0.0262573     0.0262085     0.0263916     
0.0266724     0.0266479     0.0265991     0.0267212     
0.0269287     0.0269165     0.0269287     0.0270874     
0.0271729     0.0273193     0.0272827     0.027417     
0.0276489     0.0277344     0.0277588     0.0279175     
0.0281372     0.0282349     0.0281128     0.0283081     
0.0283447     0.0283691     0.0281738     0.0282715     
0.0283325     0.0282104     0.0279419     0.0281372     
0.0280884     0.0281616     0.0278687     0.0279663     
0.0279907     0.0280273     0.0278198     0.0279175     
0.0280396     0.028064     0.0279663     0.0279663     
0.0281128     0.0281128     0.0278687     0.0281006     
0.0281372     0.0281494     0.0279297     0.0278687     
0.0280884     0.0278809     0.0277344     0.0277832     
0.0278931     0.0277344     0.0275391     0.0275879     
0.0276367     0.0276001     0.0274536     0.0275513     
0.0275269     0.0275024     0.0274902     0.0274414     
0.0274536     0.0275635     0.0274048     0.0273926     
0.027478     0.027478     0.027356     0.0273804     
0.0275024     0.0274536     0.0273193     0.0272583     
0.0272949     0.0272461     0.0269043     0.0270264     
0.0269043     0.0267944     0.0264771     0.0265015     
0.0264648     0.026416     0.0263184     0.0263306     
0.0265259     0.0264893     0.0263306     0.026416     
0.0264893     0.0263672     0.0262329     0.0262207     
0.0263306     0.0260498     0.0258667     0.0257324     
0.0257446     0.0255249     0.025293     0.0251221     
0.0251831     0.0249634     0.0246826     0.0246704     
0.0246338     0.0245361     0.0243652     0.0241821     
0.0243042     0.0241821     0.0239014     0.0237549     
0.0237915     0.0236694     0.0233276     0.0231567     
0.02323     0.0231079     0.0226929     0.0227539     
0.0228271     0.022583     0.0222534     0.0223511     
0.0223389     0.0222778     0.0219604     0.0219971     
0.0219482     0.0219238     0.0216309     0.0216553     
0.0217773     0.0215942     0.0213135     0.0213257     
0.0213379     0.0211304     0.020874     0.020813     
0.020752     0.0205933     0.0203735     0.0202637     
0.0203003     0.020166     0.0200684     0.0200195     
0.020166     0.0200195     0.019873     0.0198975     
0.0200806     0.0199463     0.0197632     0.0196777     
0.0197632     0.0196167     0.0193726     0.0193115     
0.0193359     0.0192505     0.0189697     0.0189575     
0.0189209     0.0188477     0.0186646     0.0185913     
0.0185913     0.0183472     0.0181641     0.0180786     
0.0180298     0.0179565     0.0175903     0.0176025     
0.0174072     0.0172974     0.01698     0.01698     
0.0168945     0.0167236     0.0165405     0.0164673     
0.0164063     0.0163452     0.0161011     0.0160156     
0.0161133     0.0159302     0.0157715     0.0157349     
0.0157959     0.0156616     0.0154785     0.0154297     
0.0155518     0.0154175     0.0151733     0.0150391     
0.0151611     0.0150757     0.0148193     0.0148315     
0.014917     0.0146973     0.0145996     0.0144775     
0.0144897     0.0143188     0.0141846     0.0141113     
0.0141479     0.0140991     0.0139404     0.0139404     
0.0139526     0.0139404     0.0137451     0.0137573     
0.0139771     0.0139893     0.0137695     0.0139648     
0.0140381     0.0140747     0.0137817     0.0139526     
0.0139893     0.0138916     0.0136963     0.013623     
0.0136475     0.0134033     0.0131104     0.0130127     
0.0130371     0.012915     0.0125122     0.012439     
0.0124756     0.0123413     0.012085     0.0120239     
0.012146     0.0120117     0.0118896     0.0119263     
0.0121094     0.0119629     0.0118774     0.0118408     
0.0119751     0.0119995     0.0118408     0.0117798     
0.0118652     0.0118408     0.0116455     0.011731     
0.011731     0.011731     0.0116577     0.0116821     
0.011731     0.011731     0.0117188     0.0116699     
0.0118286     0.0118896     0.0116821     0.0116821     
0.011731     0.0117432     0.0115479     0.0116455     
0.0115723     0.0116211     0.0113647     0.0115112     
0.0115234     0.0114014     0.0113159     0.0113281     
0.0114868     0.0113647     0.0112305     0.0113525     
0.0113647     0.011377     0.0111938     0.011145     
0.0113892     0.0112183     0.0110474     0.011084     
0.0112427     0.0111206     0.0109619     0.0109619     
0.011145     0.0110474     0.0109009     0.0109009     
0.0111328     0.0111694     0.0111084     0.0110352     
0.011377     0.0112183     0.0111816     0.0113647     
0.0114868     0.0115723     0.011438     0.0114746     
0.0116577     0.0116821     0.0114502     0.0115845     
0.0116821     0.0116211     0.0113403     0.0114868     
0.0115234     0.0116699     0.0113892     0.0114136     
0.0115723     0.0115479     0.0112915     0.0114624     
0.0116211     0.0116333     0.0115479     0.0116333     
0.0118652     0.0119507     0.0118164     0.0119141     
0.0120972     0.0121338     0.0120361     0.0121094     
0.0122314     0.0120728     0.0118896     0.0118408     
0.0119019     0.0117798     0.0116821     0.0116577     
0.0118286     0.0117065     0.0117188     0.0118896     
0.012085     0.0120239     0.0120483     0.0121582     
0.0124146     0.0124634     0.0123291     0.0124023     
0.0126343     0.0126465     0.0125122     0.0124878     
0.0126099     0.0126709     0.012439     0.0124268     
0.0125366     0.0126099     0.0123535     0.0125488     
0.0126099     0.0127197     0.012561     0.0127075     
0.0128418     0.0129028     0.0128296     0.0130493     
0.0132202     0.0132568     0.0131958     0.0133423     
0.0135254     0.0135376     0.0134033     0.0136353     
0.0137207     0.0135498     0.0134033     0.0134888     
0.0135376     0.0133545     0.0131958     0.0132446     
0.0133667     0.0132935     0.0131592     0.0131958     
0.0133789     0.0133789     0.013208     0.0134033     
0.013623     0.0136475     0.0136353     0.0136597     
0.0138184     0.0138062     0.0136108     0.0137085     
0.0139771     0.0138428     0.0137329     0.013855     
0.0139648     0.0140625     0.013855     0.0141235     
0.014209     0.0143311     0.0140381     0.0142334     
0.0142822     0.0143311     0.0141235     0.0140747     
0.01427     0.0141602     0.0139282     0.0138794     
0.0140137     0.0140381     0.0138428     0.0140137     
0.0140869     0.0140869     0.0140015     0.0140869     
0.0144287     0.0143433     0.0143311     0.0143799     
0.0146118     0.0144897     0.0143677     0.0142822     
0.0144531     0.0142212     0.0140259     0.0140381     
0.0140259     0.0138672     0.0137085     0.013623     
0.0136353     0.0137085     0.0135498     0.0135986     
0.0136597     0.0138306     0.0137817     0.0138794     
0.0141235     0.0141602     0.0140991     0.0141846     
0.0143066     0.0144653     0.0141479     0.0144775     
0.0145386     0.014502     0.0143433     0.0144653     
0.0145508     0.0145752     0.0144165     0.0144653     
0.0146484     0.0145752     0.014502     0.0144653     
0.0145264     0.0145874     0.0143677     0.0145142     
0.0146362     0.0146118     0.0146118     0.0145264     
0.0147949     0.0147339     0.0146484     0.0144775     
0.0147461     0.0145874     0.0144531     0.0142944     
0.0144287     0.01427     0.0140503     0.0140015     
0.0141235     0.0139893     0.0137451     0.0138794     
0.0139404     0.0139648     0.0138062     0.0139648     
0.0141113     0.0140991     0.0138184     0.0139893     
0.0140137     0.0139648     0.0136963     0.0138184     
0.0137085     0.0136597     0.0133301     0.0134644     
0.0134644     0.0134888     0.0132813     0.0133301     
0.013501     0.0134033     0.0133545     0.0134644     
0.013562     0.013562     0.0133423     0.0134033     
0.0133911     0.0133789     0.013147     0.0130981     
0.0131836     0.0130493     0.012854     0.012793     
0.0129517     0.0127563     0.012561     0.0126953     
0.0126587     0.0125732     0.0123657     0.0124512     
0.0125122     0.0124146     0.0123047     0.012207     
0.0123657     0.0123291     0.0120483     0.0121094     
0.0121094     0.0121704     0.0118896     0.0119141     
0.0120605     0.0119507     0.0117798     0.0117676     
0.0117676     0.0117065     0.0115234     0.0115601     
0.0115356     0.0115601     0.0113159     0.0113892     
0.0114746     0.0113403     0.0112183     0.0112671     
0.0113159     0.0112671     0.0110352     0.0110962     
0.0110474     0.0110474     0.0107544     0.0108765     
0.0108643     0.0106567     0.0105225     0.010437     
0.0105347     0.0104492     0.0102905     0.0102051     
0.0104004     0.0101929     0.010144     0.0100586     
0.0102173     0.0101196     0.0100708     0.0100952     
0.0103516     0.0102295     0.0101929     0.0103149     
0.0104614     0.0104858     0.0103516     0.0104614     
0.0106079     0.0105957     0.0103638     0.0104004     
0.0103882     0.0103638     0.0100342     0.010083     
0.00998535     0.0100098     0.00955811     0.00958252     
0.00959473     0.00950928     0.0092041     0.00915527     
0.00927734     0.00919189     0.0088623     0.00882568     
0.00900879     0.00889893     0.00861816     0.00876465     
0.00872803     0.00872803     0.00869141     0.00861816     
0.00880127     0.00876465     0.00869141     0.00870361     
0.00883789     0.00876465     0.00866699     0.00865479     
0.00872803     0.00876465     0.00854492     0.00863037     
0.0086792     0.00866699     0.00853271     0.00849609     
0.00866699     0.00864258     0.00839844     0.00853271     
0.00863037     0.00860596     0.0085083     0.00853271     
0.00858154     0.00869141     0.00856934     0.00859375     
0.00874023     0.00883789     0.00863037     0.00876465     
0.0088623     0.0088623     0.00861816     0.00872803     
0.00881348     0.00870361     0.00848389     0.00845947     
0.00848389     0.00831299     0.0081543     0.00793457     
0.00794678     0.00792236     0.0076416     0.00765381     
0.00777588     0.00754395     0.00740967     0.00740967     
0.00753174     0.00744629     0.0072998     0.00717773     
0.00743408     0.00732422     0.00714111     0.00721436     
0.00726318     0.0072876     0.0071167     0.00709229     
0.00722656     0.00715332     0.00705566     0.00698242     
0.00710449     0.00708008     0.0067749     0.00690918     
0.00697021     0.00693359     0.00678711     0.00687256     
0.00704346     0.00698242     0.00688477     0.00700684     
0.00714111     0.00717773     0.00705566     0.00721436     
0.00721436     0.00726318     0.00715332     0.0071167     
0.00731201     0.00727539     0.00709229     0.00716553     
0.00737305     0.00733643     0.00721436     0.00738525     
0.0074585     0.00749512     0.00744629     0.0074585     
0.00760498     0.00761719     0.00748291     0.00744629     
0.00769043     0.00761719     0.00750732     0.00750732     
0.00770264     0.00754395     0.00738525     0.00744629     
0.00760498     0.00742188     0.00738525     0.0072998     
0.00734863     0.0072998     0.00712891     0.00718994     
0.00721436     0.00715332     0.00704346     0.00705566     
0.00705566     0.00715332     0.0071167     0.00710449     
0.00720215     0.00731201     0.0071167     0.00731201     
0.00738525     0.00755615     0.00734863     0.00742188     
0.00756836     0.00750732     0.00738525     0.00749512     
0.00761719     0.00760498     0.00754395     0.00760498     
0.00776367     0.00775146     0.0076416     0.00783691     
0.00786133     0.00782471     0.00771484     0.00770264     
0.00788574     0.00777588     0.00772705     0.00770264     
0.00782471     0.00773926     0.00767822     0.0076416     
0.00783691     0.00769043     0.00751953     0.00770264     
0.0078125     0.00773926     0.00766602     0.00786133     
0.00797119     0.00799561     0.00778809     0.00793457     
0.00821533     0.00819092     0.00805664     0.0081665     
0.0083252     0.00827637     0.00811768     0.00817871     
0.00820313     0.00836182     0.00803223     0.00817871     
0.00822754     0.00825195     0.0081665     0.00822754     
0.00837402     0.0083374     0.00821533     0.00839844     
0.0085083     0.00842285     0.00834961     0.00848389     
0.00865479     0.00860596     0.0085083     0.00855713     
0.00877686     0.00872803     0.00848389     0.00863037     
0.0086792     0.00855713     0.00852051     0.00853271     
0.00863037     0.00858154     0.00845947     0.00856934     
0.00866699     0.00863037     0.00856934     0.00865479     
0.00876465     0.00882568     0.00865479     0.00878906     
0.00872803     0.00883789     0.00861816     0.00855713     
0.00866699     0.00861816     0.00828857     0.00834961     
0.00838623     0.00841064     0.00820313     0.00838623     
0.00844727     0.00854492     0.00838623     0.00855713     
0.00875244     0.00874023     0.00869141     0.00865479     
0.00882568     0.00881348     0.00860596     0.00875244     
0.00877686     0.00882568     0.00869141     0.00878906     
0.00900879     0.00894775     0.00889893     0.00899658     
0.00925293     0.0092041     0.00905762     0.0092041     
0.00931396     0.00930176     0.00924072     0.00926514     
0.00944824     0.00942383     0.00938721     0.00946045     
0.00968018     0.00964355     0.00955811     0.00961914     
0.00974121     0.00959473     0.00949707     0.00953369     
0.00949707     0.00943604     0.00919189     0.00921631     
0.00924072     0.00910645     0.00889893     0.00887451     
0.00887451     0.00895996     0.00874023     0.00880127     
0.00881348     0.0088623     0.00866699     0.00877686     
0.00882568     0.00875244     0.00859375     0.00871582     
0.00876465     0.00875244     0.0086792     0.00880127     
0.00889893     0.00900879     0.0088623     0.00899658     
0.0092041     0.00910645     0.00908203     0.00917969     
0.00931396     0.00921631     0.00906982     0.00911865     
0.00924072     0.00914307     0.00900879     0.00904541     
0.00910645     0.00906982     0.00897217     0.00887451     
0.00909424     0.00900879     0.00882568     0.00894775     
0.00894775     0.00895996     0.00880127     0.00878906     
0.0088623     0.00887451     0.00874023     0.00877686     
0.00880127     0.00878906     0.00861816     0.00866699     
0.00856934     0.00860596     0.0083252     0.0083252     
0.00828857     0.00817871     0.00805664     0.00805664     
0.00811768     0.00805664     0.00788574     0.0079834     
0.00806885     0.0081665     0.00793457     0.00802002     
0.0081665     0.00804443     0.00794678     0.00802002     
0.00810547     0.00789795     0.00770264     0.00767822     
0.00778809     0.00756836     0.00742188     0.00743408     
0.00751953     0.00751953     0.00737305     0.00740967     
0.00765381     0.00758057     0.0074707     0.00753174     
0.00772705     0.00773926     0.00743408     0.00759277     
0.00773926     0.00767822     0.00739746     0.00740967     
0.00753174     0.00740967     0.00722656     0.00734863     
0.00734863     0.00743408     0.00717773     0.00737305     
0.00748291     0.00750732     0.00734863     0.00738525     
0.00750732     0.00738525     0.00715332     0.00715332     
0.00718994     0.00708008     0.00671387     0.00671387     
0.00668945     0.00665283     0.00651855     0.00639648     
0.00646973     0.00639648     0.00629883     0.00629883     
0.00644531     0.00638428     0.00625     0.00631104     
0.00645752     0.00637207     0.00623779     0.00629883     
0.0064209     0.00635986     0.00623779     0.00625     
0.00648193     0.00644531     0.00632324     0.00649414     
0.00657959     0.00662842     0.00648193     0.00661621     
0.00670166     0.00666504     0.00653076     0.00646973     
0.00650635     0.00651855     0.00621338     0.00634766     
0.00644531     0.0064209     0.00622559     0.00635986     
0.00645752     0.00643311     0.00633545     0.00633545     
0.00648193     0.00649414     0.00632324     0.00635986     
0.00645752     0.00653076     0.00627441     0.00638428     
0.00643311     0.00634766     0.00627441     0.00629883     
0.00643311     0.00633545     0.00620117     0.00616455     
0.00623779     0.00615234     0.00595703     0.00593262     
0.00592041     0.00592041     0.00567627     0.00567627     
0.00584717     0.00574951     0.00561523     0.0057373     
0.00582275     0.00588379     0.00563965     0.00578613     
0.00592041     0.005896     0.00567627     0.00578613     
0.005896     0.00592041     0.00560303     0.00583496     
0.00582275     0.00587158     0.00568848     0.00583496     
0.00582275     0.00579834     0.00565186     0.00563965     
0.0059082     0.00583496     0.00567627     0.00562744     
0.00587158     0.00583496     0.00562744     0.00561523     
0.0057251     0.00576172     0.00551758     0.00543213     
0.00560303     0.00545654     0.00534668     0.00522461     
0.00548096     0.00545654     0.00537109     0.00531006     
0.00552979     0.00560303     0.00551758     0.00568848     
0.00583496     0.00577393     0.00578613     0.00581055     
0.00593262     0.005896     0.0057251     0.00578613     
0.00574951     0.00578613     0.00554199     0.00550537     
0.00557861     0.00552979     0.00524902     0.00529785     
0.00537109     0.00529785     0.00511475     0.00523682     
0.00523682     0.00528564     0.00509033     0.0052002     
0.00528564     0.0052002     0.00510254     0.0052002     
0.00540771     0.00535889     0.00517578     0.00532227     
0.00545654     0.00549316     0.00531006     0.00548096     
0.00556641     0.00540771     0.00529785     0.0052124     
0.00535889     0.00528564     0.00511475     0.00515137     
0.00529785     0.00512695     0.00499268     0.00499268     
0.0050293     0.00494385     0.00476074     0.00476074     
0.00490723     0.00479736     0.00476074     0.00476074     
0.00493164     0.00510254     0.00495605     0.00505371     
0.00531006     0.00548096     0.00523682     0.0053833     
0.00560303     0.00557861     0.00535889     0.00540771     
0.00543213     0.00548096     0.00523682     0.00549316     
0.00544434     0.00554199     0.00554199     0.00556641     
0.00571289     0.00571289     0.00561523     0.00565186     
0.00582275     0.00581055     0.00559082     0.00565186     
0.0057251     0.00576172     0.00563965     0.0057251     
0.00592041     0.005896     0.00581055     0.00588379     
0.00606689     0.00603027     0.00595703     0.00600586     
0.00618896     0.00600586     0.00582275     0.00582275     
0.00596924     0.00577393     0.00565186     0.00557861     
0.00579834     0.00568848     0.00551758     0.00557861     
0.00565186     0.00570068     0.00557861     0.00562744     
0.0057251     0.00571289     0.00551758     0.00556641     
0.00567627     0.00567627     0.00552979     0.00571289     
0.00574951     0.00574951     0.00561523     0.00581055     
0.00598145     0.00599365     0.0059082     0.00601807     
0.00609131     0.00605469     0.00584717     0.005896     
0.0060791     0.00596924     0.00583496     0.005896     
0.00604248     0.00598145     0.00592041     0.00595703     
0.00622559     0.00617676     0.00620117     0.00617676     
0.00633545     0.00626221     0.00618896     0.00612793     
0.00631104     0.00612793     0.0059082     0.00579834     
0.00598145     0.00577393     0.00563965     0.00563965     
0.0057251     0.00559082     0.00545654     0.00562744     
0.00577393     0.00571289     0.00560303     0.00577393     
0.00594482     0.0059082     0.00578613     0.00595703     
0.00606689     0.00611572     0.00596924     0.0060791     
0.00621338     0.00640869     0.00611572     0.00626221     
0.00645752     0.00650635     0.00632324     0.00644531     
0.006604     0.00662842     0.00643311     0.00651855     
0.00655518     0.00661621     0.00633545     0.00639648     
0.00648193     0.0064209     0.00622559     0.00617676     
0.00627441     0.00617676     0.00612793     0.00623779     
0.00625     0.00622559     0.00615234     0.00618896     
0.00627441     0.00629883     0.00617676     0.00615234     
0.00632324     0.00632324     0.00616455     0.00615234     
0.00622559     0.00623779     0.0060791     0.00604248     
0.00606689     0.00614014     0.00596924     0.00599365     
0.0060791     0.00615234     0.00598145     0.00621338     
0.00622559     0.00627441     0.00610352     0.00617676     
0.00639648     0.00633545     0.00622559     0.00627441     
0.00633545     0.00640869     0.00622559     0.00632324     
0.00643311     0.00640869     0.00623779     0.00638428     
0.00653076     0.00648193     0.00643311     0.00651855     
0.00666504     0.00668945     0.00661621     0.006604     
0.00687256     0.00678711     0.00668945     0.00657959     
0.00671387     0.00661621     0.0064209     0.00633545     
0.00650635     0.00627441     0.00610352     0.00612793     
0.00618896     0.00618896     0.00593262     0.00600586     
0.00620117     0.00601807     0.00585938     0.00595703     
0.00616455     0.0060791     0.00582275     0.00594482     
0.00595703     0.00595703     0.00565186     0.0057373     
0.00582275     0.00576172     0.00546875     0.00546875     
0.00556641     0.00552979     0.00535889     0.00544434     
0.00560303     0.00567627     0.00562744     0.00587158     
0.0060791     0.00618896     0.00616455     0.00629883     
0.00644531     0.00637207     0.00632324     0.00632324     
0.00644531     0.00628662     0.00609131     0.00606689     
0.00620117     0.00604248     0.0057373     0.00574951     
0.00581055     0.00570068     0.00554199     0.00549316     
0.00557861     0.00563965     0.00539551     0.00550537     
0.00556641     0.00561523     0.00533447     0.00541992     
0.00554199     0.00562744     0.00552979     0.00550537     
0.00557861     0.00570068     0.00545654     0.00562744     
0.00565186     0.0057373     0.00557861     0.00559082     
0.00557861     0.00548096     0.00551758     0.00539551     
0.0053833     0.00543213     0.0052124     0.00524902     
0.0053833     0.00540771     0.00527344     0.00541992     
0.00548096     0.00539551     0.00528564     0.00524902     
0.00545654     0.00532227     0.00526123     0.0052124     
0.00545654     0.00541992     0.00534668     0.00537109     
0.0055542     0.00561523     0.00560303     0.0055542     
0.00581055     0.00566406     0.00548096     0.00552979     
0.00562744     0.0055542     0.00522461     0.00527344     
0.00539551     0.0052124     0.00495605     0.00499268     
0.00517578     0.00505371     0.00473633     0.00477295     
0.00493164     0.00489502     0.00450439     0.00465088     
0.00473633     0.00474854     0.00450439     0.00461426     
0.00482178     0.00472412     0.00454102     0.00469971     
0.0048584     0.00483398     0.00471191     0.00467529     
0.00488281     0.0046875     0.00461426     0.00455322     
0.00460205     0.00452881     0.00437012     0.00430908     
0.00441895     0.00429688     0.00421143     0.00427246     
0.00437012     0.00440674     0.00432129     0.00427246     
0.00461426     0.00472412     0.00461426     0.00461426     
0.00490723     0.00482178     0.00472412     0.00491943     
0.00491943     0.00490723     0.00467529     0.00480957     
0.00482178     0.0048584     0.00471191     0.00469971     
0.00471191     0.00483398     0.00457764     0.00476074     
0.00462646     0.00467529     0.00441895     0.00449219     
0.00458984     0.00440674     0.00427246     0.00422363     
0.00423584     0.00413818     0.00388184     0.00384521     
0.0038208     0.0038208     0.00357666     0.00350342     
0.00373535     0.00358887     0.00336914     0.00345459     
0.00355225     0.00354004     0.00338135     0.00345459     
0.00362549     0.00357666     0.00350342     0.00344238     
0.0036377     0.00358887     0.00349121     0.00355225     
0.00368652     0.00358887     0.00368652     0.00378418     
0.00380859     0.00391846     0.00373535     0.00388184     
0.00404053     0.0039917     0.00388184     0.00388184     
0.00412598     0.00415039     0.00395508     0.0041748     
0.00428467     0.00437012     0.00422363     0.00443115     
0.00457764     0.00458984     0.0045166     0.00457764     
0.00476074     0.00456543     0.00437012     0.00443115     
0.00446777     0.00426025     0.00405273     0.00408936     
0.00413818     0.00404053     0.00391846     0.00380859     
0.00404053     0.00402832     0.00385742     0.00391846     
0.0041748     0.00404053     0.00390625     0.00390625     
0.0041626     0.00421143     0.00402832     0.00406494     
0.00428467     0.00426025     0.00427246     0.00423584     
0.00454102     0.00458984     0.00445557     0.00452881     
0.00467529     0.00471191     0.00458984     0.00463867     
0.00472412     0.0046875     0.00458984     0.00465088     
0.00465088     0.00469971     0.00449219     0.00457764     
0.0046875     0.00461426     0.0043457     0.00449219     
0.00443115     0.00441895     0.00427246     0.00418701     
0.00440674     0.00437012     0.00418701     0.00422363     
0.00437012     0.00443115     0.00429688     0.00445557     
0.00460205     0.00452881     0.00450439     0.00458984     
0.00477295     0.00478516     0.0046875     0.00462646     
0.00488281     0.00476074     0.00467529     0.00466309     
0.00474854     0.00472412     0.00450439     0.00457764     
0.00478516     0.00466309     0.00444336     0.00452881     
0.00474854     0.00469971     0.0045166     0.00477295     
0.00489502     0.00494385     0.00473633     0.00493164     
0.00510254     0.00513916     0.00495605     0.00509033     
0.00517578     0.00517578     0.00500488     0.00505371     
0.00515137     0.00505371     0.0050293     0.00487061     
0.00500488     0.00484619     0.00456543     0.0045166     
0.00457764     0.00445557     0.00427246     0.00439453     
0.00440674     0.00443115     0.00428467     0.00437012     
0.00460205     0.00454102     0.00454102     0.00472412     
0.00491943     0.00488281     0.00495605     0.00498047     
0.00505371     0.0050293     0.00482178     0.00482178     
0.00490723     0.00473633     0.0045166     0.00443115     
0.00439453     0.00445557     0.00418701     0.00413818     
0.00426025     0.00422363     0.00415039     0.0041626     
0.0043457     0.00439453     0.00437012     0.00443115     
0.00457764     0.00474854     0.00465088     0.00476074     
0.0048584     0.00489502     0.00473633     0.0048584     
0.00491943     0.0048584     0.00473633     0.00477295     
0.00498047     0.00505371     0.00493164     0.00507813     
0.00517578     0.00522461     0.00523682     0.00529785     
0.00545654     0.00550537     0.00544434     0.00534668     
0.00554199     0.00544434     0.00532227     0.00527344     
0.00524902     0.00517578     0.00495605     0.0048584     
0.00496826     0.00477295     0.00460205     0.00454102     
0.00466309     0.00455322     0.00445557     0.00450439     
0.00466309     0.00469971     0.00450439     0.00472412     
0.00490723     0.00498047     0.00487061     0.00495605     
0.00516357     0.00507813     0.00483398     0.00484619     
0.00494385     0.00491943     0.00462646     0.00471191     
0.00479736     0.00474854     0.00456543     0.00472412     
0.00487061     0.00484619     0.00476074     0.00480957     
0.0050415     0.00500488     0.0048584     0.00484619     
0.00496826     0.00489502     0.00469971     0.00455322     
0.00482178     0.00467529     0.00447998     0.00446777     
0.00454102     0.00440674     0.00430908     0.00429688     
0.00440674     0.00432129     0.00422363     0.0043457     
0.00443115     0.00435791     0.00435791     0.00440674     
0.0045166     0.00454102     0.00441895     0.00458984     
0.0046875     0.00474854     0.00460205     0.00466309     
0.00490723     0.00484619     0.0046875     0.00474854     
0.00478516     0.00479736     0.00447998     0.00450439     
0.00452881     0.00447998     0.00438232     0.00455322     
0.00454102     0.00450439     0.00454102     0.00457764     
0.00466309     0.00469971     0.00450439     0.00469971     
0.00472412     0.00469971     0.00449219     0.00462646     
0.00477295     0.00466309     0.00455322     0.00463867     
0.00487061     0.00482178     0.00478516     0.00482178     
0.00501709     0.00494385     0.00476074     0.00490723     
0.00494385     0.00487061     0.00460205     0.00458984     
0.00469971     0.00467529     0.00443115     0.00445557     
0.00461426     0.00466309     0.00445557     0.00450439     
0.00474854     0.00472412     0.00461426     0.00457764     
0.00477295     0.00466309     0.00445557     0.00441895     
0.00447998     0.00445557     0.0041626     0.00429688     
0.00432129     0.00428467     0.00405273     0.00419922     
0.00435791     0.00435791     0.00423584     0.00437012     
0.00449219     0.00444336     0.00444336     0.00454102     
0.00457764     0.00461426     0.00457764     0.00456543     
0.00483398     0.00466309     0.00454102     0.00454102     
0.00466309     0.00454102     0.00428467     0.00419922     
0.00423584     0.0041626     0.00388184     0.00385742     
0.00389404     0.00372314     0.00358887     0.00357666     
0.00357666     0.00349121     0.00332031     0.00336914     
0.00334473     0.00328369     0.00318604     0.00307617     
0.00322266     0.00325928     0.00314941     0.00318604     
0.00333252     0.00334473     0.00313721     0.00339355     
0.00344238     0.00335693     0.00316162     0.00319824     
0.00319824     0.00313721     0.00301514     0.00303955     
0.00318604     0.00322266     0.00311279     0.00314941     
0.00332031     0.00341797     0.00327148     0.00332031     
0.00344238     0.00341797     0.00330811     0.0032959     
0.00352783     0.00339355     0.00333252     0.00340576     
0.00355225     0.00357666     0.0036499     0.00369873     
0.00388184     0.00401611     0.0039917     0.00407715     
0.00424805     0.00418701     0.00413818     0.00415039     
0.00419922     0.0041626     0.00386963     0.00393066     
0.00397949     0.00383301     0.00360107     0.00361328     
0.00374756     0.0036499     0.00340576     0.00355225     
0.00356445     0.00368652     0.0034668     0.00354004     
0.00373535     0.00378418     0.00354004     0.00360107     
0.0039917     0.00389404     0.00368652     0.00375977     
0.00395508     0.00396729     0.00372314     0.0038208     
0.00397949     0.00389404     0.0038208     0.00371094     
0.00390625     0.00386963     0.00380859     0.00374756     
0.00380859     0.00371094     0.0036377     0.00357666     
0.00361328     0.0034668     0.00334473     0.00340576     
0.00344238     0.00336914     0.00335693     0.00338135     
0.00355225     0.00355225     0.00334473     0.00354004     
0.00352783     0.0036499     0.00356445     0.00354004     
0.00356445     0.00352783     0.00336914     0.0032959     
0.00328369     0.00338135     0.00302734     0.00302734     
0.00313721     0.00314941     0.00301514     0.00310059     
0.00330811     0.00327148     0.00322266     0.00343018     
0.00360107     0.0036377     0.00351563     0.00361328     
0.00380859     0.00384521     0.00372314     0.00375977     
0.00396729     0.00389404     0.00371094     0.00367432     
0.0039917     0.00385742     0.00358887     0.0036377     
0.00385742     0.00377197     0.00360107     0.00362549     
0.00372314     0.00369873     0.00351563     0.00354004     
0.00367432     0.00357666     0.00343018     0.00356445     
0.00358887     0.00366211     0.00354004     0.0036377     
0.00379639     0.0038208     0.00369873     0.00383301     
0.00401611     0.00397949     0.00386963     0.00395508     
0.00410156     0.00408936     0.00380859     0.00393066     
0.00396729     0.00390625     0.00378418     0.00383301     
0.00395508     0.00379639     0.00369873     0.00379639     
0.00388184     0.00389404     0.00369873     0.00377197     
0.00380859     0.00391846     0.00379639     0.00389404     
0.00400391     0.00404053     0.00397949     0.00407715     
0.00422363     0.0041626     0.00400391     0.0039917     
0.00418701     0.0039917     0.00379639     0.00378418     
0.0038208     0.00369873     0.00349121     0.00343018     
0.00354004     0.00349121     0.00330811     0.00345459     
0.00360107     0.00360107     0.00349121     0.0036377     
0.00383301     0.00391846     0.00378418     0.00385742     
0.00404053     0.00407715     0.00390625     0.00408936     
0.00407715     0.00418701     0.00405273     0.00400391     
0.00408936     0.00408936     0.00396729     0.00397949     
0.00395508     0.00390625     0.00373535     0.00372314     
0.00373535     0.00368652     0.003479     0.00356445     
0.00366211     0.00350342     0.00343018     0.00340576     
0.00360107     0.00360107     0.0034668     0.00355225     
0.00377197     0.00378418     0.00377197     0.00383301     
0.00400391     0.00410156     0.00396729     0.00400391     
0.00432129     0.00424805     0.00421143     0.00429688     
0.00462646     0.00456543     0.00439453     0.0045166     
0.00473633     0.00472412     0.00450439     0.00467529     
0.00469971     0.00458984     0.0043335     0.00435791     
0.00440674     0.00428467     0.00396729     0.0039917     
0.00402832     0.00404053     0.00379639     0.00378418     
0.00393066     0.00394287     0.00368652     0.0038208     
0.0039917     0.00400391     0.00377197     0.00386963     
0.00402832     0.00407715     0.00400391     0.00395508     
0.0041626     0.00407715     0.00405273     0.00407715     
0.00426025     0.00418701     0.0039917     0.00404053     
0.00424805     0.00400391     0.00388184     0.00388184     
0.00405273     0.00390625     0.00384521     0.00377197     
0.00394287     0.00388184     0.00375977     0.00393066     
0.00390625     0.00385742     0.00374756     0.00368652     
0.00380859     0.00379639     0.00357666     0.00360107     
0.00362549     0.00356445     0.00340576     0.00351563     
0.00357666     0.00372314     0.00358887     0.00374756     
0.00395508     0.0039917     0.00393066     0.00400391     
0.00423584     0.00424805     0.00406494     0.00407715     
0.00422363     0.00418701     0.00390625     0.00391846     
0.00400391     0.00384521     0.00377197     0.00369873     
0.00378418     0.00388184     0.0036499     0.00366211     
0.00384521     0.00390625     0.00375977     0.00380859     
0.00407715     0.00408936     0.00406494     0.00406494     
0.00435791     0.0043457     0.00418701     0.00421143     
0.00437012     0.00428467     0.00404053     0.00413818     
0.00426025     0.00412598     0.00393066     0.00408936     
0.00422363     0.00415039     0.00397949     0.00415039     
0.00424805     0.00438232     0.00413818     0.00429688     
0.00440674     0.00445557     0.00432129     0.00441895     
0.00462646     0.00452881     0.00426025     0.0043457     
0.00455322     0.00450439     0.00429688     0.00445557     
0.00446777     0.00437012     0.00418701     0.00421143     
0.00427246     0.00411377     0.00395508     0.00386963     
0.00401611     0.00384521     0.00362549     0.00356445     
0.00371094     0.00356445     0.00334473     0.00339355     
0.00352783     0.003479     0.00334473     0.00330811     
0.00351563     0.00344238     0.00333252     0.00336914     
0.00340576     0.00333252     0.00323486     0.00327148     
0.00336914     0.00338135     0.00318604     0.00319824     
0.0032959     0.00335693     0.00316162     0.00332031     
0.00336914     0.003479     0.00316162     0.00340576     
0.003479     0.00355225     0.00338135     0.00341797     
0.00350342     0.00352783     0.00335693     0.00340576     
0.00345459     0.00341797     0.00321045     0.00334473     
0.00351563     0.00338135     0.00325928     0.00328369     
0.003479     0.00345459     0.00322266     0.0032959     
0.00351563     0.00334473     0.00322266     0.00323486     
0.00343018     0.00327148     0.00318604     0.00323486     
0.00344238     0.00335693     0.00332031     0.00336914     
0.00357666     0.00361328     0.00336914     0.00354004     
0.00375977     0.00378418     0.00356445     0.00368652     
0.00391846     0.00396729     0.00373535     0.00384521     
0.0039917     0.00410156     0.00373535     0.00386963     
0.00413818     0.00401611     0.00375977     0.00373535     
0.0038208     0.00378418     0.00344238     0.00345459     
0.00333252     0.00321045     0.00292969     0.00281982     
0.00270996     0.00262451     0.00239258     0.00235596     
0.00246582     0.00235596     0.00230713     0.00229492     
0.00262451     0.00262451     0.00269775     0.00274658     
0.00299072     0.00303955     0.00301514     0.00318604     
0.00345459     0.0034668     0.00343018     0.00351563     
0.00355225     0.0036499     0.00356445     0.00355225     
0.00369873     0.00362549     0.00351563     0.00357666     
0.00361328     0.0036377     0.003479     0.00339355     
0.00350342     0.00354004     0.0032959     0.003479     
0.0034668     0.00349121     0.00323486     0.00332031     
0.00338135     0.00345459     0.0032959     0.00328369     
0.00344238     0.00339355     0.00328369     0.00345459     
0.00349121     0.00349121     0.00336914     0.00341797     
0.00354004     0.00343018     0.00333252     0.00325928     
0.00338135     0.00335693     0.00317383     0.00319824     
0.00327148     0.00311279     0.00302734     0.00299072     
0.00303955     0.00292969     0.00290527     0.00292969     
0.00302734     0.00306396     0.00300293     0.00311279     
0.00330811     0.00328369     0.00324707     0.00336914     
0.00351563     0.0034668     0.00328369     0.00339355     
0.00351563     0.00333252     0.00321045     0.00336914     
0.00336914     0.00340576     0.00319824     0.00340576     
0.00349121     0.00351563     0.00351563     0.00356445     
0.00377197     0.00372314     0.00351563     0.00358887     
0.00384521     0.00366211     0.00352783     0.00360107     
0.0038208     0.00371094     0.00343018     0.00341797     
0.00351563     0.00335693     0.00314941     0.00314941     
0.00328369     0.00310059     0.00285645     0.00300293     
0.00307617     0.00297852     0.00299072     0.00284424     
0.00310059     0.00307617     0.00292969     0.00296631     
0.00314941     0.00314941     0.00305176     0.00302734     
0.00322266     0.00321045     0.00311279     0.00323486     
0.00336914     0.00336914     0.00334473     0.00336914     
0.00339355     0.0034668     0.00328369     0.00335693     
0.00341797     0.00336914     0.00318604     0.00328369     
0.00330811     0.00325928     0.00313721     0.00301514     
0.00307617     0.00302734     0.00286865     0.00289307     
0.00302734     0.00302734     0.00280762     0.00294189     
0.00303955     0.00307617     0.00302734     0.00302734     
0.00318604     0.00327148     0.00311279     0.00306396     
0.00336914     0.00335693     0.00319824     0.00324707     
0.00350342     0.00340576     0.00322266     0.00336914     
0.00352783     0.00340576     0.00333252     0.00351563     
0.00354004     0.00356445     0.00330811     0.00349121     
0.00351563     0.00349121     0.00333252     0.00341797     
0.00358887     0.003479     0.00324707     0.00345459     
0.00351563     0.00367432     0.00338135     0.0036377     
0.0036377     0.00368652     0.00356445     0.00349121     
0.00372314     0.0036499     0.00338135     0.00336914     
0.00345459     0.00344238     0.00322266     0.00324707     
0.00322266     0.00333252     0.00317383     0.0032959     
0.00349121     0.00345459     0.00338135     0.00368652     
0.0038208     0.00372314     0.00367432     0.00374756     
0.00401611     0.00386963     0.00360107     0.00366211     
0.00379639     0.00354004     0.00336914     0.00336914     
0.00338135     0.0032959     0.00310059     0.00317383     
0.00328369     0.00321045     0.00308838     0.00317383     
0.00333252     0.00327148     0.003125     0.003125     
0.00330811     0.00345459     0.00314941     0.00335693     
0.00341797     0.00352783     0.0032959     0.00350342     
0.00360107     0.00362549     0.00349121     0.0034668     
0.0036377     0.00354004     0.00334473     0.00336914     
0.00343018     0.00338135     0.00319824     0.00322266     
0.00340576     0.00316162     0.00316162     0.00310059     
0.00335693     0.00328369     0.00316162     0.00318604     
0.00351563     0.00340576     0.00328369     0.00341797     
0.00355225     0.00345459     0.00336914     0.00341797     
0.00357666     0.00340576     0.00340576     0.00340576     
0.00349121     0.00350342     0.00325928     0.00333252     
0.00354004     0.00356445     0.00336914     0.00349121     
0.00374756     0.00361328     0.00344238     0.00361328     
0.00371094     0.00367432     0.00340576     0.0034668     
0.0034668     0.00340576     0.00321045     0.00319824     
0.00334473     0.00335693     0.00318604     0.00327148     
0.00355225     0.00350342     0.0034668     0.00358887     
0.00383301     0.00391846     0.00375977     0.00367432     
0.00394287     0.00391846     0.00373535     0.00357666     
0.00371094     0.00367432     0.00343018     0.00335693     
0.00350342     0.00345459     0.00328369     0.00330811     
0.00350342     0.0034668     0.00345459     0.00349121     
0.00374756     0.0038208     0.00369873     0.00389404     
0.00404053     0.00406494     0.00394287     0.00404053     
0.00408936     0.00400391     0.00393066     0.00388184     
0.00386963     0.00385742     0.00354004     0.00367432     
0.00360107     0.00360107     0.00334473     0.00344238     
0.00344238     0.00341797     0.00328369     0.00328369     
0.00334473     0.00338135     0.00317383     0.00327148     
0.00333252     0.0032959     0.00299072     0.00313721     
0.0032959     0.00316162     0.00303955     0.00301514     
0.00316162     0.00313721     0.00299072     0.00306396     
0.00328369     0.00327148     0.00307617     0.00307617     
0.00328369     0.00317383     0.00303955     0.00302734     
0.00316162     0.00301514     0.00291748     0.00286865     
0.00301514     0.00292969     0.00274658     0.00286865     
0.00302734     0.00299072     0.00286865     0.00299072     
0.00313721     0.00311279     0.00302734     0.0032959     
0.00327148     0.00341797     0.00310059     0.00332031     
0.00341797     0.00327148     0.003125     0.003125     
0.00330811     0.00310059     0.0029541     0.00289307     
0.00311279     0.00303955     0.00273438     0.00290527     
0.00291748     0.00288086     0.00281982     0.002771     
0.00290527     0.00292969     0.00281982     0.00280762     
0.00305176     0.00301514     0.0029541     0.00294189     
0.00317383     0.00311279     0.00297852     0.00303955     
0.00321045     0.00310059     0.00305176     0.00303955     
0.00310059     0.00307617     0.00283203     0.00292969     
0.00294189     0.00288086     0.00268555     0.00272217     
0.00279541     0.00281982     0.00263672     0.00269775     
0.00283203     0.00283203     0.00273438     0.00285645     
0.00285645     0.00308838     0.00284424     0.00292969     
0.00297852     0.00300293     0.00284424     0.00280762     
0.00291748     0.00288086     0.00263672     0.00273438     
0.00274658     0.00272217     0.00250244     0.00257568     
0.00268555     0.00256348     0.00255127     0.00253906     
0.00274658     0.00267334     0.00258789     0.00262451     
0.002771     0.0027832     0.00267334     0.00270996     
0.00294189     0.00285645     0.0027832     0.00274658     
0.0029541     0.00289307     0.00280762     0.00281982     
0.00291748     0.00296631     0.00262451     0.00264893     
0.00269775     0.00263672     0.00229492     0.00246582     
0.00253906     0.00241699     0.00214844     0.00234375     
0.00240479     0.00245361     0.00227051     0.0024292     
0.00266113     0.00268555     0.00239258     0.00241699     
0.00262451     0.00258789     0.00234375     0.00233154     
0.00249023     0.00238037     0.00217285     0.00220947     
0.00229492     0.00222168     0.00203857     0.00202637     
0.00222168     0.00216064     0.00202637     0.00202637     
0.00217285     0.0020752     0.00202637     0.0020874     
0.00239258     0.00227051     0.00217285     0.00235596     
0.00251465     0.00252686     0.00244141     0.00246582     
0.00270996     0.00262451     0.00253906     0.00258789     
0.00273438     0.00262451     0.00253906     0.00255127     
0.00250244     0.00269775     0.00251465     0.00245361     
0.00258789     0.00267334     0.0024292     0.00263672     
0.0026001     0.00272217     0.00246582     0.00255127     
0.00266113     0.0026001     0.00245361     0.00258789     
0.00274658     0.00266113     0.00253906     0.00269775     
0.00285645     0.00288086     0.00272217     0.00291748     
0.00314941     0.00316162     0.00319824     0.00316162     
0.00341797     0.00338135     0.00328369     0.00330811     
0.00354004     0.00336914     0.00316162     0.00306396     
0.00317383     0.00297852     0.0027832     0.00268555     
0.00275879     0.00262451     0.00241699     0.00251465     
0.00255127     0.00255127     0.00233154     0.00245361     
0.00258789     0.00267334     0.00256348     0.00272217     
0.00285645     0.00291748     0.00275879     0.00289307     
0.00302734     0.00311279     0.00289307     0.00299072     
0.00306396     0.00303955     0.00284424     0.00292969     
0.00300293     0.00299072     0.00288086     0.00281982     
0.00308838     0.00308838     0.00289307     0.00305176     
0.00325928     0.00324707     0.003125     0.00325928     
0.00343018     0.00328369     0.00332031     0.00338135     
0.00350342     0.00349121     0.00339355     0.00345459     
0.00362549     0.00357666     0.0034668     0.00350342     
0.00366211     0.0036377     0.00339355     0.0034668     
0.00369873     0.00361328     0.00339355     0.00349121     
0.00357666     0.00355225     0.003479     0.00343018     
0.00355225     0.00357666     0.00333252     0.00343018     
0.00351563     0.00356445     0.00330811     0.00343018     
0.00350342     0.00349121     0.00333252     0.00350342     
0.00361328     0.00355225     0.00343018     0.00349121     
0.00360107     0.00349121     0.00332031     0.00336914     
0.00339355     0.00332031     0.00306396     0.00301514     
0.00301514     0.00291748     0.00273438     0.00267334     
0.00283203     0.00266113     0.00255127     0.00253906     
0.00269775     0.00269775     0.00262451     0.00266113     
0.0027832     0.00284424     0.00272217     0.00264893     
0.0029541     0.00281982     0.00269775     0.00280762     
0.00294189     0.00301514     0.00281982     0.00300293     
0.00332031     0.00335693     0.00321045     0.00324707     
0.00350342     0.00349121     0.00327148     0.00332031     
0.0032959     0.0032959     0.0029541     0.00296631     
0.00301514     0.00296631     0.00270996     0.0027832     
0.00299072     0.00294189     0.00283203     0.00296631     
0.00311279     0.00321045     0.00300293     0.00316162     
0.00323486     0.00324707     0.003125     0.00303955     
0.00322266     0.00318604     0.00302734     0.00305176     
0.00308838     0.00299072     0.00288086     0.00286865     
0.00308838     0.00301514     0.00284424     0.00297852     
0.00317383     0.00311279     0.00327148     0.00335693     
0.003479     0.00354004     0.00351563     0.00360107     
0.00374756     0.00374756     0.00361328     0.00360107     
0.0036377     0.00360107     0.00358887     0.00352783     
0.00356445     0.00356445     0.00332031     0.00339355     
0.00335693     0.00336914     0.00314941     0.00303955     
0.00307617     0.00297852     0.00273438     0.00268555     
0.00280762     0.00264893     0.00249023     0.00249023     
0.00262451     0.00267334     0.00250244     0.00258789     
0.00283203     0.00289307     0.00286865     0.00290527     
0.00316162     0.00314941     0.00306396     0.00314941     
0.00327148     0.00322266     0.00311279     0.00311279     
0.00317383     0.00303955     0.00289307     0.00294189     
0.00308838     0.00296631     0.00292969     0.00299072     
0.003125     0.003125     0.00291748     0.00296631     
0.00321045     0.00323486     0.00300293     0.00305176     
0.00321045     0.00321045     0.00289307     0.00310059     
0.00314941     0.00323486     0.00288086     0.00292969     
0.00299072     0.00296631     0.00266113     0.00270996     
0.00284424     0.00275879     0.00247803     0.0026123     
0.0027832     0.002771     0.00256348     0.00266113     
0.00284424     0.00283203     0.00269775     0.00266113     
0.00294189     0.0027832     0.00251465     0.00257568     
0.00264893     0.00251465     0.0022583     0.00233154     
0.00235596     0.00230713     0.00216064     0.00211182     
0.00234375     0.0022583     0.00222168     0.00219727     
0.00249023     0.00245361     0.00241699     0.00262451     
0.00270996     0.00286865     0.00279541     0.00283203     
0.00294189     0.00299072     0.00285645     0.00280762     
0.0027832     0.00280762     0.00256348     0.00270996     
0.00274658     0.00273438     0.00252686     0.00273438     
0.00283203     0.00275879     0.00281982     0.00284424     
0.00301514     0.00297852     0.0029541     0.00306396     
0.00308838     0.00313721     0.00285645     0.00296631     
0.00311279     0.00283203     0.00268555     0.00275879     
0.0027832     0.00267334     0.00257568     0.00267334     
0.00283203     0.00274658     0.00280762     0.00281982     
0.00297852     0.00299072     0.00290527     0.00294189     
0.00316162     0.00302734     0.00281982     0.00284424     
0.00292969     0.00281982     0.00246582     0.00249023     
0.00256348     0.00250244     0.00220947     0.00224609     
0.0024292     0.00238037     0.00220947     0.00240479     
0.00250244     0.00256348     0.00233154     0.0026001     
0.00275879     0.00266113     0.00257568     0.00269775     
0.00289307     0.00286865     0.00268555     0.00284424     
0.00296631     0.00288086     0.00275879     0.00291748     
0.00302734     0.00299072     0.0027832     0.00284424     
0.00297852     0.00292969     0.00286865     0.00285645     
0.00297852     0.00290527     0.00283203     0.0027832     
0.00291748     0.00288086     0.00264893     0.00270996     
0.00280762     0.00262451     0.00252686     0.00236816     
0.00257568     0.00247803     0.0022583     0.00240479     
0.00247803     0.00246582     0.00228271     0.0024292     
0.00257568     0.00252686     0.00240479     0.00241699     
0.0024292     0.00241699     0.00219727     0.00236816     
0.00247803     0.00245361     0.00234375     0.00245361     
0.00264893     0.00268555     0.00262451     0.00272217     
0.00291748     0.00299072     0.00288086     0.00284424     
0.00303955     0.00306396     0.00289307     0.00300293     
0.00321045     0.00321045     0.00311279     0.00318604     
0.00340576     0.00335693     0.00321045     0.00319824     
0.00333252     0.00321045     0.00313721     0.00302734     
0.00310059     0.00302734     0.00291748     0.00285645     
0.00296631     0.00284424     0.002771     0.00285645     
0.00299072     0.00291748     0.00273438     0.0027832     
0.00292969     0.00280762     0.00257568     0.00263672     
0.00285645     0.00264893     0.00240479     0.00255127     
0.00253906     0.0026123     0.00240479     0.00253906     
0.00268555     0.00270996     0.00258789     0.00272217     
0.00292969     0.00286865     0.00269775     0.00281982     
0.00303955     0.00297852     0.00275879     0.00285645     
0.00301514     0.00296631     0.00283203     0.00279541     
0.00301514     0.0029541     0.00285645     0.0029541     
0.00316162     0.00313721     0.00301514     0.00300293     
0.00318604     0.00311279     0.00299072     0.00306396     
0.00316162     0.003125     0.00310059     0.00301514     
0.00319824     0.003125     0.00301514     0.00311279     
0.003125     0.00305176     0.00300293     0.00303955     
0.00313721     0.00316162     0.00301514     0.00305176     
0.00303955     0.00311279     0.00280762     0.00289307     
0.00275879     0.00275879     0.00257568     0.0026001     
0.00270996     0.00258789     0.00247803     0.00253906     
0.00262451     0.0026123     0.00241699     0.00257568     
0.00263672     0.00264893     0.00236816     0.00241699     
0.00253906     0.00239258     0.0022583     0.0022583     
0.00253906     0.00239258     0.00229492     0.00231934     
0.0026001     0.00247803     0.00235596     0.00240479     
0.00264893     0.0026001     0.00236816     0.00246582     
0.00263672     0.00256348     0.00245361     0.00256348     
0.00264893     0.00290527     0.00263672     0.00273438     
0.00291748     0.00289307     0.00283203     0.00291748     
0.00310059     0.00305176     0.00281982     0.00280762     
0.00294189     0.00294189     0.00257568     0.00267334     
0.00272217     0.002771     0.00249023     0.00252686     
0.00288086     0.002771     0.00269775     0.00286865     
0.00301514     0.00303955     0.00285645     0.00307617     
0.00322266     0.00314941     0.00292969     0.00297852     
0.00306396     0.00292969     0.00279541     0.00281982     
0.00275879     0.00275879     0.00257568     0.00256348     
0.00274658     0.00263672     0.00245361     0.00253906     
0.00272217     0.00253906     0.0024292     0.00247803     
0.00246582     0.00250244     0.00223389     0.00228271     
0.00227051     0.00228271     0.00217285     0.00209961     
0.00227051     0.00230713     0.00213623     0.00222168     
0.00229492     0.00229492     0.0020874     0.0022583     
0.00228271     0.00238037     0.00212402     0.00224609     
0.00240479     0.00239258     0.00229492     0.00231934     
0.00263672     0.00262451     0.00251465     0.00266113     
0.00280762     0.00284424     0.00270996     0.00281982     
0.00297852     0.00294189     0.00284424     0.00285645     
0.0029541     0.00284424     0.00275879     0.00266113     
0.00280762     0.00283203     0.0026123     0.00258789     
0.00266113     0.00264893     0.00256348     0.00262451     
0.00280762     0.00264893     0.00263672     0.00269775     
0.00284424     0.00290527     0.00273438     0.00288086     
0.00305176     0.0029541     0.00280762     0.00284424     
0.00294189     0.00280762     0.00256348     0.00268555     
0.00267334     0.00266113     0.00229492     0.00245361     
0.00257568     0.00252686     0.00231934     0.00241699     
0.00268555     0.00264893     0.00246582     0.00250244     
0.00272217     0.00269775     0.0024292     0.00245361     
0.00256348     0.00246582     0.0022583     0.00219727     
0.00236816     0.00219727     0.0020752     0.0020752     
0.0022583     0.00214844     0.00217285     0.00222168     
0.00240479     0.00241699     0.00234375     0.00249023     
0.00269775     0.00267334     0.00267334     0.00267334     
0.00288086     0.00280762     0.00268555     0.00283203     
0.00286865     0.00281982     0.00275879     0.00289307     
0.00289307     0.0029541     0.00290527     0.00291748     
0.00291748     0.003125     0.0029541     0.00303955     
0.00306396     0.00307617     0.00290527     0.00294189     
0.0029541     0.00290527     0.00283203     0.002771     
0.00292969     0.00290527     0.00284424     0.00286865     
0.00300293     0.00317383     0.00302734     0.00313721     
0.00341797     0.00330811     0.00327148     0.00332031     
0.00349121     0.00340576     0.0032959     0.00324707     
0.00344238     0.00338135     0.00305176     0.003125     
0.00323486     0.00303955     0.00297852     0.00290527     
0.00313721     0.00294189     0.00289307     0.00297852     
0.00302734     0.00305176     0.00290527     0.00301514     
0.00327148     0.00325928     0.00296631     0.00316162     
0.00330811     0.00318604     0.00297852     0.00311279     
0.00325928     0.00310059     0.00299072     0.00308838     
0.00307617     0.003125     0.002771     0.00283203     
0.00296631     0.00288086     0.00272217     0.0027832     
0.00283203     0.00272217     0.00256348     0.00272217     
0.00272217     0.00275879     0.00255127     0.00246582     
0.00270996     0.00255127     0.00245361     0.00245361     
0.0026123     0.00247803     0.00235596     0.00231934     
0.00246582     0.0024292     0.00231934     0.00234375     
0.00250244     0.00244141     0.00240479     0.00240479     
0.00266113     0.002771     0.00255127     0.00266113     
0.002771     0.00289307     0.00268555     0.00267334     
0.00285645     0.00275879     0.00266113     0.00262451     
0.00272217     0.00272217     0.00258789     0.00264893     
0.00273438     0.00274658     0.00251465     0.00268555     
0.002771     0.002771     0.00263672     0.00262451     
0.00275879     0.00272217     0.00255127     0.00253906     
0.00253906     0.00258789     0.00229492     0.00236816     
0.00241699     0.00240479     0.00245361     0.00241699     
0.00270996     0.00270996     0.00262451     0.00281982     
0.00307617     0.00307617     0.00307617     0.00313721     
0.00336914     0.00336914     0.00308838     0.00311279     
0.00332031     0.00311279     0.0029541     0.00285645     
0.00294189     0.00280762     0.00246582     0.00255127     
0.00262451     0.00249023     0.00227051     0.00229492     
0.00238037     0.00220947     0.00200195     0.00222168     
0.00229492     0.00234375     0.00206299     0.00220947     
0.00235596     0.00250244     0.00234375     0.00238037     
0.00266113     0.00268555     0.00250244     0.00252686     
0.00269775     0.00274658     0.0026001     0.0026123     
0.00267334     0.0027832     0.00268555     0.0026123     
0.002771     0.00256348     0.00256348     0.00249023     
0.0026123     0.00249023     0.0022583     0.00224609     
0.00231934     0.00224609     0.0020874     0.00201416     
0.00212402     0.00202637     0.00184326     0.0019043     
0.00201416     0.00194092     0.00184326     0.00198975     
0.00205078     0.00218506     0.00209961     0.00217285     
0.00227051     0.00238037     0.00235596     0.00240479     
0.0026001     0.0026001     0.00235596     0.00267334     
0.00262451     0.00258789     0.00235596     0.00249023     
0.00253906     0.00238037     0.00219727     0.00219727     
0.00236816     0.00222168     0.00195313     0.00198975     
0.00218506     0.00212402     0.00186768     0.00184326     
0.00202637     0.00202637     0.00180664     0.00195313     
0.00216064     0.00216064     0.00213623     0.00209961     
0.00240479     0.00241699     0.00233154     0.0024292     
0.00267334     0.00272217     0.00258789     0.00264893     
0.00290527     0.00288086     0.00272217     0.00283203     
0.00290527     0.00291748     0.00267334     0.00273438     
0.00269775     0.00269775     0.00240479     0.00240479     
0.00253906     0.00229492     0.00200195     0.00209961     
0.00203857     0.00205078     0.00180664     0.0019165     
0.00194092     0.00198975     0.00196533     0.0019043     
0.00219727     0.00224609     0.00205078     0.00214844     
0.00236816     0.0024292     0.00229492     0.00233154     
0.00249023     0.00250244     0.00233154     0.00235596     
0.00255127     0.0024292     0.00229492     0.00235596     
0.00258789     0.00249023     0.00239258     0.00246582     
0.00262451     0.00257568     0.00246582     0.00238037     
0.00253906     0.00262451     0.00257568     0.0026123     
0.00284424     0.00289307     0.002771     0.00297852     
0.00318604     0.00322266     0.00310059     0.00322266     
0.00327148     0.00328369     0.00314941     0.00316162     
0.00306396     0.00308838     0.00270996     0.00285645     
0.00266113     0.00256348     0.00230713     0.00234375     
0.00239258     0.00234375     0.00223389     0.00228271     
0.00239258     0.00236816     0.00233154     0.00235596     
0.00256348     0.00262451     0.0024292     0.0026001     
0.00266113     0.0026123     0.00255127     0.00252686     
0.00272217     0.00269775     0.00256348     0.00253906     
0.00283203     0.00272217     0.00253906     0.0026001     
0.00284424     0.002771     0.00257568     0.00267334     
0.0029541     0.00281982     0.00264893     0.0026123     
0.00272217     0.00275879     0.00250244     0.00252686     
0.0026123     0.00247803     0.00227051     0.00236816     
0.00245361     0.00241699     0.00218506     0.00236816     
0.00238037     0.00241699     0.00214844     0.00229492     
0.00227051     0.00224609     0.00217285     0.00206299     
0.00212402     0.00219727     0.00197754     0.0019043     
0.0020874     0.00211182     0.00192871     0.0020752     
0.00222168     0.00230713     0.00224609     0.00228271     
0.00251465     0.00251465     0.00245361     0.00246582     
0.00258789     0.00246582     0.00241699     0.00238037     
0.00262451     0.00247803     0.00228271     0.00236816     
0.00250244     0.00239258     0.00233154     0.00227051     
0.00240479     0.00231934     0.00214844     0.00223389     
0.00220947     0.00214844     0.00197754     0.00200195     
0.00196533     0.00195313     0.00178223     0.00175781     
0.00178223     0.00181885     0.00161133     0.00175781     
0.00180664     0.00189209     0.00178223     0.00192871     
0.00212402     0.00217285     0.00206299     0.00213623     
0.00227051     0.00228271     0.0020874     0.00214844     
0.0022583     0.0022583     0.0020752     0.00212402     
0.00231934     0.00222168     0.0020752     0.00213623     
0.00234375     0.00231934     0.00228271     0.00229492     
0.00250244     0.00240479     0.0022583     0.00235596     
0.00234375     0.00229492     0.00220947     0.00213623     
0.00236816     0.00229492     0.00220947     0.00235596     
0.0024292     0.0024292     0.00239258     0.00249023     
0.00268555     0.00275879     0.00258789     0.00263672     
0.00284424     0.00280762     0.00257568     0.00270996     
0.00266113     0.00273438     0.00241699     0.00241699     
0.00250244     0.00255127     0.00230713     0.00238037     
0.00257568     0.00250244     0.00235596     0.00250244     
0.00267334     0.00267334     0.00241699     0.00252686     
0.0026001     0.00250244     0.00228271     0.0022583     
0.0024292     0.00220947     0.00197754     0.00196533     
0.00201416     0.00189209     0.00177002     0.00174561     
0.00184326     0.00183105     0.00174561     0.00172119     
0.00196533     0.00192871     0.00194092     0.0019043     
0.00214844     0.00223389     0.00203857     0.00213623     
0.00227051     0.00223389     0.0020752     0.00213623     
0.00219727     0.00212402     0.00206299     0.00201416     
0.00200195     0.00196533     0.00177002     0.00179443     
0.00183105     0.00178223     0.00159912     0.00170898     
0.00186768     0.00179443     0.00163574     0.00175781     
0.00189209     0.00183105     0.00163574     0.00172119     
0.00180664     0.0017334     0.00161133     0.00162354     
0.00178223     0.00170898     0.00167236     0.00157471     
0.0019165     0.00184326     0.00172119     0.00178223     
0.0019165     0.00187988     0.00184326     0.00185547     
0.0020752     0.00197754     0.00184326     0.00184326     
0.00220947     0.00203857     0.00183105     0.00192871     
0.00209961     0.00211182     0.00187988     0.00197754     
0.00220947     0.00216064     0.00197754     0.00206299     
0.00224609     0.00223389     0.00198975     0.00217285     
0.00222168     0.00223389     0.0020752     0.00218506     
0.00220947     0.00216064     0.00195313     0.0020752     
0.00227051     0.00214844     0.00206299     0.00223389     
0.00239258     0.00246582     0.00244141     0.0026001     
0.0027832     0.00291748     0.00279541     0.00284424     
0.00307617     0.00305176     0.00291748     0.00289307     
0.00290527     0.00283203     0.00273438     0.00252686     
0.00264893     0.00249023     0.00235596     0.00231934     
0.00249023     0.00235596     0.00230713     0.00235596     
0.0026001     0.00250244     0.00229492     0.0024292     
0.00250244     0.00251465     0.00230713     0.00235596     
0.0024292     0.00247803     0.00228271     0.00229492     
0.00245361     0.0026123     0.00228271     0.00252686     
0.00258789     0.00275879     0.00255127     0.00264893     
0.002771     0.00284424     0.002771     0.002771     
0.00302734     0.00302734     0.00290527     0.00299072     
0.003125     0.00318604     0.00290527     0.00284424     
0.00302734     0.00289307     0.00272217     0.0026001     
0.00284424     0.00268555     0.00250244     0.00255127     
0.00273438     0.00258789     0.00245361     0.00253906     
0.00268555     0.0026123     0.00253906     0.00255127     
0.00273438     0.00270996     0.0026123     0.00263672     
0.00272217     0.00274658     0.00253906     0.00262451     
0.00266113     0.00250244     0.00230713     0.0024292     
0.00241699     0.00240479     0.00209961     0.0022583     

