Source : transient; Time : Wed Jun 14 06:53:44 2017
B0 = 3216.000000 Gauss, mw = 9.686281 GHz
 NDI-T2 sa261 20/2 42/25 523nm/1mJ
1 5000 -1.001e-06 8.997e-06 0 0
s                        V                                                 
1.2207e-05     2.44141e-05     -3.66211e-05     3.66211e-05     
3.66211e-05     -3.66211e-05     9.76563e-05     0.000170898     
0.000231934     0.000292969     0.000317383     0.000500488     
0.000585938     0.000537109     0.000549316     0.000537109     
0.000537109     0.000463867     0.00045166     0.000378418     
0.000244141     0.000244141     0.000158691     2.44141e-05     
7.32422e-05     -4.88281e-05     -0.000109863     -1.2207e-05     
-7.32422e-05     -0.000268555     -0.000305176     -0.000292969     
-0.000317383     -0.000378418     -0.000366211     -0.000402832     
-0.000500488     -0.000402832     -0.000427246     -0.000341797     
-0.00032959     -0.000280762     -0.000378418     -0.000109863     
-0.000268555     -0.000231934     -8.54492e-05     -7.32422e-05     
-2.44141e-05     -6.10352e-05     2.44141e-05     0.000170898     
0.000134277     0.00020752     0.000390625     0.000305176     
0.00045166     0.000537109     0.00045166     0.000622559     
0.000598145     0.000585938     0.000463867     0.000415039     
0.000500488     0.000280762     0.000354004     0.000280762     
0.000158691     8.54492e-05     2.44141e-05     -2.44141e-05     
-0.00012207     -0.00012207     -6.10352e-05     -0.000195313     
-0.000146484     -0.00012207     -6.10352e-05     -7.32422e-05     
-3.66211e-05     -3.66211e-05     -2.44141e-05     0     
3.66211e-05     2.44141e-05     9.76563e-05     7.32422e-05     
-2.44141e-05     -1.2207e-05     9.76563e-05     0.000146484     
6.10352e-05     0.00020752     0.000170898     0.000134277     
0.000292969     0.000280762     0.000378418     0.000354004     
0.000500488     0.000476074     0.000427246     0.000378418     
0.000390625     0.000231934     0.000256348     0.000183105     
-2.44141e-05     -0.00012207     -0.000244141     -0.000256348     
-0.000305176     -0.000317383     -0.000415039     -0.000402832     
-0.000280762     -0.000292969     -0.00020752     -0.000256348     
-0.000134277     -8.54492e-05     -4.88281e-05     1.2207e-05     
3.66211e-05     9.76563e-05     0.00020752     0.000244141     
0.000415039     0.000341797     0.000512695     0.00065918     
0.000671387     0.000695801     0.000720215     0.000756836     
0.000756836     0.000732422     0.00057373     0.000598145     
0.000524902     0.000317383     0.000256348     0.000305176     
0.00012207     -2.44141e-05     8.54492e-05     9.76563e-05     
-3.66211e-05     -2.44141e-05     -8.54492e-05     -4.88281e-05     
-8.54492e-05     -0.00012207     -7.32422e-05     -7.32422e-05     
-0.000146484     -9.76563e-05     -0.000183105     -0.000158691     
-7.32422e-05     -6.10352e-05     -7.32422e-05     -8.54492e-05     
-4.88281e-05     -7.32422e-05     -0.000158691     0     
9.76563e-05     -1.2207e-05     2.44141e-05     0.00012207     
3.66211e-05     0.000109863     0.00012207     0.000146484     
0.000146484     0.000109863     0.000219727     0.00012207     
0.000231934     0.000158691     0.000256348     0.000183105     
0.000378418     0.000256348     0.000231934     0.00032959     
0.000341797     0.000354004     0.000231934     0.000231934     
0.000183105     0.00020752     0.000170898     0.000158691     
0.000305176     0.000292969     0.000280762     0.000305176     
0.000463867     0.000488281     0.000524902     0.00057373     
0.000598145     0.000524902     0.000561523     0.000512695     
0.000366211     0.000402832     0.000231934     0.00020752     
1.2207e-05     1.2207e-05     4.88281e-05     1.2207e-05     
0     0     6.10352e-05     0     
8.54492e-05     0.000109863     8.54492e-05     0.00012207     
0.000183105     4.88281e-05     9.76563e-05     7.32422e-05     
7.32422e-05     -0.000109863     3.66211e-05     -6.10352e-05     
-0.000134277     -4.88281e-05     -1.2207e-05     6.10352e-05     
9.76563e-05     0.00012207     0.000158691     0.000195313     
0.000280762     0.000317383     0.000195313     0.000439453     
0.00032959     0.000256348     0.000366211     0.00032959     
0.000219727     6.10352e-05     3.66211e-05     0.000134277     
-0.000109863     -0.000158691     -9.76563e-05     -0.000170898     
-0.00012207     -9.76563e-05     -0.00012207     4.88281e-05     
0.00012207     0.000170898     0.000146484     0.000317383     
0.000390625     0.00020752     0.000231934     0.000305176     
0.00032959     0.000146484     9.76563e-05     0.00020752     
0.000158691     0.000109863     0.000195313     0.000146484     
0.000219727     0.000256348     0.000366211     0.000305176     
0.00032959     0.000354004     0.000402832     0.000439453     
0.000292969     0.000378418     0.000219727     0.000244141     
0.000231934     0.000158691     0.000158691     0.00020752     
6.10352e-05     0.000109863     6.10352e-05     9.76563e-05     
0.000134277     3.66211e-05     0.000146484     0.000158691     
0.00012207     9.76563e-05     2.44141e-05     0.000158691     
0.00012207     3.66211e-05     2.44141e-05     9.76563e-05     
-4.88281e-05     8.54492e-05     4.88281e-05     6.10352e-05     
0.00020752     0.00032959     0.000366211     0.00045166     
0.000549316     0.000549316     0.00057373     0.000524902     
0.000500488     0.000415039     0.000427246     0.000268555     
0.000195313     0     -0.000158691     -0.000195313     
-0.00012207     -0.000280762     -0.000280762     -0.000280762     
-0.000378418     -0.000341797     -0.000256348     -0.000195313     
-0.000170898     -2.44141e-05     -6.10352e-05     8.54492e-05     
0.000109863     0.000109863     0.000170898     0.000280762     
0.000292969     0.000317383     0.000378418     0.000305176     
0.000390625     0.000268555     0.000244141     0.000305176     
0.000183105     0.000256348     0.000378418     0.000305176     
0.000170898     0.000280762     0.000256348     0.000341797     
0.000341797     0.000219727     0.000317383     0.000378418     
0.000402832     0.000305176     0.000231934     0.000354004     
0.000341797     0.000195313     0.000292969     0.000292969     
0.000195313     0.000195313     0.000195313     0.00012207     
0.000146484     7.32422e-05     2.44141e-05     -4.88281e-05     
-2.44141e-05     -7.32422e-05     -0.000183105     -0.000231934     
-0.000170898     -0.000305176     -0.000280762     -0.000134277     
-0.000244141     -0.000256348     -0.000170898     -9.76563e-05     
-0.000146484     -8.54492e-05     -1.2207e-05     -3.66211e-05     
4.88281e-05     -2.44141e-05     -3.66211e-05     2.44141e-05     
-9.76563e-05     -3.66211e-05     -8.54492e-05     -8.54492e-05     
-0.000134277     -9.76563e-05     -7.32422e-05     -0.00012207     
-0.000183105     -0.000109863     -0.000170898     -0.000134277     
-0.000170898     -6.10352e-05     0     -4.88281e-05     
-6.10352e-05     -6.10352e-05     6.10352e-05     3.66211e-05     
9.76563e-05     0     9.76563e-05     0.000134277     
0.000183105     9.76563e-05     0.000183105     0.000268555     
0.000366211     0.000170898     0.000292969     0.00032959     
0.000390625     0.000439453     0.000476074     0.000463867     
0.000463867     0.000512695     0.000317383     0.000439453     
0.000439453     0.000341797     0.000244141     0.000476074     
0.000280762     0.000109863     0.00020752     0.000231934     
0.000280762     0.00020752     0.000134277     0.000256348     
0.000183105     0.00020752     0.000195313     7.32422e-05     
0.000219727     0.000170898     0.000109863     0.00012207     
4.88281e-05     0.000146484     2.44141e-05     4.88281e-05     
0.000219727     0.000134277     0.00012207     0.000146484     
0.000280762     0.000231934     0.000354004     0.000292969     
0.000317383     0.00045166     0.000512695     0.000549316     
0.000427246     0.000463867     0.000610352     0.000500488     
0.000537109     0.000488281     0.000476074     0.000488281     
0.000390625     0.000415039     0.000354004     0.000341797     
0.000183105     0.000170898     0.000170898     0.000134277     
-6.10352e-05     0     -0.000134277     -0.00020752     
-0.000219727     -0.000305176     -0.000305176     -0.000231934     
-0.000268555     -0.000292969     -0.000354004     -0.00020752     
-0.000109863     -4.88281e-05     0     0.000109863     
0.000109863     0.000158691     0.000256348     0.000244141     
0.000341797     0.000390625     0.000378418     0.000402832     
0.000390625     0.000268555     0.000292969     0.000195313     
0.00020752     9.76563e-05     7.32422e-05     0.000109863     
6.10352e-05     -2.44141e-05     -2.44141e-05     4.88281e-05     
8.54492e-05     -6.10352e-05     0     0.000109863     
6.10352e-05     3.66211e-05     7.32422e-05     0.000183105     
0.000170898     0.000268555     0.000341797     0.000476074     
0.000390625     0.000512695     0.000427246     0.00045166     
0.000439453     0.000280762     0.000305176     0.000354004     
0.000219727     2.44141e-05     -4.88281e-05     0.00012207     
-0.000134277     -0.000256348     -0.000341797     -0.00045166     
-0.000695801     -0.000939941     -0.00123291     -0.00145264     
-0.00179443     -0.00228271     -0.00270996     -0.00318604     
-0.00368652     -0.00423584     -0.00480957     -0.00523682     
-0.0057373     -0.00637207     -0.00679932     -0.00715332     
-0.00769043     -0.00812988     -0.00847168     -0.00905762     
-0.00922852     -0.0097168     -0.0100708     -0.0104858     
-0.0109375     -0.0114502     -0.0119141     -0.0123657     
-0.0128662     -0.0134277     -0.0139893     -0.0144287     
-0.014978     -0.0156006     -0.0162476     -0.0167603     
-0.0172974     -0.0178467     -0.0184204     -0.0188843     
-0.0193604     -0.019812     -0.0203247     -0.0208008     
-0.0211182     -0.0215698     -0.0218872     -0.0221802     
-0.0226196     -0.022937     -0.0232544     -0.0236084     
-0.0240601     -0.0242432     -0.0246826     -0.025     
-0.0253662     -0.0257568     -0.0260254     -0.026416     
-0.0267334     -0.0270752     -0.0272827     -0.0275391     
-0.0279175     -0.028186     -0.0284424     -0.0287109     
-0.0289551     -0.0292969     -0.0295288     -0.0297485     
-0.0300781     -0.0304199     -0.0306519     -0.0308838     
-0.0312012     -0.0315308     -0.0317871     -0.0320313     
-0.0324463     -0.032605     -0.0330566     -0.0332886     
-0.0334839     -0.0338989     -0.0342285     -0.0343506     
-0.0347656     -0.0350586     -0.0352295     -0.0355469     
-0.0357422     -0.0361816     -0.0364624     -0.0365967     
-0.0370361     -0.0372681     -0.037561     -0.0378052     
-0.0380249     -0.0383667     -0.038562     -0.0388184     
-0.0390991     -0.039209     -0.0395264     -0.0397461     
-0.0398315     -0.0400635     -0.0400757     -0.0403076     
-0.0404663     -0.0406494     -0.0408081     -0.0409302     
-0.0411133     -0.0413086     -0.0413574     -0.0415405     
-0.0417969     -0.0420166     -0.0421753     -0.0424561     
-0.0425171     -0.0428711     -0.0430664     -0.043103     
-0.0432861     -0.0434204     -0.0435669     -0.0435425     
-0.0437012     -0.0436646     -0.04375     -0.0436401     
-0.0437988     -0.0437012     -0.0437622     -0.0438599     
-0.0439331     -0.0439087     -0.0439453     -0.0441284     
-0.0442383     -0.0442017     -0.044458     -0.0444214     
-0.0444092     -0.0444824     -0.0444946     -0.0444458     
-0.0444824     -0.0443237     -0.0442993     -0.0442505     
-0.0441772     -0.0442139     -0.0440552     -0.0441528     
-0.0440796     -0.0440918     -0.044165     -0.0441284     
-0.044165     -0.0441772     -0.0442749     -0.0442993     
-0.0443115     -0.0443848     -0.0442383     -0.0442627     
-0.0441406     -0.0441406     -0.0440552     -0.0439941     
-0.0439209     -0.0438477     -0.0437866     -0.0438477     
-0.043689     -0.0436279     -0.0436646     -0.0435669     
-0.0436768     -0.0436279     -0.0437378     -0.0436401     
-0.0436401     -0.04375     -0.0436768     -0.0437012     
-0.0437622     -0.0436279     -0.0437012     -0.0434692     
-0.0434692     -0.0434082     -0.0432495     -0.0431519     
-0.0430542     -0.0429688     -0.0428101     -0.0426392     
-0.0425537     -0.0425049     -0.042334     -0.0422974     
-0.0420654     -0.042041     -0.0420044     -0.0419067     
-0.0417603     -0.0417114     -0.0415649     -0.0413818     
-0.0413086     -0.0412354     -0.04104     -0.04104     
-0.040918     -0.0408325     -0.0406982     -0.0407104     
-0.0406494     -0.0406616     -0.0404907     -0.0404297     
-0.0404053     -0.0403564     -0.0402222     -0.0401123     
-0.0400146     -0.0398682     -0.0396973     -0.0395996     
-0.0394287     -0.039209     -0.0390015     -0.0387085     
-0.0384155     -0.0383057     -0.0380981     -0.0379028     
-0.0378418     -0.0376465     -0.0375366     -0.0373413     
-0.0374146     -0.0374268     -0.0373047     -0.0371582     
-0.0372314     -0.0371704     -0.0370117     -0.0368164     
-0.0367432     -0.0366699     -0.0364868     -0.0363892     
-0.0362061     -0.0361816     -0.0359863     -0.0358887     
-0.0358276     -0.0356567     -0.0355835     -0.0355103     
-0.0352661     -0.0352173     -0.0350464     -0.0349365     
-0.0346313     -0.0345825     -0.0344116     -0.0342163     
-0.0339722     -0.0338257     -0.0336792     -0.0333862     
-0.0333008     -0.0330078     -0.0329224     -0.0326782     
-0.0325317     -0.0322998     -0.0321655     -0.031897     
-0.0317871     -0.0315918     -0.0313599     -0.0311768     
-0.0310913     -0.0309326     -0.0307495     -0.0306152     
-0.0305298     -0.0304077     -0.0302856     -0.0303101     
-0.0301758     -0.0301392     -0.0300659     -0.0298584     
-0.029834     -0.0297607     -0.0296021     -0.0294678     
-0.0292358     -0.029248     -0.0289917     -0.0287476     
-0.0285889     -0.0285522     -0.0283203     -0.028125     
-0.0279419     -0.0278687     -0.0276855     -0.0276001     
-0.0275024     -0.027478     -0.0273926     -0.0273193     
-0.0271973     -0.0271729     -0.0271362     -0.0269653     
-0.0269165     -0.0269165     -0.0269287     -0.0267456     
-0.0266479     -0.0266357     -0.0265137     -0.0263062     
-0.0263062     -0.0260742     -0.026123     -0.0259521     
-0.025708     -0.0256958     -0.0255615     -0.0254395     
-0.0253784     -0.0253174     -0.0252563     -0.0250977     
-0.0250122     -0.0250488     -0.0249023     -0.0247437     
-0.0248535     -0.0246948     -0.0245483     -0.0244629     
-0.0243408     -0.0242554     -0.0240723     -0.0240601     
-0.0239258     -0.0238281     -0.0236816     -0.0236938     
-0.0235352     -0.0234253     -0.0232666     -0.0231812     
-0.0229858     -0.0229492     -0.0228394     -0.0227173     
-0.0224854     -0.0224487     -0.0222412     -0.022168     
-0.0221313     -0.0219849     -0.0219116     -0.0218872     
-0.0218384     -0.021814     -0.0217163     -0.0216187     
-0.0216919     -0.0216431     -0.0217285     -0.0216919     
-0.0217041     -0.0216187     -0.0215576     -0.021582     
-0.0214966     -0.0215332     -0.0214966     -0.0213623     
-0.021521     -0.0214111     -0.0213623     -0.02146     
-0.0213867     -0.0214844     -0.0216309     -0.0216919     
-0.0215942     -0.0216919     -0.0216064     -0.0216431     
-0.0215698     -0.0215332     -0.021521     -0.0215332     
-0.0213013     -0.0213623     -0.0212769     -0.0210693     
-0.0211304     -0.0210815     -0.0210449     -0.0209961     
-0.0208618     -0.0208984     -0.020813     -0.0209229     
-0.0209106     -0.0209595     -0.0209351     -0.0210327     
-0.0210938     -0.0211548     -0.021228     -0.0212158     
-0.0212891     -0.0212646     -0.0213501     -0.0213989     
-0.0215454     -0.0213501     -0.02146     -0.0213501     
-0.0214233     -0.0214966     -0.021521     -0.0216187     
-0.0215576     -0.0215088     -0.0216309     -0.0215942     
-0.0217041     -0.0217407     -0.0217041     -0.0217041     
-0.0216553     -0.0217041     -0.0216431     -0.021521     
-0.0214966     -0.0215088     -0.0214233     -0.0213867     
-0.0213379     -0.0213623     -0.0212646     -0.0211792     
-0.0211304     -0.021167     -0.0212402     -0.0212646     
-0.0213135     -0.0214722     -0.0214966     -0.0215454     
-0.0216675     -0.0218384     -0.0219116     -0.021936     
-0.0219849     -0.0219971     -0.0219971     -0.021875     
-0.0218628     -0.0217773     -0.0217651     -0.0217041     
-0.0216553     -0.0216431     -0.0215942     -0.0214722     
-0.021582     -0.0215576     -0.0214844     -0.0215454     
-0.02146     -0.0215332     -0.02146     -0.0213745     
-0.0215088     -0.0213623     -0.0214478     -0.0215942     
-0.0214966     -0.021582     -0.0216187     -0.0216064     
-0.0217529     -0.021814     -0.0218628     -0.0219604     
-0.0219482     -0.0220825     -0.0221069     -0.0220459     
-0.0221191     -0.0221191     -0.0221558     -0.0220215     
-0.0219971     -0.0220947     -0.0220337     -0.0220947     
-0.0220703     -0.0221558     -0.0221191     -0.0223389     
-0.0223145     -0.0224731     -0.022583     -0.0224731     
-0.022583     -0.0227051     -0.0226929     -0.0227173     
-0.0227661     -0.0227173     -0.0226685     -0.0226807     
-0.0227661     -0.0226074     -0.0226807     -0.0227173     
-0.0226685     -0.0227661     -0.0227417     -0.0228271     
-0.0228271     -0.0227539     -0.0229126     -0.0228271     
-0.0228149     -0.0227661     -0.0226685     -0.0226807     
-0.022644     -0.022522     -0.0225952     -0.0224609     
-0.0224487     -0.0224731     -0.0224731     -0.0225586     
-0.0225952     -0.0226563     -0.0227051     -0.0227539     
-0.0228027     -0.022876     -0.022876     -0.0229126     
-0.0229492     -0.022998     -0.0229492     -0.0229492     
-0.0228638     -0.0229858     -0.022876     -0.0227783     
-0.0227539     -0.0227539     -0.0228027     -0.0227051     
-0.0226929     -0.0227417     -0.0228027     -0.0228149     
-0.022876     -0.0228271     -0.0229248     -0.022876     
-0.0229492     -0.022998     -0.022937     -0.022998     
-0.0229492     -0.0229736     -0.022937     -0.0228516     
-0.0228394     -0.0227051     -0.0226807     -0.0227417     
-0.0225708     -0.0225342     -0.0225708     -0.0225342     
-0.0224731     -0.0225098     -0.0224854     -0.0224487     
-0.0224243     -0.0224976     -0.0224609     -0.0224854     
-0.0223511     -0.0224121     -0.0223267     -0.0223145     
-0.0223022     -0.0221313     -0.0220459     -0.0220947     
-0.0219482     -0.0219604     -0.0218994     -0.0218994     
-0.0218872     -0.0218994     -0.0219238     -0.021936     
-0.0219238     -0.0220825     -0.0220581     -0.0220459     
-0.0221313     -0.0221436     -0.0221069     -0.0220703     
-0.0220215     -0.0219727     -0.021936     -0.0217651     
-0.0217163     -0.0216919     -0.02146     -0.02146     
-0.0213623     -0.0213379     -0.0213379     -0.021228     
-0.0212769     -0.0214233     -0.0214478     -0.0213623     
-0.0215088     -0.0215088     -0.0215454     -0.0215698     
-0.0215698     -0.02146     -0.02146     -0.0214355     
-0.0212402     -0.0212646     -0.0211182     -0.0209961     
-0.0209106     -0.0207642     -0.0207642     -0.0206421     
-0.0204834     -0.0205688     -0.0204956     -0.0203369     
-0.0203247     -0.0203613     -0.0203735     -0.0202637     
-0.0202515     -0.0202515     -0.0202148     -0.0201782     
-0.020166     -0.0200562     -0.0200195     -0.0199707     
-0.0198608     -0.0197388     -0.0198853     -0.0197266     
-0.0198242     -0.0198242     -0.0197632     -0.0198364     
-0.0197266     -0.0197144     -0.0196655     -0.0195068     
-0.0195923     -0.0195557     -0.0194458     -0.0194214     
-0.0192383     -0.0190552     -0.0189819     -0.01875     
-0.0187622     -0.0186157     -0.0185547     -0.0184204     
-0.0184326     -0.0185669     -0.0184204     -0.018457     
-0.0184204     -0.0184448     -0.0185669     -0.0184937     
-0.0185059     -0.018457     -0.018396     -0.0183594     
-0.0182007     -0.0180786     -0.0179688     -0.0178589     
-0.0177002     -0.0175781     -0.0175049     -0.0173218     
-0.0172485     -0.0172241     -0.0171875     -0.0171631     
-0.0171265     -0.0171509     -0.0171997     -0.0171997     
-0.0172852     -0.0172852     -0.0174438     -0.0174561     
-0.0174316     -0.0175293     -0.0175781     -0.0176514     
-0.0175903     -0.0175659     -0.0177002     -0.0176636     
-0.0175415     -0.0175537     -0.0175537     -0.0173828     
-0.0173706     -0.0171753     -0.0170044     -0.0169434     
-0.0167358     -0.016626     -0.0164307     -0.016333     
-0.0162354     -0.0161133     -0.0159058     -0.0159058     
-0.0157471     -0.0156982     -0.0155762     -0.0156128     
-0.015625     -0.0156006     -0.0155396     -0.0155151     
-0.0154053     -0.015564     -0.0153809     -0.0153564     
-0.0153076     -0.015271     -0.0151245     -0.0150635     
-0.0150635     -0.0149536     -0.014917     -0.0148071     
-0.0147583     -0.014624     -0.0147461     -0.0147583     
-0.0147217     -0.0147339     -0.0146362     -0.0146851     
-0.0146362     -0.0148193     -0.0148193     -0.0147217     
-0.0148438     -0.0148438     -0.0148193     -0.0147583     
-0.0146729     -0.0147461     -0.0147827     -0.0145264     
-0.0143921     -0.0143555     -0.0142212     -0.0140259     
-0.013855     -0.0138062     -0.0136841     -0.0135376     
-0.0132935     -0.0133423     -0.0133301     -0.0131348     
-0.0131836     -0.0131958     -0.0131348     -0.0132324     
-0.013269     -0.0133545     -0.0133545     -0.0135498     
-0.0135254     -0.0137207     -0.0137207     -0.0138428     
-0.0138184     -0.0139038     -0.0138428     -0.0137817     
-0.0138672     -0.0136963     -0.0136963     -0.0135132     
-0.0135376     -0.0133789     -0.0133301     -0.0132202     
-0.013208     -0.0132202     -0.0130737     -0.0132568     
-0.0131836     -0.0131958     -0.013269     -0.0131958     
-0.013208     -0.0133179     -0.0133057     -0.0132446     
-0.0133545     -0.0133423     -0.0133911     -0.0133667     
-0.0134155     -0.0133301     -0.0133545     -0.0133911     
-0.0132446     -0.0133667     -0.0132568     -0.013208     
-0.0132446     -0.0133057     -0.0132202     -0.013208     
-0.0132324     -0.0132568     -0.0131714     -0.0130859     
-0.0131104     -0.0131104     -0.0128906     -0.0129883     
-0.0129272     -0.0128418     -0.0126465     -0.0126709     
-0.0127197     -0.0126343     -0.0126831     -0.0127075     
-0.0126221     -0.0126465     -0.0126831     -0.0125488     
-0.0127563     -0.0128052     -0.0127197     -0.012793     
-0.0128052     -0.0128784     -0.012854     -0.0127319     
-0.0128296     -0.012854     -0.0128174     -0.0127197     
-0.0126343     -0.0125854     -0.012561     -0.0123413     
-0.0123657     -0.0123291     -0.0121582     -0.012085     
-0.0120239     -0.0119263     -0.0119751     -0.0118652     
-0.0118408     -0.0118042     -0.0118408     -0.0118652     
-0.0118164     -0.0118042     -0.0118286     -0.0119507     
-0.0118774     -0.0119751     -0.0119263     -0.0121338     
-0.0119507     -0.0121338     -0.0122314     -0.0122192     
-0.0123169     -0.0124512     -0.0124756     -0.0124756     
-0.0125366     -0.0125854     -0.0125977     -0.0125977     
-0.0126709     -0.0127686     -0.0128662     -0.0128906     
-0.0129272     -0.0130371     -0.0131592     -0.0131592     
-0.013208     -0.0131714     -0.0133545     -0.0133057     
-0.0134155     -0.0134888     -0.0133789     -0.0134033     
-0.013501     -0.0133301     -0.0134766     -0.0134644     
-0.0135132     -0.0135742     -0.0134277     -0.0134888     
-0.013562     -0.013623     -0.0135742     -0.013562     
-0.0136597     -0.0136963     -0.0135498     -0.0134888     
-0.0134521     -0.013501     -0.0134521     -0.0132935     
-0.013208     -0.0132446     -0.0131104     -0.0130249     
-0.0129517     -0.0130005     -0.0129395     -0.0128906     
-0.012854     -0.0127686     -0.0128906     -0.0127319     
-0.0127808     -0.012854     -0.0130127     -0.0129028     
-0.0129761     -0.013147     -0.0130493     -0.0131714     
-0.0132202     -0.0133789     -0.0133179     -0.0133301     
-0.0133911     -0.0134277     -0.0134033     -0.0133911     
-0.0134155     -0.0132568     -0.0133667     -0.0133789     
-0.0133545     -0.0133423     -0.0134277     -0.0133179     
-0.0133423     -0.0133423     -0.0132935     -0.0132324     
-0.0131226     -0.0132568     -0.0132202     -0.0131958     
-0.0132446     -0.0132568     -0.0133179     -0.0134521     
-0.0134399     -0.0134766     -0.0134644     -0.0135864     
-0.013562     -0.013562     -0.0136108     -0.0134521     
-0.0133667     -0.0133667     -0.0132202     -0.0130249     
-0.012915     -0.012793     -0.0126709     -0.0126221     
-0.0124756     -0.0123779     -0.012439     -0.0123291     
-0.0122681     -0.0123901     -0.0123413     -0.0124512     
-0.0123779     -0.0124634     -0.0126709     -0.0126221     
-0.0127563     -0.0127808     -0.0128784     -0.0129639     
-0.0130493     -0.0130859     -0.0131348     -0.0131348     
-0.0131592     -0.0131592     -0.0131348     -0.013208     
-0.0130859     -0.0131592     -0.0131714     -0.0132446     
-0.0131958     -0.0132202     -0.0133057     -0.0133301     
-0.013208     -0.0133057     -0.0131958     -0.0131104     
-0.0130859     -0.0130371     -0.0128784     -0.0128662     
-0.0126465     -0.012561     -0.0123901     -0.0123291     
-0.0124634     -0.0123535     -0.0123413     -0.0123779     
-0.0123291     -0.0123779     -0.0123413     -0.012085     
-0.0123047     -0.0123047     -0.0121826     -0.0121216     
-0.0120483     -0.0121704     -0.0121582     -0.0119751     
-0.0121704     -0.012207     -0.0122192     -0.0121826     
-0.0121948     -0.012207     -0.0122559     -0.012146     
-0.0121582     -0.012085     -0.0121338     -0.0120483     
-0.0120361     -0.0120239     -0.0119385     -0.0119019     
-0.0118408     -0.0119507     -0.0119263     -0.0119507     
-0.0120239     -0.0120483     -0.0120361     -0.0121216     
-0.012146     -0.0122559     -0.0123047     -0.0123413     
-0.0123657     -0.0124268     -0.0123779     -0.0123413     
-0.0122437     -0.0122803     -0.0122803     -0.0121948     
-0.0121704     -0.0121338     -0.0121338     -0.0120239     
-0.0121216     -0.0120117     -0.0120728     -0.0120972     
-0.0119385     -0.0121582     -0.0120605     -0.0119629     
-0.0120728     -0.0120605     -0.012207     -0.0121338     
-0.0121094     -0.0121826     -0.0121094     -0.0119995     
-0.0120728     -0.0119507     -0.0119873     -0.0118774     
-0.0117554     -0.0117554     -0.0117188     -0.0115723     
-0.0115234     -0.0115234     -0.0113403     -0.0113037     
-0.0112549     -0.0112305     -0.0111938     -0.0110718     
-0.011084     -0.011145     -0.0111206     -0.0110352     
-0.0110352     -0.0110352     -0.0108521     -0.0107788     
-0.0107544     -0.0106567     -0.0106079     -0.0104492     
-0.0104126     -0.0103638     -0.0103638     -0.0103638     
-0.010437     -0.0103271     -0.0103516     -0.0102295     
-0.0103882     -0.0103149     -0.0102417     -0.0101685     
-0.0102051     -0.0101318     -0.0102783     -0.0101196     
-0.0102783     -0.0101563     -0.0102661     -0.0103394     
-0.0103271     -0.0104614     -0.0105713     -0.0105835     
-0.0106934     -0.0106323     -0.0106445     -0.0106812     
-0.0106567     -0.0106323     -0.0106201     -0.0105469     
-0.0105103     -0.0105347     -0.0104248     -0.0103271     
-0.010376     -0.0103882     -0.0102539     -0.0103271     
-0.0101929     -0.0102173     -0.0101196     -0.0101563     
-0.010022     -0.00998535     -0.0100098     -0.00993652     
-0.00982666     -0.00983887     -0.00980225     -0.00969238     
-0.00974121     -0.0097168     -0.00981445     -0.00976563     
-0.00977783     -0.00979004     -0.00991211     -0.00993652     
-0.00991211     -0.00992432     -0.00994873     -0.0100098     
-0.00991211     -0.00985107     -0.0098877     -0.00975342     
-0.0097168     -0.00981445     -0.009729     -0.00974121     
-0.00976563     -0.00965576     -0.00963135     -0.00969238     
-0.00969238     -0.00959473     -0.00947266     -0.00961914     
-0.00953369     -0.0095459     -0.00952148     -0.00955811     
-0.00957031     -0.0095459     -0.00957031     -0.00953369     
-0.0095459     -0.00958252     -0.009375     -0.00926514     
-0.00924072     -0.00922852     -0.00897217     -0.00880127     
-0.00870361     -0.00860596     -0.0083252     -0.00812988     
-0.00805664     -0.00791016     -0.00786133     -0.00771484     
-0.00769043     -0.0076416     -0.00771484     -0.00754395     
-0.0076416     -0.00765381     -0.00760498     -0.0076416     
-0.00754395     -0.00767822     -0.0076416     -0.00759277     
-0.00777588     -0.00776367     -0.00789795     -0.00789795     
-0.00795898     -0.0081543     -0.00825195     -0.00828857     
-0.00847168     -0.00859375     -0.00864258     -0.0086792     
-0.00863037     -0.00878906     -0.00872803     -0.00865479     
-0.00859375     -0.00856934     -0.00853271     -0.00849609     
-0.00847168     -0.00838623     -0.00839844     -0.00842285     
-0.00834961     -0.00828857     -0.00828857     -0.0083252     
-0.00828857     -0.0083374     -0.00825195     -0.00819092     
-0.00821533     -0.00819092     -0.00826416     -0.00814209     
-0.00820313     -0.00817871     -0.00809326     -0.0081543     
-0.00820313     -0.00805664     -0.00821533     -0.00821533     
-0.00810547     -0.00828857     -0.00828857     -0.00830078     
-0.00826416     -0.0083374     -0.00843506     -0.00839844     
-0.00834961     -0.00845947     -0.00852051     -0.00844727     
-0.00860596     -0.0085083     -0.00860596     -0.00863037     
-0.00856934     -0.00871582     -0.00865479     -0.00859375     
-0.00865479     -0.00866699     -0.00860596     -0.00865479     
-0.00865479     -0.00860596     -0.00853271     -0.00837402     
-0.00842285     -0.00841064     -0.00823975     -0.00823975     
-0.00806885     -0.00823975     -0.00822754     -0.00812988     
-0.00831299     -0.00831299     -0.0083374     -0.00834961     
-0.00849609     -0.00849609     -0.00854492     -0.00849609     
-0.00856934     -0.00859375     -0.0086792     -0.00859375     
-0.00872803     -0.0086792     -0.00864258     -0.00870361     
-0.00874023     -0.00874023     -0.00878906     -0.00881348     
-0.00881348     -0.00878906     -0.00864258     -0.00863037     
-0.00856934     -0.00856934     -0.00859375     -0.00844727     
-0.00848389     -0.00847168     -0.00843506     -0.00847168     
-0.00849609     -0.00859375     -0.00854492     -0.00861816     
-0.00855713     -0.00872803     -0.00870361     -0.00870361     
-0.00870361     -0.00880127     -0.00872803     -0.00878906     
-0.00863037     -0.00875244     -0.00863037     -0.00872803     
-0.00859375     -0.00859375     -0.00870361     -0.00866699     
-0.00870361     -0.00880127     -0.00887451     -0.0088501     
-0.00892334     -0.00904541     -0.00914307     -0.00904541     
-0.00919189     -0.00916748     -0.00926514     -0.00921631     
-0.00928955     -0.00932617     -0.00930176     -0.00932617     
-0.00933838     -0.00943604     -0.00950928     -0.00936279     
-0.00935059     -0.00939941     -0.00942383     -0.00936279     
-0.00932617     -0.00922852     -0.00926514     -0.0092041     
-0.00919189     -0.00917969     -0.00924072     -0.0092041     
-0.00911865     -0.00911865     -0.00904541     -0.00900879     
-0.00906982     -0.00909424     -0.00904541     -0.009021     
-0.00883789     -0.00895996     -0.0088501     -0.00878906     
-0.00877686     -0.00882568     -0.00874023     -0.0086792     
-0.00865479     -0.00871582     -0.00859375     -0.00847168     
-0.00856934     -0.0085083     -0.00849609     -0.0085083     
-0.00849609     -0.00853271     -0.00866699     -0.00852051     
-0.00861816     -0.00866699     -0.00876465     -0.00883789     
-0.00875244     -0.00883789     -0.0088623     -0.00871582     
-0.00872803     -0.00865479     -0.00864258     -0.00856934     
-0.00837402     -0.00841064     -0.00837402     -0.00830078     
-0.00822754     -0.00821533     -0.00828857     -0.00844727     
-0.00841064     -0.00861816     -0.00881348     -0.0088623     
-0.00899658     -0.00908203     -0.00921631     -0.00930176     
-0.00944824     -0.00950928     -0.00944824     -0.00946045     
-0.00949707     -0.00952148     -0.00932617     -0.00949707     
-0.00941162     -0.00942383     -0.00924072     -0.00925293     
-0.00921631     -0.00915527     -0.00917969     -0.00897217     
-0.00893555     -0.00894775     -0.00878906     -0.00877686     
-0.00883789     -0.00866699     -0.00869141     -0.00871582     
-0.00855713     -0.00865479     -0.00844727     -0.00837402     
-0.00830078     -0.00819092     -0.00820313     -0.00805664     
-0.00794678     -0.00788574     -0.0078125     -0.00773926     
-0.00772705     -0.00767822     -0.00771484     -0.00770264     
-0.00773926     -0.00786133     -0.00778809     -0.00791016     
-0.00783691     -0.0079834     -0.00799561     -0.00812988     
-0.00803223     -0.00809326     -0.00820313     -0.00814209     
-0.00805664     -0.00822754     -0.00825195     -0.00826416     
-0.00823975     -0.00849609     -0.00848389     -0.00849609     
-0.00866699     -0.00864258     -0.00875244     -0.00882568     
-0.00887451     -0.0088501     -0.0088501     -0.00870361     
-0.00881348     -0.00874023     -0.00881348     -0.00861816     
-0.00861816     -0.00861816     -0.00845947     -0.00828857     
-0.00837402     -0.00834961     -0.00819092     -0.00805664     
-0.00808105     -0.00795898     -0.00777588     -0.00776367     
-0.00766602     -0.00758057     -0.00765381     -0.0076416     
-0.00759277     -0.00766602     -0.00777588     -0.00780029     
-0.00773926     -0.00789795     -0.00791016     -0.00788574     
-0.00784912     -0.00797119     -0.00787354     -0.0078125     
-0.00773926     -0.00769043     -0.00767822     -0.00762939     
-0.00758057     -0.00761719     -0.00744629     -0.00751953     
-0.00751953     -0.00750732     -0.00756836     -0.00758057     
-0.00758057     -0.00758057     -0.00769043     -0.00761719     
-0.00773926     -0.00766602     -0.00766602     -0.00765381     
-0.00767822     -0.00759277     -0.00771484     -0.00769043     
-0.00756836     -0.00759277     -0.00754395     -0.00748291     
-0.00753174     -0.00739746     -0.00739746     -0.00736084     
-0.00740967     -0.00743408     -0.0074707     -0.00754395     
-0.00756836     -0.00756836     -0.00765381     -0.00771484     
-0.00782471     -0.00794678     -0.00786133     -0.00793457     
-0.00793457     -0.00793457     -0.00786133     -0.00783691     
-0.00770264     -0.00771484     -0.00765381     -0.00756836     
-0.00749512     -0.00755615     -0.00756836     -0.0074585     
-0.00753174     -0.00753174     -0.0074585     -0.00753174     
-0.00744629     -0.00744629     -0.00743408     -0.00743408     
-0.00739746     -0.0072998     -0.0074707     -0.0074707     
-0.00737305     -0.00742188     -0.00750732     -0.00739746     
-0.00744629     -0.00743408     -0.0072876     -0.0072998     
-0.00710449     -0.00718994     -0.00714111     -0.00689697     
-0.00686035     -0.00682373     -0.00672607     -0.00672607     
-0.00665283     -0.00662842     -0.00667725     -0.00665283     
-0.00657959     -0.00666504     -0.00682373     -0.00682373     
-0.00673828     -0.00683594     -0.00678711     -0.00681152     
-0.00684814     -0.00679932     -0.00682373     -0.00686035     
-0.00693359     -0.00688477     -0.00681152     -0.0067627     
-0.00683594     -0.00683594     -0.00662842     -0.00668945     
-0.00651855     -0.00648193     -0.0064209     -0.00638428     
-0.00629883     -0.00633545     -0.00635986     -0.00628662     
-0.00633545     -0.0064209     -0.00635986     -0.00628662     
-0.00651855     -0.00648193     -0.00653076     -0.00664063     
-0.00653076     -0.00664063     -0.00653076     -0.00657959     
-0.00654297     -0.00655518     -0.00653076     -0.00638428     
-0.00628662     -0.00634766     -0.00628662     -0.00609131     
-0.00620117     -0.00615234     -0.00606689     -0.00605469     
-0.00604248     -0.00606689     -0.00604248     -0.00615234     
-0.00618896     -0.00617676     -0.00620117     -0.00628662     
-0.00633545     -0.00643311     -0.00639648     -0.00639648     
-0.00646973     -0.00664063     -0.00650635     -0.0067749     
-0.00655518     -0.00668945     -0.00665283     -0.00666504     
-0.0067749     -0.00675049     -0.0067749     -0.0067749     
-0.0067627     -0.00673828     -0.0067627     -0.0067749     
-0.0067749     -0.00683594     -0.00689697     -0.00668945     
-0.00672607     -0.00683594     -0.00671387     -0.00682373     
-0.0067749     -0.00690918     -0.00697021     -0.00700684     
-0.00714111     -0.00716553     -0.0071167     -0.00725098     
-0.00727539     -0.00722656     -0.0072876     -0.00720215     
-0.00714111     -0.00717773     -0.00703125     -0.00699463     
-0.00693359     -0.00697021     -0.00688477     -0.00684814     
-0.00673828     -0.00675049     -0.0067749     -0.00670166     
-0.00670166     -0.00675049     -0.00673828     -0.0067627     
-0.00675049     -0.00682373     -0.00683594     -0.00690918     
-0.00692139     -0.00706787     -0.00714111     -0.00704346     
-0.00699463     -0.00701904     -0.00708008     -0.00687256     
-0.00687256     -0.00671387     -0.00667725     -0.006604     
-0.00655518     -0.00637207     -0.00638428     -0.00644531     
-0.00633545     -0.00640869     -0.00649414     -0.00657959     
-0.00665283     -0.00667725     -0.0067749     -0.00683594     
-0.00698242     -0.00715332     -0.00726318     -0.00726318     
-0.00750732     -0.00753174     -0.00756836     -0.00755615     
-0.00761719     -0.00756836     -0.00751953     -0.00748291     
-0.00738525     -0.00738525     -0.00722656     -0.00708008     
-0.00708008     -0.00705566     -0.00700684     -0.00699463     
-0.00679932     -0.0069458     -0.00692139     -0.00690918     
-0.00684814     -0.00698242     -0.0069458     -0.00704346     
-0.00698242     -0.00690918     -0.00698242     -0.00687256     
-0.00692139     -0.00679932     -0.00678711     -0.00671387     
-0.00655518     -0.00657959     -0.00657959     -0.00643311     
-0.00649414     -0.00649414     -0.00629883     -0.00638428     
-0.00644531     -0.00655518     -0.00653076     -0.00650635     
-0.00662842     -0.00672607     -0.00667725     -0.00678711     
-0.00673828     -0.00671387     -0.00678711     -0.00668945     
-0.00661621     -0.0065918     -0.006604     -0.00655518     
-0.00640869     -0.00655518     -0.00643311     -0.00640869     
-0.00649414     -0.00654297     -0.00654297     -0.0065918     
-0.00655518     -0.00664063     -0.00661621     -0.00666504     
-0.00671387     -0.00675049     -0.0067627     -0.00678711     
-0.0067749     -0.00687256     -0.00688477     -0.00687256     
-0.00692139     -0.0071167     -0.00703125     -0.00704346     
-0.00709229     -0.00703125     -0.00716553     -0.00710449     
-0.00716553     -0.00708008     -0.00718994     -0.00717773     
-0.00714111     -0.00727539     -0.00720215     -0.00715332     
-0.00736084     -0.00727539     -0.00731201     -0.00734863     
-0.00731201     -0.00744629     -0.0072998     -0.00733643     
-0.00744629     -0.0072998     -0.00727539     -0.00716553     
-0.0071167     -0.00698242     -0.00684814     -0.0067627     
-0.00670166     -0.00655518     -0.00644531     -0.00648193     
-0.00643311     -0.00632324     -0.00626221     -0.00617676     
-0.00628662     -0.00628662     -0.00622559     -0.00621338     
-0.00612793     -0.00620117     -0.00593262     -0.00592041     
-0.00594482     -0.00595703     -0.00587158     -0.00585938     
-0.00583496     -0.00584717     -0.00594482     -0.00582275     
-0.00600586     -0.00605469     -0.00620117     -0.00604248     
-0.00612793     -0.00617676     -0.00604248     -0.00604248     
-0.00600586     -0.00604248     -0.00601807     -0.00587158     
-0.00588379     -0.00583496     -0.00585938     -0.00583496     
-0.00578613     -0.00583496     -0.00594482     -0.00587158     
-0.00604248     -0.00605469     -0.0060791     -0.00614014     
-0.00615234     -0.00631104     -0.00629883     -0.00634766     
-0.00621338     -0.00646973     -0.0064209     -0.0064209     
-0.00651855     -0.00651855     -0.00655518     -0.00644531     
-0.00638428     -0.00656738     -0.00635986     -0.0064209     
-0.00620117     -0.00633545     -0.00632324     -0.00615234     
-0.00616455     -0.00617676     -0.00610352     -0.00611572     
-0.0060791     -0.00617676     -0.00618896     -0.00623779     
-0.00622559     -0.00614014     -0.00626221     -0.00622559     
-0.00627441     -0.00640869     -0.00631104     -0.00637207     
-0.00635986     -0.00632324     -0.00635986     -0.00627441     
-0.00625     -0.00631104     -0.00615234     -0.00612793     
-0.00611572     -0.00601807     -0.00600586     -0.00609131     
-0.00605469     -0.00604248     -0.00605469     -0.00601807     
-0.00598145     -0.00606689     -0.00603027     -0.00596924     
-0.00596924     -0.00585938     -0.00594482     -0.00585938     
-0.0057373     -0.00576172     -0.00571289     -0.00562744     
-0.00565186     -0.00577393     -0.00570068     -0.00571289     
-0.00571289     -0.00584717     -0.005896     -0.00601807     
-0.00620117     -0.00626221     -0.0064209     -0.00648193     
-0.00653076     -0.00667725     -0.0067627     -0.00662842     
-0.00666504     -0.00662842     -0.0065918     -0.00655518     
-0.00645752     -0.00653076     -0.00640869     -0.00628662     
-0.00640869     -0.00635986     -0.00628662     -0.00631104     
-0.00629883     -0.00622559     -0.00632324     -0.00622559     
-0.00629883     -0.00628662     -0.00629883     -0.00625     
-0.00622559     -0.00625     -0.00620117     -0.00615234     
-0.00603027     -0.00614014     -0.00600586     -0.00598145     
-0.00594482     -0.00601807     -0.00594482     -0.00596924     
-0.00592041     -0.00599365     -0.00598145     -0.00601807     
-0.005896     -0.00598145     -0.00594482     -0.00595703     
-0.00601807     -0.00595703     -0.00606689     -0.00600586     
-0.00609131     -0.00612793     -0.00621338     -0.00620117     
-0.00637207     -0.00629883     -0.00648193     -0.00643311     
-0.00638428     -0.00653076     -0.00640869     -0.00632324     
-0.00643311     -0.00629883     -0.00628662     -0.00612793     
-0.00617676     -0.00620117     -0.00620117     -0.00605469     
-0.00625     -0.00612793     -0.00614014     -0.00618896     
-0.00614014     -0.00626221     -0.00621338     -0.00628662     
-0.00622559     -0.00625     -0.00627441     -0.00620117     
-0.00620117     -0.00617676     -0.0060791     -0.00609131     
-0.00605469     -0.00595703     -0.00592041     -0.0059082     
-0.0057373     -0.0059082     -0.00581055     -0.00571289     
-0.00576172     -0.00576172     -0.0057251     -0.00574951     
-0.00583496     -0.00577393     -0.00579834     -0.00565186     
-0.0057251     -0.0057251     -0.00578613     -0.00570068     
-0.00583496     -0.00585938     -0.00582275     -0.00594482     
-0.00594482     -0.00601807     -0.00610352     -0.00606689     
-0.00617676     -0.00610352     -0.00599365     -0.00596924     
-0.00593262     -0.00584717     -0.00577393     -0.00567627     
-0.00557861     -0.00554199     -0.00551758     -0.00535889     
-0.00532227     -0.00537109     -0.00529785     -0.0052002     
-0.00523682     -0.00526123     -0.00517578     -0.00515137     
-0.00528564     -0.00522461     -0.00513916     -0.00534668     
-0.00533447     -0.00531006     -0.00535889     -0.00544434     
-0.00549316     -0.00543213     -0.00551758     -0.00556641     
-0.00554199     -0.00557861     -0.00552979     -0.00543213     
-0.00562744     -0.00566406     -0.00566406     -0.00577393     
-0.00584717     -0.00577393     -0.00605469     -0.00609131     
-0.0060791     -0.00628662     -0.00626221     -0.00639648     
-0.00653076     -0.00656738     -0.00651855     -0.00651855     
-0.00646973     -0.00646973     -0.0064209     -0.00640869     
-0.00640869     -0.00627441     -0.00627441     -0.00621338     
-0.00615234     -0.00601807     -0.00594482     -0.00592041     
-0.00585938     -0.00582275     -0.00566406     -0.00567627     
-0.00571289     -0.00551758     -0.00563965     -0.00557861     
-0.00543213     -0.00565186     -0.00552979     -0.00552979     
-0.00566406     -0.0057251     -0.00567627     -0.00566406     
-0.0057251     -0.00578613     -0.00566406     -0.00563965     
-0.0057373     -0.00570068     -0.00561523     -0.0057251     
-0.00571289     -0.0057373     -0.00578613     -0.00577393     
-0.00583496     -0.00598145     -0.00598145     -0.00603027     
-0.00609131     -0.00611572     -0.0060791     -0.00599365     
-0.00599365     -0.00598145     -0.00583496     -0.00583496     
-0.00579834     -0.00581055     -0.00585938     -0.00574951     
-0.00577393     -0.00584717     -0.00592041     -0.005896     
-0.00578613     -0.00601807     -0.00594482     -0.00577393     
-0.00577393     -0.0057373     -0.00577393     -0.00563965     
-0.00565186     -0.00568848     -0.00561523     -0.0055542     
-0.00549316     -0.0055542     -0.00550537     -0.00559082     
-0.00546875     -0.00554199     -0.00554199     -0.00548096     
-0.00539551     -0.00550537     -0.00549316     -0.00541992     
-0.00544434     -0.00543213     -0.0053833     -0.00539551     
-0.00543213     -0.00548096     -0.0055542     -0.00565186     
-0.00557861     -0.00576172     -0.00587158     -0.005896     
-0.00600586     -0.005896     -0.00614014     -0.00616455     
-0.00615234     -0.00615234     -0.00609131     -0.00606689     
-0.00611572     -0.00605469     -0.00592041     -0.0059082     
-0.00587158     -0.00598145     -0.00582275     -0.0059082     
-0.00598145     -0.00596924     -0.00599365     -0.0060791     
-0.00614014     -0.00622559     -0.00635986     -0.00627441     
-0.00633545     -0.00644531     -0.00637207     -0.00635986     
-0.00625     -0.00639648     -0.00626221     -0.00625     
-0.00629883     -0.00616455     -0.00614014     -0.00620117     
-0.0060791     -0.0060791     -0.00610352     -0.00599365     
-0.00601807     -0.00603027     -0.00611572     -0.00601807     
-0.00611572     -0.00622559     -0.00612793     -0.00616455     
-0.00620117     -0.00631104     -0.00645752     -0.00634766     
-0.0064209     -0.00640869     -0.00638428     -0.00635986     
-0.00629883     -0.00634766     -0.00631104     -0.00618896     
-0.00612793     -0.00612793     -0.00609131     -0.00605469     
-0.00595703     -0.00596924     -0.0059082     -0.00587158     
-0.00576172     -0.00582275     -0.00571289     -0.00566406     
-0.00570068     -0.00567627     -0.00570068     -0.00557861     
-0.00545654     -0.00560303     -0.00550537     -0.00546875     
-0.00543213     -0.00535889     -0.00548096     -0.00533447     
-0.00528564     -0.00533447     -0.00531006     -0.00524902     
-0.00526123     -0.00537109     -0.00540771     -0.00534668     
-0.00544434     -0.00549316     -0.00566406     -0.00554199     
-0.00549316     -0.00562744     -0.00550537     -0.00545654     
-0.00539551     -0.00531006     -0.00528564     -0.00512695     
-0.00496826     -0.00496826     -0.00490723     -0.0048584     
-0.00490723     -0.00488281     -0.00488281     -0.00488281     
-0.00493164     -0.0050293     -0.00509033     -0.00516357     
-0.00507813     -0.00515137     -0.00513916     -0.00506592     
-0.00507813     -0.00510254     -0.00513916     -0.00506592     
-0.0050415     -0.00505371     -0.0052002     -0.0052002     
-0.00516357     -0.0053833     -0.00528564     -0.00543213     
-0.00545654     -0.00551758     -0.00549316     -0.00551758     
-0.00562744     -0.00554199     -0.00554199     -0.00552979     
-0.00562744     -0.00559082     -0.00562744     -0.00541992     
-0.00552979     -0.00548096     -0.0053833     -0.00537109     
-0.00529785     -0.00528564     -0.00510254     -0.00496826     
-0.00505371     -0.00500488     -0.00493164     -0.00501709     
-0.00496826     -0.00495605     -0.00509033     -0.00496826     
-0.00509033     -0.00529785     -0.00527344     -0.00532227     
-0.00537109     -0.00545654     -0.0053833     -0.00535889     
-0.00541992     -0.00537109     -0.00534668     -0.00527344     
-0.00517578     -0.00526123     -0.00513916     -0.00515137     
-0.00513916     -0.0052002     -0.0050293     -0.00506592     
-0.00512695     -0.00511475     -0.00507813     -0.0050415     
-0.00506592     -0.00513916     -0.00524902     -0.00518799     
-0.0052124     -0.00526123     -0.00528564     -0.00534668     
-0.00544434     -0.00537109     -0.00548096     -0.0053833     
-0.00535889     -0.00535889     -0.00527344     -0.00522461     
-0.00516357     -0.00511475     -0.00515137     -0.00501709     
-0.00501709     -0.0050415     -0.00499268     -0.00491943     
-0.00505371     -0.00491943     -0.0050415     -0.00499268     
-0.00495605     -0.0050415     -0.0048584     -0.00488281     
-0.00482178     -0.00487061     -0.00461426     -0.00460205     
-0.00457764     -0.00440674     -0.00443115     -0.00429688     
-0.00418701     -0.0041626     -0.00408936     -0.00401611     
-0.0039917     -0.00413818     -0.0039917     -0.00397949     
-0.00402832     -0.00407715     -0.00413818     -0.00408936     
-0.00421143     -0.00423584     -0.00429688     -0.00430908     
-0.00444336     -0.00452881     -0.00467529     -0.00469971     
-0.00472412     -0.00494385     -0.0048584     -0.00493164     
-0.00490723     -0.0050415     -0.00496826     -0.00489502     
-0.0050293     -0.00495605     -0.00488281     -0.00493164     
-0.00491943     -0.00491943     -0.00491943     -0.00491943     
-0.00498047     -0.0050415     -0.00506592     -0.00507813     
-0.00505371     -0.0052002     -0.00515137     -0.00510254     
-0.00507813     -0.00511475     -0.00499268     -0.00498047     
-0.00505371     -0.00496826     -0.00482178     -0.0048584     
-0.00472412     -0.00477295     -0.0046875     -0.00466309     
-0.00462646     -0.00472412     -0.00469971     -0.00469971     
-0.00473633     -0.00478516     -0.00484619     -0.00471191     
-0.00476074     -0.00483398     -0.00480957     -0.00479736     
-0.00478516     -0.00463867     -0.00461426     -0.00460205     
-0.00443115     -0.00454102     -0.00452881     -0.00452881     
-0.00446777     -0.00450439     -0.00444336     -0.00443115     
-0.00435791     -0.00445557     -0.00449219     -0.00441895     
-0.00455322     -0.00457764     -0.00463867     -0.00462646     
-0.00484619     -0.00489502     -0.00495605     -0.00507813     
-0.0050293     -0.00515137     -0.00505371     -0.0050293     
-0.00495605     -0.00491943     -0.00491943     -0.00489502     
-0.00480957     -0.00477295     -0.00477295     -0.00476074     
-0.00472412     -0.00474854     -0.00467529     -0.00465088     
-0.00458984     -0.00462646     -0.00463867     -0.00450439     
-0.00461426     -0.0045166     -0.00456543     -0.00445557     
-0.00450439     -0.00454102     -0.00449219     -0.00443115     
-0.00454102     -0.00441895     -0.00441895     -0.00444336     
-0.00443115     -0.00443115     -0.00449219     -0.0043457     
-0.00441895     -0.00446777     -0.0045166     -0.00452881     
-0.00445557     -0.00460205     -0.00454102     -0.00446777     
-0.00452881     -0.00447998     -0.00450439     -0.00460205     
-0.00450439     -0.00450439     -0.00445557     -0.0043335     
-0.00432129     -0.00439453     -0.00429688     -0.0043457     
-0.00426025     -0.0043335     -0.00430908     -0.00430908     
-0.00438232     -0.00441895     -0.00447998     -0.00461426     
-0.00466309     -0.00467529     -0.00476074     -0.00483398     
-0.00495605     -0.00496826     -0.00498047     -0.00493164     
-0.00498047     -0.00495605     -0.00499268     -0.00489502     
-0.00489502     -0.00482178     -0.00490723     -0.0048584     
-0.00482178     -0.00494385     -0.00488281     -0.00484619     
-0.00490723     -0.00491943     -0.00490723     -0.00483398     
-0.00477295     -0.0048584     -0.00471191     -0.00462646     
-0.00476074     -0.00455322     -0.00472412     -0.00474854     
-0.00469971     -0.00477295     -0.0046875     -0.00479736     
-0.00480957     -0.00482178     -0.00482178     -0.0048584     
-0.00471191     -0.00479736     -0.00471191     -0.00456543     
-0.00457764     -0.00467529     -0.00474854     -0.00472412     
-0.0046875     -0.00487061     -0.00480957     -0.00480957     
-0.00495605     -0.0050293     -0.00505371     -0.00507813     
-0.00507813     -0.00518799     -0.00517578     -0.00512695     
-0.00517578     -0.00510254     -0.00515137     -0.00507813     
-0.00507813     -0.00509033     -0.00500488     -0.0050415     
-0.00491943     -0.00498047     -0.00487061     -0.00478516     
-0.00488281     -0.00490723     -0.00478516     -0.00477295     
-0.00480957     -0.00478516     -0.00495605     -0.00499268     
-0.00495605     -0.00512695     -0.00518799     -0.00516357     
-0.00523682     -0.0053833     -0.00541992     -0.00534668     
-0.0053833     -0.00552979     -0.00543213     -0.00532227     
-0.00545654     -0.00540771     -0.00527344     -0.00524902     
-0.00510254     -0.00511475     -0.00499268     -0.00495605     
-0.00483398     -0.00479736     -0.00480957     -0.00462646     
-0.00450439     -0.0045166     -0.00454102     -0.00439453     
-0.00445557     -0.00438232     -0.00445557     -0.00439453     
-0.00441895     -0.00440674     -0.00444336     -0.00456543     
-0.00462646     -0.00466309     -0.00476074     -0.0048584     
-0.00487061     -0.00490723     -0.00505371     -0.00499268     
-0.00506592     -0.00511475     -0.00506592     -0.00509033     
-0.00509033     -0.00499268     -0.00498047     -0.0048584     
-0.00489502     -0.00482178     -0.00463867     -0.0046875     
-0.00458984     -0.00444336     -0.0043457     -0.00439453     
-0.00430908     -0.00432129     -0.00418701     -0.00426025     
-0.00419922     -0.0043335     -0.00428467     -0.0043457     
-0.00432129     -0.00449219     -0.00441895     -0.0045166     
-0.00450439     -0.00454102     -0.00455322     -0.00450439     
-0.00457764     -0.00457764     -0.00461426     -0.00452881     
-0.00455322     -0.00455322     -0.00449219     -0.00432129     
-0.00445557     -0.00444336     -0.00441895     -0.00446777     
-0.00443115     -0.00447998     -0.00450439     -0.00460205     
-0.00461426     -0.00465088     -0.00473633     -0.00479736     
-0.00487061     -0.0048584     -0.00493164     -0.00479736     
-0.00479736     -0.00472412     -0.00474854     -0.00472412     
-0.0045166     -0.00460205     -0.00445557     -0.00440674     
-0.0043457     -0.00432129     -0.00429688     -0.00428467     
-0.00430908     -0.00426025     -0.00422363     -0.00435791     
-0.00438232     -0.00445557     -0.00439453     -0.00447998     
-0.00443115     -0.00450439     -0.00441895     -0.00430908     
-0.00432129     -0.00422363     -0.0041626     -0.00415039     
-0.00422363     -0.00419922     -0.00412598     -0.00418701     
-0.0043335     -0.00428467     -0.00441895     -0.00454102     
-0.00447998     -0.00465088     -0.00469971     -0.00465088     
-0.00477295     -0.00472412     -0.00479736     -0.00480957     
-0.00482178     -0.00479736     -0.00483398     -0.00479736     
-0.00476074     -0.00469971     -0.00474854     -0.00471191     
-0.00460205     -0.00461426     -0.00457764     -0.00458984     
-0.0045166     -0.00455322     -0.00457764     -0.00457764     
-0.00446777     -0.00456543     -0.00457764     -0.00446777     
-0.00440674     -0.00439453     -0.0043457     -0.00427246     
-0.0041626     -0.00421143     -0.00413818     -0.00401611     
-0.00405273     -0.00401611     -0.00410156     -0.00418701     
-0.00413818     -0.00418701     -0.00428467     -0.00426025     
-0.00441895     -0.0043335     -0.00454102     -0.00446777     
-0.00454102     -0.00455322     -0.00446777     -0.00452881     
-0.00454102     -0.00446777     -0.00443115     -0.00438232     
-0.00438232     -0.0043457     -0.00421143     -0.00422363     
-0.00422363     -0.00419922     -0.00418701     -0.00418701     
-0.00421143     -0.00432129     -0.00432129     -0.00429688     
-0.00435791     -0.00449219     -0.00446777     -0.00447998     
-0.00439453     -0.00452881     -0.00446777     -0.00445557     
-0.00445557     -0.00452881     -0.00452881     -0.00455322     
-0.00455322     -0.00467529     -0.00462646     -0.00466309     
-0.00467529     -0.00480957     -0.00489502     -0.00493164     
-0.00489502     -0.0050415     -0.00512695     -0.00515137     
-0.00511475     -0.00517578     -0.00533447     -0.00522461     
-0.00524902     -0.00523682     -0.00528564     -0.00518799     
-0.00510254     -0.00501709     -0.00489502     -0.00467529     
-0.00467529     -0.00447998     -0.00440674     -0.00422363     
-0.00428467     -0.00426025     -0.00410156     -0.0041626     
-0.00423584     -0.0041748     -0.00418701     -0.0041748     
-0.00421143     -0.00421143     -0.00423584     -0.00421143     
-0.00415039     -0.00410156     -0.00404053     -0.00402832     
-0.00410156     -0.00415039     -0.00413818     -0.00410156     
-0.00407715     -0.00426025     -0.00424805     -0.00423584     
-0.00422363     -0.00447998     -0.00438232     -0.0043457     
-0.00441895     -0.00435791     -0.0043457     -0.00430908     
-0.00426025     -0.0041748     -0.00415039     -0.0041748     
-0.00407715     -0.00412598     -0.00418701     -0.00393066     
-0.00411377     -0.00407715     -0.00411377     -0.0041748     
-0.00418701     -0.00419922     -0.00419922     -0.00413818     
-0.00424805     -0.00422363     -0.00418701     -0.00426025     
-0.00410156     -0.00407715     -0.00405273     -0.00391846     
-0.00393066     -0.00389404     -0.00377197     -0.00374756     
-0.00369873     -0.00374756     -0.0036499     -0.00367432     
-0.00366211     -0.00378418     -0.00380859     -0.00377197     
-0.00385742     -0.00394287     -0.00385742     -0.00386963     
-0.00396729     -0.0039917     -0.00394287     -0.00404053     
-0.00397949     -0.00407715     -0.00410156     -0.00408936     
-0.00415039     -0.00418701     -0.00430908     -0.00432129     
-0.00438232     -0.00438232     -0.00443115     -0.00427246     
-0.00439453     -0.0043335     -0.00430908     -0.00424805     
-0.0041626     -0.00418701     -0.00407715     -0.0039917     
-0.00410156     -0.00395508     -0.00404053     -0.00401611     
-0.00395508     -0.0039917     -0.00415039     -0.00404053     
-0.00401611     -0.00406494     -0.00424805     -0.00422363     
-0.00423584     -0.0043457     -0.00413818     -0.00418701     
-0.00424805     -0.00428467     -0.00422363     -0.00427246     
-0.0041626     -0.00415039     -0.00413818     -0.00412598     
-0.00406494     -0.00415039     -0.00407715     -0.0041626     
-0.00407715     -0.00426025     -0.0041748     -0.00426025     
-0.00428467     -0.00427246     -0.0043335     -0.00430908     
-0.00435791     -0.00440674     -0.00440674     -0.00439453     
-0.00437012     -0.00444336     -0.00439453     -0.00424805     
-0.0043457     -0.00427246     -0.00415039     -0.00415039     
-0.00415039     -0.00406494     -0.00397949     -0.00396729     
-0.00390625     -0.00395508     -0.0038208     -0.00377197     
-0.00386963     -0.00379639     -0.0038208     -0.00373535     
-0.00380859     -0.00385742     -0.00390625     -0.00390625     
-0.0039917     -0.00408936     -0.00405273     -0.00421143     
-0.0041748     -0.00435791     -0.00438232     -0.00443115     
-0.00447998     -0.00452881     -0.00458984     -0.00461426     
-0.00460205     -0.00454102     -0.00443115     -0.00454102     
-0.00441895     -0.0043457     -0.00437012     -0.00428467     
-0.0041748     -0.0043335     -0.0043335     -0.00418701     
-0.00430908     -0.0043335     -0.00441895     -0.0045166     
-0.00443115     -0.00445557     -0.00457764     -0.00450439     
-0.00449219     -0.00450439     -0.00449219     -0.00452881     
-0.00447998     -0.00426025     -0.00430908     -0.00423584     
-0.0041626     -0.00415039     -0.00394287     -0.00400391     
-0.00402832     -0.00393066     -0.00386963     -0.0038208     
-0.00385742     -0.00383301     -0.00390625     -0.00391846     
-0.00384521     -0.00394287     -0.00388184     -0.00386963     
-0.00402832     -0.00405273     -0.00412598     -0.00411377     
-0.00412598     -0.00422363     -0.00430908     -0.00428467     
-0.00435791     -0.00444336     -0.00444336     -0.00440674     
-0.00449219     -0.00465088     -0.00450439     -0.00439453     
-0.00443115     -0.00441895     -0.00444336     -0.00429688     
-0.00421143     -0.00426025     -0.00428467     -0.00410156     
-0.00426025     -0.00428467     -0.00421143     -0.00422363     
-0.00419922     -0.00421143     -0.0041626     -0.00411377     
-0.00411377     -0.00407715     -0.00395508     -0.00397949     
-0.00383301     -0.00385742     -0.00388184     -0.00391846     
-0.00397949     -0.00397949     -0.00412598     -0.00421143     
-0.00424805     -0.00437012     -0.00452881     -0.00446777     
-0.00460205     -0.00482178     -0.00490723     -0.00491943     
-0.00498047     -0.00499268     -0.00491943     -0.00491943     
-0.00490723     -0.00480957     -0.00466309     -0.00467529     
-0.00456543     -0.00452881     -0.00435791     -0.00435791     
-0.00427246     -0.00435791     -0.00424805     -0.0041626     
-0.00427246     -0.00424805     -0.00422363     -0.00415039     
-0.00435791     -0.00423584     -0.00418701     -0.00429688     
-0.0041626     -0.00422363     -0.0041748     -0.00415039     
-0.00413818     -0.00408936     -0.00413818     -0.00413818     
-0.00413818     -0.00421143     -0.00410156     -0.00415039     
-0.00423584     -0.00412598     -0.00422363     -0.00429688     
-0.0043335     -0.0043457     -0.00427246     -0.00443115     
-0.00443115     -0.00457764     -0.00449219     -0.00461426     
-0.00467529     -0.00465088     -0.00466309     -0.00461426     
-0.00467529     -0.0046875     -0.00469971     -0.00462646     
-0.00460205     -0.00467529     -0.00456543     -0.00439453     
-0.00443115     -0.00426025     -0.00415039     -0.00402832     
-0.0039917     -0.00384521     -0.00369873     -0.00372314     
-0.00375977     -0.00367432     -0.00377197     -0.00361328     
-0.00372314     -0.00380859     -0.00366211     -0.00378418     
-0.00384521     -0.00400391     -0.00404053     -0.00406494     
-0.00424805     -0.00428467     -0.00424805     -0.00440674     
-0.00437012     -0.00439453     -0.00455322     -0.00445557     
-0.00441895     -0.00439453     -0.00439453     -0.0043457     
-0.00430908     -0.00440674     -0.00449219     -0.00445557     
-0.00439453     -0.00439453     -0.00437012     -0.00439453     
-0.00450439     -0.00444336     -0.00444336     -0.00471191     
-0.00456543     -0.00458984     -0.00452881     -0.00461426     
-0.00457764     -0.00462646     -0.00456543     -0.00439453     
-0.00432129     -0.00427246     -0.00423584     -0.00413818     
-0.00412598     -0.00405273     -0.00406494     -0.00400391     
-0.00394287     -0.00389404     -0.00395508     -0.00385742     
-0.00383301     -0.0039917     -0.00388184     -0.00391846     
-0.00385742     -0.00383301     -0.00385742     -0.00380859     
-0.00386963     -0.00393066     -0.00393066     -0.00388184     
-0.00396729     -0.00389404     -0.00386963     -0.00389404     
-0.00386963     -0.00396729     -0.00389404     -0.00385742     
-0.00393066     -0.00400391     -0.00394287     -0.00388184     
-0.00395508     -0.00401611     -0.00396729     -0.00396729     
-0.00389404     -0.0039917     -0.0039917     -0.00390625     
-0.00391846     -0.00400391     -0.0039917     -0.00394287     
-0.00391846     -0.00393066     -0.00393066     -0.0038208     
-0.00385742     -0.00379639     -0.00384521     -0.00380859     
-0.00372314     -0.00372314     -0.00383301     -0.00374756     
-0.00386963     -0.00394287     -0.00384521     -0.00405273     
-0.00401611     -0.0041626     -0.00423584     -0.00418701     
-0.00430908     -0.00437012     -0.00435791     -0.00444336     
-0.0043457     -0.00424805     -0.00423584     -0.00419922     
-0.00410156     -0.0039917     -0.00397949     -0.00389404     
-0.00380859     -0.00379639     -0.00372314     -0.00372314     
-0.00378418     -0.00375977     -0.00386963     -0.00385742     
-0.00383301     -0.00388184     -0.00385742     -0.00380859     
-0.00385742     -0.00394287     -0.00388184     -0.00388184     
-0.00385742     -0.00395508     -0.00397949     -0.00390625     
-0.00400391     -0.00407715     -0.0041626     -0.0041748     
-0.00432129     -0.0043457     -0.00446777     -0.00445557     
-0.00458984     -0.00452881     -0.00461426     -0.00456543     
-0.00438232     -0.00445557     -0.00421143     -0.00405273     
-0.00405273     -0.00383301     -0.00386963     -0.00367432     
-0.0036499     -0.00373535     -0.00372314     -0.00366211     
-0.00375977     -0.00383301     -0.00389404     -0.00396729     
-0.00400391     -0.00402832     -0.00395508     -0.00400391     
-0.00390625     -0.00386963     -0.00377197     -0.00375977     
-0.00361328     -0.00352783     -0.00341797     -0.0032959     
-0.00319824     -0.00318604     -0.00318604     -0.00316162     
-0.00310059     -0.00325928     -0.00316162     -0.00325928     
-0.00349121     -0.00345459     -0.00362549     -0.00379639     
-0.00380859     -0.00391846     -0.00413818     -0.0041748     
-0.00424805     -0.00438232     -0.0045166     -0.00437012     
-0.00435791     -0.00440674     -0.00424805     -0.00421143     
-0.00412598     -0.00400391     -0.00397949     -0.00374756     
-0.00374756     -0.00367432     -0.00349121     -0.00350342     
-0.00338135     -0.00343018     -0.003479     -0.00341797     
-0.00349121     -0.0034668     -0.00344238     -0.003479     
-0.00341797     -0.00350342     -0.00350342     -0.003479     
-0.00340576     -0.00351563     -0.00354004     -0.00345459     
-0.0036499     -0.00371094     -0.00366211     -0.00378418     
-0.00379639     -0.00383301     -0.0038208     -0.00400391     
-0.00400391     -0.00407715     -0.00408936     -0.00419922     
-0.00428467     -0.0043335     -0.00445557     -0.00445557     
-0.00456543     -0.00456543     -0.00457764     -0.00463867     
-0.00467529     -0.00456543     -0.0045166     -0.00443115     
-0.00438232     -0.00438232     -0.00427246     -0.00411377     
-0.00413818     -0.00408936     -0.0039917     -0.00389404     
-0.00385742     -0.00388184     -0.00374756     -0.0036377     
-0.00373535     -0.00357666     -0.00362549     -0.00357666     
-0.00356445     -0.00358887     -0.00368652     -0.00371094     
-0.00377197     -0.00384521     -0.00389404     -0.00400391     
-0.00395508     -0.00405273     -0.0039917     -0.00394287     
-0.00388184     -0.00385742     -0.00375977     -0.00371094     
-0.0036377     -0.00361328     -0.00355225     -0.003479     
-0.003479     -0.003479     -0.0034668     -0.0034668     
-0.00356445     -0.00355225     -0.00361328     -0.0036499     
-0.00369873     -0.00377197     -0.00391846     -0.00379639     
-0.00393066     -0.00405273     -0.00396729     -0.00407715     
-0.00407715     -0.00412598     -0.00411377     -0.00395508     
-0.00408936     -0.00402832     -0.00397949     -0.00402832     
-0.00391846     -0.00394287     -0.00394287     -0.00391846     
-0.00395508     -0.00400391     -0.00393066     -0.00385742     
-0.00384521     -0.0039917     -0.00391846     -0.00375977     
-0.0038208     -0.00384521     -0.00379639     -0.00369873     
-0.00362549     -0.00373535     -0.00362549     -0.00361328     
-0.00356445     -0.0036377     -0.00350342     -0.00362549     
-0.00357666     -0.00362549     -0.00368652     -0.00371094     
-0.00384521     -0.00390625     -0.00404053     -0.00402832     
-0.00405273     -0.00415039     -0.00419922     -0.00413818     
-0.00419922     -0.00424805     -0.00429688     -0.00428467     
-0.00408936     -0.0041748     -0.00413818     -0.00415039     
-0.00418701     -0.0041626     -0.00423584     -0.00423584     
-0.00424805     -0.00430908     -0.00429688     -0.00429688     
-0.00435791     -0.00427246     -0.00426025     -0.00441895     
-0.0043457     -0.00422363     -0.0041748     -0.00413818     
-0.00402832     -0.0039917     -0.00386963     -0.00378418     
-0.00369873     -0.00362549     -0.0034668     -0.00335693     
-0.00341797     -0.00344238     -0.00328369     -0.00324707     
-0.00310059     -0.00319824     -0.00313721     -0.00307617     
-0.00307617     -0.00307617     -0.00319824     -0.00316162     
-0.00321045     -0.00335693     -0.00340576     -0.00343018     
-0.00354004     -0.00367432     -0.00390625     -0.0038208     
-0.00401611     -0.00411377     -0.00406494     -0.0039917     
-0.00410156     -0.00394287     -0.00396729     -0.00388184     
-0.00386963     -0.00390625     -0.00377197     -0.00369873     
-0.00371094     -0.00369873     -0.00375977     -0.0036499     
-0.00368652     -0.00377197     -0.00380859     -0.00366211     
-0.0036499     -0.00375977     -0.00371094     -0.00367432     
-0.00358887     -0.00358887     -0.00358887     -0.00351563     
-0.00361328     -0.00349121     -0.00350342     -0.00369873     
-0.00358887     -0.00366211     -0.00362549     -0.00369873     
-0.00361328     -0.00372314     -0.00372314     -0.00369873     
-0.0036377     -0.00369873     -0.0036499     -0.0034668     
-0.0036377     -0.00360107     -0.00356445     -0.00360107     
-0.00354004     -0.00357666     -0.0036499     -0.00356445     
-0.00349121     -0.00362549     -0.00355225     -0.00356445     
-0.00354004     -0.00350342     -0.00362549     -0.00349121     
-0.00343018     -0.00354004     -0.003479     -0.00352783     
-0.0034668     -0.00345459     -0.00341797     -0.00339355     
-0.00338135     -0.0034668     -0.0034668     -0.00351563     
-0.00336914     -0.00352783     -0.00355225     -0.00343018     
-0.00345459     -0.003479     -0.00352783     -0.00352783     
-0.00345459     -0.00355225     -0.0034668     -0.00344238     
-0.00338135     -0.00350342     -0.00341797     -0.00345459     
-0.00338135     -0.00336914     -0.00334473     -0.00338135     
-0.00335693     -0.00333252     -0.00333252     -0.00336914     
-0.00339355     -0.00335693     -0.00336914     -0.00324707     
-0.00336914     -0.00335693     -0.00328369     -0.00323486     
-0.00323486     -0.00327148     -0.00332031     -0.00328369     
-0.00340576     -0.00336914     -0.0034668     -0.00341797     
-0.00339355     -0.00351563     -0.003479     -0.00350342     
-0.00362549     -0.00355225     -0.0036377     -0.00355225     
-0.00361328     -0.00366211     -0.00358887     -0.00350342     
-0.00354004     -0.00361328     -0.0034668     -0.00349121     
-0.0034668     -0.00350342     -0.003479     -0.00336914     
-0.00340576     -0.003479     -0.00350342     -0.00356445     
-0.00351563     -0.00366211     -0.00366211     -0.00355225     
-0.00366211     -0.00374756     -0.00383301     -0.0036499     
-0.0036499     -0.0036377     -0.00375977     -0.00357666     
-0.00368652     -0.00371094     -0.00379639     -0.0038208     
-0.0038208     -0.00393066     -0.00401611     -0.00404053     
-0.00405273     -0.00396729     -0.00405273     -0.00406494     
-0.00388184     -0.00385742     -0.00374756     -0.00355225     
-0.00361328     -0.003479     -0.00341797     -0.00335693     
-0.00325928     -0.00332031     -0.00338135     -0.00336914     
-0.00336914     -0.00335693     -0.00345459     -0.0034668     
-0.00350342     -0.00361328     -0.00361328     -0.00354004     
-0.00351563     -0.00362549     -0.00362549     -0.00357666     
-0.00349121     -0.00369873     -0.00350342     -0.003479     
-0.00358887     -0.00355225     -0.00355225     -0.00355225     
-0.00345459     -0.00352783     -0.00351563     -0.00350342     
-0.00345459     -0.00357666     -0.0036377     -0.00369873     
-0.00372314     -0.00377197     -0.00379639     -0.00378418     
-0.00373535     -0.00383301     -0.00388184     -0.00373535     
-0.00377197     -0.00368652     -0.00357666     -0.00349121     
-0.00350342     -0.00341797     -0.00356445     -0.003479     
-0.00339355     -0.00352783     -0.00354004     -0.00352783     
-0.00354004     -0.00361328     -0.00360107     -0.0036499     
-0.0036377     -0.00350342     -0.00344238     -0.00330811     
-0.00332031     -0.00328369     -0.00321045     -0.00324707     
-0.00322266     -0.00321045     -0.00328369     -0.00335693     
-0.00339355     -0.00350342     -0.00361328     -0.00377197     
-0.00377197     -0.00377197     -0.00383301     -0.00386963     
-0.00385742     -0.00378418     -0.00384521     -0.00378418     
-0.00380859     -0.00383301     -0.00383301     -0.00373535     
-0.00369873     -0.00373535     -0.00374756     -0.0036499     
-0.0036499     -0.00366211     -0.00366211     -0.00350342     
-0.00360107     -0.00357666     -0.00354004     -0.00355225     
-0.00356445     -0.00354004     -0.00358887     -0.00358887     
-0.00352783     -0.00367432     -0.00372314     -0.0036377     
-0.0036499     -0.00372314     -0.0036377     -0.0036499     
-0.00360107     -0.00355225     -0.0036499     -0.00358887     
-0.00352783     -0.00368652     -0.00368652     -0.00378418     
-0.0038208     -0.0039917     -0.00402832     -0.00413818     
-0.00424805     -0.00421143     -0.00432129     -0.00421143     
-0.00430908     -0.0041626     -0.00413818     -0.0039917     
-0.00391846     -0.00372314     -0.00371094     -0.00350342     
-0.00351563     -0.00339355     -0.00324707     -0.00327148     
-0.00314941     -0.00327148     -0.00323486     -0.00302734     
-0.00317383     -0.00318604     -0.00324707     -0.00324707     
-0.00310059     -0.00333252     -0.00334473     -0.00330811     
-0.00338135     -0.00352783     -0.00366211     -0.0036377     
-0.00356445     -0.00373535     -0.00368652     -0.00367432     
-0.00373535     -0.00377197     -0.00379639     -0.00375977     
-0.00368652     -0.00368652     -0.0036377     -0.00372314     
-0.0036499     -0.00373535     -0.00372314     -0.00384521     
-0.0038208     -0.00396729     -0.00395508     -0.0039917     
-0.00390625     -0.00389404     -0.00391846     -0.00378418     
-0.00386963     -0.00373535     -0.00355225     -0.00343018     
-0.00340576     -0.00314941     -0.00318604     -0.00323486     
-0.00307617     -0.00301514     -0.00303955     -0.00311279     
-0.00306396     -0.00294189     -0.00310059     -0.00307617     
-0.00302734     -0.00311279     -0.00310059     -0.00284424     
-0.00310059     -0.0029541     -0.00288086     -0.00286865     
-0.00285645     -0.00289307     -0.00286865     -0.00305176     
-0.00313721     -0.00317383     -0.00333252     -0.00336914     
-0.00355225     -0.0036499     -0.00357666     -0.00369873     
-0.00367432     -0.00378418     -0.00367432     -0.00368652     
-0.00354004     -0.00362549     -0.00350342     -0.00338135     
-0.00340576     -0.00335693     -0.00334473     -0.00328369     
-0.0032959     -0.00339355     -0.0034668     -0.00332031     
-0.00341797     -0.0034668     -0.00350342     -0.00340576     
-0.00344238     -0.00340576     -0.00338135     -0.00335693     
-0.00330811     -0.00332031     -0.0032959     -0.00324707     
-0.00327148     -0.00324707     -0.00334473     -0.00325928     
-0.00332031     -0.00333252     -0.00339355     -0.00343018     
-0.00351563     -0.00356445     -0.003479     -0.00355225     
-0.00355225     -0.00361328     -0.00358887     -0.00352783     
-0.00345459     -0.00355225     -0.00352783     -0.00341797     
-0.00341797     -0.00350342     -0.00343018     -0.00339355     
-0.00339355     -0.00349121     -0.00330811     -0.00332031     
-0.0032959     -0.00339355     -0.00343018     -0.00338135     
-0.00330811     -0.00343018     -0.003479     -0.00341797     
-0.00340576     -0.00355225     -0.00350342     -0.00339355     
-0.00349121     -0.00340576     -0.00340576     -0.00333252     
-0.00319824     -0.00314941     -0.00316162     -0.00305176     
-0.00300293     -0.00299072     -0.00292969     -0.0029541     
-0.00301514     -0.00301514     -0.00303955     -0.00308838     
-0.00319824     -0.00324707     -0.00321045     -0.00336914     
-0.00333252     -0.00330811     -0.00339355     -0.00335693     
-0.00327148     -0.00323486     -0.00303955     -0.00299072     
-0.00296631     -0.00291748     -0.00283203     -0.00281982     
-0.00275879     -0.00280762     -0.00280762     -0.00267334     
-0.00280762     -0.00289307     -0.00286865     -0.00307617     
-0.00313721     -0.003125     -0.00314941     -0.00323486     
-0.00343018     -0.00334473     -0.00338135     -0.00333252     
-0.00341797     -0.00330811     -0.0032959     -0.00310059     
-0.00323486     -0.00319824     -0.00308838     -0.00311279     
-0.00296631     -0.00311279     -0.00306396     -0.00303955     
-0.00302734     -0.00310059     -0.00305176     -0.00310059     
-0.00308838     -0.00319824     -0.00327148     -0.00310059     
-0.00324707     -0.00330811     -0.00333252     -0.00330811     
-0.00332031     -0.00343018     -0.00334473     -0.00336914     
-0.00335693     -0.00335693     -0.00330811     -0.00330811     
-0.00332031     -0.0032959     -0.00321045     -0.00325928     
-0.00335693     -0.00339355     -0.00332031     -0.00343018     
-0.00340576     -0.00357666     -0.00362549     -0.00361328     
-0.00356445     -0.00372314     -0.00375977     -0.00361328     
-0.0036377     -0.00355225     -0.00349121     -0.00325928     
-0.00328369     -0.00313721     -0.00310059     -0.00301514     
-0.00286865     -0.00289307     -0.00279541     -0.00275879     
-0.00291748     -0.00291748     -0.00292969     -0.0029541     
-0.00296631     -0.003125     -0.00308838     -0.00301514     
-0.00319824     -0.00318604     -0.00318604     -0.00306396     
-0.00297852     -0.00303955     -0.00294189     -0.00285645     
-0.00288086     -0.00288086     -0.00275879     -0.00280762     
-0.00279541     -0.00280762     -0.002771     -0.00285645     
-0.00286865     -0.00299072     -0.00303955     -0.00314941     
-0.00316162     -0.00324707     -0.00321045     -0.00327148     
-0.00327148     -0.00335693     -0.00340576     -0.00340576     
-0.00341797     -0.00335693     -0.00340576     -0.00323486     
-0.00328369     -0.00325928     -0.0032959     -0.00314941     
-0.00323486     -0.00319824     -0.00310059     -0.003125     
-0.00302734     -0.00305176     -0.00297852     -0.00289307     
-0.00284424     -0.00283203     -0.0027832     -0.00281982     
-0.00272217     -0.002771     -0.00297852     -0.00291748     
-0.00297852     -0.00301514     -0.00308838     -0.00322266     
-0.00324707     -0.00325928     -0.00338135     -0.00325928     
-0.00316162     -0.00334473     -0.00325928     -0.00317383     
-0.00319824     -0.00316162     -0.00318604     -0.00313721     
-0.00317383     -0.00318604     -0.00318604     -0.00335693     
-0.00324707     -0.00321045     -0.00338135     -0.00325928     
-0.00318604     -0.00325928     -0.00330811     -0.00314941     
-0.00314941     -0.00313721     -0.00310059     -0.00307617     
-0.00311279     -0.00297852     -0.00305176     -0.00302734     
-0.003125     -0.00318604     -0.00321045     -0.00333252     

